1.000000000000000000e+00 0.000000000000000000e+00 0.000000000000000000e+00
9.999999989019249247e-01 -1.934393159414273737e-05 4.268457894504385571e-05
9.999999895878255440e-01 -6.686585490465619930e-05 1.278802753317980802e-04
9.999999559350197798e-01 -1.513603021529032167e-04 2.553824463935399323e-04
9.999998700641390403e-01 -2.815758308525397632e-04 4.249554807226808189e-04
9.999996888652450400e-01 -4.662086187079060541e-04 6.363330295613326510e-04
9.999993498221040333e-01 -7.138961009223801502e-04 8.892182553463258941e-04
9.999987661576088538e-01 -1.033210649356639324e-03 1.183284095934010894e-03
9.999978213261602189e-01 -1.432653291546261403e-03 1.518173542794488441e-03
9.999963628815545791e-01 -1.920647466013519593e-03 1.893499931357557793e-03
9.999941957515761093e-01 -2.505532808613486918e-03 2.308847241616230651e-03
9.999910749530486198e-01 -3.195558962865515870e-03 2.763770407050446330e-03
9.999866977835736304e-01 -3.998879405365473282e-03 3.257795629925538342e-03
9.999806955285577281e-01 -4.923545275480947607e-03 3.790420701048632848e-03
9.999726247244261623e-01 -5.977499196631520795e-03 4.361115322132652627e-03
9.999619580211236425e-01 -7.168569074580648584e-03 4.969321429022740579e-03
9.999480746891274974e-01 -8.504461856347119569e-03 5.614453514184065269e-03
9.999302508182454918e-01 -9.992757231615394947e-03 6.295898947033043425e-03
9.999076492574401342e-01 -1.164090125691875227e-02 7.013018290915566146e-03
9.998793093468280047e-01 -1.345619988142032417e-02 7.765145615794851949e-03
9.998441364948370547e-01 -1.544581235185831826e-02 8.551588806006793150e-03
9.998008916552839631e-01 -1.761674447318552217e-02 9.371629862770212288e-03
9.997481807608500359e-01 -1.997584170065213466e-02 1.022452520150115771e-02
9.996844441710927009e-01 -2.252978203858614983e-02 1.110950594437142697e-02
9.996079461947338096e-01 -2.528506872094719860e-02 1.202577820896888992e-02
9.995167647475047268e-01 -2.824802264889672565e-02 1.297252339435722539e-02
9.994087812083046751e-01 -3.142477456116637979e-02 1.394889846629134358e-02
9.992816705378317899e-01 -3.482125691394291622e-02 1.495403624381765745e-02
9.991328917251656172e-01 -3.844319544834374353e-02 1.598704568997045064e-02
9.989596786290000363e-01 -4.229610042535288106e-02 1.704701220976162154e-02
9.987590312813348081e-01 -4.638525751033896471e-02 1.813299795914524726e-02
9.985277077224030684e-01 -5.071571829199815473e-02 1.924404216911455509e-02
9.982622164364222117e-01 -5.529229042376504477e-02 2.037916148955046247e-02
9.979588094583766722e-01 -6.011952737941827357e-02 2.153735035788085020e-02
9.976134762224371233e-01 -6.520171781877491524e-02 2.271758139802112705e-02
9.972219382227606177e-01 -7.054287456401325818e-02 2.391880585544153143e-02
9.967796445572563169e-01 -7.614672319227587527e-02 2.513995407453769107e-02
9.962817684244007488e-01 -8.201669025576668881e-02 2.637993602475979804e-02
9.957232046422997973e-01 -8.815589114654188985e-02 2.763764188217460865e-02
9.950985682578734615e-01 -9.456711762957392686e-02 2.891194267328523262e-02
9.944021943122383078e-01 -1.012528250743998381e-01 3.020169098800815424e-02
9.936281388260271852e-01 -1.082151194227030377e-01 3.150572176869757823e-02
9.927701810654774306e-01 -1.154557439364642252e-01 3.282285318200631880e-02
9.918218271465775171e-01 -1.229760657787879879e-01 3.415188758017319304e-02
9.907763150303621202e-01 -1.307770624870935039e-01 3.549161255802274484e-02
9.896266209575291795e-01 -1.388593084059675797e-01 3.684080211154849849e-02
9.883654673649038269e-01 -1.472229611545264882e-01 3.819821790342119161e-02
9.869853323198551909e-01 -1.558677482105206291e-01 3.956261064011502154e-02
9.854784605015705079e-01 -1.647929537005375367e-01 4.093272156457555128e-02
9.838368757501037010e-01 -1.739974054924018354e-01 4.230728406746216141e-02
9.820523951953382680e-01 -1.834794626921186222e-01 4.368502541898629243e-02
9.801166449684688420e-01 -1.932370036533375690e-01 4.506466862223765940e-02
9.780269060826374261e-01 -2.032488819590539952e-01 4.640328374113630167e-02
9.757770445337705656e-01 -2.135038007693518813e-01 4.769998213856210117e-02
9.733611495752603204e-01 -2.239901493298267210e-01 4.895393216370718531e-02
9.707735659637487524e-01 -2.346960214637203168e-01 5.016436187684750886e-02
9.680089249660976947e-01 -2.456092359519480295e-01 5.133056165949685667e-02
9.650621739291851409e-01 -2.567173587489030573e-01 5.245188668456578218e-02
9.619286042205512643e-01 -2.680077269606864765e-01 5.352775922168540729e-02
9.586038773565039861e-01 -2.794674744915621734e-01 5.455767075371595332e-02
9.550840491450730552e-01 -2.910835592442759800e-01 5.554118388163780534e-02
9.513655916840970672e-01 -3.028427917407113812e-01 5.647793399650868212e-02
9.474454130696466914e-01 -3.147318650114768190e-01 5.736763069894870032e-02
9.433208746867800532e-01 -3.267373855867048982e-01 5.821005894866478764e-02
9.389898059731076607e-01 -3.388459054058575726e-01 5.900507992882134123e-02
9.344505165656057377e-01 -3.510439544518977883e-01 5.975263161257485245e-02
9.297018057622965514e-01 -3.633180739050113628e-01 6.045272902178162183e-02
9.247429692525499512e-01 -3.756548496033024209e-01 6.110546417072196257e-02
9.195738030925449946e-01 -3.880409455926658868e-01 6.171100569062049068e-02
9.141946049255562645e-01 -4.004631375454375530e-01 6.226959813373764835e-02
9.086061724698791808e-01 -4.129083458274733220e-01 6.278156095881883003e-02
9.028097993200534521e-01 -4.253636679959970635e-01 6.324728720267046300e-02
8.968072681292729165e-01 -4.378164105158282027e-01 6.366724184554398147e-02
8.906008412621767567e-01 -4.502541194893504017e-01 6.404195988080760293e-02
8.841932490273102241e-01 -4.626646102056689580e-01 6.437204410203266336e-02
8.775876756171679949e-01 -4.750359953266455326e-01 6.465816262308070328e-02
8.707877429006450898e-01 -4.873567115416789219e-01 6.490104614901739954e-02
8.637974922277279477e-01 -4.996155445389759975e-01 6.510148501767228091e-02
8.566213644191887910e-01 -5.118016521583614864e-01 6.526032603338656479e-02
8.492641781247820543e-01 -5.239045856091243403e-01 6.537846911592846977e-02
8.417311067418908888e-01 -5.359143086556990010e-01 6.545686378869326749e-02
8.340276540926960802e-01 -5.478212146938339355e-01 6.549650553113896267e-02
8.261596290617309046e-01 -5.596161416600083927e-01 6.549843202093574845e-02
8.181331193971825844e-01 -5.712903847369358301e-01 6.546371929153316227e-02
8.099544648785729217e-01 -5.828357068377622019e-01 6.539347783078203191e-02
8.016302300506014111e-01 -5.942443468707698795e-01 6.528884864590206449e-02
7.931671767181012189e-01 -6.055090258048001495e-01 6.515099931947825052e-02
7.845722363903975261e-01 -6.166229505729986515e-01 6.498112008032062847e-02
7.758524828550508179e-01 -6.275798158686838324e-01 6.478041991195571114e-02
7.670151050512120650e-01 -6.383738039019909438e-01 6.455012272026075526e-02
7.580673804018163153e-01 -6.489995821993279623e-01 6.429146358032994391e-02
7.490166487518162830e-01 -6.594522995395072362e-01 6.400568508110414390e-02
7.398702870468170101e-01 -6.697275801306261656e-01 6.369403378463038556e-02
7.306356848730372056e-01 -6.798215161403340367e-01 6.335775681507270496e-02
7.213202209656974784e-01 -6.897306586990358257e-01 6.299809859079946728e-02
7.119312407789196717e-01 -6.994520075008715532e-01 6.261629771105042819e-02
7.024760351962024973e-01 -7.089829991310191426e-01 6.221358400686385209e-02
6.929618204466910791e-01 -7.183214942500641964e-01 6.179117576414291241e-02
6.833957192789318347e-01 -7.274657637669504906e-01 6.135027712498215130e-02
6.737847434307452366e-01 -7.364144741314613274e-01 6.089207567167696095e-02
6.641357774213727527e-01 -7.451666718754047514e-01 6.041774019621774100e-02
6.544555636802614762e-01 -7.537217675287928298e-01 5.992841865653909111e-02
6.447506890158256621e-01 -7.620795190334493929e-01 5.942523631936381945e-02
6.350275724173294334e-01 -7.702400147717693990e-01 5.890929408816000801e-02
6.252924541737169273e-01 -7.782036563229246529e-01 5.838166701352321547e-02
6.155513862848034368e-01 -7.859711410527783215e-01 5.784340298220880250e-02
6.058102241327507631e-01 -7.935434446372647832e-01 5.729552158007314433e-02
5.960746193751755850e-01 -8.009218036121226181e-01 5.673901312333735902e-02
5.863500140155778473e-01 -8.081076980347509098e-01 5.617483785186125345e-02
5.766416356019941070e-01 -8.151028343366890638e-01 5.560392527750562114e-02
5.669544935008541398e-01 -8.219091284378950979e-01 5.502717368016315364e-02
5.572933761899008243e-01 -8.285286891866999737e-01 5.444544974364706746e-02
5.476628495116822037e-01 -8.349638021821217393e-01 5.385958832333567758e-02
5.380672558274828265e-01 -8.412169140281950952e-01 5.327039233727388912e-02
5.285107140105835821e-01 -8.472906170631715472e-01 5.267863277232152919e-02
5.189971202173553344e-01 -8.531876345999150901e-01 5.208504879690629974e-02
5.095301493748568555e-01 -8.589108067075985620e-01 5.149034797197785118e-02
5.001132573242538237e-01 -8.644630765589279564e-01 5.089520655186174219e-02
4.907496835604490126e-01 -8.698474773616073907e-01 5.030026986686991775e-02
4.814424545097595320e-01 -8.750671198876220913e-01 4.970615277973068624e-02
4.721943872892394589e-01 -8.801251806091722196e-01 4.911344020814860378e-02
4.630080938932725765e-01 -8.850248904457361787e-01 4.852268770608674647e-02
4.538859857553061983e-01 -8.897695241227838725e-01 4.793442209667383297e-02
4.448302786350138982e-01 -8.943623901390821418e-01 4.734914214997084508e-02
4.358429977837238734e-01 -8.988068213363420433e-01 4.676731929918073738e-02
4.269259833435896656e-01 -9.031061660621202414e-01 4.618939838924515651e-02
4.180808959386796420e-01 -9.072637799144077642e-01 4.561579845213981771e-02
4.093092224188883965e-01 -9.112830180541867664e-01 4.504691350355064655e-02
4.006122817202995012e-01 -9.151672280704024054e-01 4.448311335598306715e-02
3.919912308083321473e-01 -9.189197433802552828e-01 4.392474444372294895e-02
3.834470706726625377e-01 -9.225438771464545828e-01 4.337213065542780410e-02
3.749806523455064267e-01 -9.260429166920606248e-01 4.282557417047795634e-02
3.665926829173684065e-01 -9.294201183927682797e-01 4.228535629555790071e-02
3.582837315267933254e-01 -9.326787030259171551e-01 4.175173829826622079e-02
3.500542353029854059e-01 -9.358218515551440797e-01 4.122496223486729616e-02
3.419045052423854703e-01 -9.388527013293964663e-01 4.070525176959793184e-02
3.338347320024085962e-01 -9.417743426749821678e-01 4.019281298322720242e-02
3.258449915975413225e-01 -9.445898158594292493e-01 3.968783516883696988e-02
3.179352509848764052e-01 -9.473021084061435948e-01 3.919049161304375556e-02
3.101053735279232781e-01 -9.499141527391765649e-01 3.870094036112000507e-02
3.023551243291747181e-01 -9.524288241378245923e-01 3.821932496469401114e-02
2.946841754234362787e-01 -9.548489389812745420e-01 3.774577521091327520e-02
2.870921108253358667e-01 -9.571772532640581144e-01 3.728040783214625620e-02
2.795784314257317993e-01 -9.594164613636880778e-01 3.682332719547259936e-02
2.721425597329306112e-01 -9.615691950424922751e-01 3.637462597137250397e-02
2.647838444557150672e-01 -9.636380226663451287e-01 3.593438578117262583e-02
2.575015649261749306e-01 -9.656254486236977019e-01 3.550267782293934499e-02
2.502949353612285432e-01 -9.675339129290271289e-01 3.507956347563087607e-02
2.431631089625328201e-01 -9.693657909955564200e-01 3.466509488142840989e-02
2.361051818552015735e-01 -9.711233935628278413e-01 3.425931550626389044e-02
2.291201968663988120e-01 -9.728089667654419292e-01 3.386226067864871181e-02
2.222071471454439839e-01 -9.744246923299996199e-01 3.347395810698440555e-02
2.153649796275686201e-01 -9.759726878879969592e-01 3.309442837560386264e-02
2.085925983439033682e-01 -9.774550073931218552e-01 3.272368541985043455e-02
2.018888675806529420e-01 -9.788736416320847900e-01 3.236173698055321707e-02
1.952526148907423320e-01 -9.802305188187784291e-01 3.200858503830011914e-02
1.886826339614926795e-01 -9.815275052622048912e-01 3.166422622794721337e-02
1.821776873421142029e-01 -9.827664060992297168e-01 3.132865223383316661e-02
1.757365090349915782e-01 -9.839489660838175444e-01 3.100185016619253289e-02
1.693578069548868359e-01 -9.850768704249790453e-01 3.068380291928123754e-02
1.630402652603001878e-01 -9.861517456662055592e-01 3.037448951174259726e-02
1.567825465613140179e-01 -9.871751605996915702e-01 3.007388540975303171e-02
1.505832940083021987e-01 -9.881486272091428713e-01 2.978196283349353671e-02
1.444411332659189251e-01 -9.890736016354418902e-01 2.949869104749661131e-02
1.383546743767919973e-01 -9.899514851598891774e-01 2.922403663541887214e-02
1.323225135193359381e-01 -9.907836252001659405e-01 2.895796375978743759e-02
1.263432346640748771e-01 -9.915713163145600806e-01 2.870043440726367454e-02
1.204154111328236409e-01 -9.923158012103797665e-01 2.845140861996133322e-02
1.145376070650224315e-01 -9.930182717528288627e-01 2.821084471334768529e-02
1.087083787954554459e-01 -9.936798699709563643e-01 2.797869948124631634e-02
1.029262761475101817e-01 -9.943016890576010791e-01 2.775492838844896906e-02
9.718984364605243176e-02 -9.948847743605468974e-01 2.753948575143135707e-02
9.149762165390390445e-02 -9.954301243623783213e-01 2.733232490765450523e-02
8.584814743581653529e-02 -9.959386916467783957e-01 2.713339837391898907e-02
8.023995615374024393e-02 -9.964113838492518749e-01 2.694265799422465926e-02
7.467158179708097143e-02 -9.968490645904756198e-01 2.676005507757309165e-02
6.914155805154387213e-02 -9.972525543906853862e-01 2.658554052613434915e-02
6.364841911005296449e-02 -9.976226315636979036e-01 2.641906495418367556e-02
5.819070042913502411e-02 -9.979600330893447779e-01 2.626057879819758065e-02
5.276693943405151577e-02 -9.982654554632585109e-01 2.611003241848260450e-02
4.737567617585957541e-02 -9.985395555231031395e-01 2.596737619269374672e-02
4.201545394348103063e-02 -9.987829512504807772e-01 2.583256060158338474e-02
3.668481983375830591e-02 -9.989962225478763447e-01 2.570553630730541828e-02
3.138232528237760999e-02 -9.991799119901209059e-01 2.558625422458343443e-02
2.610652655844389325e-02 -9.993345255499652691e-01 2.547466558503592993e-02
2.085598522539841571e-02 -9.994605332974560996e-01 2.537072199493617050e-02
1.562926857087906796e-02 -9.995583700729008259e-01 2.527437548666896031e-02
1.042495000803565948e-02 -9.996284361332942181e-01 2.518557856413169982e-02
5.241609450727638744e-03 -9.996710977721572355e-01 2.510428424231238298e-02
7.783366495000502289e-05 -9.996866879128146754e-01 2.503044608126296297e-02
-5.067783401245187433e-03 -9.996755066752031071e-01 2.496401821467240240e-02
-1.019664030713944916e-02 -9.996378219163656320e-01 2.490495537323020661e-02
-1.531012782593009838e-02 -9.995738697448449672e-01 2.485321290295786426e-02
-2.040962866645209053e-02 -9.994838550092426388e-01 2.480874677867272310e-02
-2.549651720805252639e-02 -9.993679517612610308e-01 2.477151361273629768e-02
-3.057215924669280660e-02 -9.992263036935913334e-01 2.474147065922673375e-02
-3.563791175041201853e-02 -9.990590245530545088e-01 2.471857581366342441e-02
-4.069512262234059596e-02 -9.988661985294439161e-01 2.470278760840020557e-02
-4.574513046950567929e-02 -9.986478806205572045e-01 2.469406520379252221e-02
-5.078926437571886637e-02 -9.984040969739420568e-01 2.469236837523319794e-02
-5.582884367688359384e-02 -9.981348452059167764e-01 2.469765749614104972e-02
-6.086517773710288515e-02 -9.978400946984611330e-01 2.470989351697655892e-02
-6.589936739637072827e-02 -9.975198761757653187e-01 2.472596403603246826e-02
-7.093188011788287284e-02 -9.971741755668308560e-01 2.474540870601044454e-02
-7.596308845707477886e-02 -9.968029745937364572e-01 2.476776775555449353e-02
-8.099327017207626211e-02 -9.964062531717160498e-01 2.479258182486023324e-02
-8.602260834520718269e-02 -9.959839918037762807e-01 2.481939182271916677e-02
-9.105119151989757298e-02 -9.955361739712665914e-01 2.484773880530549359e-02
-9.607901385750050594e-02 -9.950627885213126911e-01 2.487716387701003132e-02
-1.011059753185317989e-01 -9.945638320515201025e-01 2.490720811362129306e-02
-1.061318818729158758e-01 -9.940393112918496366e-01 2.493741250814764110e-02
-1.111564457438426745e-01 -9.934892454830618336e-01 2.496731793956632334e-02
-1.161792856898446191e-01 -9.929136687506208148e-01 2.499646516477495653e-02
-1.211999273296859581e-01 -9.923126324724427239e-01 2.502439483400850304e-02
-1.262178035146185873e-01 -9.916862076383705649e-01 2.505064752996969887e-02
-1.312322547524976124e-01 -9.910344871987533111e-01 2.507476383090311012e-02
-1.362425296881673575e-01 -9.903575883990097806e-01 2.509628439782239998e-02
-1.412477856444224744e-01 -9.896556550965606158e-01 2.511475008607671686e-02
-1.462470892277204226e-01 -9.889288600560243170e-01 2.512970208141534004e-02
-1.512394170026691020e-01 -9.881774072180912194e-01 2.514068206067968450e-02
-1.562236562391383643e-01 -9.874015339370157962e-01 2.514723237721838700e-02
-1.611986057356451507e-01 -9.866015131812079231e-01 2.514889627108432210e-02
-1.661629767224402643e-01 -9.857776556909551013e-01 2.514521810403210281e-02
-1.711153938474798963e-01 -9.849303120868740935e-01 2.513574361929079778e-02
-1.760543962481981584e-01 -9.840598749222787545e-01 2.512002022603918375e-02
-1.809784387117076287e-01 -9.831667806722532710e-01 2.509759730845998946e-02
-1.858858929257455606e-01 -9.822515116518519829e-01 2.506802655919526668e-02
-1.907750488223539931e-01 -9.813145978554997928e-01 2.503086233696721896e-02
-1.956441160159336501e-01 -9.803566187093516460e-01 2.498566204806788177e-02
-2.004912253369471042e-01 -9.793782047280827907e-01 2.493198655135678982e-02
-2.053144304621660476e-01 -9.783800390673313974e-01 2.486940058633870312e-02
-2.101117096419642949e-01 -9.773628589628002850e-01 2.479747322382344632e-02
-2.148809675247537188e-01 -9.763274570468493119e-01 2.471577833859749107e-02
-2.196200370782469269e-01 -9.752746825332788694e-01 2.462389510346215532e-02
-2.243266816068117397e-01 -9.742054422609166542e-01 2.452140850391647600e-02
-2.289985968637604230e-01 -9.731207015865829257e-01 2.440790987268451687e-02
-2.336334132569946043e-01 -9.720214851180173365e-01 2.428299744320708969e-02
-2.382286981460083053e-01 -9.709088772774165932e-01 2.414627692113732391e-02
-2.427819582278398503e-01 -9.697840226863493340e-01 2.399736207279841438e-02
-2.472906420091622037e-01 -9.686481263629878047e-01 2.383587532948075807e-02
-2.517521423613144349e-01 -9.675024537228293919e-01 2.366144840637500815e-02
-2.561637991547082160e-01 -9.663483303743735098e-01 2.347372293485772837e-02
-2.605229019686963188e-01 -9.651871417015681631e-01 2.327235110676799737e-02
-2.648266928726696334e-01 -9.640203322252567375e-01 2.305699632923687362e-02
-2.690723692738577477e-01 -9.628494047363282959e-01 2.282733388855752096e-02
-2.732570868270516873e-01 -9.616759191938099027e-01 2.258305162151292081e-02
-2.773779624012467360e-01 -9.605014913817377931e-01 2.232385059251045661e-02
-2.814320770980258124e-01 -9.593277913192994610e-01 2.204944577480924886e-02
-2.854164793163680991e-01 -9.581565414194561647e-01 2.175956673406714142e-02
-2.893281878584827438e-01 -9.569895143920289504e-01 2.145395831238041881e-02
-2.931641950712299827e-01 -9.558285308880596354e-01 2.113238131094093836e-02
-2.969214700177089106e-01 -9.546754568831434806e-01 2.079461316939302043e-02
-3.006016203256846042e-01 -9.535304524679257820e-01 2.045349215688333985e-02
-3.042042974250719345e-01 -9.523945472903796450e-01 2.010907718840822256e-02
-3.077291688742923581e-01 -9.512687568642149705e-01 1.976142965091192208e-02
-3.111759183784598704e-01 -9.501540818049111214e-01 1.941061340919666631e-02
-3.145442458041465827e-01 -9.490515070716347701e-01 1.905669480681590477e-02
-3.178338671905758250e-01 -9.479620012161695808e-01 1.869974266196530038e-02
-3.210445147571220903e-01 -9.468865156400033678e-01 1.833982825839498496e-02
-3.241759369070253416e-01 -9.458259838607330217e-01 1.797702533137536529e-02
-3.272278982272562864e-01 -9.447813207889612652e-01 1.761141004875776961e-02
-3.302001794844967586e-01 -9.437534220168656285e-01 1.724306098717996380e-02
-3.330925776172257158e-01 -9.427431631196245831e-01 1.687205910347544524e-02
-3.359049057239266167e-01 -9.417513989708868882e-01 1.649848770135413367e-02
-3.386369930474563139e-01 -9.407789630734659792e-01 1.612243239343066903e-02
-3.412886849556376889e-01 -9.398266669064340162e-01 1.574398105868510603e-02
-3.438598429181587424e-01 -9.388952992897793282e-01 1.536322379544912721e-02
-3.463503444798807229e-01 -9.379856257677761100e-01 1.498025287001913605e-02
-3.487600832306745335e-01 -9.370983880121971366e-01 1.459516266100563398e-02
-3.510889687719203067e-01 -9.362343032464780501e-01 1.420804959953607914e-02
-3.533369266798181973e-01 -9.353940636919156892e-01 1.381901210543609766e-02
-3.555038984656699874e-01 -9.345783360369556148e-01 1.342815051952122619e-02
-3.575898415333003122e-01 -9.337877609305903492e-01 1.303556703213849984e-02
-3.595947291337937557e-01 -9.330229525008547631e-01 1.264136560810400628e-02
-3.615185503177285598e-01 -9.322844978993671816e-01 1.224565190818904976e-02
-3.633613098850912437e-01 -9.315729568728230436e-01 1.184853320731377863e-02
-3.651230283330573756e-01 -9.308888613623036434e-01 1.145011830961296766e-02
-3.668037418018219031e-01 -9.302327151312161924e-01 1.105051746054420969e-02
-3.684035020186604004e-01 -9.296049934226308098e-01 1.064984225621386227e-02
-3.699223762403960891e-01 -9.290061426467300931e-01 1.024820555010094031e-02
-3.713604471944417229e-01 -9.284365800990321826e-01 9.845721357363451318e-03
-3.727178130185759830e-01 -9.278966937099915047e-01 9.442504756915711533e-03
-3.739945871996038784e-01 -9.273868418265256430e-01 9.038671791468720282e-03
-3.751908985110375960e-01 -9.269073530259548388e-01 8.634339365728811375e-03
-3.763068909499225345e-01 -9.264585259627825531e-01 8.229625142952530850e-03
-3.773427236729158807e-01 -9.260406292486800250e-01 7.824647440057961104e-03
-3.782985709317111533e-01 -9.256539013659779158e-01 7.419525121494548528e-03
-3.791746220078832663e-01 -9.252985506149004058e-01 7.014377492074886505e-03
-3.799710811472111760e-01 -9.249747550947150510e-01 6.609324188972838868e-03
-3.806881674935162496e-01 -9.246826627189038694e-01 6.204485073092883343e-03
-3.813261150220341178e-01 -9.244223912643959595e-01 5.799980120015593536e-03
-3.818851724723189567e-01 -9.241940284548362250e-01 5.395929310723757318e-03
-3.823656032806572180e-01 -9.239976320777977259e-01 4.992452522312762139e-03
-3.827676855119484522e-01 -9.238332301357797816e-01 4.589669418887574147e-03
-3.830917117909898861e-01 -9.237008210307675604e-01 4.187699342846882417e-03
-3.833379892330808225e-01 -9.236003737820647208e-01 3.786661206752767878e-03
-3.835068393738433890e-01 -9.235318282770456078e-01 3.386673385981663498e-03
-3.835985980981365673e-01 -9.234950955544101170e-01 2.987853612349294485e-03
-3.836136155679208959e-01 -9.234900581194622760e-01 2.590318868898843808e-03
-3.835522561489143611e-01 -9.235165702908719743e-01 2.194185286037708248e-03
-3.834148983358616203e-01 -9.235744585783198790e-01 1.799568039203962213e-03
-3.832019346762237100e-01 -9.236635220903670618e-01 1.406581248238985204e-03
-3.829069722251648988e-01 -9.237863692023559059e-01 9.989743833845520990e-04
-3.825272715531896073e-01 -9.239440225899726578e-01 5.769686662094456516e-04
-3.820601318115676159e-01 -9.241374568278227786e-01 1.408001048337286735e-04
-3.815028928509613393e-01 -9.243675948189064018e-01 -3.092802877236366845e-04
-3.808529373999478551e-01 -9.246353042130308619e-01 -7.730062986148749250e-04
-3.801076933057003782e-01 -9.249413938267030399e-01 -1.250096344071425884e-03
-3.792646358391940642e-01 -9.252866100774971292e-01 -1.740253322521651946e-03
-3.783212900673696977e-01 -9.256716334463200857e-01 -2.243164492240138155e-03
-3.772752332947229004e-01 -9.260970749813970393e-01 -2.758501373799621473e-03
-3.761240975767836670e-01 -9.265634728581693125e-01 -3.285919677544935080e-03
-3.748655723079055146e-01 -9.270712890096350911e-01 -3.825059256256205503e-03
-3.734974068856968810e-01 -9.276209058419654374e-01 -4.375544083116198260e-03
-3.720174134542912348e-01 -9.282126230504914588e-01 -4.936982255044481543e-03
-3.704234697284712330e-01 -9.288466545513835992e-01 -5.508966021409243859e-03
-3.687135219004261666e-01 -9.295231255445228769e-01 -6.091071838076550851e-03
-3.668855876306368891e-01 -9.302420697231981173e-01 -6.682860446706791017e-03
-3.649377591240402507e-01 -9.310034266463482755e-01 -7.283876979159440920e-03
-3.628682062922310436e-01 -9.318070392891014686e-01 -7.893651086820373600e-03
-3.606751800020062126e-01 -9.326526517873422462e-01 -8.511697094621061346e-03
-3.583570154100506056e-01 -9.335399073919583568e-01 -9.137514179476563178e-03
-3.559121353830002610e-01 -9.344683466482809342e-01 -9.770586572829389332e-03
-3.533390540015025061e-01 -9.354374058160300764e-01 -1.041038378694959972e-02
-3.506363801462224483e-01 -9.364464155448128935e-01 -1.105636086460811025e-02
-3.478028211630235789e-01 -9.374945998198845887e-01 -1.170795865171041575e-02
-3.448371866037812095e-01 -9.385810751924817952e-01 -1.236460409245219300e-02
-3.417383920384715612e-01 -9.397048503085577709e-01 -1.302571054653666772e-02
-3.385054629333218434e-01 -9.408648257492002731e-01 -1.369067812797664443e-02
-3.351375385889114877e-01 -9.420597941953831045e-01 -1.435889406499178851e-02
-3.316338761311862227e-01 -9.432884409289961081e-01 -1.502973308050450235e-02
-3.279938545473908285e-01 -9.445493446813117977e-01 -1.570255779273559485e-02
-3.242169787579470830e-01 -9.458409788391796136e-01 -1.637671913540419272e-02
-3.203028837143107599e-01 -9.471617130182864441e-01 -1.705155679704510943e-02
-3.162513385118377318e-01 -9.485098150117893256e-01 -1.772639967897104984e-02
-3.120622505056848683e-01 -9.498834531215103461e-01 -1.840056637142708021e-02
-3.077356694167726059e-01 -9.512806988776801864e-01 -1.907336564751011682e-02
-3.032717914138518545e-01 -9.526995301519360915e-01 -1.974409697445737508e-02
-2.986709631567551759e-01 -9.541378346669132648e-01 -2.041205104194407718e-02
-2.939336857849808027e-01 -9.555934139043226194e-01 -2.107651030707242273e-02
-2.890606188348666672e-01 -9.570639874118844759e-01 -2.173674955578057399e-02
-2.840525840677689540e-01 -9.585471975078867501e-01 -2.239203648045162698e-02
-2.789105691908743689e-01 -9.600406143804643966e-01 -2.304163227355822408e-02
-2.736357314515578398e-01 -9.615417415769550447e-01 -2.368479223723773258e-02
-2.682294010855551525e-01 -9.630480218768814327e-01 -2.432076640875551268e-02
-2.626930845986635843e-01 -9.645568435402451790e-01 -2.494880020187887140e-02
-2.570284678612197449e-01 -9.660655469209019630e-01 -2.556813506425123506e-02
-2.512374189942436775e-01 -9.675714314328222043e-01 -2.617800915092396291e-02
-2.453219910258872261e-01 -9.690717628550415963e-01 -2.677765801427128486e-02
-2.392844242966916390e-01 -9.705637809590711429e-01 -2.736631531058094507e-02
-2.331271485921526110e-01 -9.720447074404836574e-01 -2.794321352367840419e-02
-2.268527849812140562e-01 -9.735117541343254466e-01 -2.850758470600459407e-02
-2.204695662522367927e-01 -9.749611778549028829e-01 -2.904954268177918977e-02
-2.139821730056976068e-01 -9.763899379818634650e-01 -2.956894588554495606e-02
-2.073953486827185277e-01 -9.777950852557389938e-01 -3.006567029596825258e-02
-2.007138957941601298e-01 -9.791737681675930505e-01 -3.053960905245036231e-02
-1.939426719853029335e-01 -9.805232389896054723e-01 -3.099067205823812995e-02
-1.870865859469406367e-01 -9.818408594357623809e-01 -3.141878557250806642e-02
-1.801505931844146480e-01 -9.831241059432221929e-01 -3.182389179387549311e-02
-1.731396916567311817e-01 -9.843705745663270390e-01 -3.220594843774265970e-02
-1.660589172984192619e-01 -9.855779854766189008e-01 -3.256492830984736991e-02
-1.589133394372116426e-01 -9.867441870635974555e-01 -3.290081887830718921e-02
-1.517080561209608325e-01 -9.878671596323055359e-01 -3.321362184637449699e-02
-1.444481893674430528e-01 -9.889450186951561639e-01 -3.350335272802516112e-02
-1.371388803508551968e-01 -9.899760178567020841e-01 -3.377004042839946985e-02
-1.297852845388777487e-01 -9.909585512913006156e-01 -3.401372683099920802e-02
-1.223925667941645479e-01 -9.918911558148330032e-01 -3.423446639342016956e-02
-1.149658964540314909e-01 -9.927725125527949723e-01 -3.443232575326629630e-02
-1.075104424019560079e-01 -9.936014482081849675e-01 -3.460738334575105823e-02
-1.000313681442728253e-01 -9.943769359336667168e-01 -3.475972903434491196e-02
-9.253382690516324949e-02 -9.950980958134846288e-01 -3.488946375567568425e-02
-8.502295675269125330e-02 -9.957641949615464450e-01 -3.499669917973290828e-02
-7.750387576824434299e-02 -9.963746472429735324e-01 -3.508155738626875242e-02
-6.998167727129721294e-02 -9.969290126272389863e-01 -3.514417055812810164e-02
-6.246142511093480398e-02 -9.974269961817813224e-01 -3.518468069208009058e-02
-5.494814903505593900e-02 -9.978684467156857529e-01 -3.520323932756391078e-02
-4.744684014763204255e-02 -9.982533550836770742e-01 -3.520000729360420189e-02
-3.996244646382382526e-02 -9.985818521612593868e-01 -3.517515447399664763e-02
-3.249986857216576736e-02 -9.988542065023803262e-01 -3.512885959071383735e-02
-2.506395541241835875e-02 -9.990708216914840900e-01 -3.506131000533577180e-02
-1.765950017706515579e-02 -9.992322334022537555e-01 -3.497270153816936511e-02
-1.029123634379948415e-02 -9.993391061757362914e-01 -3.486323830458792905e-02
-2.963833845707178685e-03 -9.993922299308855006e-01 -3.473313256799562959e-02
4.318104614789520200e-03 -9.993925162208600055e-01 -3.458260460870370839e-02
1.155004710280358934e-02 -9.993409942486746189e-01 -3.441188260789561359e-02
1.872753583388648418e-02 -9.992388066560256021e-01 -3.422120254575771597e-02
2.584619039881435806e-02 -9.990872050992969378e-01 -3.401080811276090826e-02
3.290171082673737368e-02 -9.988875456269072917e-01 -3.378095063299706852e-02
3.988988048379293883e-02 -9.986412838722794616e-01 -3.353188899840284926e-02
4.680656880489480337e-02 -9.983499700768061480e-01 -3.326388961264192118e-02
5.364773385701006314e-02 -9.980152439572497203e-01 -3.297722634336580638e-02
6.040942473282381181e-02 -9.976388294320519545e-01 -3.267218048153251730e-02
6.708778377426562189e-02 -9.972225292210444847e-01 -3.234904070643184609e-02
7.367904862593196991e-02 -9.967682193330409390e-01 -3.200810305504545733e-02
8.017955411898330942e-02 -9.962778434557595375e-01 -3.164967089435956338e-02
8.658573398662258724e-02 -9.957534072624747434e-01 -3.127405489524696935e-02
9.289412241277333893e-02 -9.951969726497209567e-01 -3.088157300654389634e-02
9.910135541606804321e-02 -9.946106519202814189e-01 -3.047255042796438718e-02
1.052041720717319523e-01 -9.939966019255819241e-01 -3.004731958052142549e-02
1.111994155744014251e-01 -9.933570181814802558e-01 -2.960622007315822507e-02
1.170840341453494443e-01 -9.926941289712910566e-01 -2.914959866433521757e-02
1.228550817880030149e-01 -9.920101894497204142e-01 -2.867780921736773694e-02
1.285084782474375520e-01 -9.913078009914919608e-01 -2.818543121818983116e-02
1.340400422380214063e-01 -9.905894755630024751e-01 -2.767240119136490928e-02
1.394456225318441434e-01 -9.898577745779039150e-01 -2.713868562129346379e-02
1.447211038319801413e-01 -9.891153026056487274e-01 -2.658428173743717163e-02
1.498624126053552108e-01 -9.883647007140311525e-01 -2.600921826180422475e-02
1.548655228662960959e-01 -9.876086394632191956e-01 -2.541355611543812815e-02
1.597264619028064825e-01 -9.868498115709944951e-01 -2.479738908071548939e-02
1.644413159386511059e-01 -9.860909242711173306e-01 -2.416084441633756241e-02
1.690062357254314140e-01 -9.853346913888905156e-01 -2.350408342199519426e-02
1.734174420599892130e-01 -9.845838251601017888e-01 -2.282730194979677024e-02
1.776712312236662650e-01 -9.838410278215621307e-01 -2.213073085967321926e-02
1.817639803411614241e-01 -9.831089830034192012e-01 -2.141463641611247512e-02
1.856921526579488613e-01 -9.823903469552919265e-01 -2.067932062372705715e-02
1.894523027364333201e-01 -9.816877396400380817e-01 -1.992512149932180662e-02
1.930410815722048146e-01 -9.810037357306170547e-01 -1.915241327830324511e-02
1.964552416328971540e-01 -9.803408555470327634e-01 -1.836160655345647069e-02
1.996916418232355939e-01 -9.797015559717281441e-01 -1.755314834430872495e-02
2.027472523808591942e-01 -9.790882213830421898e-01 -1.672752209549973820e-02
2.056191597084067735e-01 -9.785031546474224351e-01 -1.588524760278628087e-02
2.083045711481431861e-01 -9.779485682120026002e-01 -1.502688086552082976e-02
2.108008197060596278e-01 -9.774265753398974077e-01 -1.415301386466073091e-02
2.131053687328904045e-01 -9.769391815311275762e-01 -1.326427426558323026e-02
2.152158165698366543e-01 -9.764882761724601457e-01 -1.236132504520221810e-02
2.171299011669596823e-01 -9.760756244596243691e-01 -1.144486404310311560e-02
2.188455046821931593e-01 -9.757028596353387595e-01 -1.051562343663192331e-02
2.203606580687137440e-01 -9.753714755863528429e-01 -9.574369140091821065e-03
2.216735456579972119e-01 -9.750828198422609727e-01 -8.621900128414841311e-03
2.227825097452658387e-01 -9.748380870181867497e-01 -7.659047685885924002e-03
2.236860551832007549e-01 -9.746383127425527482e-01 -6.686674580701124429e-03
2.243828539887501861e-01 -9.744843681100473498e-01 -5.705674166340036352e-03
2.248717499666123831e-01 -9.743769546985664443e-01 -4.716969410923637675e-03
2.251517633515185135e-01 -9.743166001873491133e-01 -3.721511855912103608e-03
2.252220954697916055e-01 -9.743036546117337382e-01 -2.720280505671870096e-03
2.250821334188260747e-01 -9.743382872879392531e-01 -1.714280649606752822e-03
2.247314547611320990e-01 -9.744204844390216280e-01 -7.045426187036836138e-04
2.241698322274362221e-01 -9.745500475506713167e-01 3.078795215109388691e-04
2.233972384210458073e-01 -9.747265924828018013e-01 1.321909339473531552e-03
2.224138505132909061e-01 -9.749495493599398266e-01 2.336449465289848308e-03
2.212200549173788666e-01 -9.752181632602640038e-01 3.350383075279034489e-03
2.198164519254616478e-01 -9.755314957197568360e-01 4.362575430887798145e-03
2.182038602911512415e-01 -9.758884270643443104e-01 5.371875469418273263e-03
2.163833217371584072e-01 -9.762876595791033507e-01 6.377117443935908722e-03
2.143561053652033865e-01 -9.767277215196307205e-01 7.377122609658252547e-03
2.121237119428902862e-01 -9.772069719665017473e-01 8.370700954071632477e-03
2.096878780398821474e-01 -9.777236065194132575e-01 9.356652967980343474e-03
2.070505799834964078e-01 -9.782756638231251411e-01 1.033377145466168358e-02
2.042140376017943237e-01 -9.788610329126997689e-01 1.130084337427961910e-02
2.011807177203977226e-01 -9.794774613608147051e-01 1.225665172069958717e-02
1.979533373776636296e-01 -9.801225642051135667e-01 1.319997742784617852e-02
1.945348667215138216e-01 -9.807938336286856629e-01 1.412960130275361936e-02
1.909285315501817737e-01 -9.814886493618574237e-01 1.504430598247507612e-02
1.871378154584304732e-01 -9.822042897685682172e-01 1.594287791203994470e-02
1.831664615504342564e-01 -9.829379435757196193e-01 1.682410934067730263e-02
1.790184736805298105e-01 -9.836867221990668320e-01 1.768680033355743073e-02
1.746981171834390001e-01 -9.844476726144998358e-01 1.852976079634030895e-02
1.702099190563665654e-01 -9.852177907189777484e-01 1.935181250985897050e-02
1.655586675565845767e-01 -9.859940351209691700e-01 2.015179117230493297e-02
1.607494111797389547e-01 -9.867733412960583150e-01 2.092854844632102695e-02
1.557874569861497915e-01 -9.875526360394405456e-01 2.168095400844222143e-02
1.506783682448218920e-01 -9.883288521433862828e-01 2.240789759835584705e-02
1.454279613677229577e-01 -9.890989432244531310e-01 2.310829106547715103e-02
1.400423021101093179e-01 -9.898598986222956198e-01 2.378107041035297520e-02
1.345277010162609088e-01 -9.906087582894124166e-01 2.442519781841373180e-02
1.288907080939033778e-01 -9.913426275891122907e-01 2.503966368359048997e-02
1.231381067048132882e-01 -9.920586919174059215e-01 2.562348861929845262e-02
1.172769066635876017e-01 -9.927542310634795975e-01 2.617572545425932845e-02
1.113143365412704450e-01 -9.934266332228988139e-01 2.669546121059209604e-02
1.052578351754246272e-01 -9.940734085777573892e-01 2.718181906154374869e-02
9.911504239326503207e-02 -9.946922023586451944e-01 2.763396026615850057e-02
9.289378895958479154e-02 -9.952808073045780191e-01 2.805108607809532126e-02
8.660208576635067268e-02 -9.958371754389198083e-01 2.843243962570005112e-02
8.024811228596624713e-02 -9.963594290818436061e-01 2.877730776032005194e-02
7.384020431524415673e-02 -9.968458710230202469e-01 2.908502286971759512e-02
6.738684104203616909e-02 -9.972949937819850508e-01 2.935496465329400992e-02
6.089663147118554165e-02 -9.977054878880066147e-01 2.958656185568196706e-02
5.437830025093563779e-02 -9.980762491162487038e-01 2.977929395509996968e-02
4.784067294509890961e-02 -9.984063846225486039e-01 2.993269280269366880e-02
4.129266080011115281e-02 -9.986952179252123196e-01 3.004634420891558536e-02
3.474324505952001291e-02 -9.989422926888047449e-01 3.011988947282123394e-02
2.820146088144201771e-02 -9.991473752719584045e-01 3.015302684998855814e-02
2.167638091703059586e-02 -9.993104560086858434e-01 3.014551295460244154e-02
1.517709860999672672e-02 -9.994317492005101444e-01 3.009716409109017277e-02
8.712711278687574473e-03 -9.995116918048723154e-01 3.000785751055080539e-02
2.292303043137368553e-03 -9.995509408136697971e-01 2.987753258709461776e-02
-4.075072340153595291e-03 -9.995503693243679155e-01 2.970619190910208512e-02
-1.038040867318668417e-02 -9.995110613148410206e-01 2.949390228032787442e-02
-1.661476447945457388e-02 -9.994343051418749235e-01 2.924079562571773802e-02
-2.276928007458747100e-02 -9.993215857920243472e-01 2.894706979677756295e-02
-2.883519448619074887e-02 -9.991745759222104839e-01 2.861298927133663211e-02
-3.480386216682372635e-02 -9.989951257359803716e-01 2.823888574258373932e-02
-4.066676944696506063e-02 -9.987852517496786930e-01 2.782515859232674582e-02
-4.641555067814613633e-02 -9.985471245108241689e-01 2.737227524353491939e-02
-5.204200402016194438e-02 -9.982830553386836669e-01 2.688077138736970351e-02
-5.753810683033586115e-02 -9.979954821643256535e-01 2.635125108009387512e-02
-6.289603061716070309e-02 -9.976869545542598194e-01 2.578438670547124681e-02
-6.810815552519951244e-02 -9.973601180080736706e-01 2.518091879852859399e-02
-7.316708432283822172e-02 -9.970176976262096202e-01 2.454165572684718563e-02
-7.806565586926733635e-02 -9.966624812491428065e-01 2.386747322588199383e-02
-8.279695804185925601e-02 -9.962973021736784007e-01 2.315931378517012071e-02
-8.735434010982809361e-02 -9.959250215558561603e-01 2.241818588268433554e-02
-9.173225088514133652e-02 -9.955483443964677770e-01 2.164930562962739599e-02
-9.592570292345234395e-02 -9.951700204161932906e-01 2.085411863436740371e-02
-9.993005569534398058e-02 -9.947927538628610344e-01 2.003409783614995207e-02
-1.037410172891608667e-01 -9.944191877679177116e-01 1.919074107370805776e-02
-1.073546454601105871e-01 -9.940518888938302267e-01 1.832556863048787066e-02
-1.107673480649110087e-01 -9.936933334497088932e-01 1.744012075935398587e-02
-1.139758829217053515e-01 -9.933458936459741428e-01 1.653595518980348691e-02
-1.169773571348784874e-01 -9.930118251521869999e-01 1.561464462088394019e-02
-1.197692259238148094e-01 -9.926932555152747639e-01 1.467777420317471770e-02
-1.223492909935714051e-01 -9.923921735883519668e-01 1.372693901335078105e-02
-1.247156984839378757e-01 -9.921104200132074835e-01 1.276374152500078969e-02
-1.268669365314584185e-01 -9.918496787923420932e-01 1.178978907951488270e-02
-1.288018324767484513e-01 -9.916114699792408782e-01 1.080669136098954403e-02
-1.305195497468958910e-01 -9.913971435083812622e-01 9.816057879215626947e-03
-1.320195844399490448e-01 -9.912078741793539649e-01 8.819495464919202207e-03
-1.333017616355103574e-01 -9.910446578024396658e-01 7.818605781511698410e-03
-1.343662314523343393e-01 -9.909083085060690355e-01 6.814982857674596953e-03
-1.352134648706217468e-01 -9.907994571998334221e-01 5.810210645153502350e-03
-1.358442493334653112e-01 -9.907185511801285260e-01 4.805860606165732532e-03
-1.362596841386872759e-01 -9.906658548591353863e-01 3.803489334834014857e-03
-1.364611756291675415e-01 -9.906414515916956987e-01 2.804636217045768619e-03
-1.364504321867400782e-01 -9.906452465687444198e-01 1.810821133102533554e-03
-1.362294590318811061e-01 -9.906769707403444425e-01 8.235422074671810456e-04
-1.358005528287664077e-01 -9.907361857260487126e-01 -1.557263901623303064e-04
-1.351662960928738666e-01 -9.908222896653113843e-01 -1.125536588324437676e-03
-1.343295513961850207e-01 -9.909345239560061191e-01 -2.084468497804277745e-03
-1.332934553632225128e-01 -9.910719808247967499e-01 -3.031132432318792494e-03
-1.320614124496725383e-01 -9.912336116691682353e-01 -3.964170862174765976e-03
-1.306370884942003874e-01 -9.914182361073745620e-01 -4.882260297378824936e-03
-1.290244040332830799e-01 -9.916245516694114359e-01 -5.784113096876874159e-03
-1.272275273684640440e-01 -9.918511440593904549e-01 -6.668479200815030129e-03
-1.252508673753806034e-01 -9.920964979173849674e-01 -7.534147782943362640e-03
-1.230990660442208146e-01 -9.923590080069530917e-01 -8.379948820525914485e-03
-1.207769907419221217e-01 -9.926369907531217285e-01 -9.204754579373768467e-03
-1.182897261874159972e-01 -9.929286960546488405e-01 -1.000748101188043970e-02
-1.156425661325292675e-01 -9.932323192938701251e-01 -1.078708906620847244e-02
-1.128410047427515078e-01 -9.935460134673855803e-01 -1.154258590505086342e-02
-1.098907276739398975e-01 -9.938679013612482516e-01 -1.227302603266848709e-02
-1.067976028431278368e-01 -9.941960876951789761e-01 -1.297751232918304548e-02
-1.035676708938965268e-01 -9.945286711616417863e-01 -1.365519699138190504e-02
-1.002071353592241115e-01 -9.948637562873647866e-01 -1.430528237956449518e-02
-9.672235252730586319e-02 -9.951994650470696868e-01 -1.492702177022754706e-02
-9.311982101850292681e-02 -9.955339481617636599e-01 -1.551972001464647921e-02
-8.940617108428568216e-02 -9.958653960169309149e-01 -1.608273410366072020e-02
-8.558815364175172136e-02 -9.961920491393221333e-01 -1.661547363921009324e-02
-8.167262905997851874e-02 -9.965122081747449512e-01 -1.711740121339594065e-02
-7.766655571707882511e-02 -9.968242433132922242e-01 -1.758803269605316300e-02
-7.357697834932715175e-02 -9.971266031127666851e-01 -1.802693743201664450e-02
-6.941101621608353200e-02 -9.974178226756498233e-01 -1.843373834944663295e-02
-6.517585110642548640e-02 -9.976965311397770764e-01 -1.880811198074209406e-02
-6.087871521538164299e-02 -9.979614584478906369e-01 -1.914978839771808855e-02
-5.652687891941657328e-02 -9.982114413664084918e-01 -1.945855106285309180e-02
-5.212763848232364328e-02 -9.984454287290320806e-01 -1.973423659852445444e-02
-4.768830372392456746e-02 -9.986624858861825604e-01 -1.997673447624570900e-02
-4.321618568493649365e-02 -9.988617983466608896e-01 -2.018598662799815646e-02
-3.871858432204057510e-02 -9.990426746033403971e-01 -2.036198698181232100e-02
-3.420277626756487721e-02 -9.992045481400724238e-01 -2.050478092380303430e-02
-2.967600268827726151e-02 -9.993469786222897167e-01 -2.061446468889631053e-02
-2.514545727757367885e-02 -9.994696522789824344e-01 -2.069118468250811735e-02
-2.061827441484997969e-02 -9.995723814887698122e-01 -2.073513673544576108e-02
-1.610151752507135714e-02 -9.996551035876570790e-01 -2.074656529430357263e-02
-1.160216767051572978e-02 -9.997178789207280536e-01 -2.072576254961725276e-02
-7.127112405382622119e-03 -9.997608881644429735e-01 -2.067306750402709767e-02
-2.683134922446244602e-03 -9.997844289503653448e-01 -2.058886498268115359e-02
1.723096480787794475e-03 -9.997889118250090634e-01 -2.047358458808627366e-02
6.085038590864727884e-03 -9.997748555840511031e-01 -2.032769960158990405e-02
1.039628309860406163e-02 -9.997428820223859258e-01 -2.015172583364933934e-02
1.465056602945710371e-02 -9.996937101443796880e-01 -1.994622042501951673e-02
1.884177676498583268e-02 -9.996281498812169541e-01 -1.971178060096640330e-02
2.296396663882064107e-02 -9.995470953643968981e-01 -1.944904238059159615e-02
2.701135709287259476e-02 -9.994515178062360894e-01 -1.915867924333594305e-02
3.097834738201449972e-02 -9.993424580396613743e-01 -1.884140075471637046e-02
3.485952181787702747e-02 -9.992210187706314084e-01 -1.849795115334151169e-02
3.864965654480573970e-02 -9.990883565972096259e-01 -1.812910790124835914e-02
4.234372584336715262e-02 -9.989456738496377275e-01 -1.773568019960443734e-02
4.593690795905441826e-02 -9.987942103057226850e-01 -1.731850747182807002e-02
4.942459045600391260e-02 -9.986352348354745612e-01 -1.687845781619300503e-02
5.280237509757456510e-02 -9.984700370282209025e-01 -1.641642643000296858e-02
5.606608225754478037e-02 -9.982999188543938418e-01 -1.593333400744623846e-02
5.921175486743290167e-02 -9.981261864128547767e-01 -1.543012511326971592e-02
6.223566190703436890e-02 -9.979501418130012347e-01 -1.490776653444565204e-02
6.513430144668264088e-02 -9.977730752390164826e-01 -1.436724561204152928e-02
6.790440325097453489e-02 -9.975962572414899254e-01 -1.380956855554398011e-02
7.054293095474990782e-02 -9.974209312992727838e-01 -1.323575874193020675e-02
7.304708382297864233e-02 -9.972483066918709227e-01 -1.264685500182437944e-02
7.541429810688593527e-02 -9.970795517199213531e-01 -1.204390989512105735e-02
7.764224800914278080e-02 -9.969157873083857035e-01 -1.142798797850197445e-02
7.972884627126808343e-02 -9.967580810240390665e-01 -1.080016406731562108e-02
8.167224439653980594e-02 -9.966074415356551697e-01 -1.016152149433010438e-02
8.347083252170431344e-02 -9.964648135420188790e-01 -9.513150367907950364e-03
8.512323895061768564e-02 -9.963310731895469452e-01 -8.856145832185894143e-03
8.662832936266215422e-02 -9.962070239978965125e-01 -8.191606331872613306e-03
8.798520570837085886e-02 -9.960933933085029945e-01 -7.520631884302005597e-03
8.919320480417847197e-02 -9.959908292675394570e-01 -6.844322361398245437e-03
9.025189663761204462e-02 -9.958998983513455139e-01 -6.163775784220965753e-03
9.116108239356081333e-02 -9.958210834389544797e-01 -5.480086632763827778e-03
9.192079221153440227e-02 -9.957547824329725517e-01 -4.794344173677039626e-03
9.253128268305219062e-02 -9.957013074267485608e-01 -4.107630808573630062e-03
9.299303409752038285e-02 -9.956608844125388602e-01 -3.421020445560131636e-03
9.330674744416410371e-02 -9.956336535222272133e-01 -2.735576896604552735e-03
9.347163003000462378e-02 -9.956198387006639505e-01 -2.048340073442787498e-03
9.348790873354204112e-02 -9.956194879428246214e-01 -1.360400168339862990e-03
9.335604409478792665e-02 -9.956325631687419353e-01 -6.728577602138746108e-04
9.307673167409141746e-02 -9.956589408055986912e-01 1.317815356748118852e-05
9.265090305543575988e-02 -9.956984129207718803e-01 6.965921737676239889e-04
9.207972648258956616e-02 -9.957506889027273322e-01 1.376264560408236399e-03
9.136460711609034613e-02 -9.958153976828798548e-01 2.051073334442472459e-03
9.050718689871674327e-02 -9.958920904877264224e-01 2.719896415813127712e-03
8.950934401688843967e-02 -9.959802441067521217e-01 3.381613793583098434e-03
8.837319194533622968e-02 -9.960792646578316978e-01 4.035109723683367837e-03
8.710107806242418926e-02 -9.961884918281315171e-01 4.679274949691409474e-03
8.569558182369657606e-02 -9.963072035648834479e-01 5.313008941930544987e-03
8.415951248157604869e-02 -9.964346211868890801e-01 5.935222150068659303e-03
8.249590633966767672e-02 -9.965699148842426247e-01 6.544838264292901671e-03
8.070802353083320058e-02 -9.967122095705688301e-01 7.140796480045789180e-03
7.879934430909793508e-02 -9.968605910490841993e-01 7.722053761227562312e-03
7.677356484654163093e-02 -9.970141124510363273e-01 8.287587096699864167e-03
7.463459252760429319e-02 -9.971718009025847262e-01 8.836395744866887281e-03
7.238654073470618400e-02 -9.973326643739811592e-01 9.367503461062135633e-03
7.003372312073198602e-02 -9.974956986630184597e-01 9.879960702431944339e-03
6.758064736575344900e-02 -9.976598944631618338e-01 1.037284680498094282e-02
6.503200841735147508e-02 -9.978242444655811560e-01 1.084527212742976768e-02
6.239268121603241957e-02 -9.979877504434815361e-01 1.129638015653159494e-02
5.966771290949809958e-02 -9.981494302667031082e-01 1.172534956850151446e-02
5.686231456190357636e-02 -9.983083247945365724e-01 1.213139624123142982e-02
5.398185236670062503e-02 -9.984635045950953636e-01 1.251377521199317604e-02
5.103183837419308228e-02 -9.986140764403953485e-01 1.287178257537388917e-02
4.801792074749807598e-02 -9.987591895275309550e-01 1.320475731624051567e-02
4.494587356318754251e-02 -9.988980413779940948e-01 1.351208307259473169e-02
4.182158617545009976e-02 -9.990298833692543568e-01 1.379318982325569015e-02
3.865105216513643055e-02 -9.991540258552011888e-01 1.404755549539593758e-02
3.544035789750383386e-02 -9.992698428349187090e-01 1.427470748705582729e-02
3.219567071483073889e-02 -9.993767761325148546e-01 1.447422409987386173e-02
2.892322679230292445e-02 -9.994743390543242567e-01 1.464573587739490500e-02
2.562931868765531973e-02 -9.995621194937330811e-01 1.478892684445522188e-02
2.232028261696369226e-02 -9.996397824581001457e-01 1.490353564329307059e-02
1.900248549069807891e-02 -9.997070719967386943e-01 1.498935656219626059e-02
1.568231174565648187e-02 -9.997638125136411036e-01 1.504624045267386606e-02
1.236615000967784470e-02 -9.998099094535407572e-01 1.507409553132834507e-02
9.060379637075335543e-03 -9.998453493549579463e-01 1.507288806280670385e-02
5.771357153525946693e-03 -9.998701992690426366e-01 1.504264292042528997e-02
2.505402649695051553e-03 -9.998846055482432105e-01 1.498344402129219918e-02
-7.312138368366269923e-04 -9.998887920140681063e-01 1.489543463299430361e-02
-3.932285911739075504e-03 -9.998830575184023406e-01 1.477881754917232185e-02
-7.091684346796342520e-03 -9.998677729179600293e-01 1.463385513157721730e-02
-1.020337049651700266e-02 -9.998433774864419199e-01 1.446086921648415471e-02
-1.326140957021110234e-02 -9.998103747937772123e-01 1.426024088363615078e-02
-1.625998372213099952e-02 -9.997693280864226040e-01 1.403241008619796927e-02
-1.919340492334135895e-02 -9.997208552070165899e-01 1.377787514052129444e-02
-2.205612758022055392e-02 -9.996656230957098321e-01 1.349719207485435175e-02
-2.484266810173937565e-02 -9.996043284042011035e-01 1.319217264694601960e-02
-2.754819430368357289e-02 -9.995377066906274699e-01 1.286370167879758233e-02
-3.016809481591830461e-02 -9.994665193285553473e-01 1.251270185205950389e-02
-3.269798593082787891e-02 -9.993915468027192439e-01 1.214013143037343499e-02
-3.513371785544203846e-02 -9.993135819979972467e-01 1.174698193568403035e-02
-3.747138036602605526e-02 -9.992334235360927908e-01 1.133427578350222793e-02
-3.970730786595381978e-02 -9.991518692127463463e-01 1.090306388211881305e-02
-4.183808384956971826e-02 -9.990697095862648425e-01 1.045442320077883021e-02
-4.386054477646696842e-02 -9.989877217657595621e-01 9.989454311833734224e-03
-4.577178336215981247e-02 -9.989066634447522075e-01 9.509278911888919758e-03
-4.756915129250092328e-02 -9.988272672227789251e-01 9.015037326959329453e-03
-4.925026137039335145e-02 -9.987502352543209394e-01 8.507886006634959170e-03
-5.081298910436998079e-02 -9.986762342608549448e-01 7.988995012241024637e-03
-5.225547374946882401e-02 -9.986058909380818305e-01 7.459545503953989368e-03
-5.357611881152643529e-02 -9.985397877864882199e-01 6.920727231804283883e-03
-5.477359202655521925e-02 -9.984784593893641924e-01 6.373736035459003427e-03
-5.584682482727483521e-02 -9.984223891582715282e-01 5.819771357632800603e-03
-5.679501130914754031e-02 -9.983720065617665007e-01 5.260033775922274245e-03
-5.761760670843733834e-02 -9.983276848489653910e-01 4.695722557798009435e-03
-5.831432540488937222e-02 -9.982897392753297128e-01 4.128033243418762280e-03
-5.888513846162615056e-02 -9.982584258338771388e-01 3.558155260853838875e-03
-5.933027071479829440e-02 -9.982339404909208458e-01 2.987269578212173749e-03
-5.965019742542682080e-02 -9.982164189214385308e-01 2.416546397079879713e-03
-5.984564050574846250e-02 -9.982059367352974499e-01 1.847142891561859897e-03
-5.991756433224157408e-02 -9.982025101818431390e-01 1.280200997107446090e-03
-5.986717115738324213e-02 -9.982060973168167539e-01 7.168452531748781146e-04
-5.969589613208223927e-02 -9.982165996122326357e-01 1.581807036548511358e-04
-5.940540195066060236e-02 -9.982338639867315289e-01 -3.947091411705795985e-04
-5.899757313022956778e-02 -9.982576852310557358e-01 -9.407642775105157272e-04
-5.847450993633306754e-02 -9.982878088006832407e-01 -1.478950112327883249e-03
-5.783852196682100905e-02 -9.983239339453221506e-01 -2.008259295691463154e-03
-5.709212140607101971e-02 -9.983657171429188848e-01 -2.527713478105094152e-03
-5.623801596190382973e-02 -9.984127758040837186e-01 -3.036364989888093967e-03
-5.527910149783625549e-02 -9.984646922113926681e-01 -3.533298439874263570e-03
-5.421845437368505438e-02 -9.985210176568899421e-01 -4.017632230896614476e-03
-5.305932350797294000e-02 -9.985812767402958423e-01 -4.488519989730550830e-03
-5.180512217608952696e-02 -9.986449717899180678e-01 -4.945151909378875214e-03
-5.045941955871922902e-02 -9.987115873680721956e-01 -5.386756001796976986e-03
-4.902593205565679291e-02 -9.987805948229325770e-01 -5.812599259375008341e-03
-4.750851438078051298e-02 -9.988514568491508872e-01 -6.221988723715038763e-03
-4.591115045463255162e-02 -9.989236320202924402e-01 -6.614272460464165095e-03
-4.423794411175410030e-02 -9.989965792571321446e-01 -6.988840439188552349e-03
-4.249310964062823909e-02 -9.990697621971156295e-01 -7.345125317497515349e-03
-4.068096217478314042e-02 -9.991426534318080810e-01 -7.682603128850157628e-03
-3.880590795428962708e-02 -9.992147385809093674e-01 -8.000793873698999401e-03
-3.687243447753808800e-02 -9.992855201733871207e-01 -8.299262013844592098e-03
-3.488510056378735930e-02 -9.993545213084550349e-01 -8.577616870091606116e-03
-3.284852634753124972e-02 -9.994212890714745390e-01 -8.835512923509548575e-03
-3.076738322621527452e-02 -9.994853976823659947e-01 -9.072650020809492830e-03
-2.864638378324710008e-02 -9.995464513567546838e-01 -9.288773484551302029e-03
-2.648934747554186273e-02 -9.996041015694343557e-01 -9.484705530354454323e-03
-2.430089128794727868e-02 -9.996580188597090633e-01 -9.660075615721248898e-03
-2.208569282384158575e-02 -9.997079082009192597e-01 -9.814555856948384630e-03
-1.984848034139505280e-02 -9.997535110846088591e-01 -9.947862066877217330e-03
-1.759402258211097483e-02 -9.997946072895859126e-01 -1.005975470010378112e-02
-1.532711841691207152e-02 -9.998310163211338031e-01 -1.015003970205520002e-02
-1.305258633609699889e-02 -9.998625985084510503e-01 -1.021856925853216642e-02
-1.077525381042995431e-02 -9.998892557513383572e-01 -1.026524244252263046e-02
-8.499946551435790670e-03 -9.999109319102033044e-01 -1.029000575530962178e-02
-6.231477699647609836e-03 -9.999276128365723881e-01 -1.029285355912567916e-02
-3.974636970088507061e-03 -9.999393260444729981e-01 -1.027382839884758738e-02
-1.734179784661280584e-03 -9.999461400262316113e-01 -1.023302121047744637e-02
4.851835786317962654e-04 -9.999481632194107128e-01 -1.017057141441913767e-02
2.678798789611890659e-03 -9.999455426347366727e-01 -1.008666689183264353e-02
4.842078192997605404e-03 -9.999384621579288090e-01 -9.981543842631676947e-03
6.970511428810832744e-03 -9.999271405412952785e-01 -9.855486523982385366e-03
9.059675916598713269e-03 -9.999118291037850659e-01 -9.708826868461686507e-03
1.110524717438354445e-02 -9.998928091608478841e-01 -9.541943981342537393e-03
1.310300894379573533e-02 -9.998703892079316979e-01 -9.355263516789419365e-03
1.504886309349460355e-02 -9.998449018837142210e-01 -9.149256933069784339e-03
1.693883927372748233e-02 -9.998167007411937757e-01 -8.924440627215368682e-03
1.876910429570848027e-02 -9.997861568565425960e-01 -8.681374949900353202e-03
2.053597121040285495e-02 -9.997536553071262322e-01 -8.420663101640465248e-03
2.223590806226994135e-02 -9.997195915513037434e-01 -8.142949911757336318e-03
2.386554629453533499e-02 -9.996843677435302000e-01 -7.848920501894911597e-03
2.542168878362054130e-02 -9.996483890188772037e-01 -7.539298836218411189e-03
2.690131748144499943e-02 -9.996120597813571429e-01 -7.214846160770311580e-03
2.830160064542137921e-02 -9.995757800303833873e-01 -6.876359334801055226e-03
2.961989963708155579e-02 -9.995399417593161528e-01 -6.524669057233620922e-03
3.085377527138991396e-02 -9.995049254593362242e-01 -6.160637991759653626e-03
3.200099369991621368e-02 -9.994710967608625429e-01 -5.785158794399508295e-03
3.305953181214706105e-02 -9.994388032433894065e-01 -5.399152047688151115e-03
3.402758214030957712e-02 -9.994083714429800036e-01 -5.003564105972328410e-03
3.490355725416097177e-02 -9.993801040847289929e-01 -4.599364856620606797e-03
3.568609363326292333e-02 -9.993542775653098120e-01 -4.187545402255688810e-03
3.637405500531091379e-02 -9.993311397082846881e-01 -3.769115669416690882e-03
3.696653514012827185e-02 -9.993109078121816813e-01 -3.345101949346678590e-03
3.746286008996631972e-02 -9.992937670084796054e-01 -2.916544376876596418e-03
3.786258986778064800e-02 -9.992798689435946624e-01 -2.484494353639633921e-03
3.816551955618494724e-02 -9.992693307957783988e-01 -2.050011922098956239e-03
3.837167984082456851e-02 -9.992622346345348960e-01 -1.614163097105477795e-03
3.848133696296963946e-02 -9.992586271267837050e-01 -1.178017161919881536e-03
3.849499208720936344e-02 -9.992585195905644424e-01 -7.426439358333361421e-04
3.841338008124291908e-02 -9.992618883936355001e-01 -3.091110207032860251e-04
3.823746770591589933e-02 -9.992686756908963908e-01 1.215189661167079944e-04
3.796845121485108165e-02 -9.992787904911939467e-01 5.481911648317853297e-04
3.760775336427552018e-02 -9.992921100407958779e-01 9.698612445028672018e-04
3.715701983495744987e-02 -9.993084815076602734e-01 1.385498164744592949e-03
3.661811506954111561e-02 -9.993277239476318075e-01 1.794086919906578504e-03
3.599311753000793840e-02 -9.993496305308868788e-01 2.194631257768001227e-03
3.528510878064947121e-02 -9.993739467827073009e-01 2.584677416279443710e-03
3.449689761734150983e-02 -9.994004139780626739e-01 2.963371641717382592e-03
3.363146016478432698e-02 -9.994287576625134895e-01 3.329899382950134157e-03
3.269193042412744249e-02 -9.994586907944696952e-01 3.683486863745916943e-03
3.168159053551487803e-02 -9.994899169363703484e-01 4.023402532717853045e-03
3.060386078103124671e-02 -9.995221334616531950e-01 4.348958388683207138e-03
2.946228935411123254e-02 -9.995550347450252726e-01 4.659511179561604162e-03
2.826054192202864454e-02 -9.995883153044972103e-01 4.954463473286376332e-03
2.700239100859683564e-02 -9.996216728648884553e-01 5.233264599553383127e-03
2.569170522468073106e-02 -9.996548113140290015e-01 5.495411461581556356e-03
2.433243837453239952e-02 -9.996874435246532187e-01 5.740449217407871119e-03
2.292861846630778189e-02 -9.997192940169808972e-01 5.967971830585316537e-03
2.148433665539291326e-02 -9.997501014391823038e-01 6.177622490494652507e-03
2.000373614935544234e-02 -9.997796208453042510e-01 6.369093902818175404e-03
1.849100110343402520e-02 -9.998076257527613864e-01 6.542128451055363551e-03
1.695034553547756020e-02 -9.998339099641445626e-01 6.696518230285089003e-03
1.538600228914287216e-02 -9.998582891408355211e-01 6.832104954696178317e-03
1.380221207394928366e-02 -9.998806021187160997e-01 6.948779740716492029e-03
1.220321261046841514e-02 -9.999007119590876957e-01 7.046482767869612258e-03
1.059322790849627320e-02 -9.999185067307471142e-01 7.125202819776872872e-03
8.976457705512084703e-03 -9.999339000219670259e-01 7.184976708000110832e-03
7.357067092075729106e-03 -9.999468311838771717e-01 7.225888581686578001e-03
5.739176350055843166e-03 -9.999572653094045416e-01 7.248069126231315544e-03
4.126851028717738214e-03 -9.999651929544923767e-01 7.251694654413482974e-03
2.524092282739468038e-03 -9.999706296107417902e-01 7.236986093691245674e-03
9.348274951722303130e-04 -9.999736149408966490e-01 7.204207873554459469e-03
-6.370987927748490275e-04 -9.999742117906958994e-01 7.153666717035327312e-03
-2.187933624457286640e-03 -9.999725049925322073e-01 7.085710340664117847e-03
-3.714024023635326133e-03 -9.999685999780680845e-01 7.000726067329884374e-03
-5.211825025377239164e-03 -9.999626212184564711e-01 6.899139356664676405e-03
-6.677907325354301080e-03 -9.999547105120828450e-01 6.781412257714017344e-03
-8.108964532275782233e-03 -9.999450251407850931e-01 6.648041788786373391e-03
-9.501820009659177335e-03 -9.999337359163068539e-01 6.499558249489999738e-03
-1.085343329459487714e-02 -9.999210251393018112e-01 6.336523470066988961e-03
-1.216090608263578968e-02 -9.999070844935292746e-01 6.159529003221636892e-03
-1.342148776941193972e-02 -9.998921128979675332e-01 5.969194263713546375e-03
-1.463258054102906623e-02 -9.998763143394266972e-01 5.766164621045285349e-03
-1.579174400675077694e-02 -9.998598957078761451e-01 5.551109450620170770e-03
-1.689669936887861282e-02 -9.998430646561197177e-01 5.324720148777917737e-03
-1.794533312612717549e-02 -9.998260275046665368e-01 5.087708117134806009e-03
-1.893570030813661667e-02 -9.998089872116747712e-01 4.840802721660749340e-03
-1.986602724006785933e-02 -9.997921414266944806e-01 4.584749231918530329e-03
-2.073471383748322350e-02 -9.997756806456308265e-01 4.320306745870652887e-03
-2.154033543292384334e-02 -9.997597864829008696e-01 4.048246105626979521e-03
-2.228164413675369840e-02 -9.997446300751847703e-01 3.769347809461871812e-03
-2.295756973594713021e-02 -9.997303706294964343e-01 3.484399925373112342e-03
-2.356722013555213185e-02 -9.997171541265392758e-01 3.194196011386730809e-03
-2.410988134856608539e-02 -9.997051121884841240e-01 2.899533047732276610e-03
