1.000000000000000000e+00 0.000000000000000000e+00 0.000000000000000000e+00
9.999999989019249247e-01 1.934393159414273737e-05 -4.268457894504385571e-05
9.999999895878255440e-01 6.686585490465619930e-05 -1.278802753317980802e-04
9.999999559350197798e-01 1.513603021529032167e-04 -2.553824463935399323e-04
9.999998700641390403e-01 2.815758308525397632e-04 -4.249554807226808189e-04
9.999996888652450400e-01 4.662086187079060541e-04 -6.363330295613326510e-04
9.999993498221040333e-01 7.138961009223801502e-04 -8.892182553463258941e-04
9.999987661576088538e-01 1.033210649356639324e-03 -1.183284095934010894e-03
9.999978213261602189e-01 1.432653291546261403e-03 -1.518173542794488441e-03
9.999963628815545791e-01 1.920647466013519593e-03 -1.893499931357557793e-03
9.999941957515761093e-01 2.505532808613486918e-03 -2.308847241616230651e-03
9.999910749530486198e-01 3.195558962865515870e-03 -2.763770407050446330e-03
9.999866977835736304e-01 3.998879405365473282e-03 -3.257795629925538342e-03
9.999806955285577281e-01 4.923545275480947607e-03 -3.790420701048632848e-03
9.999726247244261623e-01 5.977499196631520795e-03 -4.361115322132652627e-03
9.999619580211236425e-01 7.168569074580648584e-03 -4.969321429022740579e-03
9.999480746891274974e-01 8.504461856347119569e-03 -5.614453514184065269e-03
9.999302508182454918e-01 9.992757231615394947e-03 -6.295898947033043425e-03
9.999076492574401342e-01 1.164090125691875227e-02 -7.013018290915566146e-03
9.998793093468280047e-01 1.345619988142032417e-02 -7.765145615794851949e-03
9.998441364948370547e-01 1.544581235185831826e-02 -8.551588806006793150e-03
9.998008916552839631e-01 1.761674447318552217e-02 -9.371629862770212288e-03
9.997481807608500359e-01 1.997584170065213466e-02 -1.022452520150115771e-02
9.996844441710927009e-01 2.252978203858614983e-02 -1.110950594437142697e-02
9.996079461947338096e-01 2.528506872094719860e-02 -1.202577820896888992e-02
9.995167647475047268e-01 2.824802264889672565e-02 -1.297252339435722539e-02
9.994087812083046751e-01 3.142477456116637979e-02 -1.394889846629134358e-02
9.992816705378317899e-01 3.482125691394291622e-02 -1.495403624381765745e-02
9.991328917251656172e-01 3.844319544834374353e-02 -1.598704568997045064e-02
9.989596786290000363e-01 4.229610042535288106e-02 -1.704701220976162154e-02
9.987590312813348081e-01 4.638525751033896471e-02 -1.813299795914524726e-02
9.985277077224030684e-01 5.071571829199815473e-02 -1.924404216911455509e-02
9.982622164364222117e-01 5.529229042376504477e-02 -2.037916148955046247e-02
9.979588094583766722e-01 6.011952737941827357e-02 -2.153735035788085020e-02
9.976134762224371233e-01 6.520171781877491524e-02 -2.271758139802112705e-02
9.972219382227606177e-01 7.054287456401325818e-02 -2.391880585544153143e-02
9.967796445572563169e-01 7.614672319227587527e-02 -2.513995407453769107e-02
9.962817684244007488e-01 8.201669025576668881e-02 -2.637993602475979804e-02
9.957232046422997973e-01 8.815589114654188985e-02 -2.763764188217460865e-02
9.950985682578734615e-01 9.456711762957392686e-02 -2.891194267328523262e-02
9.944021943122383078e-01 1.012528250743998381e-01 -3.020169098800815424e-02
9.936281388260271852e-01 1.082151194227030377e-01 -3.150572176869757823e-02
9.927701810654774306e-01 1.154557439364642252e-01 -3.282285318200631880e-02
9.918218271465775171e-01 1.229760657787879879e-01 -3.415188758017319304e-02
9.907763150303621202e-01 1.307770624870935039e-01 -3.549161255802274484e-02
9.896266209575291795e-01 1.388593084059675797e-01 -3.684080211154849849e-02
9.883654673649038269e-01 1.472229611545264882e-01 -3.819821790342119161e-02
9.869853323198551909e-01 1.558677482105206291e-01 -3.956261064011502154e-02
9.854784605015705079e-01 1.647929537005375367e-01 -4.093272156457555128e-02
9.838368757501037010e-01 1.739974054924018354e-01 -4.230728406746216141e-02
9.820523951953382680e-01 1.834794626921186222e-01 -4.368502541898629243e-02
9.801166449684688420e-01 1.932370036533375690e-01 -4.506466862223765940e-02
9.780210774883286717e-01 2.032674146122069592e-01 -4.644493438764842053e-02
9.757569903039378101e-01 2.135675790645141792e-01 -4.782454322689743548e-02
9.733155464630688369e-01 2.241338680050526388e-01 -4.920221766311226597e-02
9.706877963645151874e-01 2.349621311510964872e-01 -5.057668455269705154e-02
9.678647010391970840e-01 2.460476892725925457e-01 -5.194667751251393767e-02
9.648371567923710312e-01 2.573853277510945725e-01 -5.331093944449050159e-02
9.615960211261499468e-01 2.689692914874791119e-01 -5.466822514803408584e-02
9.581321398484503593e-01 2.807932812750212892e-01 -5.601730400892702272e-02
9.544363752615130370e-01 2.928504517494186499e-01 -5.735696275167661423e-02
9.504996353104816498e-01 3.051334110207972738e-01 -5.868600824062508020e-02
9.463129035603498052e-01 3.176342220846062325e-01 -6.000327031351290752e-02
9.418672698580954350e-01 3.303444060986159836e-01 -6.130760462966072105e-02
9.371539615262114431e-01 3.432549476020301804e-01 -6.259789551351721548e-02
9.321643749243100352e-01 3.563563017400634414e-01 -6.387305877304096102e-02
9.268901072072156522e-01 3.696384035433317727e-01 -6.513204447126877406e-02
9.213229881011573141e-01 3.830906792961787377e-01 -6.637383962849839614e-02
9.154551115144945461e-01 3.967020600117704410e-01 -6.759747083180288330e-02
9.092788667960167714e-01 4.104609970146300135e-01 -6.880200672811964679e-02
9.027869694523785737e-01 4.243554796134492157e-01 -6.998656037693826160e-02
8.959724911367800138e-01 4.383730548287532169e-01 -7.115029143866319350e-02
8.888288887236448499e-01 4.525008491215489759e-01 -7.229240817506295269e-02
8.813500322888427885e-01 4.667255920507338840e-01 -7.341216923884320844e-02
8.735302318219453355e-01 4.810336417690498911e-01 -7.450888523030156640e-02
8.653642625060725679e-01 4.954110122500264279e-01 -7.558192000023418455e-02
8.568473884120133555e-01 5.098434021219440115e-01 -7.663069167976245544e-02
8.479753844663741047e-01 5.243162249696412536e-01 -7.765467341952030089e-02
8.387445565683858684e-01 5.388146409512480917e-01 -7.865339382267219626e-02
8.291517597464963529e-01 5.533235895648946912e-01 -7.962643705849759002e-02
8.191944142637707094e-01 5.678278233903418792e-01 -8.057344264575368176e-02
8.088705196001804154e-01 5.823119426224884210e-01 -8.149410489768527110e-02
7.981786662597962767e-01 5.967604302079942968e-01 -8.238817202335543821e-02
7.871180453714242686e-01 6.111576873929209786e-01 -8.325544488288760814e-02
7.756884560720261890e-01 6.254880694884173975e-01 -8.409577539720138051e-02
7.638903106830254863e-01 6.397359216630884582e-01 -8.490906461585184806e-02
7.517246377099947585e-01 6.538856145747710125e-01 -8.569526044960629196e-02
7.391930827159352013e-01 6.679215796609343503e-01 -8.645435507737397884e-02
7.262979071370849748e-01 6.818283439157283299e-01 -8.718638204000743464e-02
7.130419851276377230e-01 6.955905639926652784e-01 -8.789141303628054958e-02
6.994287985356520965e-01 7.091930594848587788e-01 -8.856955443898890945e-02
6.854624301265436204e-01 7.226208452494362611e-01 -8.922094355157994539e-02
6.711475551826660002e-01 7.358591626589329193e-01 -8.984574462798058936e-02
6.564894316174404443e-01 7.488935096798920998e-01 -9.044414468032578591e-02
6.414938887501432374e-01 7.617096696972407432e-01 -9.101634910108707954e-02
6.261673148927261456e-01 7.742937390219675198e-01 -9.156257712764277745e-02
6.105166439028727465e-01 7.866321530388855621e-01 -9.208305717861471618e-02
5.945493408578772510e-01 7.987117109704948703e-01 -9.257802209231685842e-02
5.782733870019115541e-01 8.105195992518493542e-01 -9.304770429842096346e-02
5.616972641148912926e-01 8.220434135295775491e-01 -9.349233095444944852e-02
5.448299384445796090e-01 8.332711793155107571e-01 -9.391211907896496180e-02
5.276808443349251254e-01 8.441913713414657128e-01 -9.430727071335287537e-02
5.102723987701917041e-01 8.547877712554114993e-01 -9.465701990337863081e-02
4.926184189554753678e-01 8.650486102102622477e-01 -9.496315887147921408e-02
4.747329420848120929e-01 8.749630660545190119e-01 -9.522748034091721436e-02
4.566301742046681156e-01 8.845212547115446355e-01 -9.545176921519357705e-02
4.383244411500691329e-01 8.937142176406587257e-01 -9.563779460139516797e-02
4.198301418475716140e-01 9.025339057387710140e-01 -9.578730221749440221e-02
4.011617042316484860e-01 9.109731600570654120e-01 -9.590200721772690340e-02
3.823335439735474073e-01 9.190256897169886141e-01 -9.598358746430155075e-02
3.633600261750225546e-01 9.266860474137994519e-01 -9.603367726794007075e-02
3.442554301342007350e-01 9.339496028945786232e-01 -9.605386161418413837e-02
3.250339172477842431e-01 9.408125147913493080e-01 -9.604567088711862821e-02
3.057095020732939483e-01 9.472717011793031494e-01 -9.601057609719934605e-02
2.862960265374974167e-01 9.533248092156096920e-01 -9.594998461528869704e-02
2.668071372428389432e-01 9.589701841964447526e-01 -9.586523641082790592e-02
2.472562657927945273e-01 9.642068383492654604e-01 -9.575760078833223110e-02
2.276566120297411899e-01 9.690344196545148669e-01 -9.562827361309769736e-02
2.080211300552032017e-01 9.734531809663841129e-01 -9.547837501415658290e-02
1.883625168822041229e-01 9.774639496764797597e-01 -9.530894755010697883e-02
1.686932035528416196e-01 9.810680981376975751e-01 -9.512095482145489778e-02
1.490253485409921697e-01 9.842675150387019123e-01 -9.491528051152466061e-02
1.293708332500862479e-01 9.870645778925285496e-01 -9.469272783678903127e-02
1.097412594089852145e-01 9.894621267762967465e-01 -9.445401938661378283e-02
9.014794816492593954e-02 9.914634394331136580e-01 -9.419979733187053283e-02
7.060194067105469984e-02 9.930722078222278260e-01 -9.393062398161031168e-02
5.111399996701292137e-02 9.942925161795327371e-01 -9.364698266697413231e-02
3.169461395412712795e-02 9.951288206278011694e-01 -9.334927893170887059e-02
1.235399927175874144e-02 9.955859303546695793e-01 -9.303784200902232016e-02
-6.897894111943036338e-03 9.956689903564788224e-01 -9.271292656501596563e-02
-2.605137777349121608e-02 9.953834657276884323e-01 -9.237471468954562559e-02
-4.509701934091515929e-02 9.947351274587384884e-01 -9.202331811604830270e-02
-6.402563679275852238e-02 9.937300396899746424e-01 -9.165878065261055807e-02
-8.282829269662558835e-02 9.923745483555611591e-01 -9.128108080731452134e-02
-1.014962885226415590e-01 9.906752711391817456e-01 -9.089013459165946884e-02
-1.200211591546045814e-01 9.886390886527401944e-01 -9.048579848660108504e-02
-1.383946677086135557e-01 9.862731367401855742e-01 -9.006787255645984369e-02
-1.566088007556852846e-01 9.835847998009666915e-01 -8.963610369661158261e-02
-1.746557640314454485e-01 9.805817050214139519e-01 -8.919018900147597517e-02
-1.925279787024980760e-01 9.772717173975165039e-01 -8.872977923985499171e-02
-2.102180782456460340e-01 9.736629354290476934e-01 -8.825448242513808661e-02
-2.277189059828409468e-01 9.697636873627496490e-01 -8.776386746828071517e-02
-2.450235133016687161e-01 9.655825278612645279e-01 -8.725746790177836554e-02
-2.621251585784057370e-01 9.611282349746422815e-01 -8.673478566310063864e-02
-2.790173068082822394e-01 9.564098072925122374e-01 -8.619529492622307609e-02
-2.956936299356363596e-01 9.514364611573274955e-01 -8.563844597000401515e-02
-3.121480078651987511e-01 9.462176278224202486e-01 -8.506366907220716533e-02
-3.283745301248806037e-01 9.407629504428915990e-01 -8.447037841797531976e-02
-3.443674981402075064e-01 9.350822807925430746e-01 -8.385797601152746028e-02
-3.601214280710092197e-01 9.291856756060804523e-01 -8.322585557979005066e-02
-3.756310541521979407e-01 9.230833924526220535e-01 -8.257340645659462519e-02
-3.908913324725011851e-01 9.167858850540586690e-01 -8.190001743598980533e-02
-4.059010763934671195e-01 9.103005627239996178e-01 -8.122319467190934617e-02
-4.206595221566283849e-01 9.036361637875989228e-01 -8.054350099795382079e-02
-4.351662175483897443e-01 8.968012684203218177e-01 -7.986146552696843370e-02
-4.494210045592669789e-01 8.898042909001023792e-01 -7.917758610433049682e-02
-4.634240026493159359e-01 8.826534728849674272e-01 -7.849233166273693330e-02
-4.771755926292630123e-01 8.753568776279394559e-01 -7.780614447538278244e-02
-4.906764011610429410e-01 8.679223850461621481e-01 -7.711944230535744405e-02
-5.039272858764122232e-01 8.603576875663901946e-01 -7.643262044992074622e-02
-5.169293211079786232e-01 8.526702866741893150e-01 -7.574605367906241116e-02
-5.296837842233174110e-01 8.448674900993400350e-01 -7.506009806840249765e-02
-5.421921425497781000e-01 8.369564095749902899e-01 -7.437509272706449570e-02
-5.544560408750642821e-01 8.289439591130089990e-01 -7.369136142165234882e-02
-5.664772895066475522e-01 8.208368537427331857e-01 -7.300921409789490335e-02
-5.782578528714958921e-01 8.126416086648425852e-01 -7.232894830189209867e-02
-5.897998386364183832e-01 8.043645387764256638e-01 -7.165085050321171045e-02
-6.011054873284991107e-01 7.960117585274011365e-01 -7.097519732235016421e-02
-6.121771624345742069e-01 7.875891820723226466e-01 -7.030225666528985839e-02
-6.230173409584569555e-01 7.791025236852182623e-01 -6.963228876806386303e-02
-6.336286044146016705e-01 7.705572984084945176e-01 -6.896554715438105165e-02
-6.440136302370776944e-01 7.619588229100726640e-01 -6.830227950947455329e-02
-6.541751835830769135e-01 7.533122165258232528e-01 -6.764272847341763761e-02
-6.641161095106696832e-01 7.446224024670325958e-01 -6.698713235720696324e-02
-6.738393255111247981e-01 7.358941091750743624e-01 -6.633572578494692507e-02
-6.833478143768066948e-01 7.271318718076853482e-01 -6.568874026548254808e-02
-6.926446173864247990e-01 7.183400338432600618e-01 -6.504640469682559933e-02
-7.017328277902253886e-01 7.095227487913993158e-01 -6.440894580670035452e-02
-7.106155845785667724e-01 7.006839819995834828e-01 -6.377658853250456339e-02
-7.192960665181877822e-01 6.918275125472966858e-01 -6.314955634393905337e-02
-7.277774864413584233e-01 6.829569352202274901e-01 -6.252807151150745202e-02
-7.360630857739757227e-01 6.740756625583120831e-01 -6.191235532402765418e-02
-7.441561292895322310e-01 6.651869269723894584e-01 -6.130262825822950512e-02
-7.520599000767267395e-01 6.562937829251098698e-01 -6.069911010344024999e-02
-7.597776947093046740e-01 6.473991091724918823e-01 -6.010202004428143868e-02
-7.673128186075014456e-01 6.385056110631678328e-01 -5.951157670421896445e-02
-7.746685815812121012e-01 6.296158228929035205e-01 -5.892799815272269787e-02
-7.818482935457232719e-01 6.207321103124373574e-01 -5.835150187870426219e-02
-7.888552604015138803e-01 6.118566727870599076e-01 -5.778230473281157492e-02
-7.956927800702606746e-01 6.029915461066653881e-01 -5.722062284106736035e-02
-8.023641386797717434e-01 5.941386049452490603e-01 -5.666667149224646066e-02
-8.088726068911126221e-01 5.852995654690160698e-01 -5.612066500129379160e-02
-8.152214363616939741e-01 5.764759879924099550e-01 -5.558281655099162055e-02
-8.214138563385456893e-01 5.676692796814692965e-01 -5.505333801399187044e-02
-8.274530703764250150e-01 5.588806973039895931e-01 -5.453243975723665732e-02
-8.333422531757850305e-01 5.501113500260038647e-01 -5.402033043069857932e-02
-8.390845475359760552e-01 5.413622022541089152e-01 -5.351721674228156894e-02
-8.446830614193604481e-01 5.326340765231598606e-01 -5.302330322063378981e-02
-8.501408651223014701e-01 5.239276564288330995e-01 -5.253879196753609426e-02
-8.554609885492342469e-01 5.152434896045265944e-01 -5.206388240144348839e-02
-8.606464185862481298e-01 5.065819907420260337e-01 -5.159877099367267406e-02
-8.657000965708077089e-01 4.979434446553194782e-01 -5.114365099864659481e-02
-8.706188469017486220e-01 4.893426839672030404e-01 -5.066128066990700091e-02
-8.754020687464633133e-01 4.807868958973859908e-01 -5.015160052086322512e-02
-8.800493538135015781e-01 4.722833172495865539e-01 -4.961458798648712976e-02
-8.845604858965760986e-01 4.638392212972358153e-01 -4.905025780054424883e-02
-8.889354395899752292e-01 4.554619045284499235e-01 -4.845866227207779042e-02
-8.931743781748902045e-01 4.471586733052053120e-01 -4.783989146055132868e-02
-8.972776506814142961e-01 4.389368304915796659e-01 -4.719407324967776762e-02
-9.012457881362202494e-01 4.308036621053861204e-01 -4.652137332057781210e-02
-9.050794990111116212e-01 4.227664240465395240e-01 -4.582199502551508735e-02
-9.087796638927281290e-01 4.148323289540625236e-01 -4.509617916404009413e-02
-9.123473293986239518e-01 4.070085332417860968e-01 -4.434420366393557883e-02
-9.157837013696731310e-01 3.993021243605484605e-01 -4.356638316988557802e-02
-9.190901373732627277e-01 3.917201083320756561e-01 -4.276306854328433549e-02
-9.222681385559630129e-01 3.842693975967710340e-01 -4.193464627705406622e-02
-9.253193408882813831e-01 3.769567992143885160e-01 -4.108153782974834078e-02
-9.282455058476918319e-01 3.697890034530529890e-01 -4.020419888357674304e-02
-9.310485105893478996e-01 3.627725727983682202e-01 -3.930311853129335453e-02
-9.337303376567221980e-01 3.559139314104619034e-01 -3.837881839714436805e-02
-9.362930642868512177e-01 3.492193550528045476e-01 -3.743185169726717665e-02
-9.387388513668889489e-01 3.426949615125559623e-01 -3.646280224507336687e-02
-9.410699321002846673e-01 3.363467015280817152e-01 -3.547228340723174861e-02
-9.432886004420929504e-01 3.301803502351955411e-01 -3.446093701589468539e-02
-9.453971993637093618e-01 3.242014991396617862e-01 -3.342943224278348280e-02
-9.473981090076999401e-01 3.184155486195836549e-01 -3.237846444066790758e-02
-9.492937347933824155e-01 3.128277009575448631e-01 -3.130875395764390334e-02
-9.510864955334239479e-01 3.074429538988067145e-01 -3.022104492943523957e-02
-9.527788116209726654e-01 3.022660947285211730e-01 -2.911610405472259827e-02
-9.543730933457529320e-01 2.973016948578370844e-01 -2.799471935824193736e-02
-9.558717293961535022e-01 2.925541049059761090e-01 -2.685769894609676620e-02
-9.572770756026491856e-01 2.880274502628617506e-01 -2.570586975740136310e-02
-9.585914439759385397e-01 2.837256271147182152e-01 -2.454007631601864622e-02
-9.598170920909916415e-01 2.796522989132275150e-01 -2.336117948578259745e-02
-9.609562128657958002e-01 2.758108932673546954e-01 -2.217005523220596380e-02
-9.620109247809992548e-01 2.722045992358288480e-01 -2.096759339327471799e-02
-9.629832625839034321e-01 2.688363649974981340e-01 -1.975469646152660380e-02
-9.638751685173710948e-01 2.657088958763635378e-01 -1.853227837920709553e-02
-9.646884841112203235e-01 2.628246526980246855e-01 -1.730126334789728812e-02
-9.654249425705863086e-01 2.601858504545366269e-01 -1.606258465361929538e-02
-9.660861617925756706e-01 2.577944572552595681e-01 -1.481718350805018812e-02
-9.666736380393232686e-01 2.556521935421715019e-01 -1.356600790611961309e-02
-9.671887402923158294e-01 2.537605315492793001e-01 -1.231001149993288767e-02
-9.676327053095690189e-01 2.521206949871916958e-01 -1.105015248865410908e-02
-9.680066334039647558e-01 2.507336589355745327e-01 -9.787392523705869263e-03
-9.683114849577665328e-01 2.496001499280721125e-01 -8.522695628396333503e-03
-9.685480776850537987e-01 2.487206462163168430e-01 -7.257027130873058146e-03
-9.687170846505515076e-01 2.480953782018320841e-01 -5.991352609128051954e-03
-9.688190330500847658e-01 2.477243290269294795e-01 -4.726636846641653691e-03
-9.688543037546700765e-01 2.476072353180775731e-01 -3.463842797155023811e-03
-9.688231316170575758e-01 2.477435880776424071e-01 -2.203930557003002527e-03
-9.687256065363778479e-01 2.481326337223385969e-01 -9.478563434210699693e-04
-9.685663481728482571e-01 2.487552283223019023e-01 2.620855018881133262e-04
-9.683474981364348366e-01 2.496018728370464901e-01 1.425152662333955753e-03
-9.680711039025436948e-01 2.506628932261864562e-01 2.540647917225727706e-03
-9.677391382756918015e-01 2.519284547703840027e-01 3.607919491875045265e-03
-9.673535182978336699e-01 2.533885762771229122e-01 4.626361352518837747e-03
-9.669161235098090446e-01 2.550331441782952013e-01 5.595413442272372841e-03
-9.664288134799964292e-01 2.568519265216858138e-01 6.514561854228402733e-03
-9.658934445201509122e-01 2.588345868534802641e-01 7.383338937821211888e-03
-9.653118855145614852e-01 2.609706979839863106e-01 8.201323334671856147e-03
-9.646860327950529390e-01 2.632497556239371539e-01 8.968139940320462092e-03
-9.640178240009519284e-01 2.656611918741137446e-01 9.683459788529195228e-03
-9.633092508699070411e-01 2.681943885466571698e-01 1.034699985520028814e-02
-9.625623709123608540e-01 2.708386902924108663e-01 1.095852277939120961e-02
-9.617793179294745753e-01 2.735834175049973727e-01 1.151783649941662442e-02
-9.609623113413646722e-01 2.764178789691515981e-01 1.202479380259630776e-02
-9.601136642995734549e-01 2.793313842181454620e-01 1.247929178783114927e-02
-9.592357905647176386e-01 2.823132555629916940e-01 1.288127124085665896e-02
-9.583312101371844749e-01 2.853528397545309070e-01 1.323071592272550071e-02
-9.574025536355287302e-01 2.884395192385136863e-01 1.352765177279785166e-02
-9.564525654238071883e-01 2.915627229633952489e-01 1.377214602826085793e-02
-9.554841054954251733e-01 2.947119367007720592e-01 1.396430626294649022e-02
-9.545001501271096478e-01 2.978767128392030838e-01 1.410427934896098072e-02
-9.535037913223204376e-01 3.010466796135574108e-01 1.419225034536952118e-02
-9.524982350687200006e-01 3.042115497340004415e-01 1.422844131888823319e-02
-9.514867984392076927e-01 3.073611283812414108e-01 1.421311010221315736e-02
-9.504729055704485008e-01 3.104853205376871261e-01 1.414654899625575855e-02
-9.494600825567615088e-01 3.135741376276386383e-01 1.402908342314908643e-02
-9.484519513006590685e-01 3.166177034435911919e-01 1.386107053743238296e-02
-9.474522223642228846e-01 3.196062593400033069e-01 1.364289780330925177e-02
-9.464646868678640024e-01 3.225301686805436274e-01 1.337498154630117377e-02
-9.454932074848312329e-01 3.253799205297505104e-01 1.305776548798079188e-02
-9.445417085811163016e-01 3.281461325852010336e-01 1.269171927276528493e-02
-9.436141655511609549e-01 3.308195533516320452e-01 1.227733699597778269e-02
-9.427145934000203953e-01 3.333910635639343867e-01 1.181513574254315982e-02
-9.418470346224032674e-01 3.358516768715064105e-01 1.130565414577355474e-02
-9.410155464283217475e-01 3.381925398020577678e-01 1.074945097571934453e-02
-9.402241873639790581e-01 3.404049310285550134e-01 1.014710376651410846e-02
-9.394770033750409199e-01 3.424802599685600746e-01 9.499207492029251507e-03
-9.387780133576262287e-01 3.444100647506913027e-01 8.806373298977534722e-03
-9.381311942402597026e-01 3.461860095883065314e-01 8.069227306367401931e-03
-9.375404656377117618e-01 3.477998816057376597e-01 7.288409479914468442e-03
-9.370096741151634490e-01 3.492435871674738346e-01 6.464572589665776303e-03
-9.365425770985350562e-01 3.505091477655766785e-01 5.598381258689452168e-03
-9.361428264641695751e-01 3.515886955252974233e-01 4.690511110230095523e-03
-9.358139518384284150e-01 3.524744683933421774e-01 3.741648020231444754e-03
-9.355593436351947734e-01 3.531588050774870369e-01 2.752487481585117347e-03
-9.353822358568624207e-01 3.536341398102708089e-01 1.723734085879814531e-03
-9.352856886821671045e-01 3.538929970132874692e-01 6.561011278012286643e-04
-9.352725708622617873e-01 3.539279859421550767e-01 -4.496896633295051175e-04
-9.353455419448081232e-01 3.537317953955521066e-01 -1.592908261090502167e-03
-9.354944805139644437e-01 3.533310464205723367e-01 -2.692923307166483066e-03
-9.357160941458927406e-01 3.527340893764479013e-01 -3.749216943012200105e-03
-9.360069430472010010e-01 3.519493372607812587e-01 -4.761287237441270970e-03
-9.363634586229876433e-01 3.509852692575519129e-01 -5.728648598518249965e-03
-9.367819615723371740e-01 3.498504340513000632e-01 -6.650832283862162693e-03
-9.372586794843903446e-01 3.485534528417690292e-01 -7.527387002291542790e-03
-9.377897639068720759e-01 3.471030219987010224e-01 -8.357879599311548655e-03
-9.383713068576858829e-01 3.455079153020017557e-01 -9.141895818575785856e-03
-9.389993567489353099e-01 3.437769857180995037e-01 -9.879041131149450539e-03
-9.396699336915628198e-01 3.419191666689956333e-01 -1.056894162415678712e-02
-9.403790441477637430e-01 3.399434727562148928e-01 -1.121124494021509890e-02
-9.411226948974813489e-01 3.378589999075834460e-01 -1.180562125893992557e-02
-9.418969062846682672e-01 3.356749249204648011e-01 -1.235176431175171244e-02
-9.426977247086459899e-01 3.334005043807330981e-01 -1.284939242122325014e-02
-9.435212343258481127e-01 3.310450729423315419e-01 -1.329824955627885788e-02
-9.443635679275210748e-01 3.286180409577106332e-01 -1.369810639469003048e-02
-9.452209169596056393e-01 3.261288914547352258e-01 -1.404876138450679088e-02
-9.460895406520516415e-01 3.235871764607527457e-01 -1.435004179631753189e-02
-9.469657742262426181e-01 3.210025126793894512e-01 -1.460180475854053889e-02
-9.478460361510300247e-01 3.183845765302535935e-01 -1.480393826831474281e-02
-9.487268344201048587e-01 3.157430985660340528e-01 -1.495636217097230831e-02
-9.496047718260614001e-01 3.130878572854609021e-01 -1.505902910153735647e-02
-9.504765502095219309e-01 3.104286723642035728e-01 -1.511192538219901030e-02
-9.513389736650851303e-01 3.077753973289976130e-01 -1.511507187024787625e-02
-9.521889506896027422e-01 3.051379117030817434e-01 -1.506852475153752126e-02
-9.530234952623670708e-01 3.025261126533762002e-01 -1.497237627513032729e-02
-9.538397268511694671e-01 2.999499061717175730e-01 -1.482675542540384805e-02
-9.546348693428358123e-01 2.974191978238763245e-01 -1.463182852852258110e-02
-9.554062489017302040e-01 2.949438831010108841e-01 -1.438779979081384296e-02
-9.561512907647946591e-01 2.925338374086552395e-01 -1.409491176721778052e-02
-9.568675149869333429e-01 2.901989057283000939e-01 -1.375344575860322320e-02
-9.575525311559039965e-01 2.879488919861203922e-01 -1.336372213734548023e-02
-9.582040321013157724e-01 2.857935481624416241e-01 -1.292610060114221873e-02
-9.588197866278008741e-01 2.837425631741457566e-01 -1.244098035559194210e-02
-9.593976313078985685e-01 2.818055515604250272e-01 -1.190880022656966644e-02
-9.599354613756169163e-01 2.799920420001306143e-01 -1.133003870389969261e-02
-9.604312207669893908e-01 2.783114656864766889e-01 -1.070521391824006546e-02
-9.608828913591838106e-01 2.767731445820919012e-01 -1.003488355345200610e-02
-9.612884814648171572e-01 2.753862795744100311e-01 -9.319644697025822669e-03
-9.616460136430556860e-01 2.741599385482164086e-01 -8.560133631368470677e-03
-9.619535118938079554e-01 2.731030443888712300e-01 -7.757025568924202745e-03
-9.622089883058235760e-01 2.722243629263793041e-01 -6.911034334196208828e-03
-9.624104292337792854e-01 2.715324908271289361e-01 -6.022911995762724596e-03
-9.625557810834397543e-01 2.710358434368462244e-01 -5.093448451335322834e-03
-9.626429357877169801e-01 2.707426425751715549e-01 -4.123470968790727935e-03
-9.626697160599037018e-01 2.706609042793257092e-01 -3.113843685922186057e-03
-9.626338605135073001e-01 2.707984264916598049e-01 -2.065467071404806631e-03
-9.625330087409619262e-01 2.711627766835398301e-01 -9.792773491550681077e-04
-9.623646864460292383e-01 2.717612794060611514e-01 1.437541121075034626e-04
-9.621262907269099163e-01 2.726010037565808064e-01 1.302621442713017622e-03
-9.618202733459532139e-01 2.736708552079212264e-01 2.455235922090291331e-03
-9.614462869574503801e-01 2.749692262151141042e-01 3.600741355684204063e-03
-9.610038807228817870e-01 2.764942915634127085e-01 4.738290081060934043e-03
-9.604925048536774312e-01 2.782440104622770916e-01 5.867043921334198775e-03
-9.599115156893328615e-01 2.802161288472893030e-01 6.986175136930409570e-03
-9.592601812862723287e-01 2.824081818999107374e-01 8.094867375653392455e-03
-9.585376874905433553e-01 2.848174967957635140e-01 9.192316620798578197e-03
-9.577431444652063641e-01 2.874411956926871126e-01 1.027773213684151504e-02
-9.568755936411553753e-01 2.902761989701763690e-01 1.135033741198921559e-02
-9.559340150580911688e-01 2.933192287319417724e-01 1.240937109663828655e-02
-9.549173350604676092e-01 2.965668125832346957e-01 1.345408793653434486e-02
-9.538244343114657964e-01 3.000152876942518421e-01 1.448375969917621749e-02
-9.526541560864263403e-01 3.036608051603656433e-01 1.549767609175929650e-02
-9.514053148057044496e-01 3.074993346691288210e-01 1.649514566870864674e-02
-9.500767047656175635e-01 3.115266694829693650e-01 1.747549672661751624e-02
-9.486671090250430316e-01 3.157384317452394673e-01 1.843807818418408476e-02
-9.471753084043094129e-01 3.201300781158137876e-01 1.938226044453204844e-02
-9.456000905523207489e-01 3.246969057407634862e-01 2.030743623711205384e-02
-9.439402590373705548e-01 3.294340585587782200e-01 2.121302143621414324e-02
-9.421946424168529122e-01 3.343365339449841378e-01 2.209845585297892656e-02
-9.403621032410700575e-01 3.393991896906349837e-01 2.296320399767995055e-02
-9.384415469465816617e-01 3.446167513148565842e-01 2.380675580896359639e-02
-9.364319305950394856e-01 3.499838197022245301e-01 2.462862734667810999e-02
-9.343322714142160423e-01 3.554948790574819495e-01 2.542836144490133801e-02
-9.321416550989608529e-01 3.611443051661802350e-01 2.620552832178879230e-02
-9.298592438311101827e-01 3.669263739474830643e-01 2.695972614291053740e-02
-9.274842839789251281e-01 3.728352702828406362e-01 2.769058153482749016e-02
-9.250161134384436989e-01 3.788650971017461511e-01 2.839775004577491102e-02
-9.224541685811842306e-01 3.850098847033592286e-01 2.908091655047285659e-02
-9.197979907749318507e-01 3.912636002904520960e-01 2.973979559626897459e-02
-9.170472324468535996e-01 3.976201576899288659e-01 3.037413168803709818e-02
-9.142016626609115182e-01 4.040734272321162557e-01 3.098369950950386614e-02
-9.112611721844524615e-01 4.106172457591488745e-01 3.156830407895264839e-02
-9.082257780219332721e-01 4.172454267310967135e-01 3.212778083755726821e-02
-9.050956273969607002e-01 4.239517703970311358e-01 3.266199566892408895e-02
-9.018710011671685622e-01 4.307300739970111869e-01 3.317084484876703376e-02
-8.985523166598855527e-01 4.375741419600160387e-01 3.365425492400265367e-02
-8.951401299200472117e-01 4.444777960621597024e-01 3.411218252092755587e-02
-8.916351373653352841e-01 4.514348855091124268e-01 3.454461408252473831e-02
-8.880381768470680948e-01 4.584392969065252399e-01 3.495156553533480120e-02
-8.843502281188754255e-01 4.654849640824108015e-01 3.533308188671828443e-02
-8.805724127186551620e-01 4.725658777258759380e-01 3.568923675372318721e-02
-8.767059932726799509e-01 4.796760948073230946e-01 3.602013182515230449e-02
-8.727523722339928236e-01 4.868097477462322575e-01 3.632589625879552309e-02
-8.687130900703528003e-01 4.939610532938916720e-01 3.660668601614811002e-02
-8.645898229199603380e-01 5.011243210999483111e-01 3.686268313727459472e-02
-8.603843797359693735e-01 5.082939619333848302e-01 3.709409495879545382e-02
-8.560986989433642114e-01 5.154644955304751308e-01 3.730115327826782901e-02
-8.517348446341288515e-01 5.226305580444087218e-01 3.748411346849918335e-02
-8.472950023287417753e-01 5.297869090735786157e-01 3.764325354557226944e-02
-8.427918478724466533e-01 5.369146709518067828e-01 3.774310287420882398e-02
-8.382320768996268656e-01 5.440030513504929832e-01 3.778451954397663015e-02
-8.336226150545030800e-01 5.510416390826817779e-01 3.776840220256136305e-02
-8.289706019719195185e-01 5.580204125742210808e-01 3.769568611647879097e-02
-8.242833743459829776e-01 5.649297463705529321e-01 3.756733917131021422e-02
-8.195684482560028350e-01 5.717604156776241453e-01 3.738435783253109268e-02
-8.148335009163256704e-01 5.785035989489885067e-01 3.714776308781368719e-02
-8.100863520121981409e-01 5.851508785441891236e-01 3.685859639129259596e-02
-8.053349447778600512e-01 5.916942394958062401e-01 3.651791562970380101e-02
-8.005873269658022595e-01 5.981260664339833610e-01 3.612679112956012489e-02
-7.958516318476814844e-01 6.044391387277044947e-01 3.568630172362896591e-02
-7.911360593779200867e-01 6.106266239114780392e-01 3.519753089395229878e-02
-7.864488576407034914e-01 6.166820694743352371e-01 3.466156300751603581e-02
-7.817983046900843780e-01 6.225993930951163602e-01 3.407947965945783142e-02
-7.771926908813698853e-01 6.283728714138809845e-01 3.345235613742121583e-02
-7.726403017800755890e-01 6.339971274339267771e-01 3.278125801934111960e-02
-7.681494017226132565e-01 6.394671166523654415e-01 3.206723791560223136e-02
-7.637282180906933560e-01 6.447781120195044124e-01 3.131133236516671359e-02
-7.593849263492916668e-01 6.499256878284799255e-01 3.051455889393995397e-02
-7.551276358860680160e-01 6.549057026367420820e-01 2.967791324234939770e-02
-7.509643766784462882e-01 6.597142813201781752e-01 2.880236676786676261e-02
-7.469030868032524584e-01 6.643477963589695667e-01 2.788886402702197773e-02
-7.429516007929369836e-01 6.688028484517924976e-01 2.693832054034923928e-02
-7.391176388320510604e-01 6.730762465518039805e-01 2.595162074268166780e-02
-7.354087967778368817e-01 6.771649874140910352e-01 2.492961612027887533e-02
-7.318325369795788404e-01 6.810662347400149308e-01 2.387312353543775273e-02
-7.283961798627593964e-01 6.847772979992535758e-01 2.278292373850510782e-02
-7.251068962360827097e-01 6.882956110054356813e-01 2.165976006658469968e-02
-7.219717002720763555e-01 6.916187103161707261e-01 2.050433732771186554e-02
-7.189974431052391646e-01 6.947442135231066684e-01 1.931732086885642324e-02
-7.161908069855628112e-01 6.976697974924834789e-01 1.809933582580792663e-02
-7.135582999196883325e-01 7.003931766115846225e-01 1.685096655279406247e-02
-7.111062507269377830e-01 7.029120810916044126e-01 1.557275622958009635e-02
-7.088408044329542745e-01 7.052242353728245261e-01 1.426520664379062400e-02
-7.067679179196529882e-01 7.073273366736992918e-01 1.292877814627962051e-02
-7.048933557465969502e-01 7.092190337215614759e-01 1.156388977754571439e-02
-7.032226860557234671e-01 7.108969056992332503e-01 1.017091956344055338e-02
-7.017612764685290383e-01 7.123584414389291242e-01 8.750204978742818704e-03
-7.005142898823297770e-01 7.136010188925162590e-01 7.302043577562030569e-03
-6.994866800700303422e-01 7.146218849055117062e-01 5.826693789987472984e-03
-6.986831869859209121e-01 7.154181353211872540e-01 4.324375884900841065e-03
-6.981083316783632808e-01 7.159866954408735662e-01 2.795273099418631776e-03
-6.977664107088062950e-01 7.163243008670416856e-01 1.239532936013433865e-03
-6.976614899753802446e-01 7.164274787570403813e-01 -3.427313710265657894e-04
-6.977973978383600340e-01 7.162925295175133211e-01 -1.951439217512633030e-03
-6.981777174440683131e-01 7.159155089725561805e-01 -3.586540816722077162e-03
-6.988057781433298921e-01 7.152922110426285229e-01 -5.248015208660127343e-03
-6.996846459004230079e-01 7.144181509761474702e-01 -6.935868087041388401e-03
-7.008171125886378805e-01 7.132885491815884604e-01 -8.650129439221670644e-03
-7.022056840691109914e-01 7.118983157148306429e-01 -1.039085099375650599e-02
-7.038342690361139020e-01 7.102611979222078764e-01 -1.209780593339286614e-02
-7.056964095548188265e-01 7.083805093846557988e-01 -1.377083614899667768e-02
-7.077854101819374133e-01 7.062594123717284011e-01 -1.540973860588788075e-02
-7.100943460575124266e-01 7.039009440082818481e-01 -1.701426480027999275e-02
-7.126160708077097228e-01 7.013080425826376807e-01 -1.858412043619939863e-02
-7.153432243818512726e-01 6.984835739473348459e-01 -2.011896532127929391e-02
-7.182682409416684122e-01 6.954303579614691255e-01 -2.161841348024843429e-02
-7.213833569150505109e-01 6.921511949208022374e-01 -2.308203348526502094e-02
-7.246806193203940705e-01 6.886488919183932911e-01 -2.450934900247377438e-02
-7.281518944609840505e-01 6.849262890745749788e-01 -2.589983955428290172e-02
-7.317888770816407540e-01 6.809862855707631280e-01 -2.725294149686177669e-02
-7.355831000721075874e-01 6.768318654169702686e-01 -2.856804921224556995e-02
-7.395259447933200114e-01 6.724661228780990374e-01 -2.984451651419659304e-02
-7.436086520937624789e-01 6.678922874792426745e-01 -3.108165826661216449e-02
-7.478223340735782321e-01 6.631137485054365843e-01 -3.227875221278510287e-02
-7.521579866439478401e-01 6.581340789067067210e-01 -3.343504101321672500e-02
-7.566065029185014001e-01 6.529570585149768736e-01 -3.454973448895665850e-02
-7.611586874621996124e-01 6.475866964755492283e-01 -3.562201206660335628e-02
-7.658052714112431048e-01 6.420272527925819928e-01 -3.665102542015091780e-02
-7.705369284651956141e-01 6.362832588853808424e-01 -3.763590130381973264e-02
-7.753442917396959899e-01 6.303595370505067352e-01 -3.857574456887166020e-02
-7.802179714549624112e-01 6.242612187237942534e-01 -3.946964135619709241e-02
-7.851485734218567325e-01 6.179937614364745535e-01 -4.031666245518573943e-02
-7.901267182736751993e-01 6.115629643607900512e-01 -4.111586681807222893e-02
-7.951430613781969026e-01 6.049749823428588469e-01 -4.186630521759903550e-02
-8.001883133509761770e-01 5.982363383241485755e-01 -4.256702403448335559e-02
-8.052532610775637867e-01 5.913539340578075620e-01 -4.321706915983218600e-02
-8.103287891394390652e-01 5.843350590322896609e-01 -4.381548999634329866e-02
-8.154059015260922694e-01 5.771873975222131525e-01 -4.436134354088269727e-02
-8.204757435040868074e-01 5.699190336951841518e-01 -4.485369852986473282e-02
-8.255296235032262286e-01 5.625384547133586155e-01 -4.529163962780338726e-02
-8.305590348703191239e-01 5.550545517797390582e-01 -4.567427163847564281e-02
-8.355556773326473508e-01 5.474766190915144604e-01 -4.600072371736288468e-02
-8.405114780062585833e-01 5.398143506760342270e-01 -4.627015356343530672e-02
-8.454186117787670929e-01 5.320778350991225425e-01 -4.648175156793652590e-02
-8.502695208925943327e-01 5.242775480502162022e-01 -4.663474489762853975e-02
-8.550569335526275738e-01 5.164243428240717915e-01 -4.672840148998476384e-02
-8.597738813822102255e-01 5.085294387343266553e-01 -4.676203393808246039e-02
-8.644137155532735095e-01 5.006044075097955126e-01 -4.673500324345310902e-02
-8.689701214203163770e-01 4.926611577398189445e-01 -4.664672241590331336e-02
-8.734371314938492725e-01 4.847119174500026384e-01 -4.649665990031948831e-02
-8.778091365968226922e-01 4.767692149040717586e-01 -4.628434281171150966e-02
-8.820808950574118290e-01 4.688458577410667405e-01 -4.600935996122439836e-02
-8.862475398032455542e-01 4.609549105695003313e-01 -4.567136465753882796e-02
-8.903045832356435429e-01 4.531096711511634068e-01 -4.527007726997264725e-02
-8.942479197775141664e-01 4.453236453168065712e-01 -4.480528754166425431e-02
-8.980738260051149835e-01 4.376105207637581707e-01 -4.427685664343816718e-02
-9.017789582916871938e-01 4.299841398915135726e-01 -4.368471896129399318e-02
-9.053603479098465412e-01 4.224584718353218138e-01 -4.302888361288982610e-02
-9.088153935593218380e-01 4.150475838597117439e-01 -4.230943569087477346e-02
-9.121526818787106805e-01 4.077334085273354169e-01 -4.160477458938124928e-02
-9.153763422955977225e-01 4.005147834934502660e-01 -4.091533815149132891e-02
-9.184904170647983923e-01 3.933903604323906733e-01 -4.024155536498801033e-02
-9.214988594006067180e-01 3.863586105506006674e-01 -3.958384580674204761e-02
-9.244055318059262172e-01 3.794178301419333654e-01 -3.894261910723385844e-02
-9.272142045871815119e-01 3.725661461765583105e-01 -3.831827443564937707e-02
-9.299285545434617939e-01 3.658015219152433439e-01 -3.771120000586546811e-02
-9.325521638179705697e-01 3.591217625412291836e-01 -3.712177260352668429e-02
-9.350885188995410324e-01 3.525245208023887189e-01 -3.655035713431020045e-02
-9.375410097617342675e-01 3.460073026568536991e-01 -3.599730619337975640e-02
-9.399129291268607522e-01 3.395674729157978078e-01 -3.546295965594208066e-02
-9.422074718421599160e-01 3.332022608775810912e-01 -3.494764428873996936e-02
-9.444277343553346693e-01 3.269087659479834596e-01 -3.445167338224516124e-02
-9.465767142766671194e-01 3.206839632417837205e-01 -3.397534640325074184e-02
-9.486573100150389459e-01 3.145247091614694623e-01 -3.351894866750656371e-02
-9.506723204753418921e-01 3.084277469493916790e-01 -3.308275103199233291e-02
-9.526244448049876468e-01 3.023897122102033874e-01 -3.266700960638042883e-02
-9.545162821775144968e-01 2.964071384009426269e-01 -3.227196548320484387e-02
-9.563503316016327416e-01 2.904764622866327084e-01 -3.189784448622250829e-02
-9.581289917444534288e-01 2.845940293597795656e-01 -3.154485693642943012e-02
-9.598545607581018269e-01 2.787560992226405521e-01 -3.121319743517536258e-02
-9.615292360994246446e-01 2.729588509316252520e-01 -3.090304466380757592e-02
-9.631551143330567832e-01 2.671983883036614937e-01 -3.061456119926602229e-02
-9.647341909087174816e-01 2.614707451848207187e-01 -3.034789334504876118e-02
-9.662683599042501958e-01 2.557718906819436144e-01 -3.010317097696783503e-02
-9.677594137266078977e-01 2.500977343584397383e-01 -2.988050740312146389e-02
-9.692090427637102268e-01 2.444441313958513329e-01 -2.967999923751850691e-02
-9.706188349808562155e-01 2.388068877231737386e-01 -2.950172628680551232e-02
-9.719902754561682290e-01 2.331817651163079763e-01 -2.934575144956501347e-02
-9.733247458503634375e-01 2.275644862703875004e-01 -2.921212062767635648e-02
-9.746235238069939077e-01 2.219507398480685678e-01 -2.910086264925668131e-02
-9.758877822801685920e-01 2.163361855072001849e-01 -2.901198920273024423e-02
-9.771185887876616682e-01 2.107164589115957110e-01 -2.894549478160847109e-02
-9.783169045882222914e-01 2.050871767289103031e-01 -2.890135663960137144e-02
-9.794835837828270719e-01 1.994439416198869608e-01 -2.887953475572288195e-02
-9.806193723405564056e-01 1.937823472234657951e-01 -2.887997180909853551e-02
-9.817249070507284570e-01 1.880979831424549886e-01 -2.890259316323329220e-02
-9.828007144038816145e-01 1.823864399346350196e-01 -2.894730685955059987e-02
-9.838472094051634587e-01 1.766433141143089469e-01 -2.901400362007048456e-02
-9.848646943246519569e-01 1.708642131694171895e-01 -2.910255685915478022e-02
-9.858533573901038238e-01 1.650447605994028732e-01 -2.921282270431122680e-02
-9.868132714285917650e-01 1.591806009790420195e-01 -2.934464002611507707e-02
-9.877443924644530027e-01 1.532674050534362786e-01 -2.949783047737675884e-02
-9.886465582819261577e-01 1.473008748693041270e-01 -2.967219854175680294e-02
-9.895194869617939259e-01 1.412767489475946492e-01 -2.986753159210455560e-02
-9.903627754022762408e-01 1.351908075022834332e-01 -3.008359995887460031e-02
-9.911758978353275573e-01 1.290388777099903961e-01 -3.032015700905407729e-02
-9.919582043503768487e-01 1.228168390347802452e-01 -3.057693923611474671e-02
-9.927089194384095538e-01 1.165206286121660689e-01 -3.085366636158522885e-02
-9.934271405701183832e-01 1.101462466959307468e-01 -3.115004144892070601e-02
-9.941111851527432153e-01 1.037088872238613596e-01 -3.142328183146823883e-02
-9.947594440089388979e-01 9.721349084905707427e-02 -3.167317695536159966e-02
-9.953704184812125488e-01 9.066506501952667496e-02 -3.189953594561839578e-02
-9.959427248715122527e-01 8.406867848381054109e-02 -3.210218805790238800e-02
-9.964750985124556371e-01 7.742945555374719513e-02 -3.228098309398936411e-02
-9.969663974521916217e-01 7.075257014316520265e-02 -3.243579177848726625e-02
-9.974156057364591543e-01 6.404323960283404837e-02 -3.256650609456085421e-02
-9.978218362731114954e-01 5.730671837342647679e-02 -3.267303957662925223e-02
-9.981843332661931578e-01 5.054829147951579726e-02 -3.275532755823892805e-02
-9.985024742085886196e-01 4.377326788874261188e-02 -3.281332737356414814e-02
-9.987757714242798679e-01 3.698697376122576930e-02 -3.284701851124848665e-02
-9.990038731533470440e-01 3.019474561505286828e-02 -3.285640271957360192e-02
-9.991865641750028448e-01 2.340192343425880062e-02 -3.284150406222180463e-02
-9.993237659661508010e-01 1.661384374608135261e-02 -3.280236892418540717e-02
-9.994155363951793269e-01 9.835832694467180892e-03 -3.273906596766542471e-02
-9.994620689529354340e-01 3.073199136787733467e-03 -3.265168603809267406e-02
-9.994636915250387776e-01 -3.668772209486405485e-03 -3.254034202069302356e-02
-9.994208647118854039e-01 -1.038482754381035711e-02 -3.240516864830308985e-02
-9.993341797048320707e-01 -1.706975065754333734e-02 -3.224632226142051111e-02
-9.992043557291272471e-01 -2.371836948191588870e-02 -3.206398052174178059e-02
-9.990322370661505191e-01 -3.032556248497833562e-02 -3.185834208069817514e-02
-9.988187896694210588e-01 -3.688626489464615077e-02 -3.162962620474441683e-02
-9.985650973906238237e-01 -4.339547472623595664e-02 -3.137807235938350897e-02
-9.982723578335671588e-01 -4.984825859430595807e-02 -3.110393975412277870e-02
-9.979418778555162461e-01 -5.623975729016245789e-02 -3.080750685074903558e-02
-9.975750687367324065e-01 -6.256519110805458528e-02 -3.048907083748349928e-02
-9.971734410402820492e-01 -6.881986490483667229e-02 -3.014894707172861149e-02
-9.967385991852534266e-01 -7.499917287971499813e-02 -2.978746849424821624e-02
-9.962722357574319565e-01 -8.109860306259580875e-02 -2.940498501772900383e-02
-9.957761255822286106e-01 -8.711374150149758799e-02 -2.900186289275429388e-02
-9.952521195852355174e-01 -9.304027614146467839e-02 -2.857848405428096983e-02
-9.947021384661940413e-01 -9.887400038940530322e-02 -2.813524545174660510e-02
-9.941281662124099583e-01 -1.046108163612567560e-01 -2.767255836594692542e-02
-9.935322434777368317e-01 -1.102467378098391931e-01 -2.719084771581415857e-02
-9.929164608531834135e-01 -1.157778927336808455e-01 -2.669055135819515395e-02
-9.922829520549876214e-01 -1.212005256689668575e-01 -2.617211938367547050e-02
-9.916338870556439256e-01 -1.265109996685685190e-01 -2.563601341142264858e-02
-9.909714651828891441e-01 -1.317057979738358586e-01 -2.508270588593014203e-02
-9.902979082110450193e-01 -1.367815253864740899e-01 -2.451267937843391517e-02
-9.896154534684022952e-01 -1.417349093493625034e-01 -2.392642589564804995e-02
-9.889263469835181120e-01 -1.465628007466044935e-01 -2.332444619832541727e-02
-9.882328366923970320e-01 -1.512621744344124775e-01 -2.270724913199599626e-02
-9.875371657275535675e-01 -1.558301295156247213e-01 -2.207535097207045938e-02
-9.868415658089146891e-01 -1.602638893717185375e-01 -2.142927478532188207e-02
-9.861482507554339971e-01 -1.645608014671217645e-01 -2.076954980957542232e-02
-9.854594101351616953e-01 -1.687183369414304301e-01 -2.009671085324633150e-02
-9.847772030703610957e-01 -1.727340900058134676e-01 -1.941129771617212257e-02
-9.841037522130914317e-01 -1.766057771604256921e-01 -1.871385463298702936e-02
-9.834411379055020275e-01 -1.803312362500590071e-01 -1.800492974008719230e-02
-9.827913925379103688e-01 -1.839084253755418341e-01 -1.728507456703506917e-02
-9.821564951165797641e-01 -1.873354216785493576e-01 -1.655484355305264152e-02
-9.815383660519745312e-01 -1.906104200175189611e-01 -1.581479358905630780e-02
-9.809388621771668593e-01 -1.937317315522775474e-01 -1.506548358549339613e-02
-9.803597720049961328e-01 -1.966977822547882893e-01 -1.430747406605169768e-02
-9.798028112315548821e-01 -1.995071113631170789e-01 -1.354132678713083904e-02
-9.792696184925934189e-01 -2.021583697953114600e-01 -1.276760438278812075e-02
-9.787617513785035195e-01 -2.046503185393816759e-01 -1.198687003470290391e-02
-9.782806827126649951e-01 -2.069818270349831346e-01 -1.119968716654310553e-02
-9.778277970971165356e-01 -2.091518715617269875e-01 -1.040661916196582507e-02
-9.774043877287490467e-01 -2.111595336482989249e-01 -9.608229105341842269e-03
-9.770116534885108228e-01 -2.130039985157517746e-01 -8.805079544161414223e-03
-9.766506963054658597e-01 -2.146845535674622996e-01 -7.997732271956650360e-03
-9.763225187969513108e-01 -2.162005869373129774e-01 -7.186748130464197352e-03
-9.760280221855406335e-01 -2.175515861066830980e-01 -6.372686829651224259e-03
-9.757680044930318042e-01 -2.187371365998156125e-01 -5.556106784137932429e-03
-9.755431590112382256e-01 -2.197569207660743928e-01 -4.737564964471167525e-03
-9.753540730489688171e-01 -2.206107166565254296e-01 -3.917616761636241555e-03
-9.752012269542286171e-01 -2.212983970011732082e-01 -3.096815863137839138e-03
-9.750849934103550387e-01 -2.218199282920637616e-01 -2.275714138935809767e-03
-9.750056370045225851e-01 -2.221753699763353018e-01 -1.454861535487757653e-03
-9.749633140667899323e-01 -2.223648737621612137e-01 -6.348059761274881972e-04
-9.749580727776311351e-01 -2.223886830393937419e-01 1.839067340035027915e-04
-9.749898535416727796e-01 -2.222471324155844419e-01 1.000733000255387686e-03
-9.750584896251555111e-01 -2.219406473669352231e-01 1.815131529774494015e-03
-9.751637080544366398e-01 -2.214697440026252850e-01 2.626563423567124245e-03
-9.753051307726560148e-01 -2.208350289398700317e-01 3.434492271046529765e-03
-9.754822760514821889e-01 -2.200371992860017945e-01 4.238384248746411911e-03
-9.756945601546489488e-01 -2.190770427228241612e-01 5.037708224834030850e-03
-9.759412992497679129e-01 -2.179554376874855426e-01 5.831935870996107600e-03
-9.762217115646635301e-01 -2.166733536431482143e-01 6.620541783201507741e-03
-9.765349197842149165e-01 -2.152318514318000420e-01 7.403003612766459116e-03
-9.768799536834027464e-01 -2.136320837006728812e-01 8.178802209061111078e-03
-9.772557529919478903e-01 -2.118752953928963734e-01 8.947421775100935365e-03
-9.776611704855810991e-01 -2.099628242922353949e-01 9.708350037163176321e-03
-9.780949752986102252e-01 -2.078961016110351112e-01 1.046107842945763998e-02
-9.785558564520399072e-01 -2.056766526098357528e-01 1.120510229476309565e-02
-9.790424265910541157e-01 -2.033060972365222929e-01 1.193992110181580496e-02
-9.795532259251930052e-01 -2.007861507723470162e-01 1.266503868010583622e-02
-9.800867263640427041e-01 -1.981186244717088318e-01 1.337996347260031645e-02
-9.806413358407077840e-01 -1.953054261821957072e-01 1.408420880677126175e-02
-9.812154028147578311e-01 -1.923485609310999211e-01 1.477729318415982145e-02
-9.818072209457332500e-01 -1.892501314644016441e-01 1.545874058855922599e-02
-9.824150339276573884e-01 -1.860123387240897874e-01 1.612808081274634542e-02
-9.830370404743492552e-01 -1.826374822496503736e-01 1.678484980353722039e-02
-9.836713994446512066e-01 -1.791279604896064415e-01 1.742859002478614958e-02
-9.843162350960010798e-01 -1.754862710091392441e-01 1.805885083779167760e-02
-9.849696424540788087e-01 -1.717150105800621107e-01 1.867518889841724219e-02
-9.856296927855597856e-01 -1.678168751397542957e-01 1.927716857008003951e-02
-9.862944391603131189e-01 -1.637946596060944338e-01 1.986436235161003275e-02
-9.869619220886985955e-01 -1.596512575359607111e-01 2.043635131883299316e-02
-9.876301752189534655e-01 -1.553896606154871463e-01 2.099272557858785498e-02
-9.882972310790203441e-01 -1.510129579709797443e-01 2.153308473375090126e-02
-9.889611268465637872e-01 -1.465243352902018958e-01 2.205703835770808641e-02
-9.896199101303586598e-01 -1.419270737446302333e-01 2.256420647659350756e-02
-9.902716447457210469e-01 -1.372245487042580980e-01 2.305422005749749315e-02
-9.909144164661948251e-01 -1.324202282375773199e-01 2.352672150074308979e-02
-9.915463387333142142e-01 -1.275176713904963288e-01 2.398136513423599486e-02
-9.921655583059439953e-01 -1.225205262391456107e-01 2.441781770781081828e-02
-9.927702608304559417e-01 -1.174325277127743344e-01 2.483575888542727608e-02
-9.933586763128442465e-01 -1.122574951842467694e-01 2.523488173301391413e-02
-9.939290844738176700e-01 -1.069993298269941717e-01 2.561489319971520240e-02
-9.944798199679367734e-01 -1.016620117386591582e-01 2.597551459027083731e-02
-9.950092774479961655e-01 -9.624959683307526825e-02 2.631648202624443586e-02
-9.955159164560880569e-01 -9.076621350364347252e-02 2.663754689382276386e-02
-9.959982661231246981e-01 -8.521605906258984675e-02 2.693847627592659694e-02
-9.964549296590500260e-01 -7.960339596200362300e-02 2.721905336641042630e-02
-9.968845886165300652e-01 -7.393254780395044912e-02 2.747907786418027354e-02
-9.972860069115815351e-01 -6.820789514832151235e-02 2.771836634512704622e-02
-9.976580345853736098e-01 -6.243387112840324826e-02 2.793675260985653899e-02
-9.979996112923199547e-01 -5.661495688542424881e-02 2.813408800529616782e-02
-9.983097695005584971e-01 -5.075567683454443313e-02 2.831024171837199024e-02
-9.985876373919957416e-01 -4.486059377588610952e-02 2.846510104007705932e-02
-9.988324414502596227e-01 -3.893430386525766757e-02 2.859857159839247417e-02
-9.990435087261571034e-01 -3.298143146017894906e-02 2.871057755867494760e-02
-9.992202687715576737e-01 -2.700662385767384557e-02 2.880106179028791777e-02
-9.993622552340206688e-01 -2.101454594104357892e-02 2.886998599842606483e-02
-9.994691071059316201e-01 -1.500987475346599563e-02 2.891733082026419141e-02
-9.995405696234143100e-01 -8.997294016776697517e-03 2.894309588474933484e-02
-9.995764948118170956e-01 -2.981488614172482857e-03 2.894729983554820280e-02
-9.995768416761333652e-01 3.032860944167253998e-03 2.892998031685894283e-02
-9.995416760362896280e-01 9.041084053421705874e-03 2.889119392199535064e-02
-9.994711700088098061e-01 1.503852552532165820e-02 2.883101610485121202e-02
-9.993656011379327131e-01 2.102055105922418649e-02 2.874954105455092626e-02
-9.992253511808033561e-01 2.698255265437017256e-02 2.864688153378823487e-02
-9.990509045528732646e-01 3.291995394502448408e-02 2.852316868154630702e-02
-9.988428464411147623e-01 3.882821544072118797e-02 2.837855178107788479e-02
-9.986018605940701898e-01 4.470283965447695296e-02 2.821319799420241373e-02
-9.983287267991096670e-01 5.053937610258912166e-02 2.802729206314651111e-02
-9.980243180585509633e-01 5.633342616049282631e-02 2.782103598131354869e-02
-9.976895974774929732e-01 6.208064776010688290e-02 2.759464863451643185e-02
-9.973256148773240737e-01 6.777675991514098275e-02 2.734836541434358323e-02
-9.969335031498817168e-01 7.341754706195818825e-02 2.708243780545102272e-02
-9.965144743681519923e-01 7.899886320477647605e-02 2.679713294868224169e-02
-9.960698156702080253e-01 8.451663585523987166e-02 2.649273318201184058e-02
-9.956008849337844024e-01 8.996686975768407313e-02 2.616953556138797155e-02
-9.951091062594754622e-01 9.534565039275018361e-02 2.582785136361236480e-02
-9.945959652810206775e-01 1.006491472533542902e-01 2.546800557344459925e-02
-9.940630043215081812e-01 1.058736168883870482e-01 2.509033635714969304e-02
-9.935118174145781689e-01 1.110154057108864584e-01 2.469519452472462503e-02
-9.929440452098569070e-01 1.160709525687874527e-01 2.428294298304072008e-02
-9.923613697818868262e-01 1.210367910776933981e-01 2.385395618212506064e-02
-9.917655093617584461e-01 1.259095517164273426e-01 2.340861955677571091e-02
-9.911582130104854560e-01 1.306859636873957953e-01 2.294732896566327104e-02
-9.905412552529128112e-01 1.353628565450260557e-01 2.247049013001570228e-02
-9.899164306906063082e-01 1.399371615967116844e-01 2.197851807391534157e-02
-9.892855486117506647e-01 1.444059130818124703e-01 2.147183656815731395e-02
-9.886504276155927418e-01 1.487662491352991501e-01 2.095087757952825147e-02
-9.880128902684032211e-01 1.530154125436027357e-01 2.041608072726413745e-02
-9.873747578073149844e-01 1.571507513011197454e-01 1.986789274833741445e-02
-9.867378449077264246e-01 1.611697189766332361e-01 1.930676697310709095e-02
-9.861039545292468178e-01 1.650698748996327625e-01 1.873316281274274575e-02
-9.854748728544132641e-01 1.688488841771511317e-01 1.814754525970497731e-02
-9.848523643336342115e-01 1.725045175522821606e-01 1.755038440243206210e-02
-9.842381668490176594e-01 1.760346511159980032e-01 1.694215495524658416e-02
-9.836339870089356729e-01 1.794372658842506851e-01 1.632333580435739451e-02
-9.830414955843577163e-01 1.827104472526170365e-01 1.569440957069269740e-02
-9.824623230971717414e-01 1.858523843409335963e-01 1.505586219016008531e-02
-9.818980555698997303e-01 1.888613692404683408e-01 1.440818251179007761e-02
-9.813502304454151393e-01 1.917357961761918528e-01 1.375186191408192017e-02
-9.808203326844849856e-01 1.944741605966453790e-01 1.308739393973492975e-02
-9.803097910481965993e-01 1.970750582037593679e-01 1.241527394881631469e-02
-9.798199745715873155e-01 1.995371839347578335e-01 1.173599879028786735e-02
-9.793521892340845136e-01 2.018593309079944054e-01 1.105006649168981808e-02
-9.789076748316782872e-01 2.040403893442100935e-01 1.035797596666115754e-02
-9.784876020550996589e-01 2.060793454742845254e-01 9.660226739862276535e-03
-9.780930697776591964e-01 2.079752804440756497e-01 8.957318688758458824e-03
-9.777251025558166830e-01 2.097273692264134126e-01 8.249751801621865721e-03
-9.773846483450051581e-01 2.113348795497344002e-01 7.538025951015658865e-03
-9.770725764327187202e-01 2.127971708522211625e-01 6.822640681937064584e-03
-9.767896755903936468e-01 2.141136932696484363e-01 6.104095013716731230e-03
-9.765366524451676300e-01 2.152839866644408739e-01 5.382887254699967976e-03
-9.763141300721862592e-01 2.163076797027198017e-01 4.659514828671453522e-03
-9.761226468077438545e-01 2.171844889853636607e-01 3.934474111928933440e-03
-9.759626552831888180e-01 2.179142182383320692e-01 3.208260279863406859e-03
-9.758345216791950438e-01 2.184967575667124684e-01 2.481367161863326943e-03
-9.757385251996937292e-01 2.189320827761444266e-01 1.754287103328467084e-03
-9.756748577644736020e-01 2.192202547644639399e-01 1.027510833555327768e-03
-9.756436239191909054e-01 2.193614189855933316e-01 3.015273382402187128e-04
-9.756448409612740180e-01 2.193558049868849502e-01 -4.231762646615825144e-04
-9.756784392799671135e-01 2.192037260203123783e-01 -1.146114846982041954e-03
-9.757442629085207875e-01 2.189055787270964282e-01 -1.866805391545420028e-03
-9.758420702863096485e-01 2.184618428945559465e-01 -2.584767113770005103e-03
-9.759715352284284995e-01 2.178730812831926322e-01 -3.299521584881191360e-03
-9.761322481000900275e-01 2.171399395212535721e-01 -4.010592857920048694e-03
-9.763237171929138869e-01 2.162631460632734592e-01 -4.717507597693806030e-03
-9.765453702999586927e-01 2.152435122083792007e-01 -5.419795215769997176e-03
-9.767965564860987548e-01 2.140819321734495628e-01 -6.116988011564574237e-03
-9.770765480500873679e-01 2.127793832155631115e-01 -6.808621320516346914e-03
-9.773845426743763554e-01 2.113369257975422910e-01 -7.494233670275912348e-03
-9.777196657584699135e-01 2.097557037898138410e-01 -8.173366945767080588e-03
-9.780809729312892609e-01 2.080369447012584139e-01 -8.845566563902996365e-03
-9.784674527376979736e-01 2.061819599312176288e-01 -9.510381658658023998e-03
-9.788780294939991578e-01 2.041921450343690547e-01 -1.016736527711037397e-02
-9.793115663068542309e-01 2.020689799897700811e-01 -1.081607458697976878e-02
-9.797668682496960546e-01 1.998140294650141147e-01 -1.145607109608961019e-02
-9.802426856903110330e-01 1.974289430661383404e-01 -1.208692088408453574e-02
-9.807377177628529008e-01 1.949154555636750941e-01 -1.270819484663240732e-02
-9.812506159771203773e-01 1.922753870850493763e-01 -1.331946895223518751e-02
-9.817799879574887756e-01 1.895106432633966165e-01 -1.392032451166629048e-02
-9.823244013034292399e-01 1.866232153328080401e-01 -1.451034845994349405e-02
-9.828823875630851026e-01 1.836151801600077738e-01 -1.508913365063681115e-02
-9.834524463109045600e-01 1.804887002025281073e-01 -1.565627916220061616e-02
-9.840330493198535811e-01 1.772460233835758958e-01 -1.621139061590927757e-02
-9.846226448182596735e-01 1.738894828739777076e-01 -1.675408050486634423e-02
-9.852196618208686196e-01 1.704214967718503393e-01 -1.728396853344952785e-02
-9.858225145232342168e-01 1.668445676709701397e-01 -1.780068196644810433e-02
-9.864296067481138630e-01 1.631612821092059129e-01 -1.830385598704660846e-02
-9.870393364321130569e-01 1.593743098888363852e-01 -1.879313406270934766e-02
-9.876501001404133229e-01 1.554864032610921154e-01 -1.926816831792542081e-02
-9.882602975970377068e-01 1.515003959678417889e-01 -1.972861991268377510e-02
-9.888683362177603797e-01 1.474192021339810199e-01 -2.017415942546355034e-02
-9.894726356324531347e-01 1.432458150047752898e-01 -2.060446723944690112e-02
-9.900716321833934463e-01 1.389833055231544934e-01 -2.101923393059042591e-02
-9.906637833858352726e-01 1.346348207427502108e-01 -2.141816065612794223e-02
-9.912475723369699177e-01 1.302035820733031535e-01 -2.180095954202210945e-02
-9.918215120592871470e-01 1.256928833559445013e-01 -2.216735406783591766e-02
-9.923841497642883480e-01 1.211060887667632369e-01 -2.251707944745786477e-02
-9.929340710225071920e-01 1.164466305480077457e-01 -2.284988300408711745e-02
-9.934699038258616444e-01 1.117180065672273848e-01 -2.316552453786741711e-02
-9.939903225284983934e-01 1.069237777056319810e-01 -2.346377668455146628e-02
-9.944940516525001550e-01 1.020675650779276217e-01 -2.374442526358094829e-02
-9.949798695451016473e-01 9.715304708686806068e-02 -2.400726961398155779e-02
-9.954466118744154102e-01 9.218395631673667601e-02 -2.425212291649750732e-02
-9.958931749510894216e-01 8.716407627093551713e-02 -2.447881250042569304e-02
-9.963185188638185030e-01 8.209723795979927130e-02 -2.468718013365626962e-02
-9.967216704171967256e-01 7.698731634566526039e-02 -2.487708229448323816e-02
-9.971017258610364031e-01 7.183822665310860001e-02 -2.504839042381582989e-02
-9.974578534009845843e-01 6.665392055308808072e-02 -2.520099115649827859e-02
-9.977892954810356763e-01 6.143838223053524339e-02 -2.533478653053176238e-02
-9.980953708293673898e-01 5.619562434565168740e-02 -2.544969417308721310e-02
-9.983754762598125998e-01 5.092968389985028793e-02 -2.554564746230064340e-02
-9.986290882222146337e-01 4.564461801788043810e-02 -2.562259566395296354e-02
-9.988557640958946049e-01 4.034449965820983974e-02 -2.568050404225318342e-02
-9.990551432214802574e-01 3.503341326419186219e-02 -2.571935394406643996e-02
-9.992269476673973916e-01 2.971545036892379865e-02 -2.573914285605569466e-02
-9.993709827284076308e-01 2.439470516699494135e-02 -2.573988443433707779e-02
-9.994871371546718564e-01 1.907527006653132393e-02 -2.572160850638290780e-02
-9.995753831109320808e-01 1.376123123506504953e-02 -2.568436104504214640e-02
