1.000000000000000000e+00 0.000000000000000000e+00 0.000000000000000000e+00
1.000000000000000000e+00 0.000000000000000000e+00 0.000000000000000000e+00
1.000000000000000000e+00 0.000000000000000000e+00 0.000000000000000000e+00
1.000000000000000000e+00 0.000000000000000000e+00 0.000000000000000000e+00
1.000000000000000000e+00 0.000000000000000000e+00 0.000000000000000000e+00
1.000000000000000000e+00 0.000000000000000000e+00 0.000000000000000000e+00
1.000000000000000000e+00 0.000000000000000000e+00 0.000000000000000000e+00
1.000000000000000000e+00 0.000000000000000000e+00 0.000000000000000000e+00
1.000000000000000000e+00 0.000000000000000000e+00 0.000000000000000000e+00
1.000000000000000000e+00 0.000000000000000000e+00 0.000000000000000000e+00
1.000000000000000000e+00 0.000000000000000000e+00 0.000000000000000000e+00
1.000000000000000000e+00 0.000000000000000000e+00 0.000000000000000000e+00
1.000000000000000000e+00 0.000000000000000000e+00 0.000000000000000000e+00
1.000000000000000000e+00 0.000000000000000000e+00 0.000000000000000000e+00
1.000000000000000000e+00 0.000000000000000000e+00 0.000000000000000000e+00
1.000000000000000000e+00 0.000000000000000000e+00 0.000000000000000000e+00
1.000000000000000000e+00 0.000000000000000000e+00 0.000000000000000000e+00
1.000000000000000000e+00 0.000000000000000000e+00 0.000000000000000000e+00
1.000000000000000000e+00 0.000000000000000000e+00 0.000000000000000000e+00
1.000000000000000000e+00 0.000000000000000000e+00 0.000000000000000000e+00
1.000000000000000000e+00 0.000000000000000000e+00 0.000000000000000000e+00
1.000000000000000000e+00 0.000000000000000000e+00 0.000000000000000000e+00
1.000000000000000000e+00 0.000000000000000000e+00 0.000000000000000000e+00
1.000000000000000000e+00 0.000000000000000000e+00 0.000000000000000000e+00
1.000000000000000000e+00 0.000000000000000000e+00 0.000000000000000000e+00
1.000000000000000000e+00 0.000000000000000000e+00 0.000000000000000000e+00
1.000000000000000000e+00 0.000000000000000000e+00 0.000000000000000000e+00
1.000000000000000000e+00 0.000000000000000000e+00 0.000000000000000000e+00
1.000000000000000000e+00 0.000000000000000000e+00 0.000000000000000000e+00
1.000000000000000000e+00 0.000000000000000000e+00 0.000000000000000000e+00
1.000000000000000000e+00 0.000000000000000000e+00 0.000000000000000000e+00
1.000000000000000000e+00 0.000000000000000000e+00 0.000000000000000000e+00
1.000000000000000000e+00 0.000000000000000000e+00 0.000000000000000000e+00
1.000000000000000000e+00 0.000000000000000000e+00 0.000000000000000000e+00
1.000000000000000000e+00 0.000000000000000000e+00 0.000000000000000000e+00
1.000000000000000000e+00 0.000000000000000000e+00 0.000000000000000000e+00
1.000000000000000000e+00 0.000000000000000000e+00 0.000000000000000000e+00
1.000000000000000000e+00 0.000000000000000000e+00 0.000000000000000000e+00
1.000000000000000000e+00 0.000000000000000000e+00 0.000000000000000000e+00
1.000000000000000000e+00 0.000000000000000000e+00 0.000000000000000000e+00
1.000000000000000000e+00 0.000000000000000000e+00 0.000000000000000000e+00
1.000000000000000000e+00 0.000000000000000000e+00 0.000000000000000000e+00
1.000000000000000000e+00 0.000000000000000000e+00 0.000000000000000000e+00
1.000000000000000000e+00 0.000000000000000000e+00 0.000000000000000000e+00
1.000000000000000000e+00 0.000000000000000000e+00 0.000000000000000000e+00
1.000000000000000000e+00 0.000000000000000000e+00 0.000000000000000000e+00
1.000000000000000000e+00 0.000000000000000000e+00 0.000000000000000000e+00
1.000000000000000000e+00 0.000000000000000000e+00 0.000000000000000000e+00
1.000000000000000000e+00 0.000000000000000000e+00 0.000000000000000000e+00
1.000000000000000000e+00 0.000000000000000000e+00 0.000000000000000000e+00
1.000000000000000000e+00 0.000000000000000000e+00 0.000000000000000000e+00
1.000000000000000000e+00 0.000000000000000000e+00 0.000000000000000000e+00
9.999999971889277361e-01 -3.095029053815075506e-05 6.829532626424731777e-05
9.999999733448334815e-01 -1.069853673397099669e-04 2.046084391550573745e-04
9.999998871936527367e-01 -2.421764778314462654e-04 4.086119025276696462e-04
9.999996673642165268e-01 -4.505212953657229333e-04 6.799287116119126246e-04
9.999992034951517006e-01 -7.459336452415414598e-04 1.018132641159849756e-03
9.999983355451527167e-01 -1.142233273816393698e-03 1.422748608632470099e-03
9.999968413655933031e-01 -1.653135646943807140e-03 1.893253046578912292e-03
9.999944226017709603e-01 -2.292241758242297926e-03 2.429074277845787860e-03
9.999906889962431045e-01 -3.073027921391185881e-03 3.029592886853921252e-03
9.999851411747344709e-01 -4.008835513855807386e-03 3.694142079906113495e-03
9.999771520019908877e-01 -5.112860632276203937e-03 4.422008027351920049e-03
9.999659466017519760e-01 -6.398143612324363322e-03 5.212430180442107971e-03
9.999505811417455092e-01 -7.877558358267807564e-03 6.064601555863197678e-03
9.999299204913104644e-01 -9.563801419900585035e-03 6.977668981256581436e-03
9.999026148659719837e-01 -1.146938074705122074e-02 7.950733295500903020e-03
9.998670755800711518e-01 -1.360660404469105772e-02 8.982849498172787092e-03
9.998214500354388745e-01 -1.598756664489030949e-02 1.007302684340016623e-02
9.997635960811431799e-01 -1.862413880565213370e-02 1.122022887428303188e-02
9.996910558865826912e-01 -2.152795234114950745e-02 1.242337339517560202e-02
9.996010294776785932e-01 -2.471038648325116563e-02 1.368133238039652422e-02
9.994903480936735418e-01 -2.818255287060909484e-02 1.499293181935323904e-02
9.993554475301003048e-01 -3.195527955915039575e-02 1.635695149962386810e-02
9.991923416418444504e-01 -3.603909394673045219e-02 1.777212473122414399e-02
9.989965961888935819e-01 -4.044420450512196952e-02 1.923713801708431398e-02
9.987633032163215629e-01 -4.518048121459265765e-02 2.075063067665595604e-02
9.984870561692510416e-01 -5.025743460021767084e-02 2.231119443154280790e-02
9.981619259529123100e-01 -5.568419327492949572e-02 2.391737296408164015e-02
9.977814381573795188e-01 -6.146947990226870467e-02 2.556766146186505162e-02
9.973385516759918357e-01 -6.762158550199388884e-02 2.726050616327059528e-02
9.968256389557160757e-01 -7.414834203425427206e-02 2.899430392110951410e-02
9.962344681265925539e-01 -8.105709321302183301e-02 3.076740180350048467e-02
9.955561872657137101e-01 -8.835466351699881871e-02 3.257809675297206747e-02
9.947813110586776197e-01 -9.604732538630922356e-02 3.442463532656288294e-02
9.938997101278481683e-01 -1.041407646159691613e-01 3.630521354127758116e-02
9.929006033017439004e-01 -1.126400439823897204e-01 3.821797685062471722e-02
9.917725531031270636e-01 -1.215495651669357552e-01 4.016102027906153643e-02
9.905034647345208887e-01 -1.308730290707336985e-01 4.213238874195121553e-02
9.890805888385687528e-01 -1.406133946473243912e-01 4.413007757905003381e-02
9.874905283064814299e-01 -1.507728364141681376e-01 4.615203332953402710e-02
9.857192494004052286e-01 -1.613527008401382523e-01 4.819615477609809351e-02
9.837520974445093103e-01 -1.723534618436252108e-01 5.026029428466661370e-02
9.815738173245682763e-01 -1.837746756742875132e-01 5.234225946470020402e-02
9.791685790164712522e-01 -1.956149354903213844e-01 5.443981517292883349e-02
9.765200083401438524e-01 -2.078718259818033154e-01 5.655068588055520151e-02
9.736112231065803257e-01 -2.205418784285421985e-01 5.867255842053108877e-02
9.704248747919107521e-01 -2.336205266172498851e-01 6.080308512739997229e-02
9.669431958335911181e-01 -2.471020640769337751e-01 6.293988737742245432e-02
9.631480525999497333e-01 -2.609796031224224100e-01 6.508055953127060700e-02
9.590210040356013099e-01 -2.752450362230116077e-01 6.722267327552457206e-02
9.545433659319298991e-01 -2.898890002355105633e-01 6.936378235257757707e-02
9.496962807143716212e-01 -3.049008440576270185e-01 7.150142766142229822e-02
9.444607925771527634e-01 -3.202686002678410970e-01 7.363314270423834684e-02
9.388179277321778704e-01 -3.359789613209209214e-01 7.575645934583633001e-02
9.327487794727643555e-01 -3.520172608633529987e-01 7.786891384496444357e-02
9.262345976858833430e-01 -3.683674607196322781e-01 7.996805310839590064e-02
9.192568823795974620e-01 -3.850121440781615889e-01 8.205144111075197977e-02
9.117974807267126280e-01 -4.019325153741885037e-01 8.411666541535461894e-02
9.038386870625781944e-01 -4.191084073266966858e-01 8.616134372423245313e-02
8.953633452158239470e-01 -4.365182955366184170e-01 8.818313037892182293e-02
8.863549524969817073e-01 -4.541393209955159604e-01 9.017972272810836909e-02
8.767977646227321786e-01 -4.719473207876081489e-01 9.214886727364103580e-02
8.666769008142176656e-01 -4.899168671945399733e-01 9.408836550320608116e-02
8.559784482776170433e-01 -5.080213153326889053e-01 9.599607931614746736e-02
8.446895652549883948e-01 -5.262328593683675004e-01 9.786993594871301605e-02
8.327985818240444260e-01 -5.445225972684990534e-01 9.970793230651886496e-02
8.202950976275910078e-01 -5.628606039548553763e-01 1.015081386153518506e-01
8.071700757271169646e-01 -5.812160126405029326e-01 1.032687013066260762e-01
7.934159318004637695e-01 -5.995571040395250018e-01 1.049878450608923985e-01
7.790266179403084745e-01 -6.178514030571936599e-01 1.066638739417398729e-01
7.639977003577207437e-01 -6.360657824893320988e-01 1.082951715631530337e-01
7.483264303523662342e-01 -6.541665731882927437e-01 1.098802002457801713e-01
7.320118079767862218e-01 -6.721196800902659030e-01 1.114174991314638707e-01
7.150546378950972670e-01 -6.898907034457874010e-01 1.129056812405825061e-01
6.974575770147208864e-01 -7.074450645533079118e-01 1.143434294730110296e-01
6.792251735515043576e-01 -7.247481352651810038e-01 1.157294915705602278e-01
6.603638972718611777e-01 -7.417653705167228662e-01 1.170626740763000273e-01
6.408821607383502483e-01 -7.584624431220369223e-01 1.183418353439014831e-01
6.207903314654594773e-01 -7.748053800846286254e-01 1.195658776677200191e-01
6.001007349684190917e-01 -7.907606996856710868e-01 1.207337386214655528e-01
5.788276487579694374e-01 -8.062955486369577374e-01 1.218443817096424853e-01
5.569872873967208760e-01 -8.213778386176573409e-01 1.228967864511888858e-01
5.345977787869461428e-01 -8.359763815522631702e-01 1.238899380286111740e-01
5.116791319045570496e-01 -8.500610230297060976e-01 1.248228166481371304e-01
4.882531962292365746e-01 -8.636027733084731262e-01 1.256943867667615344e-01
4.643436131462224670e-01 -8.765739353976735870e-01 1.265035863503359281e-01
4.399757596114746150e-01 -8.889482297473023653e-01 1.272493163328903554e-01
4.151766843796949047e-01 -9.007009151205503938e-01 1.279304304510407719e-01
3.899750370950750278e-01 -9.118089052551825446e-01 1.285457256285361394e-01
3.644009905392109339e-01 -9.222508809482867775e-01 1.290939330846767319e-01
3.384861563211127855e-01 -9.320073972179505617e-01 1.295737103364618947e-01
3.122634942826297832e-01 -9.410609852058896552e-01 1.299836342579122062e-01
2.857672158810178886e-01 -9.493962484863952556e-01 1.303221953510923792e-01
2.590326818009733856e-01 -9.569999534392763518e-01 1.305877933720085704e-01
2.320962940433756450e-01 -9.638611133283223609e-01 1.307787344408595509e-01
2.049953827392528571e-01 -9.699710657031941352e-01 1.308932297502135578e-01
1.777680879469173691e-01 -9.753235427130126922e-01 1.309293959667099938e-01
1.504532367093421585e-01 -9.799147338860891843e-01 1.308852574020304693e-01
1.230902156788254986e-01 -9.837433408943853097e-01 1.307587500073564279e-01
9.571883965754190982e-02 -9.868106237858675911e-01 1.305477272225696317e-01
6.837921645593522668e-02 -9.891204381355424013e-01 1.302499676873322132e-01
4.111160853577375263e-02 -9.906792625393729956e-01 1.298631847962060382e-01
1.395629198019334924e-02 -9.914962158572074857e-01 1.293850380544779022e-01
-1.304658658222505874e-02 -9.915830636039121293e-01 1.288131461657137100e-01
-3.985715438034570512e-02 -9.909542128945035833e-01 1.281451017566737072e-01
-6.643595741465761761e-02 -9.896266953712751224e-01 1.273784876205050487e-01
-9.274410496861898445e-02 -9.876201375803538296e-01 1.265108943355350013e-01
-1.187434127061796768e-01 -9.849567183229170908e-01 1.255399390949751559e-01
-1.443965432528536430e-01 -9.816611125829339812e-01 1.244632855628765716e-01
-1.696671430751012510e-01 -9.777604217286209876e-01 1.232786645541990023e-01
-1.945199744030519651e-01 -9.732840897979299077e-01 1.219838953223063849e-01
-2.189210408885080006e-01 -9.682638058077329690e-01 1.205769072259676861e-01
-2.428377056572347259e-01 -9.627333921696291652e-01 1.190557615403701891e-01
-2.662388004048995005e-01 -9.567286794495234448e-01 1.174186731730157834e-01
-2.890947242022808283e-01 -9.502873678697769666e-01 1.156640320458635490e-01
-3.113775307195085218e-01 -9.434488761177931559e-01 1.137904239098034287e-01
-3.330610026523442846e-01 -9.362541781890214576e-01 1.117966503664910710e-01
-3.541207122362801663e-01 -9.287456291509889050e-01 1.096817478856265127e-01
-3.745340668660632200e-01 -9.209667808635305652e-01 1.074450056226876338e-01
-3.942803389978120632e-01 -9.129621888244670025e-01 1.050859818625878711e-01
-4.133406796959761542e-01 -9.047772114254875042e-01 1.026045189382618905e-01
-4.316981153950066874e-01 -8.964578029963579109e-01 1.000007564992407283e-01
-4.493375276720420475e-01 -8.880503020838671491e-01 9.727514303322179479e-02
-4.662456160678608019e-01 -8.796012164530319088e-01 9.442844557276718065e-02
-4.824108442440565581e-01 -8.711570063107677564e-01 9.146175754882925057e-02
-4.978233700197940981e-01 -8.627638672362545336e-01 8.837650478203870619e-02
-5.124749600864323407e-01 -8.544675142583113558e-01 8.517444963083650733e-02
-5.263588904476105279e-01 -8.463129684499828276e-01 8.185769334185696855e-02
-5.394698338711499952e-01 -8.383443473168904481e-01 7.842867667180043745e-02
-5.518037358627297939e-01 -8.306046601422383269e-01 7.489017887077546731e-02
-5.633576808756199927e-01 -8.231356093219238668e-01 7.124531513424521567e-02
-5.741297506522214933e-01 -8.159773985828223664e-01 6.749753264390044583e-02
-5.841188767488164624e-01 -8.091685488312140295e-01 6.365060532674730875e-02
-5.933246894224496470e-01 -8.027457222319641650e-01 5.970862746632519397e-02
-6.017473651565795612e-01 -7.967435549779268156e-01 5.567600630027625536e-02
-6.093874751689734026e-01 -7.911944990784433029e-01 5.155745373463086617e-02
-6.162458372807529949e-01 -7.861286733807112403e-01 4.735797729743701501e-02
-6.223233735294594338e-01 -7.815737239426545635e-01 4.308287044315248920e-02
-6.276209758817964390e-01 -7.775546938044912704e-01 3.873770230504749307e-02
-6.321393823439059867e-01 -7.740939021614233750e-01 3.432830697633290629e-02
-6.358790656793675833e-01 -7.712108329237813420e-01 2.986077238250614552e-02
-6.388401368284234438e-01 -7.689220326645562764e-01 2.534142878821348324e-02
-6.410222649770550563e-01 -7.672410179974816780e-01 2.077683696251248630e-02
-6.424246160522840698e-01 -7.661781925005134442e-01 1.617377600753523367e-02
-6.430458112212005251e-01 -7.657407733974226360e-01 1.153923083793838289e-02
-6.428839067464502399e-01 -7.659327283308919876e-01 6.880379282877489497e-03
-6.419363963009649954e-01 -7.667547226995756748e-01 2.204578769195879306e-03
-6.402002365703851616e-01 -7.682040781836695365e-01 -2.480647465373353455e-03
-6.376718966738779137e-01 -7.702747432424030816e-01 -7.167624686478071480e-03
-6.343474316141649583e-01 -7.729572765255382505e-01 -1.184854156472100323e-02
-6.302225796272423741e-01 -7.762388442919139209e-01 -1.651546572257476392e-02
-6.252928829437887082e-01 -7.801032330634068979e-01 -2.116035997869648855e-02
-6.195538311006063559e-01 -7.845308788543452483e-01 -2.577509933164151903e-02
-6.130010255554745324e-01 -7.894989143964562528e-01 -3.035148871110561822e-02
-6.056303639672717676e-01 -7.949812358202916762e-01 -3.488128150757455193e-02
-5.974382421109198926e-01 -8.009485902488341358e-01 -3.935619887121376975e-02
-5.884217710103726295e-01 -8.073686857017009499e-01 -4.376794974871713040e-02
-5.785790065002121008e-01 -8.142063245943346184e-01 -4.810825160350281487e-02
-5.679091880759679078e-01 -8.214235619426466517e-01 -5.236885174104307511e-02
-5.564129835741935537e-01 -8.289798891484018162e-01 -5.654154913825151785e-02
-5.440927359451920298e-01 -8.368324439448360241e-01 -6.061821665475836118e-02
-5.309527081537069870e-01 -8.449362467283766387e-01 -6.459082348558957409e-02
-5.169993220752441276e-01 -8.532444630959078458e-01 -6.845145770016869413e-02
-5.022413871566322463e-01 -8.617086919550290824e-01 -7.219234870249861824e-02
-4.866903145865505986e-01 -8.702792780865473699e-01 -7.580588944250697681e-02
-4.703603127811237239e-01 -8.789056475253012035e-01 -7.928465820929386787e-02
-4.532685601355133653e-01 -8.875366636002196552e-01 -8.262143984360079130e-02
-4.354353512267218340e-01 -8.961210009514000152e-01 -8.580924621915037021e-02
-4.168842129751089143e-01 -9.046075343358370713e-01 -8.884133586023101881e-02
-3.976419876793512720e-01 -9.129457385594000884e-01 -9.171123258538424472e-02
-3.777388803260216532e-01 -9.210860954455789562e-01 -9.441274309339767190e-02
-3.572084681323164923e-01 -9.289805033854097172e-01 -9.693997343689450541e-02
-3.360876708979860239e-01 -9.365826847204403727e-01 -9.928734435934336022e-02
-3.144166814073648397e-01 -9.438485860023482221e-01 -1.014496055018818677e-01
-2.922388558199578990e-01 -9.507367660573131651e-01 -1.034218485155055656e-01
-2.696005647024182772e-01 -9.572087667663262689e-01 -1.051995191405068475e-01
-2.465510060692914507e-01 -9.632294615572910557e-01 -1.067784283372623655e-01
-2.231419824976840771e-01 -9.687673767911674227e-01 -1.081547625694538883e-01
-1.994276450454305072e-01 -9.737949815097233230e-01 -1.093250933517158491e-01
-1.754642073175654293e-01 -9.782889413911497467e-01 -1.102863861779876664e-01
-1.513096335774292700e-01 -9.822303332237523055e-01 -1.110360089443055837e-01
-1.270233052736720047e-01 -9.856048167468338672e-01 -1.115717399705492135e-01
-1.026656707419223574e-01 -9.884027613095108800e-01 -1.118917757102634858e-01
-7.829788313134801447e-02 -9.906193254488963040e-01 -1.119947382169324268e-01
-5.398143179556575549e-02 -9.922544881741404144e-01 -1.118796824100900256e-01
-2.977777247069469599e-02 -9.933130314469554856e-01 -1.115461031567341887e-01
-5.747961539634693917e-03 -9.938044740570222135e-01 -1.109939421541229904e-01
1.804770044777063986e-02 -9.937429577868888142e-01 -1.102235945706979692e-01
4.155001106045055903e-02 -9.931470874310778241e-01 -1.092359153740920935e-01
6.470118946695672946e-02 -9.920397268645457789e-01 -1.080322252503273794e-01
8.744517691628161948e-02 -9.904477539341400849e-01 -1.066143159975940224e-01
1.097279105173756819e-01 -9.884017774625906139e-01 -1.049844552623895727e-01
1.314975671769618992e-01 -9.859358200990016030e-01 -1.031453904759502965e-01
1.527047751704718459e-01 -9.830869711159256896e-01 -1.011003518451731586e-01
1.733027914769199318e-01 -9.798950135362075597e-01 -9.885305425461785034e-02
1.932476436910375572e-01 -9.764020301704332550e-01 -9.640769794438361351e-02
2.124982360204250853e-01 -9.726519932578343575e-01 -9.376896784206679991e-02
2.310164195672652909e-01 -9.686903424319706080e-01 -9.094203144476001310e-02
2.487670277690317844e-01 -9.645635556816882783e-01 -8.793253516809282355e-02
2.657178785170248303e-01 -9.603187178540018021e-01 -8.474659910244392025e-02
2.818397450728297726e-01 -9.560030910567135498e-01 -8.139081014041954498e-02
2.971062984494849957e-01 -9.516636910743365707e-01 -7.787221346324627036e-02
3.114940244062646690e-01 -9.473468736219443631e-01 -7.419830239569766284e-02
3.249821186151269914e-01 -9.430979339394436334e-01 -7.037700665853206805e-02
3.375523638863712761e-01 -9.389607228853258380e-01 -6.641667906332265892e-02
3.491889935859813221e-01 -9.349772823359975282e-01 -6.232608070639917425e-02
3.598785455343810336e-01 -9.311875023456064326e-01 -5.811436472603999370e-02
3.696097107444958341e-01 -9.276288021822215457e-01 -5.379105868996682943e-02
3.783731813363321872e-01 -9.243358370383218947e-01 -4.936604567878204869e-02
3.861615018575107472e-01 -9.213402319241645877e-01 -4.484954412567960375e-02
3.929689280474266133e-01 -9.186703439971637408e-01 -4.025208646420556924e-02
3.987912968112933831e-01 -9.163510543621875559e-01 -3.558449662487656734e-02
4.036259108246564864e-01 -9.144035901976866887e-01 -3.085786640905383710e-02
4.074714407753765588e-01 -9.128453779195089268e-01 -2.608353075567081472e-02
4.103278477757724696e-01 -9.116899279846153448e-01 -2.127304190430522393e-02
4.121963279505299615e-01 -9.109467518550816711e-01 -1.643814244772669186e-02
4.130792806348138058e-01 -9.106213115813139858e-01 -1.159073725941016375e-02
4.129803010111723904e-01 -9.107150024133841004e-01 -6.742864277423343301e-03
4.119041973834219883e-01 -9.112251688007609873e-01 -1.906664126235570363e-03
4.098570326416078879e-01 -9.121451540828100502e-01 2.905651437194023586e-03
4.068461888259608528e-01 -9.134643840944856041e-01 7.681832256999227004e-03
4.028804530618180779e-01 -9.151684848033310171e-01 1.240962368108099005e-02
3.979701225247235796e-01 -9.172394339459247758e-01 1.707680160322888260e-02
3.921271255188516491e-01 -9.196557464365529011e-01 2.167120859199586289e-02
3.853651552263265279e-01 -9.223926930725289131e-01 2.618079102737539895e-02
3.776998122237986699e-01 -9.254225517561762704e-01 3.059363713783573233e-02
3.691487514793400648e-01 -9.287148900929386164e-01 3.489801580065216013e-02
3.597318292501306414e-01 -9.322368778114920040e-01 3.908241593895613736e-02
3.494712451110809082e-01 -9.359536269915436080e-01 4.313558632073415805e-02
3.383916742662294586e-01 -9.398285575879584686e-01 4.704657553937323378e-02
3.265203853358783492e-01 -9.438237852187995047e-01 5.080477193338192587e-02
3.138873389775190259e-01 -9.479005276553792436e-01 5.439994318557955094e-02
3.005252629888222615e-01 -9.520195259322741244e-01 5.782227533009859366e-02
2.864696999537577615e-01 -9.561414755037249691e-01 6.106241088949410784e-02
2.717590240217143127e-01 -9.602274624299179662e-01 6.411148586433473850e-02
2.564344240436929878e-01 -9.642393992020958926e-01 6.696116530381263088e-02
2.405398510146497526e-01 -9.681404545279348461e-01 6.960367719782904750e-02
2.241219285686087692e-01 -9.718954712147277464e-01 7.203184444811278064e-02
2.072298261218135651e-01 -9.754713662213077008e-01 7.423911469742237867e-02
1.899150951349826144e-01 -9.788375070103032538e-01 7.621958782082789707e-02
1.722314698430663094e-01 -9.819660585259549768e-01 7.796804091042490448e-02
1.542346346534052282e-01 -9.848322954503727633e-01 7.947995061353585466e-02
1.359819612147825652e-01 -9.874148748489670613e-01 8.075151271347168203e-02
1.175322188857703676e-01 -9.896960648952405348e-01 8.177965887032252745e-02
9.894526295850258890e-02 -9.916619260530776803e-01 8.256207046622958401e-02
8.028170550427443652e-02 -9.933024418740326045e-01 8.309718952454374363e-02
6.160257408482400221e-02 -9.946115974175083752e-01 8.338422669478112725e-02
4.296896380699324891e-02 -9.955874042003250990e-01 8.342316631511784153e-02
2.444168828280695455e-02 -9.962318715046811768e-01 8.321476858128488974e-02
6.080934991054321587e-03 -9.965509247951159777e-01 8.276056886524277290e-02
-1.205406967555165340e-02 -9.965542728914972281e-01 8.206287423916409918e-02
-2.990538074261263335e-02 -9.962552263934376651e-01 8.112475727033370554e-02
-4.741663590340863127e-02 -9.956704706313611597e-01 7.995004716091932973e-02
-6.453333380250950158e-02 -9.948197971131516049e-01 7.854331831348770887e-02
-8.120308613675129850e-02 -9.937257980289621040e-01 7.690987640890624422e-02
-9.737584108707035557e-02 -9.924135288602700111e-01 7.505574208807024028e-02
-1.130040763659103803e-01 -9.909101445066622604e-01 7.298763233283318830e-02
-1.280429609529909474e-01 -9.892445145932052819e-01 7.071293964460667603e-02
-1.424504853735171217e-01 -9.874468237545338534e-01 6.823970912127270971e-02
-1.561875611249051166e-01 -9.855481627144341283e-01 6.557661353419455552e-02
-1.692180905600679242e-01 -9.835801159001339444e-01 6.273292650707318341e-02
-1.815090091688542351e-01 -9.815743511596162207e-01 5.971849389703060701e-02
-1.930303027487397516e-01 -9.795622169006410473e-01 5.654370347550417147e-02
-2.037550024087857736e-01 -9.775743516554531443e-01 5.321945300227039211e-02
-2.136591606979180435e-01 -9.756403107093741811e-01 4.975711678024500456e-02
-2.227218123837792219e-01 -9.737882140283349308e-01 4.616851077180048751e-02
-2.309249235291080671e-01 -9.720444192926852578e-01 4.246585634949998078e-02
-2.382533325193049722e-01 -9.704332234037194027e-01 3.866174274578183107e-02
-2.446946865910542002e-01 -9.689765953848364921e-01 3.476908825776307832e-02
-2.502393772038226105e-01 -9.676939431586194518e-01 3.080110025556612174e-02
-2.548804772924527229e-01 -9.666019162496160000e-01 2.677123403606532573e-02
-2.586136830507844153e-01 -9.657142460432787123e-01 2.269315055936602793e-02
-2.614372624360109532e-01 -9.650416248252878804e-01 1.858067310330647343e-02
-2.633520120655770125e-01 -9.645916244314012289e-01 1.444774287237933497e-02
-2.643612236183656705e-01 -9.643686549536010233e-01 1.030837360215768050e-02
-2.644706602661128225e-01 -9.643739635701124024e-01 6.176605208884362874e-03
-2.636885430664292485e-01 -9.646056731907637349e-01 2.066456546468408220e-03
-2.620255466627514074e-01 -9.650588602310143926e-01 -2.008122650347957984e-03
-2.594948030761205504e-01 -9.657256704441724571e-01 -6.033300537717352537e-03
-2.561119118555671426e-01 -9.665954713492732608e-01 -9.995412527047393969e-03
-2.518949543938354130e-01 -9.676550393906743208e-01 -1.388101109393033786e-02
-2.468645098277041372e-01 -9.688887795554026461e-01 -1.767691585616433872e-02
-2.410436696399943790e-01 -9.702789747585409685e-01 -2.137026371734666863e-02
-2.344580478740837526e-01 -9.718060618905948189e-01 -2.494855884492860540e-02
-2.271357837693595838e-01 -9.734489310112136584e-01 -2.839972222559833046e-02
-2.191075336325483680e-01 -9.751852437802847051e-01 -3.171214051750313040e-02
-2.104064488769646357e-01 -9.769917668514533915e-01 -3.487471389916733944e-02
-2.010681373875941869e-01 -9.788447156269971527e-01 -3.787690259991950692e-02
-1.911306056990690616e-01 -9.807201034998161981e-01 -4.070877178695887083e-02
-1.806341798968519596e-01 -9.825940915012405519e-01 -4.336103448041454117e-02
-1.696214036566935091e-01 -9.844433331447749458e-01 -4.582509217020327985e-02
-1.581369124078510213e-01 -9.862453092167386970e-01 -4.809307281725877514e-02
-1.462272832231875097e-01 -9.879786473237377464e-01 -5.015786593663588977e-02
-1.339408606835700011e-01 -9.896234211699548311e-01 -5.201315448071287817e-02
-1.213275596131379863e-01 -9.911614248069788857e-01 -5.365344326664936436e-02
-1.084386462137430091e-01 -9.925764174742786050e-01 -5.507408372266836549e-02
-9.532649971934913091e-02 -9.938543351246094115e-01 -5.627129476175109224e-02
-8.204435722396688502e-02 -9.949834652970288573e-01 -5.724217962801505383e-02
-6.864604479151574512e-02 -9.959545826486514430e-01 -5.798473859940220243e-02
-5.518569831760527372e-02 -9.967610431695934636e-01 -5.849787746934992372e-02
-4.171747786994463997e-02 -9.973988358660406117e-01 -5.878141176891074626e-02
-2.829527937838060767e-02 -9.978665914845578078e-01 -5.883606672845493463e-02
-1.497244757424045190e-02 -9.981655486462255311e-01 -5.866347301385885227e-02
-1.801493992982258416e-03 -9.982994785414107675e-01 -5.826615830528974332e-02
1.116617634029203575e-02 -9.982745700851516357e-01 -5.764753481680630343e-02
2.388052621655518265e-02 -9.980992781309476758e-01 -5.681188288159357697e-02
3.629313259368435740e-02 -9.977841379710643555e-01 -5.576433075045696824e-02
4.835741549627302349e-02 -9.973415499008430052e-01 -5.451083077005151878e-02
6.002884747043926023e-02 -9.967855380826131650e-01 -5.305813212217450753e-02
7.126514213456146274e-02 -9.961314883045747637e-01 -5.141375031636402637e-02
8.202642091467693408e-02 -9.953958694877346192e-01 -4.958593363518765812e-02
9.227535759438357243e-02 -9.945959439491325327e-01 -4.758362673522911757e-02
1.019773008249418161e-01 -9.937494714845968025e-01 -4.541643160722835110e-02
1.111003752150408197e-01 -9.928744122941179917e-01 -4.309456609651900194e-02
1.196155620367881645e-01 -9.919886336446809283e-01 -4.062882018032264869e-02
1.274967609330210638e-01 -9.911096249576846207e-01 -3.803051019214396394e-02
1.347208342821385463e-01 -9.902542257305668727e-01 -3.531143117605309995e-02
1.412676360646194229e-01 -9.894383703650933004e-01 -3.248380754565846629e-02
1.471200271777567958e-01 -9.886768535881781395e-01 -2.956024221469337118e-02
1.522638791626197141e-01 -9.879831197248982733e-01 -2.655366435898423236e-02
1.566880682435682071e-01 -9.873690786266963171e-01 -2.347727596372364833e-02
1.603844614422866577e-01 -9.868449505788954301e-01 -2.034449730597065464e-02
1.633478963241797866e-01 -9.864191420178208825e-01 -1.716891152059323369e-02
1.655761556760738662e-01 -9.860981533852792857e-01 -1.396420839880111592e-02
1.670699381130811567e-01 -9.858865199422058856e-01 -1.074412757221040148e-02
1.678328252829907052e-01 -9.857867858584981047e-01 -7.522401242114310979e-03
1.678712459930984391e-01 -9.857995113964161948e-01 -4.312696623230930816e-03
1.671944372416434565e-01 -9.859233125141514398e-01 -1.128558283425671379e-03
1.658144018083418936e-01 -9.861549317379011415e-01 2.016649424625895776e-03
1.637458617595039800e-01 -9.864893386889281857e-01 5.109799627694328744e-03
1.610062069652590799e-01 -9.869198582108901219e-01 8.138059662810108452e-03
1.576154375202222235e-01 -9.874383236270370956e-01 1.108894702776741341e-02
1.535960988132086813e-01 -9.880352522721499442e-01 1.395038428749025353e-02
1.489732079126907527e-01 -9.887000400963720237e-01 1.671075265688210312e-02
1.437741699263407613e-01 -9.894211718339263051e-01 1.935894396749431381e-02
1.380286830562111600e-01 -9.901864429759340558e-01 2.188441071513777536e-02
1.317686312040335928e-01 -9.909831895900242937e-01 2.427721387915157680e-02
1.250279631791616219e-01 -9.917985218966639538e-01 2.652806820203636867e-02
1.178425578175955890e-01 -9.926195574489791174e-01 2.862838462101511064e-02
1.102500746247081082e-01 -9.934336497740062777e-01 3.057030955108472337e-02
1.022897898951416612e-01 -9.942286084220572917e-01 3.234676073236986138e-02
9.400241862775554624e-02 -9.949929065386383664e-01 3.395145937299640093e-02
8.542992292736042992e-02 -9.957158723194766692e-01 3.537895834199542011e-02
7.661530795381153724e-02 -9.963878610307539407e-01 3.662466619448583732e-02
6.760240682859539052e-02 -9.970004046683692556e-01 3.768486684297320949e-02
5.843565622595601333e-02 -9.975463367843955265e-01 3.855673472332975943e-02
4.915986464792161670e-02 -9.980198905161928868e-01 3.923834534108196215e-02
3.981997560032630307e-02 -9.984167684023687039e-01 3.972868112216813158e-02
3.046082804246188006e-02 -9.987341831469616071e-01 4.002763253146068845e-02
2.112691657141629181e-02 -9.989708690848813077e-01 4.013599446121277059e-02
1.186215382138565248e-02 -9.991270646932847166e-01 4.005545792937149907e-02
2.715341148577129354e-03 -9.992044131812582997e-01 3.978956166784484993e-02
-6.272978724828686889e-03 -9.992060444324972757e-01 3.934427381194720991e-02
-1.506411149228914503e-02 -9.991363227916966183e-01 3.872624577517755351e-02
-2.362136057392294486e-02 -9.990007103691967982e-01 3.794275654477056309e-02
-3.191015754354310785e-02 -9.988056165873446801e-01 3.700165590395215753e-02
-3.989817334501087609e-02 -9.985582375860415638e-01 3.591130697256848109e-02
-4.755541029737384018e-02 -9.982663890869353240e-01 3.468052843592249468e-02
-5.485427519115917971e-02 -9.979383362239259148e-01 3.331853680724072148e-02
-6.176963404951579806e-02 -9.975826236900281474e-01 3.183488904303127809e-02
-6.827884936124424542e-02 -9.972079093360912694e-01 3.023942580346645689e-02
-7.436180078375469182e-02 -9.968228040949536073e-01 2.854221562254468519e-02
-8.000089046029659756e-02 -9.964357208050594883e-01 2.675350022578873097e-02
-8.518103419696482215e-02 -9.960547341800429777e-01 2.488364120715394825e-02
-8.988963980229990047e-02 -9.956874538245459316e-01 2.294306825208114811e-02
-9.411657390857300354e-02 -9.953409118402412048e-01 2.094222907055660887e-02
-9.785411857313601469e-02 -9.950214662075530514e-01 1.889154118285405609e-02
-1.010969189055503370e-01 -9.947347207749059894e-01 1.680134568144752219e-02
-1.038419228872832639e-01 -9.944854623445543718e-01 1.468186307542506883e-02
-1.060883144516692328e-01 -9.942776150172845107e-01 1.254315130854475289e-02
-1.078374407787835720e-01 -9.941142116517557303e-01 1.039506602872950977e-02
-1.090927346389539143e-01 -9.939973820113289227e-01 8.247223175113872762e-03
-1.098596324955812137e-01 -9.939283569145193065e-01 6.108963938507161982e-03
-1.101454889579813051e-01 -9.939074874766119505e-01 3.989322142070960905e-03
-1.099594880626457577e-01 -9.939342783307977269e-01 1.896994080855023135e-03
-1.093125517604439101e-01 -9.940074335482099732e-01 -1.596891486744132435e-04
-1.082172459007940402e-01 -9.941249138378110972e-01 -2.172786805105331696e-03
-1.066876839337979471e-01 -9.942840034991475839e-01 -4.134771127518551900e-03
-1.047394284989659058e-01 -9.944813855231897648e-01 -6.038547419898820587e-03
-1.023893910348282060e-01 -9.947132231881180564e-01 -7.877471591784885457e-03
-9.965572952702522747e-02 -9.949752464770721394e-01 -9.645365160038367469e-03
-9.655774451228228694e-02 -9.952628416523333632e-01 -1.133652772465497394e-02
-9.311577347030364216e-02 -9.955711423537122462e-01 -1.294574694004824514e-02
-8.935108376287045906e-02 -9.958951206463697581e-01 -1.446830601219277652e-02
-8.528576431674796121e-02 -9.962296765229762263e-01 -1.589998876136572079e-02
-8.094261629160710847e-02 -9.965697244648450415e-01 -1.723708229988031582e-02
-7.634504302314439050e-02 -9.969102757840961893e-01 -1.847637738404018376e-02
-7.151693958204827228e-02 -9.972465156014282961e-01 -1.961516650941127343e-02
-6.648258233864064171e-02 -9.975738734589778556e-01 -2.065123982824691035e-02
-6.126651896836444317e-02 -9.978880867221473494e-01 -2.158287897733963262e-02
-5.589345937254529967e-02 -9.981852560852441103e-01 -2.240884891354029754e-02
-5.038816802014642326e-02 -9.984618926603024969e-01 -2.312838786251678394e-02
-4.477535823809784821e-02 -9.987149562936030733e-01 -2.374119549387107564e-02
-3.907958898919515478e-02 -9.989418849172762016e-01 -2.424741944236387392e-02
-3.332516467696270551e-02 -9.991406149012395099e-01 -2.464764030060255171e-02
-2.753603850614002799e-02 -9.993095925210301322e-01 -2.494285521305017114e-02
-2.173571990587411587e-02 -9.994477767975489257e-01 -2.513446020455763902e-02
-1.594718649095882776e-02 -9.995546340933354479e-01 -2.522423137878363267e-02
-1.019280099555816728e-02 -9.996301249650477727e-01 -2.521430512285124936e-02
-4.494233565051929981e-03 -9.996746838720104167e-01 -2.510715745442635219e-02
1.127610263577886324e-03 -9.996891924250420614e-01 -2.490558264614362721e-02
6.655667383094183640e-03 -9.996749695818820669e-01 -2.461093680240064585e-02
1.206956475050091626e-02 -9.996336883720060573e-01 -2.422510097289691175e-02
1.734954336786082019e-02 -9.995673849150501500e-01 -2.375030733737112931e-02
2.247653731337225652e-02 -9.994784190496665000e-01 -2.318913013514547344e-02
2.743224909541613910e-02 -9.993694306250808790e-01 -2.254447514860759283e-02
3.219922096957118091e-02 -9.992432922119515171e-01 -2.181956778207664802e-02
3.676090190797116908e-02 -9.991030590373239928e-01 -2.101793978344061037e-02
4.110170996037483537e-02 -9.989519169828062761e-01 -2.014341466153725044e-02
4.520708979556081752e-02 -9.987931295051831748e-01 -1.920009185748449212e-02
4.906356525886805542e-02 -9.986299843444310653e-01 -1.819232973305798598e-02
5.265878682573758851e-02 -9.984657408756205665e-01 -1.712472744378329415e-02
5.598157387101446864e-02 -9.983035789388791104e-01 -1.600210576867955661e-02
5.902195170878414554e-02 -9.981465499460228097e-01 -1.482948697258728785e-02
6.177118338712097451e-02 -9.979975310144504341e-01 -1.361207378076288201e-02
6.422179624603184533e-02 -9.978591828193875690e-01 -1.235522754895347804e-02
6.636760326504466401e-02 -9.977339117857078055e-01 -1.106444571550321485e-02
6.820371923951630555e-02 -9.976238371615839817e-01 -9.745338625206089248e-03
6.972657183223840427e-02 -9.975307634295069725e-01 -8.403605817626615473e-03
7.093390754992491554e-02 -9.974561584171972584e-01 -7.045011875464636877e-03
7.182479269346649098e-02 -9.974011373731394015e-01 -5.675361931244215716e-03
7.239960932736499988e-02 -9.973664531704593550e-01 -4.300476933148137879e-03
7.266004630854454305e-02 -9.973524927002284102e-01 -2.926168773179582683e-03
7.260908540885503692e-02 -9.973592794126178163e-01 -1.558215382981392640e-03
7.225098256013111342e-02 -9.973864818632484086e-01 -2.023359045427489643e-04
7.159124424669841003e-02 -9.974334280241553552e-01 1.135833955373693072e-03
7.063659906870829730e-02 -9.974991250255532682e-01 2.450766276997333980e-03
6.939496450148915918e-02 -9.975822839075250137e-01 3.737064874574770688e-03
6.787540888193512034e-02 -9.976813488812662500e-01 4.989488727344145239e-03
6.608810866333453271e-02 -9.977945305288968836e-01 6.202974783301426313e-03
6.404430099529308251e-02 -9.979198423102872972e-01 7.372660025344779725e-03
6.175623170563247777e-02 -9.980551396958686761e-01 8.493902690772303296e-03
5.923709878622678005e-02 -9.981981612068880905e-01 9.562302537191777127e-03
5.650099151433514433e-02 -9.983465706197018896e-01 1.057372005071824383e-02
5.356282537455653303e-02 -9.984979995789651230e-01 1.152429449591458460e-02
5.043827298333468379e-02 -9.986500898662129533e-01 1.241046071128755306e-02
4.714369125708820635e-02 -9.988005345853616657e-01 1.322896455928888881e-02
4.369604510551205329e-02 -9.989471175548446658e-01 1.397687694567536706e-02
4.011282797228905850e-02 -9.990877502369505114e-01 1.465160632972556908e-02
3.641197958521458916e-02 -9.992205055877133590e-01 1.525090965415277361e-02
3.261180131542610466e-02 -9.993436482744255667e-01 1.577290163153716868e-02
2.873086957993837079e-02 -9.994556607812961069e-01 1.621606233265884475e-02
2.478794775199707687e-02 -9.995552650055423705e-01 1.657924303116714224e-02
2.080189706898503271e-02 -9.996414390346787249e-01 1.686167026848534381e-02
1.679158704701061086e-02 -9.997134288892117748e-01 1.706294811262888331e-02
1.277580592432449660e-02 -9.997707551115190272e-01 1.718305859461392512e-02
8.773171661997506907e-03 -9.998132141794580097e-01 1.722236031625276956e-02
4.802044029709337525e-03 -9.998408748202899377e-01 1.718158523327688661e-02
8.804382971186056409e-04 -9.998540693948957392e-01 1.706183362780388374e-02
-2.974058962613844014e-03 -9.998533806121613354e-01 1.686456729408445515e-02
-6.744371470527183929e-03 -9.998396239170842525e-01 1.659160097114917645e-02
-1.041401177953789337e-02 -9.998138259720086296e-01 1.624509206535239975e-02
-1.396715632086364262e-02 -9.997771997170361580e-01 1.582752871482050877e-02
-1.738871656176821726e-02 -9.997311165518772968e-01 1.534171625640445152e-02
-2.066440591385048167e-02 -9.996770762262547905e-01 1.479076216387247185e-02
-2.378080206963406606e-02 -9.996166750587240912e-01 1.417805953372956382e-02
-2.672540448468599741e-02 -9.995515731239916768e-01 1.350726920219656214e-02
-2.948668676200438821e-02 -9.994834610562951527e-01 1.278230058351391245e-02
-3.205414373415396007e-02 -9.994140271112301743e-01 1.200729132585038814e-02
-3.441833307589176050e-02 -9.993449251108903475e-01 1.118658588669881743e-02
-3.657091131524696503e-02 -9.992777438678778212e-01 1.032471313473641572e-02
-3.850466414378187624e-02 -9.992139786434266480e-01 9.426363089726516251e-03
-4.021353095680922640e-02 -9.991550051445261538e-01 8.496362916151268055e-03
-4.169262358157797138e-02 -9.991020565056861757e-01 7.539652289900227074e-03
-4.293823917592404921e-02 -9.990562036341478214e-01 6.561258260503591289e-03
-4.394786730181617085e-02 -9.990183392243175975e-01 5.566269734093048059e-03
-4.472019119793290559e-02 -9.989891656695120137e-01 4.559811704494522167e-03
-4.525508329331150159e-02 -9.989691870182965117e-01 3.547019361596484739e-03
-4.555359502070615435e-02 -9.989587050404084012e-01 2.533012207379988466e-03
-4.561794100412237818e-02 -9.989578193850705556e-01 1.522868310721429844e-03
-4.545147771060253222e-02 -9.989664317340232191e-01 5.215988322602805108e-04
-4.505867667225284950e-02 -9.989842537743702788e-01 -4.658770497684109214e-04
-4.444509240120132071e-02 -9.990108187438170306e-01 -1.434756682836015084e-03
-4.361732513805861855e-02 -9.990454962344313961e-01 -2.380377824296022425e-03
-4.258297859382131206e-02 -9.990875098819361755e-01 -3.298241740486984163e-03
-4.135061286619198806e-02 -9.991359575168176077e-01 -4.184035397836086134e-03
-3.992969273404992775e-02 -9.991898333121468356e-01 -5.033652626788604964e-03
-3.833053155821049968e-02 -9.992480514316789408e-01 -5.843214143892494494e-03
-3.656423104245092731e-02 -9.993094706610612388e-01 -6.609086322635373406e-03
-3.464261713571822887e-02 -9.993729194951509465e-01 -7.327898609665393047e-03
-3.257817238402457849e-02 -9.994372211556130647e-01 -7.996559489819107455e-03
-3.038396506823433374e-02 -9.995012180249978062e-01 -8.612270910907974045e-03
-2.807357549114428141e-02 -9.995637950060208832e-01 -9.172541087447815683e-03
-2.566101980329745999e-02 -9.996239013472041357e-01 -9.675195611407479482e-03
-2.316067178117871272e-02 -9.996805705175797474e-01 -1.011838680754752022e-02
-2.058718299315563660e-02 -9.997329377628315639e-01 -1.050060128094950501e-02
-1.795540180713114595e-02 -9.997802550318745096e-01 -1.082066561482449701e-02
-1.528029170880798419e-02 -9.998219030251571660e-01 -1.107775018755046727e-02
-1.257684941026436347e-02 -9.998574001824765967e-01 -1.127137108903160552e-02
-9.860023234843381598e-03 -9.998864084973257960e-01 -1.140139012780258011e-02
-7.144632265927201853e-03 -9.999087361151799414e-01 -1.146801293172046952e-02
-4.445286743888429704e-03 -9.999243367431207563e-01 -1.147178515649907929e-02
-1.776310187404296203e-03 -9.999333059662453005e-01 -1.141358682764980273e-02
8.483362974705610862e-04 -9.999358746309406909e-01 -1.129462485250874726e-02
3.415127074287004506e-03 -9.999323995149510536e-01 -1.111642374986617464e-02
5.911041974317946326e-03 -9.999233515579678544e-01 -1.088081465519257982e-02
8.323632835751632042e-03 -9.999093019731515319e-01 -1.058992266950524973e-02
1.064108621185410990e-02 -9.998909065986353317e-01 -1.024615262947751494e-02
1.285228190646807954e-02 -9.998688888779552197e-01 -9.852173385406519726e-03
1.494684702763826589e-02 -9.998440218790020095e-01 -9.410900682079323398e-03
1.691520528395272158e-02 -9.998171097722224898e-01 -8.925478745374668815e-03
1.874862128281991683e-02 -9.997889691903472098e-01 -8.399260684579768280e-03
2.043923962486435611e-02 -9.997604108840625337e-01 -7.835787826865231107e-03
2.198011862348196732e-02 -9.997322220711326590e-01 -7.238768106129905670e-03
2.336525851298791590e-02 -9.997051498510957090e-01 -6.612053633488193007e-03
2.458962404243252020e-02 -9.996798860245363905e-01 -5.959617581015833922e-03
2.564916138485848207e-02 -9.996570536159973264e-01 -5.285530513988934836e-03
2.654080932341035259e-02 -9.996371953538532029e-01 -4.593936309738700687e-03
2.726250470624694278e-02 -9.996207643101004958e-01 -3.889027803394896812e-03
2.781318219167809927e-02 -9.996081168492253477e-01 -3.175022302198034392e-03
2.819276833343139013e-02 -9.995995079793911220e-01 -2.456137110716534195e-03
2.840217008357263234e-02 -9.995950891424395524e-01 -1.736565209202757792e-03
2.844325781749967863e-02 -9.995949084229190928e-01 -1.020451226452444380e-03
2.831884301174842841e-02 -9.995989131018118146e-01 -3.118678468872716422e-04
2.803265073122883713e-02 -9.996069544290253628e-01 3.852072108477322182e-04
2.758928710805388235e-02 -9.996187944411699666e-01 1.066913509697517328e-03
2.699420201940249883e-02 -9.996341146086566987e-01 1.729529374356713646e-03
2.625364719688357690e-02 -9.996525260596120788e-01 2.369492410513710651e-03
2.537463002459879741e-02 -9.996735810982296799e-01 2.983418943506384834e-03
2.436486330743218090e-02 -9.996967857125345081e-01 3.568122263081330119e-03
2.323271131485712959e-02 -9.997216127515118345e-01 4.120629568069694368e-03
2.198713242852289723e-02 -9.997475154443480339e-01 4.638197512643953482e-03
2.063761874378776742e-02 -9.997739409351694695e-01 5.118326264366010285e-03
1.919413299589147956e-02 -9.998003435149787066e-01 5.558771993433775024e-03
1.766704320026390995e-02 -9.998261972481272686e-01 5.957557722327913238e-03
1.606705541319735850e-02 -9.998510077131215201e-01 6.312982475391077167e-03
1.440514503341590487e-02 -9.998743226061511669e-01 6.623628678668904389e-03
1.269248707662539062e-02 -9.998957409896617188e-01 6.888367771528426491e-03
1.094038586362327398e-02 -9.999149210066253790e-01 7.106364003062108289e-03
9.160204567736713460e-03 -9.999315859228884440e-01 7.277076397996472962e-03
7.363295069045472201e-03 -9.999455284040001946e-01 7.400258888661726507e-03
5.560928560905129339e-03 -9.999566129781330970e-01 7.475958621449558042e-03
3.764227348658832472e-03 -9.999647766819634853e-01 7.504512457996570865e-03
1.984098271129199498e-03 -9.999700279305709927e-01 7.486541702988017827e-03
2.311681626056966143e-04 -9.999724436944849026e-01 7.422945101890549187e-03
-1.484278243255065513e-03 -9.999721651059498839e-01 7.314890163007397618e-03
-3.152357585698137288e-03 -9.999693916514256209e-01 7.163802868923460458e-03
-4.763643965818843001e-03 -9.999643741374876216e-01 6.971355852595726051e-03
-6.309221517745815244e-03 -9.999574066420345853e-01 6.739455122977386185e-03
-7.780733154928889776e-03 -9.999488176815388707e-01 6.470225434079695387e-03
-9.170425213629830249e-03 -9.999389608376753058e-01 6.165994399719116476e-03
-1.047118774648848200e-02 -9.999282050928702814e-01 5.829275463820498583e-03
-1.167659025100121518e-02 -9.999169251241264433e-01 5.462749843008743791e-03
-1.278091265056215814e-02 -9.999054917980687573e-01 5.069247564286824548e-03
-1.377917137906611855e-02 -9.998942630978348012e-01 4.651727725838330878e-03
-1.466714045367247671e-02 -9.998835756946651276e-01 4.213258113384594356e-03
-1.544136745393426963e-02 -9.998737373544156481e-01 3.756994308051399105e-03
-1.609918435889594324e-02 -9.998650203424154226e-01 3.286158424344400725e-03
-1.663871322678232498e-02 -9.998576559599116065e-01 2.804017618585564076e-03
-1.705886673439887397e-02 -9.998518303126298079e-01 2.313862509018883764e-03
-1.735934362522578364e-02 -9.998476813776312477e-01 1.818985648749469903e-03
-1.754061914632455005e-02 -9.998452973995815007e-01 1.322660191736282041e-03
-1.760393058450865009e-02 -9.998447166126716024e-01 8.281188902193137129e-04
-1.755125804169071352e-02 -9.998459282506435564e-01 3.385335592345409652e-04
-1.738530061783794337e-02 -9.998488747754975536e-01 -1.430048597339786853e-04
-1.710944819747024087e-02 -9.998534552262793307e-01 -6.135055083798298531e-04
-1.672774906203365608e-02 -9.998595295635346325e-01 -1.070095972196729878e-03
-1.624487357567208981e-02 -9.998669238631657796e-01 -1.510039675934196548e-03
-1.566607421577992376e-02 -9.998754361959886205e-01 -1.930752204621873471e-03
-1.499714224210613178e-02 -9.998848430166141776e-01 -2.329816448540658353e-03
-1.424436131893650620e-02 -9.998949058775709053e-01 -2.704996478860571298e-03
-1.341445842383021982e-02 -9.999053782819177227e-01 -3.054250069655187975e-03
-1.251455239334453573e-02 -9.999160124899137969e-01 -3.375739791582814051e-03
-1.155210047095687684e-02 -9.999265661024159257e-01 -3.667842612631325161e-03
-1.053484323479843623e-02 -9.999368082552552162e-01 -3.929157951886618101e-03
-9.470748292669174673e-03 -9.999465252744828003e-01 -4.158514143228253350e-03
-8.367953138948140343e-03 -9.999555256615330068e-01 -4.354973277099574019e-03
-7.234707572307330810e-03 -9.999636442994402907e-01 -4.517834399958871663e-03
-6.079316074473606508e-03 -9.999707457955819834e-01 -4.646635062605488156e-03
-4.910080548589236364e-03 -9.999767269022936667e-01 -4.741151220200578997e-03
-3.735243810964634058e-03 -9.999815179833748680e-01 -4.801395498376286389e-03
-2.562934222206440533e-03 -9.999850835212262812e-01 -4.827613851259204315e-03
-1.401111832892907010e-03 -9.999874216854151010e-01 -4.820280648435607863e-03
-2.575164052516917476e-04 -9.999885630081510879e-01 -4.780092238770759783e-03
8.603823441920984642e-04 -9.999885682348522709e-01 -4.707959049479980285e-03
1.945431955115846292e-03 -9.999875254381075385e-01 -4.604996288856540339e-03
2.990841582647075711e-03 -9.999855465004380273e-01 -4.472513330517512674e-03
3.990223224606318994e-03 -9.999827630849279503e-01 -4.312001865865582560e-03
4.937629561557704654e-03 -9.999793222227670864e-01 -4.125122919620925581e-03
5.827588181699773148e-03 -9.999753816528549333e-01 -3.913692830697188853e-03
6.655131991234676699e-03 -9.999711050507982257e-01 -3.679668307330795883e-03
7.415825640574688800e-03 -9.999666572829548628e-01 -3.425130671181108276e-03
8.105787827314244604e-03 -9.999621998157892655e-01 -3.152269410065117791e-03
8.721709368055149958e-03 -9.999578864019758040e-01 -2.863365163045446596e-03
9.260866962675105840e-03 -9.999538591527609155e-01 -2.560772264732178675e-03
9.721132606241760302e-03 -9.999502450915029872e-01 -2.246900977871297417e-03
1.010097863527721802e-02 -9.999471532665357154e-01 -1.924199544565331765e-03
1.039947842626684667e-02 -9.999446724830861610e-01 -1.595136186801248118e-03
1.061630279499081037e-02 -9.999428696944892003e-01 -1.262181186348560521e-03
1.075171217525862540e-02 -9.999417890729592751e-01 -9.277891725448389210e-04
1.080654468477822844e-02 -9.999414517602832619e-01 -5.943817440197301030e-04
1.078220021403167306e-02 -9.999418562795530097e-01 -2.643305470415783349e-04
1.068062070100591482e-02 -9.999429795709822155e-01 6.005907107221446781e-05
1.050426678028937820e-02 -9.999447785984325598e-01 3.765637201279148794e-04
1.025609101924629570e-02 -9.999471924589239391e-01 6.830568293543419576e-04
9.939507976575778780e-03 -9.999501449154695187e-01 9.775226130329069726e-04
9.558361339407892010e-03 -9.999535472643287237e-01 1.258069046042995919e-03
9.116888414043180025e-03 -9.999573014413867256e-01 1.522939763949195851e-03
8.619682262367506231e-03 -9.999613032689496084e-01 1.770524810902624445e-03
8.071651790738470361e-03 -9.999654457437892052e-01 1.999370167812858107e-03
7.477980110619055973e-03 -9.999696222697074255e-01 2.208186002899784148e-03
6.844081500315495753e-03 -9.999737297430502103e-01 2.395853596781788789e-03
6.175557304761113836e-03 -9.999776714072502459e-01 2.561430904619792226e-03
5.478151115295018005e-03 -9.999813594023156949e-01 2.704156728434312530e-03
4.757703573753727967e-03 -9.999847169468464303e-01 2.823453483460979657e-03
4.020107144888385338e-03 -9.999876801032537843e-01 2.918928553223141230e-03
3.271261198129105270e-03 -9.999901990909472183e-01 2.990374238791886942e-03
2.517027734057755792e-03 -9.999922391268877275e-01 3.037766318387613920e-03
1.763188082665802757e-03 -9.999937807876394524e-01 3.061261243967702394e-03
1.015400889638068361e-03 -9.999948199014373484e-01 3.061192011658396377e-03
2.791616936173522403e-04 -9.999953669924156463e-01 3.038062752744696664e-03
-4.402356182037930367e-04 -9.999954463116222936e-01 2.992542101352582522e-03
-1.137735206597647155e-03 -9.999950945004503211e-01 2.925455403870005563e-03
-1.808553279133610393e-03 -9.999943589413599065e-01 2.837775843488541012e-03
-2.448209463123816442e-03 -9.999932958580325382e-01 2.730614560943488405e-03
-3.052555347661795385e-03 -9.999919682322355730e-01 2.605209859529596193e-03
-3.617800014299715067e-03 -9.999904436075957026e-01 2.462915588721803929e-03
-4.140532401631069268e-03 -9.999887918511789486e-01 2.305188806191329955e-03
-4.617740375691646582e-03 -9.999870829422965457e-01 2.133576822639827661e-03
-5.046826405429709686e-03 -9.999853848544288937e-01 1.949703737647819892e-03
-5.425619770294968017e-03 -9.999837615907545274e-01 1.755256577624878878e-03
-5.752385255026873367e-03 -9.999822714267246893e-01 1.551971148941808185e-03
-6.025828314762825613e-03 -9.999809654047006058e-01 1.341617720410148012e-03
-6.245096721419273605e-03 -9.999798861161833807e-01 1.125986649449468423e-03
-6.409778729714066606e-03 -9.999790667969392643e-01 9.068740655528233739e-04
-6.519897827995494409e-03 -9.999785307497002229e-01 6.860677230369571864e-04
-6.575904165029363042e-03 -9.999782910984381656e-01 4.653331325646262260e-04
-6.578662768886013763e-03 -9.999783508678103949e-01 2.464000775765595687e-04
-6.529438697888993379e-03 -9.999787033715580309e-01 3.094961760139442841e-05
-6.429879286069797514e-03 -9.999793328847003115e-01 -1.793983245391257361e-04
-6.281993666561548617e-03 -9.999802155665489245e-01 -3.830967003017817125e-04
-6.088129775711302767e-03 -9.999813205950717210e-01 -5.786823128208609711e-04
-5.850949058258793009e-03 -9.999826114681227285e-01 -7.647859561977518681e-04
-5.573399109592987177e-03 -9.999840474236306731e-01 -9.401416463315941715e-04
-5.258684504743264126e-03 -9.999855849290448795e-01 -1.103594881038510870e-03
-4.910236075289207275e-03 -9.999871791901839835e-01 -1.254109875745140898e-03
-4.531678904696772280e-03 -9.999887856310551992e-01 -1.390775729949021060e-03
-4.126799319640036233e-03 -9.999903612991131174e-01 -1.512811488838227683e-03
-3.699511159595636131e-03 -9.999918661546628451e-01 -1.619570073877526139e-03
-3.253821609369306374e-03 -9.999932642084916612e-01 -1.710541065718228487e-03
-2.793796879218563272e-03 -9.999945244781318632e-01 -1.785352332393122824e-03
-2.323528014881676238e-03 -9.999956217401745340e-01 -1.843770505334987398e-03
-1.847097115141264597e-03 -9.999965370635146567e-01 -1.885700315226590410e-03
-1.368544227593572644e-03 -9.999972581160664342e-01 -1.911182808972167885e-03
-8.918351841357803015e-04 -9.999977792450795988e-01 -1.920392478097645390e-03
-4.208306264185044374e-04 -9.999981013384768858e-01 -1.913633337564507467e-03
4.074354174609648221e-05 -9.999982314813916640e-01 -1.891334002248845798e-03
4.893240531450200343e-04 -9.999981824281169995e-01 -1.854041816125439864e-03
9.215363220408685080e-04 -9.999979719148107682e-01 -1.802416096444114024e-03
1.334218448475976053e-03 -9.999976218424050378e-01 -1.737220561834684285e-03
1.724443015045528608e-03 -9.999971573621475596e-01 -1.659315019275843257e-03
2.089536530086253448e-03 -9.999966058980011008e-01 -1.569646390166724729e-03
2.427096393111683945e-03 -9.999959961407319797e-01 -1.469239160308459004e-03
2.735005280986060362e-03 -9.999953570479565013e-01 -1.359185342404276324e-03
3.011442876560436674e-03 -9.999947168827462152e-01 -1.240634042695061036e-03
3.254894885088846761e-03 -9.999941023207198354e-01 -1.114780725544108411e-03
3.464159307492311202e-03 -9.999935376519962782e-01 -9.828562711587415616e-04
3.638349963239099517e-03 -9.999930441001013692e-01 -8.461159221830362454e-04
3.776897279060054124e-03 -9.999926392750837501e-01 -7.058282146179236174e-04
3.879546382722337539e-03 -9.999923367728836832e-01 -5.632639874321033590e-04
3.946352563454725779e-03 -9.999921459275991076e-01 -4.196855633361129914e-04
3.977674182171469369e-03 -9.999920717178981677e-01 -2.763361905258215380e-04
3.974163135207595295e-03 -9.999921148236146085e-01 -1.344298317902904098e-04
3.936752994694055381e-03 -9.999922718236978758e-01 4.858616741703795450e-06
3.866644966814843706e-03 -9.999925355223288070e-01 1.404025997303572288e-04
3.765291825860474662e-03 -9.999928953862751158e-01 2.711325975509742969e-04
3.634379997095872096e-03 -9.999933380735559485e-01 3.960441759159056673e-04
3.475809974882274143e-03 -9.999938480312769995e-01 5.142053305774109320e-04
3.291675274133003173e-03 -9.999944081391398676e-01 6.247630744326952180e-04
3.084240122957966970e-03 -9.999950003746221894e-01 7.269492216729361465e-04
2.855916112193663224e-03 -9.999956064761621466e-01 8.200853312551263218e-04
2.609238023373153074e-03 -9.999962085818068225e-01 9.035867798585607092e-04
2.346839060530286382e-03 -9.999967898226392871e-01 9.769659425445298331e-04
2.071425713038669777e-03 -9.999973348527784189e-01 1.039834467494828553e-03
1.785752476461030611e-03 -9.999978303007477365e-01 1.091904639388173361e-03
1.492596656149776119e-03 -9.999982651304053505e-01 1.132989834109887108e-03
1.194733474134074790e-03 -9.999986309032827814e-01 1.163004075506540724e-03
8.949116937102645497e-04 -9.999989219379621375e-01 1.181960712722501805e-03
5.958299681959485210e-04 -9.999991353658868043e-01 1.189970244220719649e-03
3.001141106057776090e-04 -9.999992710866270063e-01 1.187237321829642421e-03
1.029546966650209637e-05 -9.999993316289828016e-01 1.174056975009560647e-03
-2.712094152670901492e-04 -9.999993219272962364e-01 1.150810101936635722e-03
-5.421177220694298020e-04 -9.999992490248799104e-01 1.117958279907768681e-03
-8.002976736166023293e-04 -9.999991217184702741e-01 1.076037952925775788e-03
-1.043784159158465778e-03 -9.999989501590412777e-01 1.025654059089052420e-03
-1.270792540426175354e-03 -9.999987454251388908e-01 9.674731645458807712e-04
-1.479730551798385911e-03 -9.999985190851136130e-01 9.022161742498067049e-04
-1.669208222596223938e-03 -9.999982827642563965e-01 8.306506925444803648e-04
-1.838045768703355266e-03 -9.999980477319245775e-01 7.535831086959997359e-04
-1.985279420032202112e-03 -9.999978245223257733e-01 6.718504838667369201e-04
-2.110165169700381569e-03 -9.999976226007922797e-01 5.863123166821944312e-04
-2.212180449964870708e-03 -9.999974500851992465e-01 4.978422644836203023e-04
-2.291023758811348062e-03 -9.999973135297570703e-01 4.073198965925061386e-04
-2.346612279444067802e-03 -9.999972177758356118e-01 3.156225544537546047e-04
-2.379077552605815982e-03 -9.999971658718519452e-01 2.236173913935447820e-04
-2.388759278524375286e-03 -9.999971590616784090e-01 1.321536619530947756e-04
-2.376197341187212195e-03 -9.999971968385847898e-01 4.205532737368281233e-05
-2.342122162455963913e-03 -9.999972770595063620e-01 -4.588596015010501050e-05
-2.287443507124417661e-03 -9.999973961125002697e-01 -1.309174363194408981e-04
-2.213237872288081887e-03 -9.999975491286633433e-01 -2.123313135218023618e-04
-2.120734605233552065e-03 -9.999977302285943948e-01 -2.894703317998287197e-04
-2.011300903389041678e-03 -9.999979327926998840e-01 -3.617327300063673387e-04
-1.886425857635841419e-03 -9.999981497442926859e-01 -4.285766012393542670e-04
-1.747703706411441035e-03 -9.999983738344979667e-01 -4.895236029895333680e-04
-1.596816472501715522e-03 -9.999985979184470297e-01 -5.441619989639929437e-04
-1.435516157200981578e-03 -9.999988152130715457e-01 -5.921490162048867554e-04
-1.265606667610131957e-03 -9.999990195279557792e-01 -6.332125078406872221e-04
-1.088925652255818503e-03 -9.999992054621161808e-01 -6.671519185221039131e-04
-9.073264179751553207e-04 -9.999993685611813232e-01 -6.938385562422644953e-04
-7.226600971636909076e-04 -9.999995054311821008e-01 -7.132151807580479688e-04
-5.367582290876382091e-04 -9.999996138069557894e-01 -7.252949251556278050e-04
-3.514159120872664948e-04 -9.999996925749499166e-01 -7.301595731798563070e-04
-1.683756752332892447e-04 -9.999997417519215226e-01 -7.279572207186567811e-04
1.068779155891710084e-05 -9.999997624225953619e-01 -7.188993552482123061e-04
1.841819206907650862e-04 -9.999997566407282656e-01 -7.032573920546130505e-04
3.506094468498375041e-04 -9.999997272991743014e-01 -6.813587106093933407e-04
5.085803800487626557e-04 -9.999996779754315446e-01 -6.535822385515577303e-04
6.568226815176095388e-04 -9.999996127597479134e-01 -6.203536342839781250e-04
7.941915664060191730e-04 -9.999995360731688265e-01 -5.821401221996195434e-04
9.196773719253046112e-04 -9.999994524829167730e-01 -5.394450369908020734e-04
1.032411944585755539e-03 -9.999993665222256523e-01 -4.928021353463661429e-04
1.131673515408183721e-03 -9.999992825212233871e-01 -4.427697345968618849e-04
1.216890047259317972e-03 -9.999992044547058034e-01 -3.899247385224161163e-04
1.287641053627661732e-03 -9.999991358117069629e-01 -3.348566105933928165e-04
1.343657903072695021e-03 -9.999990794906912228e-01 -2.781613543779023166e-04
1.384822638103173128e-03 -9.999990377230206784e-01 -2.204355597359384795e-04
1.411165351233000615e-03 -9.999990120261338378e-01 -1.622705717463013210e-04
1.422860174296099655e-03 -9.999990031866585749e-01 -1.042468371036911923e-04
1.420219949653506565e-03 -9.999990112725229974e-01 -4.692848000866860464e-05
1.403689663584626766e-03 -9.999990356720558360e-01 9.141843613527334759e-06
1.373838732818524885e-03 -9.999990751571330438e-01 6.344776834979237766e-05
1.331352244739845633e-03 -9.999991279666466948e-01 1.155036767882570509e-04
1.277021260218981491e-03 -9.999991919059785239e-01 1.648587554146414163e-04
1.211732295201492244e-03 -9.999992644577608836e-01 2.111006167268369798e-04
1.136456103094768280e-03 -9.999993428990132660e-01 2.538584602815015332e-04
1.052235884571204368e-03 -9.999994244197486504e-01 2.928057504833212529e-04
9.601750546412005961e-04 -9.999995062383407740e-01 3.276623941644336174e-04
8.614246987244747206e-04 -9.999995857093153528e-01 3.581964063234735355e-04
7.571708499667019910e-04 -9.999996604197508576e-01 3.842250577457671269e-04
6.486217192263322951e-04 -9.999997282711208246e-01 4.056155035536868785e-04
5.369950070229483757e-04 -9.999997875441481998e-01 4.222848969853723556e-04
4.235054233360746557e-04 -9.999998369450394664e-01 4.341999978186489632e-04
3.093525365266963233e-04 -9.999998756322867610e-01 4.413762897947946036e-04
1.957090668893891211e-04 -9.999999032240390884e-01 4.438766261060507977e-04
8.370973350825881940e-05 -9.999999197868119083e-01 4.418094264466639900e-04
-2.555924472782478748e-05 -9.999999258070076946e-01 4.353264532483906279e-04
-1.310699017997012268e-04 -9.999999221473242494e-01 4.246201984902093053e-04
-2.318614482583297959e-04 -9.999999099906202726e-01 4.099209158550096480e-04
-3.270482934467093452e-04 -9.999998907741730614e-01 3.914933359742587497e-04
