-1.800000000000000211e-01
-3.600000000000000422e-01
-5.400000000000000355e-01
-7.200000000000000844e-01
-9.000000000000001332e-01
-1.080000000000000071e+00
-1.260000000000000009e+00
-1.439999999999999947e+00
-1.619999999999999885e+00
-1.799999999999999822e+00
-1.979999999999999760e+00
-2.159999999999999698e+00
-2.339999999999999858e+00
-2.520000000000000018e+00
-2.700000000000000178e+00
-2.880000000000000338e+00
-3.060000000000000497e+00
-3.240000000000000657e+00
-3.420000000000000817e+00
-3.600000000000000977e+00
-3.780000000000001137e+00
-3.960000000000001297e+00
-4.140000000000001457e+00
-4.320000000000001172e+00
-4.500000000000000888e+00
-4.680000000000000604e+00
-4.860000000000000320e+00
-5.040000000000000036e+00
-5.219999999999999751e+00
-5.399999999999999467e+00
-5.579999999999999183e+00
-5.759999999999998899e+00
-5.939999999999998614e+00
-6.119999999999998330e+00
-6.299999999999998046e+00
-6.479999999999997762e+00
-6.659999999999997478e+00
-6.839999999999997193e+00
-7.019999999999996909e+00
-7.199999999999996625e+00
-7.379999999999996341e+00
-7.559999999999996056e+00
-7.739999999999995772e+00
-7.919999999999995488e+00
-8.099999999999996092e+00
-8.279999999999995808e+00
-8.459999999999995524e+00
-8.639999999999995239e+00
-8.819999999999994955e+00
-8.999999999999994671e+00
-9.179999999999994387e+00
-9.179999999999994387e+00
-9.179999999999994387e+00
-9.179999999999994387e+00
-9.179999999999994387e+00
-9.179999999999994387e+00
-9.179999999999994387e+00
-9.179999999999994387e+00
-9.179999999999994387e+00
-9.179999999999994387e+00
-9.179999999999994387e+00
-9.179999999999994387e+00
-9.179999999999994387e+00
-9.179999999999994387e+00
-9.179999999999994387e+00
-9.179999999999994387e+00
-9.179999999999994387e+00
-9.179999999999994387e+00
-9.179999999999994387e+00
-9.179999999999994387e+00
-9.179999999999994387e+00
-9.179999999999994387e+00
-9.179999999999994387e+00
-9.179999999999994387e+00
-9.179999999999994387e+00
-9.179999999999994387e+00
-9.179999999999994387e+00
-9.179999999999994387e+00
-9.179999999999994387e+00
-9.179999999999994387e+00
-9.179999999999994387e+00
-9.179999999999994387e+00
-9.179999999999994387e+00
-9.179999999999994387e+00
-9.179999999999994387e+00
-9.179999999999994387e+00
-9.179999999999994387e+00
-9.179999999999994387e+00
-9.179999999999994387e+00
-9.179999999999994387e+00
-9.179999999999994387e+00
-9.179999999999994387e+00
-9.179999999999994387e+00
-9.179999999999994387e+00
-9.179999999999994387e+00
-9.179999999999994387e+00
-9.179999999999994387e+00
-9.179999999999994387e+00
-9.179999999999994387e+00
-9.179999999999994387e+00
-9.179999999999994387e+00
-8.999999999999994671e+00
-8.819999999999994955e+00
-8.639999999999995239e+00
-8.459999999999995524e+00
-8.279999999999995808e+00
-8.099999999999996092e+00
-7.919999999999996376e+00
-7.739999999999996660e+00
-7.559999999999996945e+00
-7.379999999999997229e+00
-7.199999999999997513e+00
-7.019999999999997797e+00
-6.839999999999998082e+00
-6.659999999999998366e+00
-6.479999999999998650e+00
-6.299999999999998934e+00
-6.119999999999999218e+00
-5.939999999999999503e+00
-5.759999999999999787e+00
-5.580000000000000071e+00
-5.400000000000000355e+00
-5.220000000000000639e+00
-5.040000000000000924e+00
-4.860000000000001208e+00
-4.680000000000001492e+00
-4.500000000000001776e+00
-4.320000000000002061e+00
-4.140000000000002345e+00
-3.960000000000002185e+00
-3.780000000000002025e+00
-3.600000000000001865e+00
-3.420000000000001705e+00
-3.240000000000001545e+00
-3.060000000000001386e+00
-2.880000000000001226e+00
-2.700000000000001066e+00
-2.520000000000000906e+00
-2.340000000000000746e+00
-2.160000000000000586e+00
-1.980000000000000648e+00
-1.800000000000000711e+00
-1.620000000000000773e+00
-1.440000000000000835e+00
-1.260000000000000897e+00
-1.080000000000000959e+00
-9.000000000000009104e-01
-7.200000000000008615e-01
-5.400000000000008127e-01
-3.600000000000007638e-01
-1.800000000000007427e-01
-3.600000000000007638e-01
-5.400000000000008127e-01
-7.200000000000008615e-01
-9.000000000000009104e-01
-1.080000000000000959e+00
-1.260000000000000897e+00
-1.440000000000000835e+00
-1.620000000000000773e+00
-1.800000000000000711e+00
-1.980000000000000648e+00
-2.160000000000000586e+00
-2.340000000000000746e+00
-2.520000000000000906e+00
-2.700000000000001066e+00
-2.880000000000001226e+00
-3.060000000000001386e+00
-3.240000000000001545e+00
-3.420000000000001705e+00
-3.600000000000001865e+00
-3.780000000000002025e+00
-3.960000000000002185e+00
-4.140000000000002345e+00
-4.320000000000002061e+00
-4.500000000000001776e+00
-4.680000000000001492e+00
-4.860000000000001208e+00
-5.040000000000000924e+00
-5.220000000000000639e+00
-5.400000000000000355e+00
-5.580000000000000071e+00
-5.759999999999999787e+00
-5.939999999999999503e+00
-6.119999999999999218e+00
-6.299999999999998934e+00
-6.479999999999998650e+00
-6.659999999999998366e+00
-6.839999999999998082e+00
-7.019999999999997797e+00
-7.199999999999997513e+00
-7.379999999999997229e+00
-7.559999999999996945e+00
-7.739999999999996660e+00
-7.919999999999996376e+00
-8.099999999999996092e+00
-8.279999999999995808e+00
-8.459999999999995524e+00
-8.639999999999995239e+00
-8.819999999999994955e+00
-8.999999999999994671e+00
-9.179999999999994387e+00
-8.999999999999994671e+00
-8.819999999999994955e+00
-8.639999999999995239e+00
-8.459999999999995524e+00
-8.279999999999995808e+00
-8.099999999999996092e+00
-7.919999999999996376e+00
-7.739999999999996660e+00
-7.559999999999996945e+00
-7.379999999999997229e+00
-7.199999999999997513e+00
-7.019999999999997797e+00
-6.839999999999998082e+00
-6.659999999999998366e+00
-6.479999999999998650e+00
-6.299999999999998934e+00
-6.119999999999999218e+00
-5.939999999999999503e+00
-5.759999999999999787e+00
-5.580000000000000071e+00
-5.400000000000000355e+00
-5.220000000000000639e+00
-5.040000000000000924e+00
-4.860000000000001208e+00
-4.680000000000001492e+00
-4.500000000000001776e+00
-4.320000000000002061e+00
-4.140000000000002345e+00
-3.960000000000002185e+00
-3.780000000000002025e+00
-3.600000000000001865e+00
-3.420000000000001705e+00
-3.240000000000001545e+00
-3.060000000000001386e+00
-2.880000000000001226e+00
-2.700000000000001066e+00
-2.520000000000000906e+00
-2.340000000000000746e+00
-2.160000000000000586e+00
-1.980000000000000648e+00
-1.800000000000000711e+00
-1.620000000000000773e+00
-1.440000000000000835e+00
-1.260000000000000897e+00
-1.080000000000000959e+00
-9.000000000000009104e-01
-7.200000000000008615e-01
-5.400000000000008127e-01
-3.600000000000007638e-01
-1.800000000000007427e-01
-1.800000000000007427e-01
-1.800000000000007427e-01
-1.800000000000007427e-01
-1.800000000000007427e-01
-1.800000000000007427e-01
-1.800000000000007427e-01
-1.800000000000007427e-01
-1.800000000000007427e-01
-1.800000000000007427e-01
-1.800000000000007427e-01
-1.800000000000007427e-01
-1.800000000000007427e-01
-1.800000000000007427e-01
-1.800000000000007427e-01
-1.800000000000007427e-01
-1.800000000000007427e-01
-1.800000000000007427e-01
-1.800000000000007427e-01
-1.800000000000007427e-01
-1.800000000000007427e-01
-1.800000000000007427e-01
-1.800000000000007427e-01
-1.800000000000007427e-01
-1.800000000000007427e-01
-1.800000000000007427e-01
-1.800000000000007427e-01
-1.800000000000007427e-01
-1.800000000000007427e-01
-1.800000000000007427e-01
-1.800000000000007427e-01
-1.800000000000007427e-01
-1.800000000000007427e-01
-1.800000000000007427e-01
-1.800000000000007427e-01
-1.800000000000007427e-01
-1.800000000000007427e-01
-1.800000000000007427e-01
-1.800000000000007427e-01
-1.800000000000007427e-01
-1.800000000000007427e-01
-1.800000000000007427e-01
-1.800000000000007427e-01
-1.800000000000007427e-01
-1.800000000000007427e-01
-1.800000000000007427e-01
-1.800000000000007427e-01
-1.800000000000007427e-01
-1.800000000000007427e-01
-1.800000000000007427e-01
-1.800000000000007427e-01
-1.800000000000007427e-01
-1.800000000000007427e-01
-1.800000000000007427e-01
-1.800000000000007427e-01
-1.800000000000007427e-01
-1.800000000000007427e-01
-1.800000000000007427e-01
-1.800000000000007427e-01
-1.800000000000007427e-01
-1.800000000000007427e-01
-1.800000000000007427e-01
-1.800000000000007427e-01
-1.800000000000007427e-01
-1.800000000000007427e-01
-1.800000000000007427e-01
-1.800000000000007427e-01
-1.800000000000007427e-01
-1.800000000000007427e-01
-1.800000000000007427e-01
-1.800000000000007427e-01
-1.800000000000007427e-01
-1.800000000000007427e-01
-1.800000000000007427e-01
-1.800000000000007427e-01
-1.800000000000007427e-01
-1.800000000000007427e-01
-1.800000000000007427e-01
-1.800000000000007427e-01
-1.800000000000007427e-01
-1.800000000000007427e-01
-1.800000000000007427e-01
-1.800000000000007427e-01
-1.800000000000007427e-01
-1.800000000000007427e-01
-1.800000000000007427e-01
-1.800000000000007427e-01
-1.800000000000007427e-01
-1.800000000000007427e-01
-1.800000000000007427e-01
-1.800000000000007427e-01
-1.800000000000007427e-01
-1.800000000000007427e-01
-1.800000000000007427e-01
-1.800000000000007427e-01
-1.800000000000007427e-01
-1.800000000000007427e-01
-1.800000000000007427e-01
-1.800000000000007427e-01
-1.800000000000007427e-01
-1.800000000000007427e-01
-1.800000000000007427e-01
-1.800000000000007427e-01
-1.800000000000007427e-01
-1.800000000000007427e-01
-1.800000000000007427e-01
-1.800000000000007427e-01
-1.800000000000007427e-01
-1.800000000000007427e-01
-1.800000000000007427e-01
-1.800000000000007427e-01
-1.800000000000007427e-01
-1.800000000000007427e-01
-1.800000000000007427e-01
-1.800000000000007427e-01
-1.800000000000007427e-01
-1.800000000000007427e-01
-1.800000000000007427e-01
-1.800000000000007427e-01
-1.800000000000007427e-01
-1.800000000000007427e-01
-1.800000000000007427e-01
-1.800000000000007427e-01
-1.800000000000007427e-01
-1.800000000000007427e-01
-1.800000000000007427e-01
-1.800000000000007427e-01
-1.800000000000007427e-01
-1.800000000000007427e-01
-1.800000000000007427e-01
-1.800000000000007427e-01
-1.800000000000007427e-01
-1.800000000000007427e-01
-1.800000000000007427e-01
-1.800000000000007427e-01
-1.800000000000007427e-01
-1.800000000000007427e-01
-1.800000000000007427e-01
-1.800000000000007427e-01
-1.800000000000007427e-01
-1.800000000000007427e-01
-1.800000000000007427e-01
-1.800000000000007427e-01
-1.800000000000007427e-01
-1.800000000000007427e-01
-1.800000000000007427e-01
-1.800000000000007427e-01
-1.800000000000007427e-01
-1.800000000000007427e-01
-1.800000000000007427e-01
-1.800000000000007427e-01
-1.800000000000007427e-01
-1.800000000000007427e-01
-1.800000000000007427e-01
-1.800000000000007427e-01
-1.800000000000007427e-01
-1.800000000000007427e-01
-1.800000000000007427e-01
-1.800000000000007427e-01
-1.800000000000007427e-01
-1.800000000000007427e-01
-1.800000000000007427e-01
-1.800000000000007427e-01
-1.800000000000007427e-01
-1.800000000000007427e-01
-1.800000000000007427e-01
-1.800000000000007427e-01
-1.800000000000007427e-01
-1.800000000000007427e-01
-1.800000000000007427e-01
-1.800000000000007427e-01
-1.800000000000007427e-01
-1.800000000000007427e-01
-1.800000000000007427e-01
-1.800000000000007427e-01
-1.800000000000007427e-01
-1.800000000000007427e-01
-1.800000000000007427e-01
-1.800000000000007427e-01
-1.800000000000007427e-01
-1.800000000000007427e-01
-1.800000000000007427e-01
-1.800000000000007427e-01
-1.800000000000007427e-01
-1.800000000000007427e-01
-1.800000000000007427e-01
-1.800000000000007427e-01
-1.800000000000007427e-01
-1.800000000000007427e-01
-1.800000000000007427e-01
-1.800000000000007427e-01
-1.800000000000007427e-01
-1.800000000000007427e-01
-1.800000000000007427e-01
-1.800000000000007427e-01
-1.800000000000007427e-01
-1.800000000000007427e-01
-1.800000000000007427e-01
-1.800000000000007427e-01
-1.800000000000007427e-01
-1.800000000000007427e-01
-1.800000000000007427e-01
-1.800000000000007427e-01
-1.800000000000007427e-01
-1.800000000000007427e-01
-1.800000000000007427e-01
-1.800000000000007427e-01
-1.800000000000007427e-01
-1.800000000000007427e-01
-1.800000000000007427e-01
-1.800000000000007427e-01
-1.800000000000007427e-01
-1.800000000000007427e-01
-1.800000000000007427e-01
-1.800000000000007427e-01
-1.800000000000007427e-01
-1.800000000000007427e-01
-1.800000000000007427e-01
-1.800000000000007427e-01
-1.800000000000007427e-01
-1.800000000000007427e-01
-1.800000000000007427e-01
-1.800000000000007427e-01
-1.800000000000007427e-01
-1.800000000000007427e-01
-1.800000000000007427e-01
-1.800000000000007427e-01
-1.800000000000007427e-01
-1.800000000000007427e-01
-1.800000000000007427e-01
-1.800000000000007427e-01
-1.800000000000007427e-01
-1.800000000000007427e-01
-1.800000000000007427e-01
-1.800000000000007427e-01
-1.800000000000007427e-01
-1.800000000000007427e-01
-1.800000000000007427e-01
-1.800000000000007427e-01
-1.800000000000007427e-01
-1.800000000000007427e-01
-1.800000000000007427e-01
-1.800000000000007427e-01
-1.800000000000007427e-01
-1.800000000000007427e-01
-1.800000000000007427e-01
-1.800000000000007427e-01
-1.800000000000007427e-01
-1.800000000000007427e-01
-1.800000000000007427e-01
-1.800000000000007427e-01
-1.800000000000007427e-01
-1.800000000000007427e-01
-1.800000000000007427e-01
-1.800000000000007427e-01
-1.800000000000007427e-01
-1.800000000000007427e-01
-1.800000000000007427e-01
-1.800000000000007427e-01
-1.800000000000007427e-01
-1.800000000000007427e-01
-1.800000000000007427e-01
-1.800000000000007427e-01
-1.800000000000007427e-01
-1.800000000000007427e-01
-1.800000000000007427e-01
-1.800000000000007427e-01
-1.800000000000007427e-01
-1.800000000000007427e-01
-1.800000000000007427e-01
-1.800000000000007427e-01
-1.800000000000007427e-01
-1.800000000000007427e-01
-1.800000000000007427e-01
-1.800000000000007427e-01
-1.800000000000007427e-01
-1.800000000000007427e-01
-1.800000000000007427e-01
-1.800000000000007427e-01
-1.800000000000007427e-01
-1.800000000000007427e-01
-1.800000000000007427e-01
-1.800000000000007427e-01
-1.800000000000007427e-01
-1.800000000000007427e-01
-1.800000000000007427e-01
-1.800000000000007427e-01
-1.800000000000007427e-01
-1.800000000000007427e-01
-1.800000000000007427e-01
-1.800000000000007427e-01
-1.800000000000007427e-01
-1.800000000000007427e-01
-1.800000000000007427e-01
-1.800000000000007427e-01
-1.800000000000007427e-01
-1.800000000000007427e-01
-1.800000000000007427e-01
-1.800000000000007427e-01
-1.800000000000007427e-01
-1.800000000000007427e-01
-1.800000000000007427e-01
-1.800000000000007427e-01
-1.800000000000007427e-01
-1.800000000000007427e-01
-1.800000000000007427e-01
-1.800000000000007427e-01
-1.800000000000007427e-01
-1.800000000000007427e-01
-1.800000000000007427e-01
-1.800000000000007427e-01
-1.800000000000007427e-01
-1.800000000000007427e-01
-1.800000000000007427e-01
-1.800000000000007427e-01
-1.800000000000007427e-01
-1.800000000000007427e-01
-1.800000000000007427e-01
-1.800000000000007427e-01
-1.800000000000007427e-01
-1.800000000000007427e-01
-1.800000000000007427e-01
-1.800000000000007427e-01
-1.800000000000007427e-01
-1.800000000000007427e-01
-1.800000000000007427e-01
-1.800000000000007427e-01
-1.800000000000007427e-01
-1.800000000000007427e-01
-1.800000000000007427e-01
-1.800000000000007427e-01
-1.800000000000007427e-01
-1.800000000000007427e-01
-1.800000000000007427e-01
-1.800000000000007427e-01
-1.800000000000007427e-01
-1.800000000000007427e-01
-1.800000000000007427e-01
-1.800000000000007427e-01
-1.800000000000007427e-01
-1.800000000000007427e-01
-1.800000000000007427e-01
-1.800000000000007427e-01
-1.800000000000007427e-01
-1.800000000000007427e-01
-1.800000000000007427e-01
-1.800000000000007427e-01
-1.800000000000007427e-01
-1.800000000000007427e-01
-1.800000000000007427e-01
-1.800000000000007427e-01
-1.800000000000007427e-01
-1.800000000000007427e-01
-1.800000000000007427e-01
-1.800000000000007427e-01
-1.800000000000007427e-01
-1.800000000000007427e-01
-1.800000000000007427e-01
-1.800000000000007427e-01
-1.800000000000007427e-01
-1.800000000000007427e-01
-1.800000000000007427e-01
-1.800000000000007427e-01
-1.800000000000007427e-01
-1.800000000000007427e-01
-1.800000000000007427e-01
-1.800000000000007427e-01
-1.800000000000007427e-01
-1.800000000000007427e-01
-1.800000000000007427e-01
-1.800000000000007427e-01
-1.800000000000007427e-01
-1.800000000000007427e-01
-1.800000000000007427e-01
-1.800000000000007427e-01
-1.800000000000007427e-01
-1.800000000000007427e-01
-1.800000000000007427e-01
-1.800000000000007427e-01
-1.800000000000007427e-01
-1.800000000000007427e-01
-1.800000000000007427e-01
-1.800000000000007427e-01
-1.800000000000007427e-01
-1.800000000000007427e-01
-1.800000000000007427e-01
-1.800000000000007427e-01
-1.800000000000007427e-01
-1.800000000000007427e-01
-1.800000000000007427e-01
-1.800000000000007427e-01
-1.800000000000007427e-01
-1.800000000000007427e-01
-1.800000000000007427e-01
-1.800000000000007427e-01
-1.800000000000007427e-01
-1.800000000000007427e-01
-1.800000000000007427e-01
-1.800000000000007427e-01
-1.800000000000007427e-01
-1.800000000000007427e-01
-1.800000000000007427e-01
-1.800000000000007427e-01
-1.800000000000007427e-01
-1.800000000000007427e-01
-1.800000000000007427e-01
-1.800000000000007427e-01
-1.800000000000007427e-01
-1.800000000000007427e-01
-1.800000000000007427e-01
-1.800000000000007427e-01
-1.800000000000007427e-01
-1.800000000000007427e-01
-1.800000000000007427e-01
-1.800000000000007427e-01
-1.800000000000007427e-01
-1.800000000000007427e-01
-1.800000000000007427e-01
-1.800000000000007427e-01
-1.800000000000007427e-01
-1.800000000000007427e-01
-1.800000000000007427e-01
-1.800000000000007427e-01
-1.800000000000007427e-01
-1.800000000000007427e-01
-1.800000000000007427e-01
-1.800000000000007427e-01
-1.800000000000007427e-01
-1.800000000000007427e-01
-1.800000000000007427e-01
-1.800000000000007427e-01
-1.800000000000007427e-01
-1.800000000000007427e-01
-1.800000000000007427e-01
-1.800000000000007427e-01
-1.800000000000007427e-01
-1.800000000000007427e-01
-1.800000000000007427e-01
-1.800000000000007427e-01
-1.800000000000007427e-01
-1.800000000000007427e-01
-1.800000000000007427e-01
-1.800000000000007427e-01
-1.800000000000007427e-01
-1.800000000000007427e-01
-1.800000000000007427e-01
-1.800000000000007427e-01
-1.800000000000007427e-01
-1.800000000000007427e-01
-1.800000000000007427e-01
-1.800000000000007427e-01
-1.800000000000007427e-01
-1.800000000000007427e-01
-1.800000000000007427e-01
-1.800000000000007427e-01
-1.800000000000007427e-01
-1.800000000000007427e-01
-1.800000000000007427e-01
-1.800000000000007427e-01
-1.800000000000007427e-01
-1.800000000000007427e-01
-1.800000000000007427e-01
-1.800000000000007427e-01
-1.800000000000007427e-01
-1.800000000000007427e-01
-1.800000000000007427e-01
-1.800000000000007427e-01
-1.800000000000007427e-01
-1.800000000000007427e-01
-1.800000000000007427e-01
-1.800000000000007427e-01
-1.800000000000007427e-01
-1.800000000000007427e-01
-1.800000000000007427e-01
-1.800000000000007427e-01
-1.800000000000007427e-01
-1.800000000000007427e-01
-1.800000000000007427e-01
-1.800000000000007427e-01
-1.800000000000007427e-01
-1.800000000000007427e-01
-1.800000000000007427e-01
-1.800000000000007427e-01
-1.800000000000007427e-01
-1.800000000000007427e-01
-1.800000000000007427e-01
-1.800000000000007427e-01
-1.800000000000007427e-01
-1.800000000000007427e-01
-1.800000000000007427e-01
-1.800000000000007427e-01
-1.800000000000007427e-01
-1.800000000000007427e-01
-1.800000000000007427e-01
-1.800000000000007427e-01
-1.800000000000007427e-01
-1.800000000000007427e-01
-1.800000000000007427e-01
-1.800000000000007427e-01
-1.800000000000007427e-01
-1.800000000000007427e-01
-3.600000000000007638e-01
-5.400000000000008127e-01
-7.200000000000008615e-01
-9.000000000000009104e-01
-1.080000000000000959e+00
-1.260000000000000897e+00
-1.440000000000000835e+00
-1.620000000000000773e+00
-1.800000000000000711e+00
-1.980000000000000648e+00
-2.160000000000000586e+00
-2.340000000000000746e+00
-2.520000000000000906e+00
-2.700000000000001066e+00
-2.880000000000001226e+00
-3.060000000000001386e+00
-3.240000000000001545e+00
-3.420000000000001705e+00
-3.600000000000001865e+00
-3.780000000000002025e+00
-3.960000000000002185e+00
-4.140000000000002345e+00
-4.320000000000002061e+00
-4.500000000000001776e+00
-4.680000000000001492e+00
-4.860000000000001208e+00
-5.040000000000000924e+00
-5.220000000000000639e+00
-5.400000000000000355e+00
-5.580000000000000071e+00
-5.759999999999999787e+00
-5.939999999999999503e+00
-6.119999999999999218e+00
-6.299999999999998934e+00
-6.479999999999998650e+00
-6.659999999999998366e+00
-6.839999999999998082e+00
-7.019999999999997797e+00
-7.199999999999997513e+00
-7.379999999999997229e+00
-7.559999999999996945e+00
-7.739999999999996660e+00
-7.919999999999996376e+00
-8.099999999999996092e+00
-8.279999999999995808e+00
-8.459999999999995524e+00
-8.639999999999995239e+00
-8.819999999999994955e+00
-8.999999999999994671e+00
