1.000000000000000000e+00 0.000000000000000000e+00 0.000000000000000000e+00
9.999999976922808731e-01 2.941926658378370805e-05 -6.123714951927899399e-05
9.999999777675140367e-01 1.040904172407310752e-04 -1.833859233726938649e-04
9.999999042631886326e-01 2.397519160709888568e-04 -3.660510449635297485e-04
9.999997125359153527e-01 4.520300625122897448e-04 -6.087681119081624070e-04
9.999992989505634977e-01 7.564211323517434568e-04 -9.110042864621101981e-04
9.999985083758486937e-01 1.168273673201284486e-03 -1.272159044912469063e-03
9.999971195902069843e-01 1.702770950063812495e-03 -1.691564979449026443e-03
9.999948287154645232e-01 2.374913529233163133e-03 -2.168488645537175030e-03
9.999912308089089485e-01 3.199501980728857928e-03 -2.702131447508595262e-03
9.999857997568724066e-01 4.191119670957452886e-03 -3.291630554976013312e-03
9.999778666248350101e-01 5.364115608522289011e-03 -3.936059842778329328e-03
9.999665966303586950e-01 6.732587297290642571e-03 -4.634430847480771470e-03
9.999509649158699887e-01 8.310363542199076733e-03 -5.385693733996502891e-03
9.999297313084445360e-01 1.011098714506796295e-02 -6.188738266662636468e-03
9.999014142633316782e-01 1.214769742014211451e-02 -7.042394780092332308e-03
9.998642641970114653e-01 1.443341245241434347e-02 -7.945435146329133530e-03
9.998162364241267586e-01 1.698071101625862889e-02 -8.896573736239598434e-03
9.997549639206921857e-01 1.980181406773041941e-02 -9.894468374681201009e-03
9.996777301435616492e-01 2.290856572130660351e-02 -1.093772129075619784e-02
9.995814421432334118e-01 2.631241362104907305e-02 -1.202488006638640153e-02
9.994626042136646182e-01 3.002438861738178366e-02 -1.315443858849251954e-02
9.993172923288226039e-01 3.405508366405293058e-02 -1.432483801220494658e-02
9.991411296211508697e-01 3.841463185557164595e-02 -1.553446774473691075e-02
9.989292631618942320e-01 4.311268353359867800e-02 -1.678166646177852231e-02
9.986763423071904899e-01 4.815838240154085570e-02 -1.806472317048051293e-02
9.983764988768548676e-01 5.356034060002594355e-02 -1.938187833524554829e-02
9.980233294346831929e-01 5.932661271205651871e-02 -2.073132508458559384e-02
9.976098799396773131e-01 6.546466868545769424e-02 -2.211121051918651242e-02
9.971286330366198047e-01 7.198136568169592742e-02 -2.351963714299375521e-02
9.965714982516337139e-01 7.888291888415692454e-02 -2.495466444054233318e-02
9.959298053534793027e-01 8.617487132537669792e-02 -2.641431062484558487e-02
9.951943011340638190e-01 9.386206282130842016e-02 -2.789655458087616016e-02
9.943551498516678411e-01 1.019485981312029388e-01 -2.939933802996513856e-02
9.934019375674116858e-01 1.104378144937396417e-01 -3.092056794025966476e-02
9.923236805892002854e-01 1.193322487232556101e-01 -3.245811920766731445e-02
9.911088382175199385e-01 1.286336040838030326e-01 -3.400983763043270020e-02
9.897453299637609669e-01 1.383427171927676946e-01 -3.557354319860119019e-02
9.882205573840193713e-01 1.484595252392885700e-01 -3.714703371709630886e-02
9.865214306394421984e-01 1.589830338350521621e-01 -3.872808877795156507e-02
9.846343998580696644e-01 1.699112858454638886e-01 -4.031447409338583671e-02
9.825454913328214301e-01 1.812413315769489386e-01 -4.190394619689866151e-02
9.802403485459060262e-01 1.929692007203998583e-01 -4.349425751440793436e-02
9.777042779617566293e-01 2.050898764707521915e-01 -4.508316180169324311e-02
9.749222994789867869e-01 2.175972722575187646e-01 -4.666841993809729694e-02
9.718792013773305261e-01 2.304842115300629879e-01 -4.824780605964729824e-02
9.685595995387284995e-01 2.437424110437109159e-01 -4.981911400757826902e-02
9.649480006634353346e-01 2.573624680878334736e-01 -5.138016406078044218e-02
9.610288691431672081e-01 2.713338520842289991e-01 -5.292880991307911953e-02
9.567866971949212651e-01 2.856449009630812608e-01 -5.446294584863135835e-02
9.522060778023249128e-01 3.002828226942048095e-01 -5.598051406124544133e-02
9.472717799574315034e-01 3.152337023131434046e-01 -5.747951205626490589e-02
9.419688256460544418e-01 3.304825147350844428e-01 -5.895800006698330431e-02
9.362825679753166153e-01 3.460131435948484713e-01 -6.041410841154736672e-02
9.301987698043737707e-01 3.618084062889822539e-01 -6.184604471114089896e-02
9.237036822094751853e-01 3.778500853270482240e-01 -6.325210088608861081e-02
9.167841220937755775e-01 3.941189660246005588e-01 -6.463065984353458249e-02
9.094275482416007694e-01 4.105948804913382988e-01 -6.598020176867201714e-02
9.016221351169878551e-01 4.272567577859802124e-01 -6.729930993124434713e-02
8.933568437178551758e-01 4.440826800261443719e-01 -6.858667592028727666e-02
8.846214888204256832e-01 4.610499441586831670e-01 -6.984110422289072084e-02
8.754068019835666847e-01 4.781351290153599276e-01 -7.106151606714429525e-02
8.657044897292641705e-01 4.953141672023151365e-01 -7.224695245536814914e-02
8.555072863729441535e-01 5.125624213012989205e-01 -7.339657632115945129e-02
8.448090010449094134e-01 5.298547637978971991e-01 -7.450967375260285352e-02
8.336045585206072195e-01 5.471656600985662644e-01 -7.558565423406093942e-02
8.218900335613407160e-01 5.644692539556375177e-01 -7.662404987010372481e-02
8.096626785567018203e-01 5.817394545887352164e-01 -7.762451356715222017e-02
7.969209443535819615e-01 5.989500247731586180e-01 -7.858681616107063284e-02
7.836644942520930579e-01 6.160746691612867254e-01 -7.951084249200125742e-02
7.698942112440305685e-01 6.330871221121958659e-01 -8.039658644093927720e-02
7.556121986625274900e-01 6.499612343273154513e-01 -8.124414495563583860e-02
7.408217745002279031e-01 6.666710576256102971e-01 -8.205371110614521901e-02
7.255274597356957678e-01 6.831909272396531341e-01 -8.282556622245847155e-02
7.097349610820861132e-01 6.994955410729126744e-01 -8.356007117797611961e-02
6.934511486367576083e-01 7.155600354272257935e-01 -8.425765689287549598e-02
6.766840289641815609e-01 7.313600567861092694e-01 -8.491881414056835775e-02
6.594427141861678443e-01 7.468718293224724247e-01 -8.554408274829877756e-02
6.417373876823626588e-01 7.620722178864686169e-01 -8.613404028941758217e-02
6.235792670197749521e-01 7.769387863186468790e-01 -8.668929036994219017e-02
6.049805647326880198e-01 7.914498510231995354e-01 -8.721045061566475021e-02
5.859544475639391070e-01 8.055845298239461272e-01 -8.769814046833490639e-02
5.665149947557494015e-01 8.193227862098459990e-01 -8.815296890037985222e-02
5.466771559438534656e-01 8.326454691555091880e-01 -8.857552215732367173e-02
5.264567091636566110e-01 8.455343487737786434e-01 -8.896635163564332871e-02
5.058702194227839843e-01 8.579721481205817568e-01 -8.932596200138102904e-02
4.849349982320769747e-01 8.699425715257075309e-01 -8.965479965156276931e-02
4.636690644183676380e-01 8.814303298660161046e-01 -8.995324161649695394e-02
4.420911064688286540e-01 8.924211632291151330e-01 -9.022158499648939844e-02
4.202204465800065125e-01 9.029018614352800620e-01 -9.046003702154940818e-02
3.980770065064649921e-01 9.128602828931194901e-01 -9.066870581740066326e-02
3.756812752259393595e-01 9.222853722601780380e-01 -9.084759195566095846e-02
3.530542783616301139e-01 9.311671773635402660e-01 -9.099658086050348149e-02
3.302175492292818704e-01 9.394968658079349000e-01 -9.111543613852875201e-02
3.071931013084474582e-01 9.472667416604267920e-01 -9.120379389300183048e-02
2.840034018751784184e-01 9.544702625522544226e-01 -9.126115807806507718e-02
2.606713464785507250e-01 9.611020574806169448e-01 -9.128689694301668489e-02
2.372202338970473556e-01 9.671579455272557579e-01 -9.128024061122433364e-02
2.136737411738681702e-01 9.726349556376497896e-01 -9.124027983267470054e-02
1.900558983035776361e-01 9.775313475258053941e-01 -9.116596594348105875e-02
1.663910621268428480e-01 9.818466336863241883e-01 -9.105611205980732037e-02
1.427038889859174320e-01 9.855816024091107463e-01 -9.090939552753475594e-02
1.190376298861554188e-01 9.887372520362427419e-01 -9.071219428789041583e-02
9.541778805159914500e-02 9.913177352643366413e-01 -9.046881512122090241e-02
7.186851720705897395e-02 9.933286899994488994e-01 -9.018338452195640009e-02
4.841259833786799860e-02 9.947770815330878591e-01 -8.985984261111253091e-02
2.507142927198358420e-02 9.956710497144384275e-01 -8.950193897954096534e-02
1.865025932753235083e-03 9.960197622050546151e-01 -8.911323029555899555e-02
-2.118796592738845727e-02 9.958332746896169096e-01 -8.869707950649842465e-02
-4.407024971258704377e-02 9.951223987167624463e-01 -8.825665646320758617e-02
-6.676584887596158369e-02 9.938985776598913136e-01 -8.779493979909376578e-02
-8.926007087361295667e-02 9.921737711208408195e-01 -8.731471990038953968e-02
-1.115394652869227815e-01 9.899603479502929737e-01 -8.681860281146522307e-02
-1.335917771594198611e-01 9.872709879280248124e-01 -8.630901492772552475e-02
-1.554058965251521318e-01 9.841185920334041271e-01 -8.578820833849278016e-02
-1.769718050301216372e-01 9.805162011412372758e-01 -8.525826669291194926e-02
-1.982805204694484402e-01 9.764769228992564720e-01 -8.472111147297822775e-02
-2.193240399826880405e-01 9.720138664800176409e-01 -8.417850856900302436e-02
-2.400952825699375348e-01 9.671400848504517755e-01 -8.363207506395919921e-02
-2.605880315134890823e-01 9.618685241653656126e-01 -8.308328614398818868e-02
-2.807968772149748160e-01 9.562119798653996305e-01 -8.253348206275849808e-02
-3.007171608870611301e-01 9.501830590438906654e-01 -8.198387509722081246e-02
-3.203449194724089510e-01 9.437941486393996993e-01 -8.143555644152843109e-02
-3.396768321012246794e-01 9.370573890100410974e-01 -8.088950299442747294e-02
-3.587101683424995247e-01 9.299846524509993717e-01 -8.034658400324137806e-02
-3.774427384530480434e-01 9.225875262266315380e-01 -7.980756753466675124e-02
-3.958728457826494740e-01 9.148772997023442155e-01 -7.927312674897075973e-02
-4.139992414528236297e-01 9.068649551781218232e-01 -7.874384595985196855e-02
-4.318210813908113233e-01 8.985611620443965109e-01 -7.822022646722633088e-02
-4.493378857689019346e-01 8.899762739012272439e-01 -7.770269215456394873e-02
-4.665495008720459968e-01 8.811203283029265254e-01 -7.719159484617103828e-02
-4.834560633933773222e-01 8.720030488118664103e-01 -7.668721942302929306e-02
-5.000579671374995039e-01 8.626338490668183923e-01 -7.618978869851704416e-02
-5.163558320948274938e-01 8.530218385925159019e-01 -7.569946805758870356e-02
-5.323504758365765754e-01 8.431758300979288467e-01 -7.521636986482588272e-02
-5.480428871688357573e-01 8.331043480308097937e-01 -7.474055764823848980e-02
-5.634342019752449637e-01 8.228156381752730342e-01 -7.427205006682874311e-02
-5.785256811708274771e-01 8.123176780974032951e-01 -7.381082467077351716e-02
-5.933186906842470298e-01 8.016181882610964315e-01 -7.335682146366771794e-02
-6.078146833819193517e-01 7.907246436524817401e-01 -7.290994627663670291e-02
-6.220151828447914033e-01 7.796442857663582471e-01 -7.247007396429921977e-02
-6.359217689070130186e-01 7.683841348221044365e-01 -7.203705143257298216e-02
-6.495360648649861623e-01 7.569510020895325875e-01 -7.161070050818707511e-02
-6.628597262652380362e-01 7.453515022171839366e-01 -7.119082065952200833e-02
-6.758944311800851867e-01 7.335920654666618912e-01 -7.077719157806000583e-02
-6.886418718810264350e-01 7.216789497668277820e-01 -7.036957562931285548e-02
-7.011037478211207263e-01 7.096182525110977801e-01 -6.996772018161848128e-02
-7.132817598391897329e-01 6.974159220297491135e-01 -6.957135982067520763e-02
-7.251776055004639510e-01 6.850777686771252206e-01 -6.918021845712617190e-02
-7.367929754902127204e-01 6.726094754809894827e-01 -6.879401133392758216e-02
-7.481295509789120945e-01 6.600166083080755142e-01 -6.841244693964258772e-02
-7.591890018795803829e-01 6.473046255061738474e-01 -6.803522883320670123e-02
-7.699627984079402410e-01 6.344963409162308610e-01 -6.761429964455008268e-02
-7.804453244611644358e-01 6.216077600585911966e-01 -6.714833717287754800e-02
-7.906314856706079253e-01 6.086554795197576251e-01 -6.663611687173982834e-02
-8.005167469158949167e-01 5.956566481979503891e-01 -6.607651809489341332e-02
-8.100971663345633011e-01 5.826289243410724961e-01 -6.546852994183328944e-02
-8.193694254088016438e-01 5.695904286588326926e-01 -6.481125664974374256e-02
-8.283308547436102343e-01 5.565596938381270897e-01 -6.410392248261870263e-02
-8.369794551900696655e-01 5.435556108342699533e-01 -6.334587607314411117e-02
-8.453139140128060891e-01 5.305973723493643268e-01 -6.253659417853829616e-02
-8.533336158515474335e-01 5.177044139421688174e-01 -6.167568481782169376e-02
-8.610386482820887588e-01 5.048963532405079668e-01 -6.076288976482636939e-02
-8.684298018411197306e-01 4.921929277469828112e-01 -5.979808637853391978e-02
-8.755085644412294865e-01 4.796139317410152980e-01 -5.878128875991207175e-02
-8.822771101659228066e-01 4.671791527848048742e-01 -5.771264823216037260e-02
-8.887382824985643470e-01 4.549083083374856895e-01 -5.659245314902384971e-02
-8.948955721026995436e-01 4.428209829707057121e-01 -5.542112804344012655e-02
-9.007530893330945032e-01 4.309365666602562595e-01 -5.419923213610170626e-02
-9.063155317160548341e-01 4.192741946026790067e-01 -5.292745723040132022e-02
-9.115881466931510246e-01 4.078526889735468175e-01 -5.160662502655347789e-02
-9.165766899735445783e-01 3.966905030060786652e-01 -5.023768389333484879e-02
-9.212873798859154695e-01 3.858056677257539757e-01 -4.882170514076036166e-02
-9.257268481609424171e-01 3.752157416295809900e-01 -4.735987884103168288e-02
-9.299020876089131304e-01 3.649377635486681926e-01 -4.585350924820121021e-02
-9.338203971840373097e-01 3.549882088808021252e-01 -4.430400986915111750e-02
-9.374893249472490142e-01 3.453829493269314210e-01 -4.271289823967843596e-02
-9.409166094527062763e-01 3.361372162128580254e-01 -4.108179045971087351e-02
-9.441101200899666424e-01 3.272655674260689929e-01 -3.941239554098170672e-02
-9.470777969141970232e-01 3.187818579484737458e-01 -3.770650961891276048e-02
-9.498275904911418488e-01 3.106992139197262137e-01 -3.596601007805689393e-02
-9.523674022723916943e-01 3.030300101235930410e-01 -3.419284963731437227e-02
-9.547050260003058231e-01 2.957858507521543556e-01 -3.238905043735350320e-02
-9.568480906213383541e-01 2.889775532700397109e-01 -3.055669816833608832e-02
-9.588040051621139481e-01 2.826151351738381834e-01 -2.869793627128095631e-02
-9.605799059950347329e-01 2.767078034205681103e-01 -2.681496024130714667e-02
-9.621826068900802831e-01 2.712639462838198345e-01 -2.491001205569594312e-02
-9.636185522173914553e-01 2.662911273869323914e-01 -2.298537474431162561e-02
-9.648937736317453329e-01 2.617960816592614370e-01 -2.104336711453469802e-02
-9.660138505356301586e-01 2.577847129640547519e-01 -1.908633863759375687e-02
-9.669838745827492588e-01 2.542620931543914664e-01 -1.711666449813216070e-02
-9.678084184487777408e-01 2.512324623266903312e-01 -1.513674080410371513e-02
-9.684915090613551714e-01 2.486992300590059046e-01 -1.314897994973974332e-02
-9.690366054468457779e-01 2.466649774431917130e-01 -1.115580612044021584e-02
-9.694465813174690805e-01 2.451314597454569422e-01 -9.159650925075467701e-03
-9.697237124890988325e-01 2.440996095582616543e-01 -7.162949138393446061e-03
-9.698696691873619491e-01 2.435695403372492573e-01 -5.168134534050209013e-03
-9.698855132676310609e-01 2.435405502493371011e-01 -3.177635787247311012e-03
-9.697717003430383897e-01 2.440111262915001245e-01 -1.193872425086507563e-03
-9.695280867836656435e-01 2.449789486735080846e-01 7.807491974532072831e-04
-9.691539415194985185e-01 2.464408954912344629e-01 2.743839917552893561e-03
-9.686479625494810453e-01 2.483930477494809552e-01 4.693031801134357056e-03
-9.680158454542839852e-01 2.508031244312937669e-01 6.566725175265145098e-03
-9.672596712851426748e-01 2.536509292252052683e-01 8.363052944973931729e-03
-9.663812484307099382e-01 2.569157003432527842e-01 1.008027481935477171e-02
-9.653821976986566300e-01 2.605761613728488357e-01 1.171677990003975114e-02
-9.642640351764255602e-01 2.646105727310744671e-01 1.327108906755181117e-02
-9.630282522249334898e-01 2.689967838219204377e-01 1.474185712401425256e-02
-9.616763919972098895e-01 2.737122859419854337e-01 1.612787464877077359e-02
-9.602101219167197277e-01 2.787342659236022313e-01 1.742806952279851024e-02
-9.586313015973791929e-01 2.840396604477060105e-01 1.864150807837408608e-02
-9.569420457388611023e-01 2.896052109033608879e-01 1.976739583224958186e-02
-9.551447815864043678e-01 2.954075186180337709e-01 2.080507776355547053e-02
-9.532423006035373181e-01 3.014231002336754117e-01 2.175403810169027063e-02
-9.512378040683451275e-01 3.076284429595450010e-01 2.261389959447802564e-02
-9.491349423684570796e-01 3.140000593944718976e-01 2.338442223275102871e-02
-9.469378478360157558e-01 3.205145415796940012e-01 2.406550141410588109e-02
-9.446511610306319584e-01 3.271486139191843723e-01 2.465716553573193970e-02
-9.422800504447824688e-01 3.338791845879218179e-01 2.515957301375947378e-02
-9.398302256712988134e-01 3.406833950401287336e-01 2.557300873435245162e-02
-9.373079441355239849e-01 3.475386672291440604e-01 2.589787994960916079e-02
-9.347200115544195276e-01 3.544227481581845862e-01 2.613471163906823727e-02
-9.320737763404625120e-01 3.613137513964506109e-01 2.628414136509120771e-02
-9.293771182187312574e-01 3.681901952173678438e-01 2.634691365746050923e-02
-9.266384313703978082e-01 3.750310370445871788e-01 2.632387396906404886e-02
-9.238666024542877553e-01 3.818157039259300056e-01 2.621596225042210904e-02
-9.210709838897457313e-01 3.885241187949085573e-01 2.602420619595774767e-02
-9.182613628084073110e-01 3.951367223228444692e-01 2.574971421924793918e-02
-9.154479260994304868e-01 4.016344902109834636e-01 2.539366821797160029e-02
-9.126412219822434002e-01 4.079989458203835406e-01 2.495731619186710576e-02
-9.098521185430311631e-01 4.142121680867761890e-01 2.444196477872228462e-02
-9.070917596662625426e-01 4.202567947171485518e-01 2.384897177426102688e-02
-9.043715187809416856e-01 4.261160207136144296e-01 2.317973870179794796e-02
-9.017029508234514212e-01 4.317735923174720880e-01 2.243570349675777162e-02
-8.990977427954480738e-01 4.372137965115197589e-01 2.161833336966451080e-02
-8.965676632669417057e-01 4.424214462611681387e-01 2.072911790907313104e-02
-8.941245111422089220e-01 4.473818617142231724e-01 1.976956248322687959e-02
-8.917800639703090670e-01 4.520808476151071953e-01 1.874118199606499349e-02
-8.895460260435331667e-01 4.565046672215619661e-01 1.764549504966788848e-02
-8.874339764869094704e-01 4.606400130404713633e-01 1.648401856139862509e-02
-8.854553175007378041e-01 4.644739747244048256e-01 1.525826287996497575e-02
-8.836212228768054455e-01 4.679940044919647657e-01 1.396972744046397902e-02
-8.819425868682021497e-01 4.711878804532665388e-01 1.261989699425051376e-02
-8.804299734532153865e-01 4.740436682371989563e-01 1.121023844525282503e-02
-8.790935659963136084e-01 4.765496813298834566e-01 9.742198320189802280e-03
-8.779431172743316081e-01 4.786944405443883110e-01 8.217200896063174206e-03
-8.769878998042364149e-01 4.804666330507029737e-01 6.636647004325660348e-03
-8.762366563807871822e-01 4.818550714026916260e-01 5.001913527273313745e-03
-8.756975507085067445e-01 4.828486530056697590e-01 3.314353598472839346e-03
-8.753781179930871792e-01 4.834363204748061138e-01 1.575297515395525545e-03
-8.752852153430823456e-01 4.836070233411307595e-01 -2.139456311413907765e-04
-8.754249718238827915e-01 4.833496815688552717e-01 -2.052085609669704411e-03
-8.757783424494145486e-01 4.826982796788241159e-01 -3.830501506639833863e-03
-8.763372799503927890e-01 4.816660633528505597e-01 -5.548176850734264434e-03
-8.770931575113346534e-01 4.802662815699088039e-01 -7.204092800382659936e-03
-8.780368270584143486e-01 4.785122216542004314e-01 -8.797227695531829525e-03
-8.791586765866704622e-01 4.764172444372768989e-01 -1.032655727414913925e-02
-8.804486866009419987e-01 4.739948190812113826e-01 -1.179105552924582245e-02
-8.818964857249704803e-01 4.712585571314889532e-01 -1.318969617867822054e-02
-8.834914055099609698e-01 4.682222453905053317e-01 -1.452145471660243672e-02
-8.852225344481841063e-01 4.648998772255815148e-01 -1.578531101221522515e-02
-8.870787711695674593e-01 4.613056819494587013e-01 -1.698025241831591786e-02
-8.890488767703225159e-01 4.574541519365548092e-01 -1.810527734928547849e-02
-8.911215261931382248e-01 4.533600671650305225e-01 -1.915939928532275210e-02
-8.932853585489939352e-01 4.490385169030708390e-01 -2.014165115723599159e-02
-8.955290262418628133e-01 4.445049182878244021e-01 -2.105109006379697958e-02
-8.978412427301175613e-01 4.397750315771775664e-01 -2.188680227166765746e-02
-9.002108287329497749e-01 4.348649718879282755e-01 -2.264790844625000354e-02
-9.026267566671505316e-01 4.297912172688390653e-01 -2.333356906053470417e-02
-9.050781930797404673e-01 4.245706129932902972e-01 -2.394298992817775126e-02
-9.075545388256884838e-01 4.192203719935498341e-01 -2.447542780665849446e-02
-9.100454667277722010e-01 4.137580713966710344e-01 -2.493019601650460493e-02
-9.125409564478963453e-01 4.082016451603176499e-01 -2.530667002323900780e-02
-9.150313262962099792e-01 4.025693728449138420e-01 -2.560429292993279815e-02
-9.175072617063728675e-01 3.968798645959126237e-01 -2.582258083004778867e-02
-9.199598401124473579e-01 3.911520424461117362e-01 -2.596112797262295491e-02
-9.223805519751803184e-01 3.854051180822458678e-01 -2.601961169478847480e-02
-9.247613177228204417e-01 3.796585672519731669e-01 -2.599779708005429610e-02
-9.270945003939377038e-01 3.739321010162853787e-01 -2.589554130477918215e-02
-9.293729137967161602e-01 3.682456340777718884e-01 -2.571279763962998691e-02
-9.315898260305330858e-01 3.626192504365722824e-01 -2.544961907762626971e-02
-9.337389582508878183e-01 3.570731666428378914e-01 -2.510616156545772415e-02
-9.358144785974069624e-01 3.516276929267477258e-01 -2.468268682007712655e-02
-9.378109912461600750e-01 3.463031924943356099e-01 -2.417956471801685492e-02
-9.397235205912747302e-01 3.411200392794393466e-01 -2.359727525035441517e-02
-9.415474906062025751e-01 3.360985744389370922e-01 -2.293641004165926020e-02
-9.432786994813053827e-01 3.312590618701746203e-01 -2.219767343648619898e-02
-9.449132896810674698e-01 3.266216430163030315e-01 -2.138188316193742264e-02
-9.464477136105536870e-01 3.222062912074554752e-01 -2.048997057939699884e-02
-9.478786951261435334e-01 3.180327657637149752e-01 -1.952298054265649146e-02
-9.492031871695149059e-01 3.141205660601985028e-01 -1.848207088321395658e-02
-9.504183258458493988e-01 3.104888857259215929e-01 -1.736851154646821757e-02
-9.515213813068453819e-01 3.071565671171250234e-01 -1.618368340478520961e-02
-9.525097058360071367e-01 3.041420561732083305e-01 -1.492907677493684679e-02
-9.533806795675351387e-01 3.014633577301511491e-01 -1.360628966817434976e-02
-9.541316543007684059e-01 2.991379913331682072e-01 -1.221702580118205761e-02
-9.547598958993714913e-01 2.971829475582141722e-01 -1.076309239536663714e-02
-9.552625257882328969e-01 2.956146448217044087e-01 -9.246397790388818580e-03
-9.556364620813118105e-01 2.944488866303008323e-01 -7.668948895576122027e-03
-9.558783608904348750e-01 2.937008191986503203e-01 -6.032848499917550442e-03
-9.559845583783362910e-01 2.933848893433242955e-01 -4.340292457802639482e-03
-9.559510141290878948e-01 2.935148025465927901e-01 -2.593566763610174498e-03
-9.557896895945294791e-01 2.940497316129984107e-01 -9.121144962878672494e-04
-9.555053453128889984e-01 2.949729633887102076e-01 7.023794227637568822e-04
-9.551024368326634928e-01 2.962672569953726520e-01 2.248337479090378038e-03
-9.545851744619699986e-01 2.979148902497342766e-01 3.724291285359920822e-03
-9.539575819487825514e-01 2.998977057805343738e-01 5.128883082388270565e-03
-9.532235536072307669e-01 3.021971568870540636e-01 6.460867004610054004e-03
-9.523869094339318941e-01 3.047943531580201704e-01 7.719110092201423093e-03
-9.514514477898345923e-01 3.076701058422595669e-01 8.902593031341622318e-03
-9.504209952571022191e-01 3.108049729344368739e-01 1.001041060405875698e-02
-9.492994533169448745e-01 3.141793039111683838e-01 1.104177182973738007e-02
-9.480908415327607974e-01 3.177732840255476088e-01 1.199599978165038008e-02
-9.467993369631620970e-01 3.215669780423653368e-01 1.287253106378002249e-02
-9.454293095710760708e-01 3.255403732727131794e-01 1.367091493566451044e-02
-9.439853534377268263e-01 3.296734217458155980e-01 1.439081207598696607e-02
-9.424723136334667295e-01 3.339460813383443027e-01 1.503199297904335083e-02
-9.408953086406602884e-01 3.383383556675454429e-01 1.559433598200648044e-02
-9.392597482666253939e-01 3.428303325445698491e-01 1.607782492496101501e-02
-9.375713470264853688e-01 3.474022207786587324e-01 1.648254644993132206e-02
-9.358361330161683034e-01 3.520343851214119413e-01 1.680868694947120282e-02
-9.340604523341983212e-01 3.567073791432691654e-01 1.705652917974292970e-02
-9.322509691468728876e-01 3.614019758414817596e-01 1.722644855729685287e-02
-9.304146615244708318e-01 3.660991957900702198e-01 1.731890916289086091e-02
-9.285588132058832933e-01 3.707803326572963742e-01 1.733445947958623876e-02
-9.266910014751671421e-01 3.754269759347010904e-01 1.727372789595620073e-02
-9.248190813557102263e-01 3.800210307433870560e-01 1.713741800848775712e-02
-9.229511663457694581e-01 3.845447346075273609e-01 1.692630376009903945e-02
-9.210956059329650225e-01 3.889806711115941229e-01 1.664122445409584039e-02
-9.192609601348452619e-01 3.933117803860471939e-01 1.628307968482665957e-02
-9.174559713179012421e-01 3.975213663957145038e-01 1.585282422775005293e-02
-9.156895335485208953e-01 4.015931010353614439e-01 1.535146293259642518e-02
-9.139706597265055965e-01 4.055110250675286188e-01 1.478004566379375641e-02
-9.123084467451820778e-01 4.092595459681958037e-01 1.413966233234662320e-02
-9.107120389121337034e-01 4.128234327758233957e-01 1.343143806293179213e-02
-9.091905898515134643e-01 4.161878080684962566e-01 1.265652853912918596e-02
-9.077532230931995016e-01 4.193381372219696646e-01 1.181611556847683708e-02
-9.064089915361492888e-01 4.222602151281709126e-01 1.091140290745858631e-02
-9.051668359536865216e-01 4.249401505789734967e-01 9.943612384641573043e-03
-9.040355426875965605e-01 4.273643485437300105e-01 8.913980358015469868e-03
-9.030237006563298641e-01 4.295194905910671990e-01 7.823754540184127068e-03
-9.021396577808192818e-01 4.313925137258084463e-01 6.674191222457751330e-03
-9.013914769099197200e-01 4.329705879306387506e-01 5.466552926121486314e-03
-9.007868913067811345e-01 4.342410927193384174e-01 4.202106506240765177e-03
-9.003332597380554470e-01 4.351915930241940789e-01 2.882121730326639951e-03
-9.000375211901965322e-01 4.358098147546770607e-01 1.507870351040298306e-03
-8.999061492216952063e-01 4.360836203777926912e-01 8.062568887359051681e-05
-8.999451059473438930e-01 4.360009848827912093e-01 -1.398337262597002017e-03
-9.001597956409678192e-01 4.355499725043159298e-01 -2.927741199727753631e-03
-9.005550179368904118e-01 4.347187145886502457e-01 -4.506305334499003529e-03
-9.011349206081052943e-01 4.334953889975866614e-01 -6.132743680975627845e-03
-9.019029519010541840e-01 4.318682014536019964e-01 -7.805762804485131233e-03
-9.028401416860136752e-01 4.298733250060547406e-01 -9.413344806303448192e-03
-9.039370840938335538e-01 4.275251553912085556e-01 -1.095434190337646677e-02
-9.051839706728485035e-01 4.248382536731892811e-01 -1.242761445550948085e-02
-9.065706521357214109e-01 4.218273767243874706e-01 -1.383203279815770764e-02
-9.080866992186756859e-01 4.185075063231721293e-01 -1.516647964809635790e-02
-9.097214625972488422e-01 4.148938764594937156e-01 -1.642985304277515268e-02
-9.114641317750818983e-01 4.110019984690310157e-01 -1.762106977053255405e-02
-9.133037928337486289e-01 4.068476836484163361e-01 -1.873906924549791075e-02
-9.152294849029791735e-01 4.024470630378277902e-01 -1.978281777797738505e-02
-9.172302551825973760e-01 3.978166040928931557e-01 -2.075131318844041645e-02
-9.192952123208003590e-01 3.929731240053563890e-01 -2.164358971094081791e-02
-9.214135779287719874e-01 3.879337994711964388e-01 -2.245872312996548964e-02
-9.235747359897014119e-01 3.827161727456597218e-01 -2.319583609335059207e-02
-9.257682799017011854e-01 3.773381538666931712e-01 -2.385410354308362471e-02
-9.279840568794391897e-01 3.718180189711848271e-01 -2.443275820556056049e-02
-9.302122094290070642e-01 3.661744046718025669e-01 -2.493109608322412532e-02
-9.324432136050492259e-01 3.604262985055671775e-01 -2.534848189049808062e-02
-9.346679137587819985e-01 3.545930255080453897e-01 -2.568435437856915471e-02
-9.368775534904564273e-01 3.486942310086040830e-01 -2.593823149585717733e-02
-9.390638025301666358e-01 3.427498597818915971e-01 -2.610971533394627897e-02
-9.412187792866717473e-01 3.367801317279684459e-01 -2.619849681230351085e-02
-9.433350688249639848e-01 3.308055142876564214e-01 -2.620436005924914671e-02
-9.454057360594609882e-01 3.248466918301013973e-01 -2.612718645131423267e-02
-9.474243339805805686e-01 3.189245322756818490e-01 -2.596695827826097508e-02
-9.493849067676589648e-01 3.130600512387334278e-01 -2.572376200657246204e-02
-9.512819876801708041e-01 3.072743739906778071e-01 -2.539779112005065287e-02
-9.531105916614219797e-01 3.015886955547032455e-01 -2.498934852219629466e-02
-9.548662026336713904e-01 2.960242392479250362e-01 -2.449884849117463237e-02
-9.565447555103080424e-01 2.906022139858484565e-01 -2.392681818428385454e-02
-9.581426129985695095e-01 2.853437706569841303e-01 -2.327389869482448040e-02
-9.596565373146259681e-01 2.802699578627733112e-01 -2.254084567000198824e-02
-9.610836569809882990e-01 2.754016772998444385e-01 -2.172852950386984158e-02
-9.624214289234769293e-01 2.707596390384444107e-01 -2.083793512422878538e-02
-9.636675961308031058e-01 2.663643169231846297e-01 -1.987016139674218501e-02
-9.648201411836367924e-01 2.622359042906433624e-01 -1.882642017321815506e-02
-9.658772360013970770e-01 2.583942701635928429e-01 -1.770803501397137658e-02
-9.668371881935257095e-01 2.548589160444737489e-01 -1.651643961634982963e-02
-9.676983844373998611e-01 2.516489333920920446e-01 -1.525317598284837983e-02
-9.684592313370997685e-01 2.487829618262738796e-01 -1.391989236270376080e-02
-9.691180942458528236e-01 2.462791480663272248e-01 -1.251834100046263741e-02
-9.696732345600824754e-01 2.441551055715771024e-01 -1.105037572374280644e-02
-9.701227460146222281e-01 2.424278748169060582e-01 -9.517949400291367268e-03
-9.704644905268935418e-01 2.411138841040655068e-01 -7.923111291524688113e-03
-9.706960341528061420e-01 2.402289107814009339e-01 -6.268004326071481211e-03
-9.708145837289643421e-01 2.397880427213771037e-01 -4.554862312506706076e-03
-9.708169247845975791e-01 2.398056398876461937e-01 -2.786007105549386138e-03
-9.706993613126083664e-01 2.402952958120386784e-01 -9.638457346046588534e-04
-9.704576579923508417e-01 2.412697987973423386e-01 9.091325022253945141e-04
-9.700869854572622408e-01 2.427410926645322820e-01 2.830358981530109626e-03
-9.695818691982640569e-01 2.447202368735688638e-01 4.797188744339386975e-03
-9.689510630061882734e-01 2.471621188290829829e-01 6.688275991414699070e-03
-9.681965197973420034e-01 2.500464521970738874e-01 8.501729820893323339e-03
-9.673199110765359210e-01 2.533523771780139544e-01 1.023578648402415081e-02
-9.663227135570937598e-01 2.570585112856317855e-01 1.188881205085440436e-02
-9.652062935840329816e-01 2.611430007737960968e-01 1.345930488193361474e-02
-9.639719887019458922e-01 2.655835728226701442e-01 1.494589786329860240e-02
-9.626211857469688660e-01 2.703575885388435074e-01 1.634736035989018538e-02
-9.611553948847608719e-01 2.754420967659868547e-01 1.766259984172211667e-02
-9.595763190635880902e-01 2.808138886441531867e-01 1.889066313757598731e-02
-9.578859184032705310e-01 2.864495527985843615e-01 2.003073727270518120e-02
-9.560864690966131008e-01 2.923255309841243377e-01 2.108214984994196198e-02
-9.541806164595807438e-01 2.984181739603615213e-01 2.204436893763409705e-02
-9.521714218293294563e-01 3.047037973265726007e-01 2.291700243288724223e-02
-9.500624030745856707e-01 3.111587370054351709e-01 2.369979687453162634e-02
-9.478575685499718295e-01 3.177594040311657597e-01 2.439263568692378800e-02
-9.455614443938143987e-01 3.244823382718989291e-01 2.499553684297934480e-02
-9.431790951367794440e-01 3.313042606982296023e-01 2.550864994254438065e-02
-9.407161376553547782e-01 3.382021238001772234e-01 2.593225271017865138e-02
-9.381787485687155259e-01 3.451531597534711615e-01 2.626674692447009130e-02
-9.355736652388727537e-01 3.521349259428825373e-01 2.651265379895694635e-02
-9.329081805912526892e-01 3.591253474650267230e-01 2.667060884243909955e-02
-9.301901320251028116e-01 3.661027562551478765e-01 2.674135623376313817e-02
-9.274278847295909234e-01 3.730459265112311407e-01 2.672574275293103374e-02
-9.246303097614826383e-01 3.799341061236016781e-01 2.662471131649303893e-02
-9.218067572733316117e-01 3.867470438580821734e-01 2.643929417054474013e-02
-9.189670253068142891e-01 3.934650120848487420e-01 2.617060579918197710e-02
-9.161213245839689989e-01 4.000688248923504609e-01 2.581983560992402726e-02
-9.132802397395988203e-01 4.065398514750335202e-01 2.538824046036673027e-02
-9.104546874410607282e-01 4.128600247341451257e-01 2.487713709216765601e-02
-9.076558718373411994e-01 4.190118450816299744e-01 2.428789453941009036e-02
-9.048952377680864467e-01 4.249783794871924147e-01 2.362192657847677832e-02
-9.021844221456181145e-01 4.307432558571779868e-01 2.288068428583976341e-02
-8.995352038995361177e-01 4.362906528803389694e-01 2.206564876870562367e-02
-8.969594528449718052e-01 4.416052855192061366e-01 2.117832413132349212e-02
-8.944690778026761491e-01 4.466723863662460103e-01 2.022023073705228255e-02
-8.920759742627006883e-01 4.514776831209079688e-01 1.919289882308416670e-02
-8.897919718442904857e-01 4.560073724768646808e-01 1.809786252112651622e-02
-8.876287817635882815e-01 4.602480907381461539e-01 1.693665433344550275e-02
-8.855979444786755694e-01 4.641868815085056221e-01 1.571080010955942796e-02
-8.837107776391550651e-01 4.678111608203800453e-01 1.442181456462009181e-02
-8.819783244256799160e-01 4.711086800884620174e-01 1.307119737620920062e-02
-8.804113023242889913e-01 4.740674872885003444e-01 1.166042989196715632e-02
-8.790200523417976974e-01 4.766758867748766004e-01 1.019097247621481885e-02
-8.778144886324514840e-01 4.789223981611905878e-01 8.664262519563923834e-03
-8.768040484731596251e-01 4.807957146969877305e-01 7.081713131464210942e-03
-8.759976424954266649e-01 4.822846615813425331e-01 5.444712531716656805e-03
-8.754036050570771499e-01 4.833781546607384128e-01 3.754624153190486147e-03
-8.750296446164764763e-01 4.840651599649983261e-01 2.012787464301023233e-03
-8.748827939566143908e-01 4.843346545413249604e-01 2.205195162071063239e-04
-8.749693600965193774e-01 4.841755890531558304e-01 -1.620882783870934664e-03
-8.752703923340169334e-01 4.836219290659198866e-01 -3.402860806235404566e-03
-8.757779949539649111e-01 4.826869104146799261e-01 -5.124405536451394870e-03
-8.764836854521903531e-01 4.813837649030007215e-01 -6.784506051154877253e-03
-8.773784526391650296e-01 4.797257549474842619e-01 -8.382148945756496411e-03
-8.784528137563489825e-01 4.777262084178920398e-01 -9.916318425243262832e-03
-8.796968706817233086e-01 4.753985532201907560e-01 -1.138599703461631168e-02
-8.811003652820482701e-01 4.727563511914041339e-01 -1.279016700199251538e-02
-8.826527339471248457e-01 4.698133308971813027e-01 -1.412781216403686223e-02
-8.843431613164370875e-01 4.665834189457450654e-01 -1.539792044017318506e-02
-8.861606331816405113e-01 4.630807694556018372e-01 -1.659948681894533873e-02
-8.880939885200934691e-01 4.593197913392991771e-01 -1.773151681698193621e-02
-8.901319705856356457e-01 4.553151730917991413e-01 -1.879303036827624160e-02
-8.922632769537585107e-01 4.510819047998426701e-01 -1.978306609895806242e-02
-8.944766083898213482e-01 4.466352971181078435e-01 -2.070068594044180768e-02
-8.967607163816783133e-01 4.419909969890439272e-01 -2.154498003182440599e-02
-8.991044491526093418e-01 4.371649999159613609e-01 -2.231507186072214863e-02
-9.014967959473830783e-01 4.321736586331648700e-01 -2.301012359042105271e-02
-9.039269293641732927e-01 4.270336880524515655e-01 -2.362934152031519880e-02
-9.063842454884134536e-01 4.217621664018994521e-01 -2.417198162616320326e-02
-9.088584015719662901e-01 4.163765325102167236e-01 -2.463735512674111727e-02
-9.113393509925914460e-01 4.108945792276127440e-01 -2.502483402404175744e-02
-9.138173752249389992e-01 4.053344430117336583e-01 -2.533385656528759286e-02
-9.162831125554131706e-01 3.997145897441782836e-01 -2.556393257670040720e-02
-9.187275832793896368e-01 3.940537968789344370e-01 -2.571464862120755382e-02
-9.211422111304837790e-01 3.883711320581936244e-01 -2.578567293505214936e-02
-9.235188407078168682e-01 3.826859283628468722e-01 -2.577676010159058589e-02
-9.258497506883751615e-01 3.770177563939798304e-01 -2.568775542437010465e-02
-9.281276626373673455e-01 3.713863934073449724e-01 -2.551859896583394058e-02
-9.303457452596387567e-01 3.658117897446053202e-01 -2.526932922264201950e-02
-9.324976139692916499e-01 3.603140328226950295e-01 -2.494008641354987510e-02
-9.345773256922091932e-01 3.549133089555771559e-01 -2.453111536097640766e-02
-9.365793688566463882e-01 3.496298632907363091e-01 -2.404276795272313264e-02
-9.384986485698553205e-01 3.444839581457602162e-01 -2.347550517568770465e-02
-9.403304670232225382e-01 3.394958300282874264e-01 -2.282989871874347224e-02
-9.420704992139916634e-01 3.346856456154813642e-01 -2.210663214713274455e-02
-9.437147641176757418e-01 3.300734569572120192e-01 -2.130650165564406881e-02
-9.452595914911208208e-01 3.256791561505687493e-01 -2.043041641241526846e-02
-9.467015845312601874e-01 3.215224297125933717e-01 -1.947939850933284867e-02
-9.480375786583603581e-01 3.176227128537097433e-01 -1.845458253860050857e-02
-9.492645967344987001e-01 3.139991438268370794e-01 -1.735721481805158756e-02
-9.503798010676970387e-01 3.106705184972815559e-01 -1.618865229012026591e-02
-9.513804425891972949e-01 3.076552452469602517e-01 -1.495036112101650119e-02
-9.522638076255076633e-01 3.049713002941169537e-01 -1.364391502753657323e-02
-9.530271627178384941e-01 3.026361834772867132e-01 -1.227099335906747454e-02
-9.536676979692259026e-01 3.006668745207057847e-01 -1.083337896170822462e-02
-9.541824694239052773e-01 2.990797897685131823e-01 -9.332955850050259766e-03
-9.545683410042927752e-01 2.978907393477882026e-01 -7.771706710064680418e-03
-9.548219265482474905e-01 2.971148846965321888e-01 -6.151710253784920500e-03
-9.549395325031361237e-01 2.967666963728957108e-01 -4.475138443113747984e-03
-9.549171018436296565e-01 2.968599120469730401e-01 -2.744253596202208580e-03
-9.547667404618694897e-01 2.973538602383766771e-01 -1.078351685920747030e-03
-9.544932956014872127e-01 2.982319350496873134e-01 5.209021092738353766e-04
-9.541013156439346332e-01 2.994770088059741653e-01 2.051949379439570870e-03
-9.535951086596013981e-01 3.010714782919956534e-01 3.513340154490771951e-03
-9.529787998838681329e-01 3.029973106647607106e-01 4.903734353326389718e-03
-9.522563876426686225e-01 3.052360890800865922e-01 6.221902995043490821e-03
-9.514317972808116197e-01 3.077690580469514270e-01 7.466729155252842774e-03
-9.505089326776317016e-01 3.105771684971228019e-01 8.637208649880415492e-03
-9.494917249683229032e-01 3.136411225305306694e-01 9.732450428862754466e-03
-9.483841781253393721e-01 3.169414177699069191e-01 1.075167666281938786e-02
-9.471904110922595432e-01 3.204583912320813632e-01 1.169422250709056116e-02
-9.459146962021931504e-01 3.241722625986899198e-01 1.255953552942846996e-02
-9.445614936538034856e-01 3.280631767465557180e-01 1.334717479007696550e-02
-9.431354818599219092e-01 3.321112453782086305e-01 1.405680956590952407e-02
-9.416415835261012779e-01 3.362965875763977985e-01 1.468821771364933228e-02
-9.400849873588246197e-01 3.405993690934213669e-01 1.524128367089279228e-02
-9.384711653449606672e-01 3.449998401769445167e-01 1.571599609761659133e-02
-9.368058855849324962e-01 3.494783717289076108e-01 1.611244516498366516e-02
-9.350952207014447959e-01 3.540154895932401402e-01 1.643081950248835577e-02
-9.333455518830009456e-01 3.585919067714007924e-01 1.667140281870986215e-02
-9.315635686563771278e-01 3.631885533721737058e-01 1.683457021509307885e-02
-9.297562645142755100e-01 3.677866041134874586e-01 1.692078421616841424e-02
-9.279309285531713858e-01 3.723675032090416059e-01 1.693059054338552291e-02
-9.260951333015775555e-01 3.769129864908981609e-01 1.686461366320573044e-02
-9.242567189403161354e-01 3.814051006405541622e-01 1.672355214321908853e-02
-9.224237741337183438e-01 3.858262194249323374e-01 1.650817385277912955e-02
-9.206046137038581545e-01 3.901590568597643194e-01 1.621931104694622136e-02
-9.188077533889248416e-01 3.943866772505303930e-01 1.585785537437451459e-02
-9.170418819316913384e-01 3.984925020899906523e-01 1.542475285115360931e-02
-9.153158307448497899e-01 4.024603138209418840e-01 1.492099884352018728e-02
-9.136385413969517755e-01 4.062742565027206432e-01 1.434763310279201995e-02
-9.120190311560486540e-01 4.099188334497435582e-01 1.370573489586072308e-02
-9.104663568181914357e-01 4.133789019396645337e-01 1.299641827413118220e-02
-9.089895770350758797e-01 4.166396651172154519e-01 1.222082752294161370e-02
-9.075977133397058472e-01 4.196866612472169300e-01 1.138013283227034579e-02
-9.062997100514434967e-01 4.225057504963843358e-01 1.047552622796819530e-02
-9.051043932226703337e-01 4.250830994482563407e-01 9.508217800885291476e-03
-9.040204287689943552e-01 4.274051635787340930e-01 8.479432269124898003e-03
-9.030562799039916211e-01 4.294586679412930597e-01 7.390405906289955473e-03
-9.022201639783695715e-01 4.312305863309086607e-01 6.242383866023694383e-03
-9.015200088026813496e-01 4.327081192141656873e-01 5.036617930413541527e-03
-9.009634085127963266e-01 4.338786707299739920e-01 3.774364706952667951e-03
-9.005575790187235752e-01 4.347298250808886988e-01 2.456884295755636886e-03
-9.003093130605619443e-01 4.352493226493563405e-01 1.085439445617317677e-03
-9.002249348807563889e-01 4.354250361864053787e-01 -3.387047857053313103e-04
-9.003102545099208598e-01 4.352449474324970868e-01 -1.814280854920481776e-03
-9.005705216546414649e-01 4.346971245415690022e-01 -3.340018031689566055e-03
-9.010103791703094611e-01 4.337697006898258989e-01 -4.914641167069983690e-03
-9.016338161005098550e-01 4.324508542606256833e-01 -6.536868930489311835e-03
-9.024441202671704687e-01 4.307287910058810176e-01 -8.205411517678139199e-03
-9.034222590961290544e-01 4.286397459880203487e-01 -9.808178158243932576e-03
-9.045587046717050717e-01 4.261981623844510736e-01 -1.134401431441693121e-02
-9.058435353113641897e-01 4.234186563187953833e-01 -1.281177365542596550e-02
-9.072664976012787541e-01 4.203160474165935634e-01 -1.421032001379464796e-02
-9.088170675491048511e-01 4.169053878919550815e-01 -1.553852991283232766e-02
-9.104845107927408421e-01 4.132019897568253719e-01 -1.679529562516778735e-02
-9.122579417755762865e-01 4.092214497751339719e-01 -1.797952871853710638e-02
-9.141263817697063976e-01 4.049796718165487031e-01 -1.909016404168961331e-02
-9.160788155995415183e-01 4.004928862989519667e-01 -2.012616410025137859e-02
-9.181042468899448528e-01 3.957776664450906590e-01 -2.108652376972504003e-02
-9.201917516362220217e-01 3.908509411170722481e-01 -2.197027529055228454e-02
-9.223305298686749198e-01 3.857300040323506929e-01 -2.277649348836809778e-02
-9.245099551626875245e-01 3.804325192063511274e-01 -2.350430116128081684e-02
-9.267196217270615710e-01 3.749765225096241550e-01 -2.415287457526377538e-02
-9.289493887891079327e-01 3.693804192710209433e-01 -2.472144900858329331e-02
-9.311894219853253940e-01 3.636629779023863862e-01 -2.520932428664769687e-02
-9.334302314617399787e-01 3.578433195641581577e-01 -2.561587024976779217e-02
-9.356627063884521700e-01 3.519409039344592594e-01 -2.594053209808556623e-02
-9.378781455988343119e-01 3.459755111861592680e-01 -2.618283556035706783e-02
-9.400682840752254688e-01 3.399672203163102147e-01 -2.634239183635669196e-02
-9.422253150198647287e-01 3.339363840096781222e-01 -2.641890226637830588e-02
-9.443419072720418139e-01 3.279036002521462101e-01 -2.641216268560422215e-02
-9.464112178597794411e-01 3.218896809399376391e-01 -2.632206742594182802e-02
-9.484268995064378815e-01 3.159156177563283152e-01 -2.614861293322135946e-02
-9.503831029489961946e-01 3.100025456082853292e-01 -2.589190097332594656e-02
-9.522744739648755230e-01 3.041717039308540760e-01 -2.555214140679358883e-02
-9.540961450474266803e-01 2.984443961768074582e-01 -2.512965451758798416e-02
-9.558437217159312382e-01 2.928419478128524434e-01 -2.462487288797097704e-02
-9.575132634934758746e-01 2.873856631414737905e-01 -2.403834281760891187e-02
-9.591012596346258912e-01 2.820967812593261903e-01 -2.337072529109106289e-02
-9.606045997337381293e-01 2.769964314491318302e-01 -2.262279650381384191e-02
-9.620205393933174420e-01 2.721055882826046712e-01 -2.179544796157599842e-02
-9.633466611793827239e-01 2.674450266874340842e-01 -2.088968617413019743e-02
-9.645808311367668475e-01 2.630352772023631935e-01 -1.990663196724649919e-02
-9.657211511810960269e-01 2.588965816115491037e-01 -1.884751944147531125e-02
-9.667659077254318056e-01 2.550488491134382807e-01 -1.771369460867724260e-02
-9.677135169378376922e-01 2.515116131411624378e-01 -1.650661373945468829e-02
-9.685624670611829856e-01 2.483039889118449639e-01 -1.522784145583184687e-02
-9.693112582581276948e-01 2.454446317421428159e-01 -1.387904860385973625e-02
-9.699583404723410851e-01 2.429516961277889409e-01 -1.246200994026217673e-02
-9.705020498215743974e-01 2.408427955468161463e-01 -1.097860166579736618e-02
-9.709405440592712155e-01 2.391349629104872476e-01 -9.430798835714956224e-03
-9.712717376590579432e-01 2.378446115536555494e-01 -7.820672674585504511e-03
-9.714932370908497816e-01 2.369874966282152218e-01 -6.150387818929643931e-03
-9.716022768685804722e-01 2.365786767402951185e-01 -4.422199506555840598e-03
-9.715956569578827473e-01 2.366324756546478170e-01 -2.638450726420807271e-03
-9.714696821375445879e-01 2.371624438789505795e-01 -8.015693372614347313e-04
-9.712201039113508294e-01 2.381813199370262923e-01 1.085934842670130060e-03
-9.708420655670401134e-01 2.397009911437652796e-01 3.021472978576737311e-03
-9.703300509765495629e-01 2.417324537061145417e-01 5.002380204824752492e-03
-9.696926283933967605e-01 2.442304401780317213e-01 6.907201324052919013e-03
-9.689316139818282547e-01 2.471745439474762607e-01 8.734028092495949719e-03
-9.680485383902636132e-01 2.505437793660302837e-01 1.048107997453808470e-02
-9.670447348103956564e-01 2.543166325405771255e-01 1.214670687718399922e-02
-9.659214248284736515e-01 2.584711128253918133e-01 1.372939169602361599e-02
-9.646798013995955268e-01 2.629848051333504300e-01 1.522775262860084911e-02
-9.633211083136393738e-01 2.678349231269282482e-01 1.664054520886075819e-02
-9.618467155640532118e-01 2.729983632898198009e-01 1.796666401542955718e-02
-9.602581900780908786e-01 2.784517598198513189e-01 1.920514400687934123e-02
-9.585573613190869757e-01 2.841715402248183864e-01 2.035516143881796816e-02
-9.567463813277328200e-01 2.901339814463615996e-01 2.141603432056960604e-02
-9.548277788296231083e-01 2.963152662842959417e-01 2.238722237329224957e-02
-9.528045071000327271e-01 3.026915398461238471e-01 2.326832645650965536e-02
-9.506799853432514880e-01 3.092389657048369433e-01 2.405908743608937625e-02
-9.484581334120484319e-01 3.159337814134318134e-01 2.475938447353042207e-02
-9.461433997620372072e-01 3.227523529975288574e-01 2.536923272387302600e-02
-9.437407826048853643e-01 3.296712280285971075e-01 2.588878043743829058e-02
-9.412558442924249258e-01 3.366671868698472014e-01 2.631830546877014787e-02
-9.386947190297239008e-01 3.437172916849494664e-01 2.665821120440781816e-02
-9.360641140780400216e-01 3.507989328062489087e-01 2.690902192928874143e-02
-9.333713046673021152e-01 3.578898720737725414e-01 2.707137765950240471e-02
-9.306241228914440278e-01 3.649682827785626360e-01 2.714602847662908602e-02
-9.278309409077258874e-01 3.720127858730746806e-01 2.713382840586422984e-02
-9.250006488024332674e-01 3.790024821467553040e-01 2.703572888642773522e-02
-9.221426275194886113e-01 3.859169801055725157e-01 2.685277188828752784e-02
-9.192667172751473048e-01 3.927364193392281488e-01 2.658608273391088045e-02
-9.163831819008447788e-01 3.994414892080184742e-01 2.623686268754145054e-02
-9.135026695673412744e-01 4.060134427317870220e-01 2.580638137735480342e-02
-9.106361703466657742e-01 4.124341056151034079e-01 2.529596911776387305e-02
-9.077949710642334580e-01 4.186858803947272611e-01 2.470700920014351140e-02
-9.049906078822868016e-01 4.247517457466560287e-01 2.404093022035560384e-02
-9.022348170380027899e-01 4.306152510397874278e-01 2.329919851073626938e-02
-8.995394841358307358e-01 4.362605062707301529e-01 2.248331074272232402e-02
-8.969165923645917582e-01 4.416721675589693197e-01 2.159478676412547246e-02
-8.943781699763525550e-01 4.468354184229676451e-01 2.063516273229780776e-02
-8.919362373269016375e-01 4.517359470955140122e-01 1.960598460116496841e-02
-8.896027537376612893e-01 4.563599201705164643e-01 1.850880201642940426e-02
-8.873895643969103020e-01 4.606939529033916569e-01 1.734516266926039094e-02
-8.853083474751205495e-01 4.647250765132693306e-01 1.611660715458075946e-02
-8.833705615858502558e-01 4.684407028575590104e-01 1.482466437571725373e-02
-8.815873936807731015e-01 4.718285868682599582e-01 1.347084753277817334e-02
-8.799697074258023832e-01 4.748767871550640396e-01 1.205665072772412437e-02
-8.785279920655899577e-01 4.775736251931970155e-01 1.058354621475912812e-02
-8.772723117465844878e-01 4.799076435245069883e-01 9.052982320431016139e-03
-8.762122552349150828e-01 4.818675634090110460e-01 7.466382053719067963e-03
-8.753568859351678055e-01 4.834422423714404005e-01 5.825142422416591456e-03
-8.747146920901404110e-01 4.846206320937570533e-01 4.130634468285339540e-03
-8.742935370203468448e-01 4.853917371106167833e-01 2.384204029752546358e-03
-8.741006092458266652e-01 4.857445747707421213e-01 5.871732373112141610e-04
-8.741423723220798081e-01 4.856681369335188458e-01 -1.259157256771303770e-03
-8.743999326564850794e-01 4.851963411074470822e-01 -3.046337407285649307e-03
-8.748655121592164852e-01 4.843424020983219114e-01 -4.773365697183479250e-03
-8.755307387402226915e-01 4.831195231144572166e-01 -6.439238839394874694e-03
-8.763867042525995688e-01 4.815409302170805539e-01 -8.042951087357934695e-03
-8.774240214259928505e-01 4.796199070413060261e-01 -9.583494208903375194e-03
-8.786328798699012399e-01 4.773698293347470312e-01 -1.105985810070781762e-02
-8.800031012085307580e-01 4.748041988822206405e-01 -1.247103201703710605e-02
-8.815241933872787206e-01 4.719366764068015363e-01 -1.381600638315956184e-02
-8.831854041666301613e-01 4.687811130599444098e-01 -1.509377516060848162e-02
-8.849757737928563017e-01 4.653515801367534843e-01 -1.630333872841372225e-02
-8.868841868070560519e-01 4.616623966769551890e-01 -1.744370724151440843e-02
-8.888994229254055801e-01 4.577281546379272092e-01 -1.851390442482792401e-02
-8.910102068946306186e-01 4.535637413534048812e-01 -1.951297175891155214e-02
-8.932052571983127853e-01 4.491843590203314363e-01 -2.043997301084660156e-02
-8.954733334623239394e-01 4.446055409867882835e-01 -2.129399906193890635e-02
-8.978032823820532027e-01 4.398431646460119193e-01 -2.207417298210721107e-02
-9.001840819707433994e-01 4.349134607750844150e-01 -2.277965529946535464e-02
-9.026048839077369657e-01 4.298330191918105503e-01 -2.340964941263963886e-02
-9.050550537482640046e-01 4.246187906393242839e-01 -2.396340709284022069e-02
-9.075242087430430704e-01 4.192880848447914643e-01 -2.444023402266265466e-02
-9.100022530068112570e-01 4.138585647358160036e-01 -2.483949531906397279e-02
-9.124794097702833007e-01 4.083482368353783531e-01 -2.516062098896098762e-02
-9.149462504502086091e-01 4.027754378928479206e-01 -2.540311126745121648e-02
-9.173937202773133626e-01 3.971588178442952977e-01 -2.556654179076335923e-02
-9.198131602320577249e-01 3.915173192294335580e-01 -2.565056855869691718e-02
-9.221963250532814182e-01 3.858701532244857013e-01 -2.565493264448982791e-02
-9.245353971048392294e-01 3.802367724795535087e-01 -2.557946461372648597e-02
-9.268229959100243720e-01 3.746368409751278383e-01 -2.542408861802158970e-02
-9.290521831926524809e-01 3.690902011347421685e-01 -2.518882613373077395e-02
-9.312164632967313560e-01 3.636168384489989469e-01 -2.487379932077892972e-02
-9.333097788932308569e-01 3.582368438799337085e-01 -2.447923398178317514e-02
-9.353265019220573517e-01 3.529703743236485280e-01 -2.400546210689297882e-02
-9.372614197593661656e-01 3.478376114131650487e-01 -2.345292399508154893e-02
-9.391097166442037292e-01 3.428587189424422976e-01 -2.282216994790274567e-02
-9.408669504435333009e-01 3.380537991865129044e-01 -2.211386153687619482e-02
-9.425290248803349646e-01 3.334428483818611122e-01 -2.132877245058059645e-02
-9.440921573950610268e-01 3.290457116157594619e-01 -2.046778893212433670e-02
-9.455528428556820852e-01 3.248820373536729367e-01 -1.953190982183154040e-02
-9.469078133753193738e-01 3.209712318105045759e-01 -1.852224622364640264e-02
-9.481539945385232260e-01 3.173324133449689777e-01 -1.744002081684420044e-02
-9.492884583771804552e-01 3.139843670273966825e-01 -1.628656683708047323e-02
-9.503083734744314226e-01 3.109454995005179190e-01 -1.506332675256054354e-02
-9.512109526095441359e-01 3.082337942210360837e-01 -1.377185066213404245e-02
-9.519933983881772033e-01 3.058667671378971220e-01 -1.241379444239345230e-02
-9.526528473306911105e-01 3.038614228319416743e-01 -1.099091767037784807e-02
-9.531863129160204062e-01 3.022342111119392105e-01 -9.505081347265577699e-03
-9.535906281000267048e-01 3.010009840346883903e-01 -7.958245446511632432e-03
-9.538623878451918392e-01 3.001769532927373030e-01 -6.352466307292142442e-03
-9.539978922129817018e-01 2.997766478930938283e-01 -4.689893890920762178e-03
-9.539930905812377127e-01 2.998138720347680586e-01 -2.972768914175314206e-03
-9.538602250967903595e-01 3.002481307598073301e-01 -1.320257371080498171e-03
-9.536042374903535013e-01 3.010629496480087264e-01 2.659913171190993533e-04
-9.532297741618636078e-01 3.022413367657664773e-01 1.784433718830463235e-03
-9.527412435616497977e-01 3.037658286813549324e-01 3.233634022655338530e-03
-9.521428725114580160e-01 3.056185361319060934e-01 4.612265443850602047e-03
-9.514387609983969707e-01 3.077811893762942841e-01 5.919111391772820252e-03
-9.506329350032800551e-01 3.102351832442569179e-01 7.153066382168867324e-03
-9.497293969558137094e-01 3.129616218667775063e-01 8.313136677596446450e-03
-9.487321734424594144e-01 3.159413630467919343e-01 9.398440639316113163e-03
-9.476453598283384183e-01 3.191550622034004525e-01 1.040820877468355381e-02
-9.464731614919982272e-01 3.225832157976883940e-01 1.134178346536643921e-02
-9.452199314109016592e-01 3.262062041246497901e-01 1.219861836357985334e-02
-9.438902038757804869e-01 3.300043333341840524e-01 1.297827744593131084e-02
-9.424887241531159088e-01 3.339578765252400050e-01 1.368043371733328878e-02
-9.410204739565417587e-01 3.380471137413805227e-01 1.430486756071133563e-02
-9.394906926294459559e-01 3.422523706837155011e-01 1.485146473183527639e-02
-9.379048939819973896e-01 3.465540559485870697e-01 1.532021400245050201e-02
-9.362688787657584832e-01 3.509326965927843656e-01 1.571120445890324124e-02
-9.345887428074710623e-01 3.553689718285091836e-01 1.602462246755435166e-02
-9.328708808600540969e-01 3.598437446538176876e-01 1.626074832237749818e-02
-9.311219862628763444e-01 3.643380912317333853e-01 1.641995259415949746e-02
-9.293490465345575213e-01 3.688333278425004469e-01 1.650269220458742969e-02
-9.275593350495396905e-01 3.733110352482723049e-01 1.650950625214943346e-02
-9.257603989741466366e-01 3.777530803276035187e-01 1.644101162013209688e-02
-9.239600436585732046e-01 3.821416348580672362e-01 1.629789840001373211e-02
-9.221663136980281505e-01 3.864591913487504526e-01 1.608092516618581450e-02
-9.203874708890014134e-01 3.906885758498546135e-01 1.579091414015087319e-02
-9.186319693152938948e-01 3.948129576936975638e-01 1.542874628412028645e-02
-9.169084278030888990e-01 3.988158561496277787e-01 1.499535636525628317e-02
-9.152255999850613666e-01 4.026811440042764589e-01 1.449172803266511253e-02
-9.135923422105053371e-01 4.063930481077723811e-01 1.391888894965761549e-02
-9.120175795319509504e-01 4.099361469556337956e-01 1.327790602376256041e-02
-9.105102699890418316e-01 4.132953654046797043e-01 1.256988077652708598e-02
-9.090793673979085110e-01 4.164559666491660650e-01 1.179594489429318209e-02
-9.077337828392891828e-01 4.194035416101888902e-01 1.095725599992954796e-02
-9.064823450216529244e-01 4.221239959170052236e-01 1.005499368395765085e-02
-9.053337596770182349e-01 4.246035346831524837e-01 9.090355831674053894e-03
-9.042965681275116907e-01 4.268286453029954686e-01 8.064555280773162693e-03
-9.033791051404533867e-01 4.287860785155546695e-01 6.978816841649308073e-03
-9.025894561693860174e-01 4.304628280021612352e-01 5.834374710036012435e-03
-9.019354140584607826e-01 4.318461088026822603e-01 4.632470298951500351e-03
-9.014244352684452899e-01 4.329233348518369273e-01 3.374350514086507657e-03
-9.010635956647931044e-01 4.336820959525699570e-01 2.061266493811703734e-03
-9.008595458921729859e-01 4.341101345176816562e-01 6.944728319099721311e-04
-9.008184663460399033e-01 4.341953224240483467e-01 -7.247727020404238878e-04
-9.009460217406639604e-01 4.339256383359220148e-01 -2.195208932992453402e-03
-9.012473152649301822e-01 4.332891458650773853e-01 -3.715570533228671792e-03
-9.017268423125593957e-01 4.322739729460567393e-01 -5.284586752922593167e-03
-9.023884437725533392e-01 4.308682928144957347e-01 -6.900979627431336715e-03
-9.032352588689743778e-01 4.290603069854998508e-01 -8.563461664137623011e-03
-9.042589517017496359e-01 4.268622834493716600e-01 -1.021528533849041034e-02
-9.054555183887653680e-01 4.242755839248236738e-01 -1.185520887068548454e-02
-9.068203560186522960e-01 4.213016627707469319e-01 -1.348198014526350887e-02
-9.083482748644539084e-01 4.179420840403745285e-01 -1.509433452362399578e-02
-9.100335118913650545e-01 4.141985406250523472e-01 -1.669099289470685199e-02
-9.118697456517257383e-01 4.100728753376538527e-01 -1.827065998908277561e-02
-9.138501126671879637e-01 4.055671037701664705e-01 -1.983202298064859481e-02
-9.159672254024009419e-01 4.006834387441248757e-01 -2.137375039892596557e-02
-9.182131919365061901e-01 3.954243161564444109e-01 -2.289449137358574166e-02
-9.205796374380269542e-01 3.897924220069349799e-01 -2.439287523123986542e-02
-9.230577275452316321e-01 3.837907203775135501e-01 -2.586751146273351398e-02
-9.256381937476199084e-01 3.774224821170805710e-01 -2.731699007710985255e-02
-9.283113608547317597e-01 3.706913139704292037e-01 -2.873988235608887498e-02
-9.310671766259457360e-01 3.636011878746944204e-01 -3.013474202028497070e-02
-9.338952436192982098e-01 3.561564701330448557e-01 -3.150010681547488894e-02
-9.367848532986420285e-01 3.483619501629185988e-01 -3.283450052401432062e-02
-9.397250224167520427e-01 3.402228685054832225e-01 -3.413643540299002299e-02
-9.427045316674075304e-01 3.317449437745507712e-01 -3.540441504689571112e-02
-9.457119665722439894e-01 3.229343982173030203e-01 -3.663693766855266598e-02
-9.487357605385271508e-01 3.137979815562812469e-01 -3.783249978768817717e-02
-9.517642399923003094e-01 3.043429927825571646e-01 -3.898960031207372723e-02
-9.547856714579932014e-01 2.945772995741916533e-01 -4.010674499145754773e-02
-9.577883104210290766e-01 2.845093550223321555e-01 -4.118245121975866452e-02
-9.607604517747674322e-01 2.741482113598736059e-01 -4.221525315618759877e-02
-9.636904816178639699e-01 2.635035304047254612e-01 -4.320370713119601330e-02
-9.665669301334716135e-01 2.525855904515219019e-01 -4.414639729851439071e-02
-9.693785252483285708e-01 2.414052893721314041e-01 -4.504194149010017079e-02
-9.721142467384050745e-01 2.299741437165127300e-01 -4.588899722667896808e-02
-9.747633804191283557e-01 2.183042836411669685e-01 -4.668626783281106668e-02
-9.773155720330078955e-01 2.064084435323773892e-01 -4.743250860214667103e-02
-9.797608804264291704e-01 1.942999482352195939e-01 -4.812653295583527863e-02
-9.820898295911362208e-01 1.819926948464624383e-01 -4.876721853501100185e-02
-9.842934591350624984e-01 1.695011300793476394e-01 -4.935351316696213325e-02
-9.863633727422127517e-01 1.568402232601172619e-01 -4.988444064407388662e-02
-9.882917841826329708e-01 1.440254350692439789e-01 -5.035910625495985948e-02
-9.900715604414309645e-01 1.310726821937268916e-01 -5.077670200840494336e-02
-9.916962615504582024e-01 1.179982981096077965e-01 -5.113651149284864639e-02
-9.931601767276494463e-01 1.048189902650669691e-01 -5.143791431714137691e-02
-9.944583564569855483e-01 9.155179398309577776e-02 -5.168039008218614644e-02
-9.955866401762916151e-01 7.821402344785208238e-02 -5.186352183779241454e-02
-9.965416792801559120e-01 6.482322017946719195e-02 -5.198699898455610285e-02
-9.973209551905491965e-01 5.139709943744198012e-02 -5.205061958675884920e-02
-9.979227922975067999e-01 3.795349502209471870e-02 -5.205429206905218265e-02
-9.983463656256569285e-01 2.451030296617045384e-02 -5.199803627694464525e-02
-9.985917031384915488e-01 1.108542462419781494e-02 -5.188198388871566313e-02
-9.986596826500645507e-01 -2.303290324857949073e-03 -5.170637817420316307e-02
-9.985520233722042782e-01 -1.563810044582353634e-02 -5.147157310381129947e-02
-9.982712721832656122e-01 -2.890142817802886926e-02 -5.117803181891601022e-02
