1.000000000000000000e+00 0.000000000000000000e+00 0.000000000000000000e+00
9.999999976922808731e-01 2.941926658378370805e-05 -6.123714951927899399e-05
9.999999777675140367e-01 1.040904172407310752e-04 -1.833859233726938649e-04
9.999999042631886326e-01 2.397519160709888568e-04 -3.660510449635297485e-04
9.999997125359153527e-01 4.520300625122897448e-04 -6.087681119081624070e-04
9.999992989505634977e-01 7.564211323517434568e-04 -9.110042864621101981e-04
9.999985083758486937e-01 1.168273673201284486e-03 -1.272159044912469063e-03
9.999971195902069843e-01 1.702770950063812495e-03 -1.691564979449026443e-03
9.999948287154645232e-01 2.374913529233163133e-03 -2.168488645537175030e-03
9.999912308089089485e-01 3.199501980728857928e-03 -2.702131447508595262e-03
9.999857997568724066e-01 4.191119670957452886e-03 -3.291630554976013312e-03
9.999778666248350101e-01 5.364115608522289011e-03 -3.936059842778329328e-03
9.999665966303586950e-01 6.732587297290642571e-03 -4.634430847480771470e-03
9.999509649158699887e-01 8.310363542199076733e-03 -5.385693733996502891e-03
9.999297313084445360e-01 1.011098714506796295e-02 -6.188738266662636468e-03
9.999014142633316782e-01 1.214769742014211451e-02 -7.042394780092332308e-03
9.998642641970114653e-01 1.443341245241434347e-02 -7.945435146329133530e-03
9.998162364241267586e-01 1.698071101625862889e-02 -8.896573736239598434e-03
9.997549639206921857e-01 1.980181406773041941e-02 -9.894468374681201009e-03
9.996777301435616492e-01 2.290856572130660351e-02 -1.093772129075619784e-02
9.995814421432334118e-01 2.631241362104907305e-02 -1.202488006638640153e-02
9.994626042136646182e-01 3.002438861738178366e-02 -1.315443858849251954e-02
9.993172923288226039e-01 3.405508366405293058e-02 -1.432483801220494658e-02
9.991411296211508697e-01 3.841463185557164595e-02 -1.553446774473691075e-02
9.989292631618942320e-01 4.311268353359867800e-02 -1.678166646177852231e-02
9.986763423071904899e-01 4.815838240154085570e-02 -1.806472317048051293e-02
9.983764988768548676e-01 5.356034060002594355e-02 -1.938187833524554829e-02
9.980233294346831929e-01 5.932661271205651871e-02 -2.073132508458559384e-02
9.976098799396773131e-01 6.546466868545769424e-02 -2.211121051918651242e-02
9.971286330366198047e-01 7.198136568169592742e-02 -2.351963714299375521e-02
9.965714982516337139e-01 7.888291888415692454e-02 -2.495466444054233318e-02
9.959298053534793027e-01 8.617487132537669792e-02 -2.641431062484558487e-02
9.951943011340638190e-01 9.386206282130842016e-02 -2.789655458087616016e-02
9.943551498516678411e-01 1.019485981312029388e-01 -2.939933802996513856e-02
9.934019375674116858e-01 1.104378144937396417e-01 -3.092056794025966476e-02
9.923236805892002854e-01 1.193322487232556101e-01 -3.245811920766731445e-02
9.911088382175199385e-01 1.286336040838030326e-01 -3.400983763043270020e-02
9.897453299637609669e-01 1.383427171927676946e-01 -3.557354319860119019e-02
9.882205573840193713e-01 1.484595252392885700e-01 -3.714703371709630886e-02
9.865214306394421984e-01 1.589830338350521621e-01 -3.872808877795156507e-02
9.846343998580696644e-01 1.699112858454638886e-01 -4.031447409338583671e-02
9.825454913328214301e-01 1.812413315769489386e-01 -4.190394619689866151e-02
9.802403485459060262e-01 1.929692007203998583e-01 -4.349425751440793436e-02
9.777042779617566293e-01 2.050898764707521915e-01 -4.508316180169324311e-02
9.749222994789867869e-01 2.175972722575187646e-01 -4.666841993809729694e-02
9.718792013773305261e-01 2.304842115300629879e-01 -4.824780605964729824e-02
9.685595995387284995e-01 2.437424110437109159e-01 -4.981911400757826902e-02
9.649480006634353346e-01 2.573624680878334736e-01 -5.138016406078044218e-02
9.610288691431672081e-01 2.713338520842289991e-01 -5.292880991307911953e-02
9.567866971949212651e-01 2.856449009630812608e-01 -5.446294584863135835e-02
9.522060778023249128e-01 3.002828226942048095e-01 -5.598051406124544133e-02
9.472717799574315034e-01 3.152337023131434046e-01 -5.747951205626490589e-02
9.419816033534209598e-01 3.304563339506423891e-01 -5.890056949637501038e-02
9.363274493968285483e-01 3.459215368746118568e-01 -6.024288270414188823e-02
9.303024400526027637e-01 3.615997880706283141e-01 -6.150585874995324887e-02
9.239009804397081416e-01 3.774613361063427486e-01 -6.268911953849809482e-02
9.171188094033202454e-01 3.934763190678359779e-01 -6.379250453495105555e-02
9.099530375685046524e-01 4.096148853613894025e-01 -6.481607206039102786e-02
9.024021725504287605e-01 4.258473161045855382e-01 -6.576009910763545852e-02
8.944661311738332232e-01 4.421441477863168323e-01 -6.662507965148455058e-02
8.861462387356836556e-01 4.584762938572893298e-01 -6.741172145079425693e-02
8.774452155254637287e-01 4.748151639213233355e-01 -6.812094136326621308e-02
8.683671509933112986e-01 4.911327792327820352e-01 -6.875385921679008638e-02
8.589174661231181451e-01 5.074018832656513878e-01 -6.931179030305395505e-02
8.491028647220973946e-01 5.235960462033019125e-01 -6.979623657944465653e-02
8.389312744768372410e-01 5.396897623023111379e-01 -7.020887668354110211e-02
8.284117787457148108e-01 5.556585392059071316e-01 -7.055155488037706535e-02
8.175545401565261772e-01 5.714789784191954825e-01 -7.082626907581436593e-02
8.063707171547402908e-01 5.871288463056567597e-01 -7.103515803960742947e-02
7.948723747010361107e-01 6.025871351186018465e-01 -7.118048798893256146e-02
7.830723903465273139e-01 6.178341137384871784e-01 -7.126463868726655437e-02
7.709843569207786018e-01 6.328513679434857320e-01 -7.129008921458365733e-02
7.586224830524173068e-01 6.476218301929550503e-01 -7.125940356303146761e-02
7.460014927064325674e-01 6.621297990482725160e-01 -7.117521620774992785e-02
7.331365248681525060e-01 6.763609484901339508e-01 -7.104021779557793959e-02
7.200430344337750421e-01 6.903023275135398151e-01 -7.085714108535921818e-02
7.067366952838122218e-01 7.039423504895145900e-01 -7.062874726275719661e-02
6.932333064216570362e-01 7.172707788748482471e-01 -7.035781274028060639e-02
6.795487019574985021e-01 7.302786949270353434e-01 -7.004711653997684750e-02
6.656986656107596323e-01 7.429584681408466507e-01 -6.969942834233232298e-02
6.516988502947472783e-01 7.553037151657644444e-01 -6.931749727067625100e-02
6.375647032377356194e-01 7.673092539904202702e-01 -6.890404146613886283e-02
6.233113969874503058e-01 7.789710531920959191e-01 -6.846173849425778168e-02
6.089537665428133018e-01 7.902861770474730596e-01 -6.799321661091065061e-02
5.945062527594553448e-01 8.012527272865381800e-01 -6.750104690259220441e-02
5.799828520852137181e-01 8.118697822464010505e-01 -6.698773630432069970e-02
5.653970725995948188e-01 8.221373341473932062e-01 -6.645572148778322585e-02
5.507618962576791288e-01 8.320562251718259805e-01 -6.590736360280236017e-02
5.360897471745852405e-01 8.416280829778316486e-01 -6.534494384688026292e-02
5.213924657315383016e-01 8.508552562283532295e-01 -6.477065983047117226e-02
5.066812882387277117e-01 8.597407506600538429e-01 -6.418662269973800238e-02
4.919668318532172124e-01 8.682881661600339029e-01 -6.359485497382755259e-02
4.772590844217581285e-01 8.765016352609724670e-01 -6.299728905009531477e-02
4.625673988979033258e-01 8.843857634087107789e-01 -6.239576632815078266e-02
4.479004919696693010e-01 8.919455713012551801e-01 -6.179203690199290555e-02
4.332664465274478349e-01 8.991864395454500780e-01 -6.118775976876834888e-02
4.186727176011706963e-01 9.061140558277337442e-01 -6.058450350271417373e-02
4.041261414001316998e-01 9.127343647489039036e-01 -5.998374734354140064e-02
3.896329470976132026e-01 9.190535204299961070e-01 -5.938688264977777520e-02
3.751987710148264044e-01 9.250778419574140488e-01 -5.879521466932039614e-02
3.608286728739673044e-01 9.308137717004554279e-01 -5.820996458156179471e-02
3.465271538077689395e-01 9.362678365033407779e-01 -5.763227176786108602e-02
3.322853948465072094e-01 9.414499320356054524e-01 -5.708283981575126842e-02
3.181027768350228602e-01 9.463675296419762351e-01 -5.656086086659215667e-02
3.039785541591380480e-01 9.510277125082278182e-01 -5.606547456414039121e-02
2.899118914699688743e-01 9.554371848639848785e-01 -5.559577107038499860e-02
2.759018985764894460e-01 9.596022827747177075e-01 -5.515079386732243960e-02
2.619476635372884332e-01 9.635289863725428061e-01 -5.472954235733826917e-02
2.480482839865923439e-01 9.672229333896276149e-01 -5.433097427589905770e-02
2.342028967321238275e-01 9.706894338710667647e-01 -5.395400793108866278e-02
2.204107056634523054e-01 9.739334859559809487e-01 -5.359752428517325362e-02
2.066710080093848989e-01 9.769597926262547638e-01 -5.326036889387165962e-02
1.929832189818420085e-01 9.797727793317460021e-01 -5.294135371936216361e-02
1.793468948417454856e-01 9.823766124089730045e-01 -5.263925883329068772e-02
1.657617544198914383e-01 9.847752182172143653e-01 -5.235283402617341153e-02
1.522276991227425325e-01 9.869723029216688204e-01 -5.208080033962141087e-02
1.387448314497037316e-01 9.889713728578403140e-01 -5.182185153776591030e-02
1.253134720448760842e-01 9.907757554146831014e-01 -5.157465553413805720e-02
1.119341753026435043e-01 9.923886203763008229e-01 -5.133785579006247546e-02
9.860774354285045673e-02 9.938130016631991914e-01 -5.111007270036349581e-02
8.533523976788597032e-02 9.950518194143005424e-01 -5.088990498185902434e-02
7.211799901079693487e-02 9.961079023502019680e-01 -5.067593107973072941e-02
5.895763828070478552e-02 9.969840103565731360e-01 -5.046671060641019779e-02
4.585606510937753622e-02 9.976828572242101290e-01 -5.026078582710791914e-02
3.281548470088821445e-02 9.982071334791785544e-01 -5.005668320553312983e-02
1.983840568494080539e-02 9.985595292327726913e-01 -4.985291502270533526e-02
6.927644473723588298e-03 9.987427569767809432e-01 -4.964798108103952307e-02
-5.913671777890375930e-03 9.987595742448790448e-01 -4.944037050509391545e-02
-1.868210360829362926e-02 9.986128060559781305e-01 -4.922856364949826369e-02
-3.137389907930698829e-02 9.983053670501320642e-01 -4.901103412362962930e-02
-4.398499499640312616e-02 9.978402832222872387e-01 -4.878625094156932573e-02
-5.651101951184099581e-02 9.972207131538418645e-01 -4.855268080475744902e-02
-6.894729609977874596e-02 9.964499686367984665e-01 -4.830879052356009534e-02
-8.128884888788152907e-02 9.955315345803711358e-01 -4.805304958267962723e-02
-9.353040932465070401e-02 9.944690880853663817e-01 -4.778393285397199153e-02
-1.056664241557151579e-01 9.932665165676297647e-01 -4.749992345879096300e-02
-1.176910646757033385e-01 9.919279348084582004e-01 -4.719951578046239354e-02
-1.295982372151299467e-01 9.904577008072522615e-01 -4.688121862590875766e-02
-1.413815948140746959e-01 9.888604303099380877e-01 -4.654355853380453406e-02
-1.530345500264071457e-01 9.871410098859393356e-01 -4.618508322495663843e-02
-1.645502887900412714e-01 9.853046084268340943e-01 -4.580436518888339470e-02
-1.759217852903215695e-01 9.833566869413821188e-01 -4.540000539882503572e-02
-1.871418177352962842e-01 9.813030065244370270e-01 -4.497063714567348797e-02
-1.982029849534802102e-01 9.791496343814323211e-01 -4.451492997957726128e-02
-2.090977237169198699e-01 9.769029477957039687e-01 -4.403159374627646505e-02
-2.198183266851196915e-01 9.745696359329103498e-01 -4.351938270357342403e-02
-2.303569608588497963e-01 9.721566993852541749e-01 -4.297709970176582378e-02
-2.407056864272128227e-01 9.696714473680813073e-01 -4.240360041038281069e-02
-2.508564758867748989e-01 9.671214924927031831e-01 -4.179779757219029279e-02
-2.608012333082355139e-01 9.645147430519068754e-01 -4.115866526418995169e-02
-2.705318136241810500e-01 9.618593927684994105e-01 -4.048524314424663262e-02
-2.800400418110826073e-01 9.591639079722881212e-01 -3.977664066105851548e-02
-2.893177318399855480e-01 9.564370121870008346e-01 -3.903204120444994651e-02
-2.983567052733996361e-01 9.536876681256647448e-01 -3.825070617243216814e-02
-3.071488093908121830e-01 9.509250571107328298e-01 -3.743197893115370739e-02
-3.156859347320554732e-01 9.481585559536018781e-01 -3.657528864375843985e-02
-3.239600319564828190e-01 9.453977113469296256e-01 -3.568015394429065873e-02
-3.319631279265173873e-01 9.426522118421373220e-01 -3.474618643313516497e-02
-3.396873409365788743e-01 9.399318575034913970e-01 -3.377309397105453942e-02
-3.471248950225643837e-01 9.372465273490001580e-01 -3.276068374968068436e-02
-3.542681333028274149e-01 9.346061447068518824e-01 -3.170886511732515234e-02
-3.611095303187840111e-01 9.320206406340828531e-01 -3.061765214018031742e-02
-3.676417033616685703e-01 9.294999155614279696e-01 -2.948716588037723907e-02
-3.738574227913122883e-01 9.270537993447215408e-01 -2.831763637392773619e-02
-3.797496213728495107e-01 9.246920099186506370e-01 -2.710940429328839024e-02
-3.853114026776601198e-01 9.224241107629983505e-01 -2.586292228112114719e-02
-3.905360486152987254e-01 9.202594674046582490e-01 -2.457875594376577114e-02
-3.954170261832964939e-01 9.182072031905886833e-01 -2.325758449496008462e-02
-3.999479935411828779e-01 9.162761545774448235e-01 -2.190020104242055426e-02
-4.041228055334945002e-01 9.144748261928610233e-01 -2.050751251200497519e-02
-4.079355188035484470e-01 9.128113459312378053e-01 -1.908053920629801045e-02
-4.113803966549922642e-01 9.112934203534261979e-01 -1.762041399656800317e-02
-4.144519138312540707e-01 9.099282906649150959e-01 -1.612838114912019949e-02
-4.171447613936737908e-01 9.087226895510446267e-01 -1.460579478910017590e-02
-4.194538518869966315e-01 9.076827991504187176e-01 -1.305411700676673004e-02
-4.213743249857790363e-01 9.068142104491143662e-01 -1.147491561314339936e-02
-4.229015538168672261e-01 9.061218843785028287e-01 -9.869861553761998668e-03
-4.240311521512651893e-01 9.056101148985399307e-01 -8.240725990922558378e-03
-4.247589826532731094e-01 9.052824943462491891e-01 -6.589377066506188138e-03
-4.250811663656633432e-01 9.051418813258090834e-01 -4.917776358886941437e-03
-4.249940935968307687e-01 9.051903714121366518e-01 -3.227975048893404197e-03
-4.244944363593413650e-01 9.054292709340880929e-01 -1.522109811068891091e-03
-4.235791624891885321e-01 9.058590740963006205e-01 1.976015523302370423e-04
-4.222455515515033397e-01 9.064794436901951746e-01 1.928864716076955079e-03
-4.204912126116637783e-01 9.072891956346325060e-01 3.669313655964762978e-03
-4.183141039209783973e-01 9.082862875750409293e-01 5.416515671699411588e-03
-4.157125545337193584e-01 9.094678117563766984e-01 7.167976587605776051e-03
-4.126852878376310874e-01 9.108299923698883749e-01 8.921146109453582940e-03
-4.092314469435925917e-01 9.123681875561870935e-01 1.067342331523013325e-02
-4.053506218423491569e-01 9.140768962274323783e-01 1.242216225735923163e-02
-4.010428781976915769e-01 9.159497698494032392e-01 1.416467765369659737e-02
-3.963087876067132309e-01 9.179796292997147722e-01 1.589825064463827251e-02
-3.911494591194186188e-01 9.201584868913987858e-01 1.762013459387630140e-02
-3.855665717726087793e-01 9.224775736214291255e-01 1.932756091074213853e-02
-3.795624078572528148e-01 9.249273716715561422e-01 2.101774487270967329e-02
-3.731398866051042207e-01 9.274976521540535535e-01 2.268789142750152199e-02
-3.663025979497465667e-01 9.301775180577916968e-01 2.433520095536775493e-02
-3.590548359901536979e-01 9.329554523105937358e-01 2.595687497349455711e-02
-3.514016317617835727e-01 9.358193708323281346e-01 2.755012176615645805e-02
-3.433487849017127225e-01 9.387566804099429785e-01 2.911216192614838466e-02
-3.349028937808204986e-01 9.417543411809922160e-01 3.064023379521464696e-02
-3.260713836679474120e-01 9.447989334665690686e-01 3.213159879361517091e-02
-3.168734740009970796e-01 9.478737433648448674e-01 3.356456345864208823e-02
-3.073227567601055643e-01 9.509637650741740167e-01 3.493784095233481990e-02
-2.974333673297375746e-01 9.540541508660637104e-01 3.625026170628817962e-02
-2.872199745743339028e-01 9.571302893339095341e-01 3.750077223154715811e-02
-2.766977672644334030e-01 9.601778811130566860e-01 3.868843351705315847e-02
-2.658824368678662231e-01 9.631830116455692981e-01 3.981241904941847098e-02
-2.547901567681153945e-01 9.661322205876438085e-01 4.087201249011074289e-02
-2.434375580170111686e-01 9.690125674857500426e-01 4.186660504892054935e-02
-2.318417017709427652e-01 9.718116933789386902e-01 4.279569259481136312e-02
-2.200200485982170551e-01 9.745178780188690215e-01 4.365887254687152857e-02
-2.079904248796327904e-01 9.771200924355031292e-01 4.445584058907402214e-02
-1.957709865544412231e-01 9.796080466145590249e-01 4.518638725288727509e-02
-1.833801804893990250e-01 9.819722320921834280e-01 4.585039441146702283e-02
-1.708367037694577262e-01 9.842039593123617092e-01 4.644783172820764888e-02
-1.581594612247378406e-01 9.862953896328008341e-01 4.697875310086595257e-02
-1.453675215198605430e-01 9.882395619049074709e-01 4.744329314032826039e-02
-1.324800721385838154e-01 9.900304135925732663e-01 4.784166372042077120e-02
-1.195163735992161025e-01 9.916627964323544431e-01 4.817415063202080266e-02
-1.064957132347159885e-01 9.931324866739289492e-01 4.844111037117822260e-02
-9.343735886603601881e-02 9.944361899741146482e-01 4.864296708707387118e-02
-8.036051268847022033e-02 9.955715410499917928e-01 4.878020971150070356e-02
-6.728426567887994814e-02 9.965370982265863153e-01 4.885338928723248486e-02
-5.422755281707309499e-02 9.973323330420100774e-01 4.886311650822315611e-02
-4.120910939767274961e-02 9.979576150978248794e-01 4.881005948013533019e-02
-2.824742868990106487e-02 9.984141923646712158e-01 4.869494170530445226e-02
-1.536072118217692885e-02 9.987041671728806858e-01 4.851854029197685131e-02
-2.566875626618300363e-03 9.988304681349206016e-01 4.828168438358107495e-02
1.011657792423582489e-02 9.987968182611761669e-01 4.798525379996203960e-02
2.267250291962505729e-02 9.986076995428524450e-01 4.763017787897815686e-02
3.508418880670548246e-02 9.982683142857954328e-01 4.721743450367730383e-02
4.733538109970221452e-02 9.977845434869149210e-01 4.674804929746348425e-02
5.941030892518757434e-02 9.971629025507688926e-01 4.622309496726964562e-02
7.129370997041843683e-02 9.964104946478810065e-01 4.564369077278190162e-02
8.297085278511093231e-02 9.955349620186310089e-01 4.501100209822653242e-02
9.442755640994941746e-02 9.945444355272146097e-01 4.432624010213569166e-02
1.056502073273857117e-01 9.934474827693295929e-01 4.359066141984565407e-02
1.166257737517625986e-01 9.922530550350159295e-01 4.280556789323991529e-02
1.273418172963790007e-01 9.909704334245604818e-01 4.197230630241031296e-02
1.377865020746986413e-01 9.896091744106618737e-01 4.109226807444855967e-02
1.479486013113859300e-01 9.881790551342222173e-01 4.016688894546899952e-02
1.578175015561367467e-01 9.866900187142613188e-01 3.919764855316937302e-02
1.673832046092611214e-01 9.851521198446073768e-01 3.818606993872361577e-02
1.766363272825784425e-01 9.835754709412742880e-01 3.713371893853248396e-02
1.855680991323132578e-01 9.819701890948441259e-01 3.604220344829518058e-02
1.941703583122473542e-01 9.803463440718044319e-01 3.491317254396873043e-02
2.024355457053104435e-01 9.787139075976948321e-01 3.374831544641353903e-02
2.103566975000054073e-01 9.770827041431667803e-01 3.254936031884465147e-02
2.179274363845012386e-01 9.754623634217056694e-01 3.131807288858329263e-02
2.251419615358356552e-01 9.738622747948783021e-01 3.005625488699736197e-02
2.319950375844097301e-01 9.722915437676107331e-01 2.876574230390156750e-02
2.384870707215879515e-01 9.707572773144640399e-01 2.746337613918190326e-02
2.446182041741858104e-01 9.692667521223309324e-01 2.615164865241285247e-02
2.503891933327783703e-01 9.678267333715693255e-01 2.483298759407097725e-02
2.558013702752490182e-01 9.664434601193669927e-01 2.350975401666910089e-02
2.608566091727886338e-01 9.651226347245634996e-01 2.218424021066391083e-02
2.655572927098198699e-01 9.638694161244767411e-01 2.085866776562986594e-02
2.699062796236261774e-01 9.626884167625739952e-01 1.953518575834121279e-02
2.739068734451099996e-01 9.615837029565179606e-01 1.821586907033639208e-02
2.775627924992751794e-01 9.605587984890079367e-01 1.690271683826193722e-02
2.808781412028690805e-01 9.596166911987386028e-01 1.559765104081569168e-02
2.838573826772464725e-01 9.587598423455236940e-01 1.430251522644311254e-02
2.865053126770086278e-01 9.579901985220155014e-01 1.301907338609786108e-02
2.888270348193814896e-01 9.573092058843293284e-01 1.174900897537268715e-02
2.908279370856449164e-01 9.567178264751042827e-01 1.049392409015267869e-02
2.925136695542121523e-01 9.562165564149649466e-01 9.255338799655028065e-03
2.938901233151521297e-01 9.558054457418655447e-01 8.034690640312138962e-03
2.949634105080024549e-01 9.554841196822826399e-01 6.833334273442984337e-03
2.957398454185646841e-01 9.552518011435788825e-01 5.652541309055628821e-03
2.962259265659205054e-01 9.551073342229839946e-01 4.493500297446111243e-03
2.964283197080563315e-01 9.550492085354550520e-01 3.357316889519458038e-03
2.963538416931192909e-01 9.550755841701056292e-01 2.245014165971082835e-03
2.960094450833233304e-01 9.551843170928610016e-01 1.157533134644400967e-03
2.954022034797493812e-01 9.553729848214392861e-01 9.573339453582260447e-05
2.945392974785969731e-01 9.556389122076222042e-01 -9.396060359364586181e-04
2.934280011927040688e-01 9.559791971709947767e-01 -1.947785729636746909e-03
2.920756692762145335e-01 9.563907362378608612e-01 -2.928184704466971211e-03
2.904897243949925434e-01 9.568702497488159597e-01 -3.880259125068722791e-03
2.886776450906223812e-01 9.574143066084342957e-01 -4.803540858154454855e-03
2.866469539914508480e-01 9.580193484606562837e-01 -5.697635887895455449e-03
2.844052063300009925e-01 9.586817131836817829e-01 -6.562222598490870078e-03
2.819599787320832274e-01 9.593976576084503050e-01 -7.397049931683039037e-03
2.793188582489415928e-01 9.601633793750525836e-01 -8.201935427563606523e-03
2.764894316096931370e-01 9.609750378516337399e-01 -8.976763157527207007e-03
2.734792746770528526e-01 9.618287740504506411e-01 -9.721481558670874018e-03
2.702959420948031766e-01 9.627207294856995334e-01 -1.043610117930449284e-02
2.669469571205937974e-01 9.636470639274687944e-01 -1.112069234552856903e-02
2.634398016423843969e-01 9.646039720156627251e-01 -1.177538275904915430e-02
2.597819063811240836e-01 9.655876987069269557e-01 -1.240035503653577099e-02
2.559806412860579083e-01 9.665945535364465213e-01 -1.299584420088748492e-02
2.520433061323391621e-01 9.676209236849403483e-01 -1.356213513475652138e-02
2.479771213333921975e-01 9.686632858492010278e-01 -1.409956000659054118e-02
2.437892189827074729e-01 9.697182169220980308e-01 -1.460849567929721309e-02
2.394866341414664812e-01 9.707824034950338632e-01 -1.508936111141204010e-02
2.350762963895978996e-01 9.718526502024058544e-01 -1.554261476036702255e-02
2.305650216585816425e-01 9.729258869336471216e-01 -1.596875199711893928e-02
2.259595043645684087e-01 9.739991749438893232e-01 -1.636830254100715351e-02
2.212663098602020428e-01 9.750697118991987766e-01 -1.674182792327783692e-02
2.164918672229559360e-01 9.761348358966742689e-01 -1.708991898724044473e-02
2.116424623968628516e-01 9.771920285034644271e-01 -1.741319343251915633e-02
2.067242317032703669e-01 9.782389168619692876e-01 -1.771229341033332683e-02
2.017431557347370008e-01 9.792732749111416890e-01 -1.798788317619262611e-02
1.967050536444374664e-01 9.802930237759142074e-01 -1.824064680583063064e-02
1.916155778415163102e-01 9.812962313783673007e-01 -1.847128597963099833e-02
1.864802091007563278e-01 9.822811113253414605e-01 -1.868051784022842568e-02
1.813042520927555523e-01 9.832460211278101214e-01 -1.886907292739748929e-02
1.760928313385710375e-01 9.841894598074929501e-01 -1.903769319378128752e-02
1.708508875905259683e-01 9.851100649459395564e-01 -1.918713010446246661e-02
1.655831746386226544e-01 9.860066092306742913e-01 -1.931814282284609330e-02
1.602942565397871000e-01 9.868779965520033670e-01 -1.943149648481013250e-02
1.549885052650190886e-01 9.877232577027780236e-01 -1.952796056258811891e-02
1.496700987574573760e-01 9.885415457318167398e-01 -1.960830731938247723e-02
1.443430193924139793e-01 9.893321309998497348e-01 -1.967331035526798458e-02
1.390110528286011560e-01 9.900943959847955389e-01 -1.972374324453456465e-02
1.336777872380818522e-01 9.908278298809430895e-01 -1.976037826423829302e-02
1.283466129009317447e-01 9.915320230342310470e-01 -1.978398521337996346e-02
1.230207221492127662e-01 9.922066612533116947e-01 -1.979533032181199359e-02
1.177031096436320645e-01 9.928515200334990798e-01 -1.979517524768726819e-02
1.123965729651956735e-01 9.934664587280482850e-01 -1.978427616200715070e-02
1.071037135032646276e-01 9.940514146985272026e-01 -1.976338291859990742e-02
1.018269376206788063e-01 9.946063974733424518e-01 -1.973323830766452250e-02
9.656845807602791598e-02 9.951314829407934548e-01 -1.969457739084709211e-02
9.133029568271208709e-02 9.956268076003681466e-01 -1.964812691567670300e-02
8.611428118414135580e-02 9.960925628933786635e-01 -1.959460480707353458e-02
8.092205732426449583e-02 9.965289896314818430e-01 -1.953471973355237409e-02
7.575508109258501099e-02 9.969363725391492403e-01 -1.946917074567833597e-02
7.061462612290596297e-02 9.973150349237538403e-01 -1.939864698428679993e-02
6.550178522523571190e-02 9.976653334846370402e-01 -1.932382745595462997e-02
6.041747303057389690e-02 9.979876532703153558e-01 -1.924538087320319321e-02
5.536242872867022657e-02 9.982824027908864251e-01 -1.916396555692371009e-02
5.033721887929892835e-02 9.985500092907014791e-01 -1.908022939854066638e-02
4.534224027810793145e-02 9.987909141844905081e-01 -1.899480987946761470e-02
4.037772285867571864e-02 9.990055686583546590e-01 -1.890833414546027810e-02
3.544373261303053468e-02 9.991944294353783951e-01 -1.882141913353303775e-02
3.054017451354790885e-02 9.993579547040613020e-01 -1.873467174917506708e-02
2.566679541983542603e-02 9.994966002063190302e-01 -1.864868909168042321e-02
2.082318695493074606e-02 9.996108154804566048e-01 -1.856405872549092909e-02
1.600878833587364783e-02 9.997010402532654494e-01 -1.848135899554066708e-02
1.122288914445898622e-02 9.997677009742353960e-01 -1.840115938468499940e-02
6.464632024729912232e-03 9.998112074837995911e-01 -1.832402091139454306e-02
1.733015294524672956e-03 9.998319498065327826e-01 -1.825049656599416620e-02
-2.973104540857892178e-03 9.998302950593023208e-01 -1.818113178382823811e-02
-7.655010384062835641e-03 9.998065844635116717e-01 -1.811646495383504793e-02
-1.231412226060383391e-02 9.997611304497775464e-01 -1.805702796111480560e-02
-1.695199516302977119e-02 9.996942138426305746e-01 -1.800334676217630464e-02
-2.157031703333682840e-02 9.996060811121229017e-01 -1.795594199164637916e-02
-2.617090689192293554e-02 9.994969416785529637e-01 -1.791532959932320632e-02
-3.075571312068542743e-02 9.993669652558737626e-01 -1.788202151654858657e-02
-3.532681190717657654e-02 9.992162792187211373e-01 -1.785652635096511218e-02
-3.988640585605372074e-02 9.990449659773856794e-01 -1.783935010881098487e-02
-4.443682277338859010e-02 9.988530603444383260e-01 -1.783099694398755306e-02
-4.898051462873107692e-02 9.986405468761002657e-01 -1.783196993321192053e-02
-5.352005669915266273e-02 9.984073571708211858e-01 -1.784277187663867170e-02
-5.805814689881906576e-02 9.981533671068758551e-01 -1.786390612340001474e-02
-6.259760529695591880e-02 9.978783940001115793e-01 -1.789587742157219830e-02
-6.714137382636874152e-02 9.975821936622639718e-01 -1.793919279212674231e-02
-7.169251618395296177e-02 9.972644573395003098e-01 -1.799436242646743414e-02
-7.625421792387329645e-02 9.969248085100402834e-01 -1.806190060718715004e-02
-8.082978674329605040e-02 9.965627995188351962e-01 -1.814232665170137718e-02
-8.542265295971283867e-02 9.961779080263558628e-01 -1.823616587842687847e-02
-9.003637017798994668e-02 9.957695332475313688e-01 -1.834395059517304402e-02
-9.467461614430132399e-02 9.953369919557953915e-01 -1.846622110939873454e-02
-9.934119378304247239e-02 9.948795142260267177e-01 -1.860352675995736657e-02
-1.040400324116623199e-01 9.943962388889038273e-01 -1.875642696990596769e-02
-1.087751891270746368e-01 9.938862086678311725e-01 -1.892549231988802094e-02
-1.135508503559015114e-01 9.933483649681273953e-01 -1.911130564151304612e-02
-1.183713335592392890e-01 9.927815422865865491e-01 -1.931446313004553383e-02
-1.232410890809000625e-01 9.921844622078340725e-01 -1.953557547557960294e-02
-1.281647021261454189e-01 9.915557269520892669e-01 -1.977526901171037382e-02
-1.331468948557667231e-01 9.908938124370162415e-01 -2.003418688051538527e-02
-1.381925285779484203e-01 9.901970608142957042e-01 -2.031299021242565644e-02
-1.433066060176448886e-01 9.894636724393769400e-01 -2.061235931929194382e-02
-1.484942736401721752e-01 9.886916972305778151e-01 -2.093299489863302901e-02
-1.537608240023230766e-01 9.878790253712942393e-01 -2.127561924668405421e-02
-1.591116981005146758e-01 9.870233773065659744e-01 -2.164097747743853536e-02
-1.645524876812245185e-01 9.861222929826327643e-01 -2.202983874439147158e-02
-1.700889374742115823e-01 9.851731202754208105e-01 -2.244299746113576424e-02
-1.757269473036960628e-01 9.841730025511384872e-01 -2.288127451633270928e-02
-1.814725740267228160e-01 9.831188652993609889e-01 -2.334551847786095827e-02
-1.873320332412930223e-01 9.820074017761781793e-01 -2.383660678013806850e-02
-1.933117006994397591e-01 9.808350575921999104e-01 -2.435544688769457344e-02
-1.994181133521701899e-01 9.795980141775201266e-01 -2.490297742705160564e-02
-2.056579699440114206e-01 9.782921710531797821e-01 -2.548016927779765337e-02
-2.120381310646899664e-01 9.769131268363238085e-01 -2.608802661246555077e-02
-2.185656185541468011e-01 9.754561589041967906e-01 -2.672758787336372566e-02
-2.252476141445395874e-01 9.739162016404763200e-01 -2.739992667290160402e-02
-2.320914572090021222e-01 9.722878231863206766e-01 -2.810615260215290970e-02
-2.391046414716067325e-01 9.705652006180611746e-01 -2.884741193040630397e-02
-2.462948105160933931e-01 9.687420934738689704e-01 -2.962488817624414975e-02
-2.536697519123727873e-01 9.668118155531744140e-01 -3.043980252825031693e-02
-2.612373897594663652e-01 9.647672049153572793e-01 -3.129341409076013408e-02
-2.690057754213019958e-01 9.626005920085302092e-01 -3.218701992711326537e-02
-2.769830762075398134e-01 9.603037658654280939e-01 -3.312195486963805113e-02
-2.851775617252679251e-01 9.578679383118681168e-01 -3.409959106206953555e-02
-2.935975875989147998e-01 9.552837061443756328e-01 -3.512133719627109907e-02
-3.022515762250338467e-01 9.525410112478753799e-01 -3.618863740098313131e-02
-3.111479941957208117e-01 9.496290986423738811e-01 -3.730296973585756071e-02
-3.202953259893723259e-01 9.465364724699338872e-01 -3.846584423925659968e-02
-3.297020434903971120e-01 9.432508499606717667e-01 -3.967880047320807707e-02
-3.393765708605332998e-01 9.397591134497758070e-01 -4.094340450353879668e-02
-3.493272442439067094e-01 9.360472605575231864e-01 -4.226124524758496925e-02
-3.595480018765919716e-01 9.321079693233863539e-01 -4.358873906733013587e-02
-3.700356370156921981e-01 9.279307026404179926e-01 -4.492492208374102014e-02
-3.807863088615822678e-01 9.235047395175519647e-01 -4.626870591777862418e-02
-3.917954989511406305e-01 9.188192095911171808e-01 -4.761887284705314943e-02
-4.030579679301389273e-01 9.138631323711564614e-01 -4.897407104100625491e-02
-4.145677130931014753e-01 9.086254614811136721e-01 -5.033280993090323563e-02
-4.263179271274016857e-01 9.030951341262697385e-01 -5.169345577715663692e-02
-4.383009585477343206e-01 8.972611259959466512e-01 -5.305422750284478212e-02
-4.505082743565783088e-01 8.911125117662664907e-01 -5.441319286862576071e-02
-4.629304255148685709e-01 8.846385313234892411e-01 -5.576826507044910231e-02
-4.755570158536692738e-01 8.778286617721022811e-01 -5.711719984738165834e-02
-4.883766751008584150e-01 8.706726952264404185e-01 -5.845759319231531165e-02
-5.013770367351875201e-01 8.631608223093956145e-01 -5.978687976311419794e-02
-5.145447214118996637e-01 8.552837211966403119e-01 -6.110233209566872520e-02
-5.278653267275598138e-01 8.470326519498940776e-01 -6.240106072311556867e-02
-5.413234241049353912e-01 8.383995557785648423e-01 -6.368001530690432788e-02
-5.549025635796498435e-01 8.293771587563761871e-01 -6.493598688518040229e-02
-5.685852872568721850e-01 8.199590793995137350e-01 -6.616561134184591186e-02
-5.823531521764938601e-01 8.101399393869710419e-01 -6.736537419539637139e-02
-5.961867632771794545e-01 7.999154765741606221e-01 -6.853161679996803979e-02
-6.100658170816521952e-01 7.892826593199502305e-01 -6.966054404175223147e-02
-6.239691566361849073e-01 7.782398010180174852e-01 -7.074823360186376087e-02
-6.378748381254837341e-01 7.667866735991348826e-01 -7.179064684176759970e-02
-6.517602094494689968e-01 7.549246186554486870e-01 -7.278364134941672781e-02
-6.656020008909666608e-01 7.426566547350547109e-01 -7.372298516336228680e-02
-6.793764278238244581e-01 7.299875792694856536e-01 -7.460437266838623738e-02
-6.930593052110620711e-01 7.169240635324852784e-01 -7.542344212990520491e-02
-7.066261734248082682e-01 7.034747389899905778e-01 -7.617579480584447948e-02
-7.200524346873405923e-01 6.896502733926747064e-01 -7.685701554434613836e-02
-7.333134991897870547e-01 6.754634349874201193e-01 -7.746269474413702838e-02
-7.463849396971259376e-01 6.609291432857671289e-01 -7.798845152233847833e-02
-7.592426532009668438e-01 6.460645049279698515e-01 -7.842995790275175683e-02
-7.718630279418160489e-01 6.308888333220269429e-01 -7.878296380708794955e-02
-7.842231138972204363e-01 6.154236509179658032e-01 -7.904332260317943615e-02
-7.963007946287041783e-01 5.996926731974416835e-01 -7.920701693889260764e-02
-8.080749582061256264e-01 5.837217737146043195e-01 -7.927018456923716483e-02
-8.195256647900595048e-01 5.675389298119457582e-01 -7.922914386797012820e-02
-8.306343083575162822e-01 5.511741489487553824e-01 -7.908041870467225065e-02
-8.413837700092952065e-01 5.346593759127877821e-01 -7.882076236455119733e-02
-8.517585603028480223e-01 5.180283815295096961e-01 -7.844718019165272671e-02
-8.617449481155452506e-01 5.013166338285788282e-01 -7.795695064708502153e-02
-8.713310736608066431e-01 4.845611529641224435e-01 -7.734764449239577011e-02
-8.805070434529511658e-01 4.678003515037310600e-01 -7.661714183424624125e-02
-8.892650052431865237e-01 4.510738619907852520e-01 -7.576364679959553261e-02
-8.975992012243282359e-01 4.344223539362311870e-01 -7.478569965007737796e-02
-9.055059981192823404e-01 4.178873426006056713e-01 -7.368218618920863161e-02
-9.129838931201218477e-01 4.015109920776912533e-01 -7.245234436538507128e-02
-9.200334950215466323e-01 3.853359152820250433e-01 -7.109576802598778500e-02
-9.266574802845348735e-01 3.694049734698799936e-01 -6.961240783190388026e-02
-9.328605241624735589e-01 3.537610778856650207e-01 -6.800256939584511939e-02
-9.386597495380392120e-01 3.383951012473123132e-01 -6.638250492901610900e-02
-9.440715834208659452e-01 3.233199588016964499e-01 -6.475381249938205741e-02
-9.491125064841596792e-01 3.085474938448477533e-01 -6.311814637380855353e-02
-9.537989963927329118e-01 2.940884784047828049e-01 -6.147721031607655817e-02
-9.581474727454994955e-01 2.799526176922893517e-01 -5.983275087643361717e-02
-9.621742439882207121e-01 2.661485581508641896e-01 -5.818655072847821880e-02
-9.658954566218274085e-01 2.526838989043700412e-01 -5.654042210392339063e-02
-9.693270469979148318e-01 2.395652063736219139e-01 -5.489620037028104804e-02
-9.724846959568609339e-01 2.267980318111658122e-01 -5.325573779085561454e-02
-9.753837865262590112e-01 2.143869314869703557e-01 -5.162089750073466793e-02
-9.780393648587539790e-01 2.023354892464969135e-01 -4.999354772681013914e-02
-9.804661045496285698e-01 1.906463411564277843e-01 -4.837555627434318717e-02
-9.826782744362457800e-01 1.793212019519054568e-01 -4.676878529727584999e-02
-9.846897099442689649e-01 1.683608930020946137e-01 -4.517508636446042336e-02
-9.865137880099451584e-01 1.577653715177853855e-01 -4.359629582927911085e-02
-9.881634055740337041e-01 1.475337607351426827e-01 -4.203423050580656906e-02
-9.896509616115218844e-01 1.376643808230739174e-01 -4.049068365076053527e-02
-9.909883426323232714e-01 1.281547802775303002e-01 -3.896742124701364773e-02
-9.921869115618648927e-01 1.190017675838691141e-01 -3.746617858141558510e-02
-9.932574998869458938e-01 1.102014429476956964e-01 -3.598865710710234811e-02
-9.942104029315110836e-01 1.017492299149019286e-01 -3.453652157834383174e-02
-9.950553781090287764e-01 9.363990672248376224e-02 -3.311139744428868298e-02
-9.958016459829188705e-01 8.586763724274792953e-02 -3.171486848668859243e-02
-9.964578939538519808e-01 7.842600140434129175e-02 -3.034847468579728036e-02
-9.970322823826059944e-01 7.130802499383309678e-02 -2.901371029811434729e-02
-9.975324529493698744e-01 6.450620876107052148e-02 -2.771202212944852764e-02
-9.979655390447655927e-01 5.801255676997756766e-02 -2.644480798687427400e-02
-9.983381779842437354e-01 5.181860395368492744e-02 -2.521341529351429564e-02
-9.986565248357207603e-01 4.591544284871670184e-02 -2.401913985066195592e-02
-9.989262676501932114e-01 4.029374949730937100e-02 -2.286322473252503512e-02
-9.991526438864145598e-01 3.494380851973090396e-02 -2.174685929979054688e-02
-9.993404578233989755e-01 2.985553736966655575e-02 -2.067117831924447993e-02
-9.994940987583644798e-01 2.501850979534075634e-02 -1.963726117779791142e-02
-9.996175597926150180e-01 2.042197853707547472e-02 -1.864613118044111673e-02
-9.997144570136569097e-01 1.605489729849523053e-02 -1.769875492284183130e-02
-9.997880488884389738e-01 1.190594203364860222e-02 -1.679604173049687593e-02
-9.998412556898957915e-01 7.963531596015618191e-03 -1.593884315751516526e-02
-9.998766787868761385e-01 4.215847797814378795e-03 -1.512795253923429444e-02
-9.998966196359728720e-01 6.508549293251543466e-04 -1.436410459393556299e-02
-9.999030983226768754e-01 -2.743681211758669178e-03 -1.364797506990888740e-02
-9.998978715085907742e-01 -5.980174731534722982e-03 -1.298018043501845964e-02
-9.998824496511202753e-01 -9.071201443571859022e-03 -1.236127760672354678e-02
-9.998581133720586545e-01 -1.202948101893865432e-02 -1.179176372121075976e-02
-9.998259288617625806e-01 -1.486785943888174581e-02 -1.127207594089141458e-02
-9.997867622161487056e-01 -1.759929170923217948e-02 -1.080259130000945332e-02
-9.997412926144909617e-01 -2.023682479861690225e-02 -1.038362658849361839e-02
-9.996900242569340955e-01 -2.279358076565570629e-02 -1.001543827447603542e-02
-9.996332969917371969e-01 -2.528274004342241990e-02 -9.698222466093767147e-03
-9.995712955734883387e-01 -2.771752485244372705e-02 -9.432114913297972095e-03
-9.995040575048619313e-01 -3.011118271631259280e-02 -9.217191050426105578e-03
-9.994329864510544947e-01 -3.244758263390169067e-02 -8.992267384800786689e-03
-9.993585625394506566e-01 -3.472417349648516255e-02 -8.757633574420931738e-03
-9.992812757936179180e-01 -3.693848297149582294e-02 -8.513589696728864065e-03
-9.992016236892904413e-01 -3.908812006856864779e-02 -8.260445833912990685e-03
-9.991201086947879562e-01 -4.117077757384014075e-02 -7.998521649470258579e-03
-9.990372358076371473e-01 -4.318423435179954278e-02 -7.728145956940559412e-03
-9.989535100990585281e-01 -4.512635751443453552e-02 -7.449656281703202244e-03
-9.988694342778251523e-01 -4.699510445783385698e-02 -7.163398416698992660e-03
-9.987855062847873500e-01 -4.878852476679952643e-02 -6.869725972910715669e-03
-9.987022169290972196e-01 -5.050476198837927644e-02 -6.568999925400439283e-03
-9.986200475768548523e-01 -5.214205527555368369e-02 -6.261588155664496273e-03
-9.985394679025424436e-01 -5.369874090260010752e-02 -5.947864991026797707e-03
-9.984609337132152040e-01 -5.517325365390618463e-02 -5.628210741748800212e-03
-9.983848848549764510e-01 -5.656412808821809773e-02 -5.303011236490526650e-03
-9.983117432107918576e-01 -5.786999968048280735e-02 -4.972657356712080999e-03
-9.982419107981871376e-01 -5.908960584357894619e-02 -4.637544570559618169e-03
-9.981757679748338719e-01 -6.022178683232860125e-02 -4.298072466734264956e-03
-9.981136717594615293e-01 -6.126548653224234836e-02 -3.954644288797549458e-03
-9.980559542749422031e-01 -6.221975313547423170e-02 -3.607666470322985243e-03
-9.980029213197812998e-01 -6.308373970645286821e-02 -3.257548171261015219e-03
-9.979548510736160338e-01 -6.385670463961223842e-02 -2.904700815844042574e-03
-9.979119929416776502e-01 -6.453801201157206846e-02 -2.549537632320101818e-03
-9.978745665425127198e-01 -6.512713183001690720e-02 -2.192473194768294279e-03
-9.978427608425903816e-01 -6.562364018139614508e-02 -1.833922967216719676e-03
-9.978167334407448408e-01 -6.602721927941880564e-02 -1.474302850254593112e-03
-9.977966100047224174e-01 -6.633765741614922051e-02 -1.114028730304798386e-03
-9.977824838614176572e-01 -6.655484881732566527e-02 -7.535160317014861359e-04
-9.977744157417004489e-01 -6.667879340332844018e-02 -3.931792716996620205e-04
-9.977724336800554150e-01 -6.670959645701847462e-02 -3.343161853011623018e-05
-9.977765330685777201e-01 -6.664746819945710499e-02 3.253155473963932533e-04
-9.977866768642023043e-01 -6.649272327430540142e-02 6.826530690370656400e-04
-9.978027959473819708e-01 -6.624578014149022642e-02 1.038174444919594871e-03
-9.978247896297821606e-01 -6.590716038051877557e-02 1.391476257898895163e-03
-9.978525263079230934e-01 -6.547748790362552251e-02 1.742158600360723319e-03
-9.978858442590819999e-01 -6.495748807874987540e-02 2.089825495754257974e-03
-9.979245525751625490e-01 -6.434798676217150237e-02 2.434085316321475852e-03
-9.979684322296564769e-01 -6.364990924047674026e-02 2.774551196873602590e-03
-9.980172372722584395e-01 -6.286427908139603782e-02 3.110841444444319061e-03
-9.980706961451548676e-01 -6.199221689294159843e-02 3.442579943626059968e-03
-9.981285131144936873e-01 -6.103493899018857388e-02 3.769396557370006430e-03
-9.981903698100522693e-01 -5.999375596898397917e-02 4.090927523002626728e-03
-9.982559268656622242e-01 -5.887007118583658521e-02 4.406815843182244202e-03
-9.983248256525202313e-01 -5.766537914323989489e-02 4.716711671488523806e-03
-9.983966900971167346e-01 -5.638126377970967967e-02 5.020272692306408484e-03
-9.984711285751525223e-01 -5.501939666387802019e-02 5.317164494634335319e-03
-9.985477358724864638e-01 -5.358153509207774084e-02 5.607060939414963002e-03
-9.986260952038670258e-01 -5.206952008897450940e-02 5.889644519955607518e-03
-9.987057802799524930e-01 -5.048527431095804763e-02 6.164606714975559218e-03
-9.987863574129126620e-01 -4.883079985218827246e-02 6.431648333788851472e-03
-9.988673876507393468e-01 -4.710817595340558578e-02 6.690479853104349360e-03
-9.989484289302682507e-01 -4.531955661385538708e-02 6.940821744900588057e-03
-9.990290382388352652e-01 -4.346716810694369743e-02 7.182404794811018955e-03
-9.991087737744552832e-01 -4.155330640053105096e-02 7.414970410436621216e-03
-9.991871970944247172e-01 -3.958033448308357488e-02 7.638270918987472881e-03
-9.992638752423070869e-01 -3.755067959723069893e-02 7.852069853643225267e-03
-9.993383828433665128e-01 -3.546683038262504056e-02 8.056142228014694442e-03
-9.994103041586676062e-01 -3.333133393035925957e-02 8.250274798085262956e-03
-9.994792350882595322e-01 -3.114679275156315499e-02 8.434266311011602915e-03
-9.995447851141089357e-01 -2.891586166317918621e-02 8.607927740168563185e-03
-9.996065791737402950e-01 -2.664124459429195041e-02 8.771082505833027732e-03
-9.996642594558775574e-01 -2.432569131676382695e-02 8.923566680916110785e-03
-9.997174871097644910e-01 -2.197199410430110411e-02 9.065229181172343789e-03
-9.997659438602628512e-01 -1.958298432443898382e-02 9.195931939338330280e-03
-9.998093335212929755e-01 -1.716152896828641514e-02 9.315550062681745777e-03
-9.998473834006817995e-01 -1.471052712320912795e-02 9.423971973474262742e-03
-9.998798455900219651e-01 -1.223290639394845197e-02 9.521099531938916408e-03
-9.999064981337151270e-01 -9.731619277971038928e-03 9.606848141263259200e-03
-9.999271460719757476e-01 -7.209639501117816839e-03 9.681146834314180091e-03
-9.999416223531956138e-01 -4.669958319866283729e-03 9.743938341738119305e-03
-9.999497886117235668e-01 -2.115580796736506782e-03 9.795179141181263940e-03
-9.999515358077849525e-01 4.504779444446283150e-04 9.834839487417793361e-03
-9.999467847269508658e-01 3.025196476555919688e-03 9.862903423229877481e-03
-9.999354863372690305e-01 5.605550833491020069e-03 9.879368770940599037e-03
-9.999176220028738182e-01 8.188518273705695794e-03 9.884247104559666999e-03
-9.998932035536051144e-01 1.077108103590348337e-02 9.877563702561395140e-03
-9.998622732108780609e-01 1.335023007975682380e-02 9.859357481374347518e-03
-9.998249033707525824e-01 1.592296880459551436e-02 9.829680909721862439e-03
-9.997811962458506008e-01 1.848631673906674100e-02 9.788599904011924605e-03
-9.997312833684579569e-01 2.103731319488048868e-02 9.736193705033001355e-03
-9.996753249578175238e-01 2.357302087789958298e-02 9.672554736269121933e-03
-9.996135091552723617e-01 2.609052945001395785e-02 9.597788444202148481e-03
-9.995460511315452656e-01 2.858695903545181022e-02 9.512013121021520648e-03
-9.994731920710417938e-01 3.105946366542468653e-02 9.415359710211275088e-03
-9.993951980386363010e-01 3.350523465527635580e-02 9.307971595530562317e-03
-9.993123587349355130e-01 3.592150390860456705e-02 9.190004373946847327e-03
-9.992249861465194449e-01 3.830554714314739206e-02 9.061625613120171188e-03
-9.991334130981214257e-01 4.065468703356878155e-02 8.923014594072083139e-03
-9.990379917141324340e-01 4.296629626663863583e-02 8.774362039703857349e-03
-9.989390917971978645e-01 4.523780050467705177e-02 8.615869829855271264e-03
-9.988370991320117964e-01 4.746668125351800882e-02 8.447750703617367893e-03
-9.987324137227067133e-01 4.965047863164050168e-02 8.270227949630280448e-03
-9.986254479724852029e-01 5.178679403751213633e-02 8.083535085110180388e-03
-9.985166248143394485e-01 5.387329271258783914e-02 7.887915524357936095e-03
-9.984063758018616452e-01 5.590770619780146417e-02 7.683622237505989029e-03
-9.982951391692549414e-01 5.788783468177737673e-02 7.470917400259581218e-03
-9.981833578697167919e-01 5.981154923936950196e-02 7.250072035383767731e-03
-9.980714776013851486e-01 6.167679395950417809e-02 7.021365646678927319e-03
-9.979599448300079390e-01 6.348158796165714879e-02 6.785085846174910250e-03
-9.978492048174275597e-01 6.522402730063235621e-02 6.541527975257795634e-03
-9.977396996648554284e-01 6.690228675962787974e-02 6.290994720423763453e-03
-9.976318663797612007e-01 6.851462153187089232e-02 6.033795724332118374e-03
-9.975261349750049744e-01 7.005936879137682205e-02 5.770247192804353262e-03
-9.974229266086126477e-01 7.153494915363635409e-02 5.500671498388710022e-03
-9.973226517723279283e-01 7.293986802725692387e-02 5.225396781080251032e-03
-9.972257085367765006e-01 7.427271685778098764e-02 4.944756546755489646e-03
-9.971324808607473500e-01 7.553217426507205512e-02 4.659089263848409206e-03
-9.970433369717395244e-01 7.671700707580023093e-02 4.368737958761683034e-03
-9.969586278245345934e-01 7.782607125267185233e-02 4.074049810473451098e-03
-9.968786856441497202e-01 7.885831272213322807e-02 3.775375744766473404e-03
-9.968038225590919454e-01 7.981276810233704777e-02 3.473070028473235898e-03
-9.967343293303843055e-01 8.068856533319197777e-02 3.167489864098018727e-03
-9.966704741813672275e-01 8.148492421032316191e-02 2.858994985145320040e-03
-9.966125017327936986e-01 8.220115682475434560e-02 2.547947252453744600e-03
-9.965606320472415458e-01 8.283666791008315045e-02 2.234710251805769373e-03
-9.965150597863587922e-01 8.339095509886114421e-02 1.919648893056978556e-03
-9.964759534839413568e-01 8.386360908981153883e-02 1.603129011003660452e-03
-9.964434549373223371e-01 8.425431372742223091e-02 1.285516968185298429e-03
-9.964176787190225371e-01 8.456284599534151514e-02 9.671792597986447054e-04
-9.963987118100852136e-01 8.478907592488212075e-02 6.484821208829187221e-04
-9.963866133559849958e-01 8.493296641980672967e-02 3.297911359213205455e-04
-9.963814145454745752e-01 8.499457299842905211e-02 1.147085099260783999e-05
-9.963831186122049655e-01 8.497404345391990077e-02 -3.061156114020054456e-04
-9.963917009584339901e-01 8.487161743356112786e-02 -6.226069347168681914e-04
-9.964071093996234030e-01 8.468762593754367018e-02 -9.376439878275958121e-04
-9.964292645282170069e-01 8.442249073776157686e-02 -1.250870201466811613e-03
-9.964580601943954230e-01 8.407672371691501945e-02 -1.561931941508999363e-03
-9.964933641011166632e-01 8.365092612810337558e-02 -1.870478878977504134e-03
-9.965350185102785918e-01 8.314578777496697826e-02 -2.176164356638046315e-03
-9.965828410563806194e-01 8.256208611232573880e-02 -2.478645752031980332e-03
-9.966366256636184362e-01 8.190068526716549890e-02 -2.777584836789112870e-03
-9.966961435619198229e-01 8.116253497974139364e-02 -3.072648132044409133e-03
-9.967611443970237906e-01 8.034866946450287817e-02 -3.363507259765599611e-03
-9.968313574293170554e-01 7.946020619049888600e-02 -3.649839289779806695e-03
-9.969064928157785888e-01 7.849834458089526013e-02 -3.931327082267099468e-03
-9.969862429690399264e-01 7.746436463123071436e-02 -4.207659625467675794e-03
-9.970702839872529477e-01 7.635962544605373603e-02 -4.478532368327408850e-03
-9.971582771481644070e-01 7.518556369362051905e-02 -4.743647547784163657e-03
-9.972498704605322617e-01 7.394369197839478769e-02 -5.002714510374812844e-03
-9.973447002657848115e-01 7.263559713117287431e-02 -5.255450027820662492e-03
-9.974423928826139374e-01 7.126293841676320517e-02 -5.501578606227290613e-03
-9.975425662870209820e-01 6.982744565927606617e-02 -5.740832788513962857e-03
-9.976448318201891485e-01 6.833091728522851238e-02 -5.972953449668086216e-03
-9.977487959164434983e-01 6.677521828483795607e-02 -6.197690084401933849e-03
-9.978540618434840193e-01 6.516227809206637245e-02 -6.414801086772389110e-03
-9.979602314470312763e-01 6.349408838418324486e-02 -6.624054021309948477e-03
-9.980669068920169362e-01 6.177270080183815126e-02 -6.825225885191030586e-03
-9.981736923924775517e-01 6.000022459087137050e-02 -7.018103360977895507e-03
-9.982801959223696064e-01 5.817882416734099921e-02 -7.202483059443445801e-03
-9.983860308996249655e-01 5.631071660750642388e-02 -7.378171751994059245e-03
-9.984908178358952169e-01 5.439816906477741576e-02 -7.544986592202469408e-03
-9.985941859446041402e-01 5.244349611591427734e-02 -7.702755325964777237e-03
-9.986957747001290464e-01 5.044905703904425942e-02 -7.851316489800979834e-03
-9.987952353411707618e-01 4.841725302634086736e-02 -7.990519596827025048e-03
-9.988922323116413704e-01 4.635052433449298598e-02 -8.120225309938357977e-03
-9.989864446327036962e-01 4.425134737636738508e-02 -8.240305601760252591e-03
-9.990775671999295726e-01 4.212223175753897209e-02 -8.350643900938802336e-03
-9.991653119999094335e-01 3.996571726162519156e-02 -8.451135224368300225e-03
-9.992494092410371120e-01 3.778437078861213855e-02 -8.541686294975694635e-03
-9.993296083936125118e-01 3.558078325059797070e-02 -8.622215644710764723e-03
-9.994056791348482349e-01 3.335756642960152618e-02 -8.692653702421429887e-03
-9.994774121948296619e-01 3.111734980228903283e-02 -8.752942866327027144e-03
-9.995446200999640318e-01 2.886277733665723252e-02 -8.803037560838189793e-03
-9.996071378109537831e-01 2.659650426587550562e-02 -8.842904277509970254e-03
-9.996648232528466682e-01 2.432119384463114070e-02 -8.872521599954680954e-03
-9.997175577352426235e-01 2.203951409343936352e-02 -8.891880212582465096e-03
-9.997652462612728330e-01 1.975413453647218570e-02 -8.900982893080342309e-03
-9.998078177245103282e-01 1.746772293852636576e-02 -8.899844488584310667e-03
-9.998452249935161351e-01 1.518294204679069767e-02 -8.888491875543500648e-03
-9.998774448842701057e-01 1.290244634308549201e-02 -8.866963903320184553e-03
-9.999044780212777983e-01 1.062887881223291593e-02 -8.835311321614226776e-03
-9.999263485886813463e-01 8.364867732175675780e-03 -8.793596691845035132e-03
-9.999431039732291637e-01 6.113023491393764636e-03 -8.741894282667897823e-03
-9.999548143014741486e-01 3.875935439075498239e-03 -8.680289949844405273e-03
-9.999615718740707537e-01 1.656168773380482014e-03 -8.608881000728258251e-03
-9.999634905005253538e-01 -5.437385270102169238e-04 -8.527776043667750772e-03
-9.999607047382149672e-01 -2.721278723026357253e-03 -8.437094822664343782e-03
-9.999533690399328156e-01 -4.873977282178867769e-03 -8.336968037662850425e-03
-9.999416568146339834e-01 -6.999395787729104437e-03 -8.227537150882435063e-03
-9.999257594064436816e-01 -9.095134785640564268e-03 -8.108954179628849804e-03
-9.999058849973515573e-01 -1.115883656513478282e-02 -7.981381476056786939e-03
-9.998822574393468887e-01 -1.318818786892466538e-02 -7.844991494376852767e-03
-9.998551150220469363e-01 -1.518092252946116882e-02 -7.699966546024289947e-03
-9.998247091821376165e-01 -1.713482402780088648e-02 -7.546498543326098964e-03
-9.997913031611772583e-01 -1.904772797198023282e-02 -7.384788732219660541e-03
-9.997551706185109355e-01 -2.091752449206448275e-02 -7.215047414589159484e-03
-9.997165942062052890e-01 -2.274216054932437503e-02 -7.037493660796226465e-03
-9.996758641130388812e-01 -2.451964215727721677e-02 -6.852355012988134084e-03
-9.996332765846738244e-01 -2.624803651261119891e-02 -6.659867179770785801e-03
-9.995891324271889422e-01 -2.792547403428873726e-02 -6.460273722834625372e-03
-9.995437355011731473e-01 -2.955015030939517340e-02 -6.253825736119633313e-03
-9.994973912135612926e-01 -3.112032794456116511e-02 -6.040781518100907070e-03
-9.994504050143454554e-01 -3.263433832203870011e-02 -5.821406237769073851e-03
-9.994030809052087960e-01 -3.409058325975047182e-02 -5.595971594870188630e-03
-9.993557199670132229e-01 -3.548753657485869545e-02 -5.364755474957999710e-03
-9.993086189129249952e-01 -3.682374555061120741e-02 -5.128041599797739103e-03
-9.992620686737819780e-01 -3.809783230641870799e-02 -4.886119173645185436e-03
-9.992163530221003231e-01 -3.930849507129657167e-02 -4.639282525907821413e-03
-9.991717472408840894e-01 -4.045450936096664507e-02 -4.387830750676818999e-03
-9.991285168431400798e-01 -4.153472905905914586e-02 -4.132067343599482752e-03
-9.990869163477170689e-01 -4.254808740298100800e-02 -3.872299836542008895e-03
-9.990471881167793944e-01 -4.349359787512557113e-02 -3.608839430472173503e-03
-9.990095612599009245e-01 -4.437035500018886303e-02 -3.342000626971143758e-03
-9.989742506094150265e-01 -4.517753504943049225e-02 -3.072100858763216705e-03
-9.989414557712960052e-01 -4.591439665277306792e-02 -2.799460119632211832e-03
-9.989113602554662297e-01 -4.658028131967318491e-02 -2.524400594073676098e-03
-9.988841306890331451e-01 -4.717461386972091053e-02 -2.247246287013219233e-03
-9.988599161155544692e-01 -4.769690277393388161e-02 -1.968322653903412968e-03
-9.988388473830188685e-01 -4.814674040770797886e-02 -1.687956231494891404e-03
-9.988210366228060799e-01 -4.852380321637025234e-02 -1.406474269561806476e-03
-9.988065768214645646e-01 -4.882785179425278010e-02 -1.124204363847710383e-03
-9.987955414867119019e-01 -4.905873087816992051e-02 -8.414740904854239910e-04
-9.987879844086303693e-01 -4.921636925613745439e-02 -5.586106421335817335e-04
-9.987839395165940548e-01 -4.930077959212213895e-02 -2.759404660634070150e-04
-9.987834208320301999e-01 -4.931205816755575982e-02 6.211095578070847077e-06
-9.987864225166863674e-01 -4.925038454029062596e-02 2.875201631076767096e-04
-9.987929190156471515e-01 -4.911602112161522066e-02 5.676646740316412159e-04
-9.988028652939237029e-01 -4.890931267189117110e-02 8.463247349419415842e-04
-9.988161971650245663e-01 -4.863068571531724976e-02 1.123182970368436125e-03
-9.988328317095113151e-01 -4.828064787427482907e-02 1.397924868370183961e-03
-9.988526677811493393e-01 -4.785978712366284471e-02 1.670239122646096632e-03
-9.988755865978794501e-01 -4.736877096559118788e-02 1.939817970940285350e-03
-9.989014524144689267e-01 -4.680834552477027011e-02 2.206357529511272005e-03
-9.989301132733449107e-01 -4.617933456491279953e-02 2.469558123426767240e-03
-9.989614018297745535e-01 -4.548263842645255267e-02 2.729124612437121723e-03
-9.989951362472375695e-01 -4.471923288588538353e-02 2.984766712171027254e-03
-9.990311211585319873e-01 -4.389016793705034780e-02 3.236199310386729706e-03
-9.990691486878745531e-01 -4.299656649469465325e-02 3.483142778001136874e-03
-9.991089995289936798e-01 -4.203962302070545637e-02 3.725323274607947061e-03
-9.991504440739769066e-01 -4.102060207344494780e-02 3.962473048184505207e-03
-9.991932435874166796e-01 -3.994083678069267757e-02 4.194330728675713972e-03
-9.992371514202087468e-01 -3.880172723678072116e-02 4.420641615132218059e-03
-9.992819142571915947e-01 -3.760473882460317607e-02 4.641157956069441419e-03
-9.993272733926744644e-01 -3.635140046329091851e-02 4.855639222704094884e-03
-9.993729660277880233e-01 -3.504330278246534786e-02 5.063852374715725226e-03
-9.994187265835078327e-01 -3.368209622412028648e-02 5.265572118172902501e-03
-9.994642880231399129e-01 -3.226948907332837652e-02 5.460581155256952202e-03
-9.995093831780303972e-01 -3.080724541912640072e-02 5.648670425410923235e-03
-9.995537460702588195e-01 -2.929718304710180257e-02 5.829639337537879766e-03
-9.995971132261024517e-01 -2.774117126537905056e-02 6.003295992870782624e-03
-9.996392249741165026e-01 -2.614112866588808037e-02 6.169457398136325710e-03
-9.996798267217592571e-01 -2.449902082298635250e-02 6.327949668637188399e-03
-9.997186702046049200e-01 -2.281685793169968557e-02 6.478608220881416739e-03
-9.997555147023301503e-01 -2.109669238804309094e-02 6.621277954394070783e-03
-9.997901282158287994e-01 -1.934061631408005508e-02 6.755813422354948160e-03
-9.998222886000051046e-01 -1.755075903057497569e-02 6.882078990717151352e-03
-9.998517846470201809e-01 -1.572928448028739976e-02 6.999948985474505579e-03
-9.998784171150121303e-01 -1.387838860514633600e-02 7.109307827761333042e-03
-9.999019996975835323e-01 -1.200029668072668393e-02 7.210050156485833805e-03
-9.999223599296420684e-01 -1.009726061162591511e-02 7.302080938218214780e-03
-9.999393400254988906e-01 -8.171556191506085254e-03 7.385315564076690674e-03
-9.999527976454609668e-01 -6.225480331722333879e-03 7.459679933378443421e-03
-9.999626065875096836e-01 -4.261348262602887224e-03 7.525110523848422758e-03
-9.999686574010268059e-01 -2.281490711575766793e-03 7.581554448206386833e-03
-9.999708579199115821e-01 -2.882510624526938431e-04 7.628969496981619254e-03
-9.999691337128311375e-01 1.716017499720019508e-03 7.667324167435173900e-03
-9.999634284487508573e-01 3.728954853751576416e-03 7.696597678501061225e-03
-9.999537041763072454e-01 5.748196812781354928e-03 7.716779971690319352e-03
-9.999399415160055149e-01 7.771377995535793011e-03 7.727871697935198222e-03
-9.999221397646488319e-01 9.796134693738314803e-03 7.729884190384454096e-03
-9.999003169118306777e-01 1.182010773103560515e-02 7.722839423194849395e-03
-9.998745095687476825e-01 1.384094530881555159e-02 7.706769956398079255e-03
-9.998447728100098297e-01 1.585630583432370844e-02 7.681718866956311134e-03
-9.998111799295429369e-01 1.786386072653591700e-02 7.647739666153072560e-03
-9.997738221120846536e-01 1.986129719531445903e-02 7.604896203499137558e-03
-9.997328080221750124e-01 2.184632098946330536e-02 7.553262557365127833e-03
-9.996882633129283713e-01 2.381665910940377467e-02 7.492922912583537334e-03
-9.996403300572472839e-01 2.577006248031462818e-02 7.423971425292608985e-03
-9.995891661044951082e-01 2.770430858171910385e-02 7.346512075322770077e-03
-9.995349443659840016e-01 2.961720402965464446e-02 7.260658506452966933e-03
-9.994778520329555827e-01 3.150658710772767657e-02 7.166533854889098852e-03
-9.994180897310310785e-01 3.337033024353468907e-02 7.064270566339665366e-03
-9.993558706153862214e-01 3.520634242712017414e-02 6.954010202084646812e-03
-9.992914194111588433e-01 3.701257156834070888e-02 6.835903234452348973e-03
-9.992249714038295982e-01 3.878700679021052089e-02 6.710108832135470124e-03
-9.991567713845199705e-01 4.052768065551611010e-02 6.576794635791879604e-03
-9.990870725553298026e-01 4.223267132420376740e-02 6.436136524387489448e-03
-9.990161353999915672e-01 4.390010463926308920e-02 6.288318372748200567e-03
-9.989442265252409525e-01 4.552815613904967473e-02 6.133531800795130086e-03
-9.988716174784035839e-01 4.711505299420962189e-02 5.971975914942299901e-03
-9.987985835467680928e-01 4.865907586758606851e-02 5.803857042138647546e-03
-9.987254025443583760e-01 5.015856069570157755e-02 5.629388457036747784e-03
-9.986523535917357641e-01 5.161190039061900464e-02 5.448790102769053914e-03
-9.985797158944497154e-01 5.301754646118552600e-02 5.262288305808896817e-03
-9.985077675257205687e-01 5.437401055285932816e-02 5.070115485388033624e-03
-9.984367842188748288e-01 5.567986590550384751e-02 4.872509857935359602e-03
-9.983670381749659706e-01 5.693374872871058423e-02 4.669715136992626942e-03
-9.982987968909026177e-01 5.813435949437645994e-02 4.461980229052800104e-03
-9.982323220132708341e-01 5.928046414641530149e-02 4.249558925755214309e-03
-9.981678682228807276e-01 6.037089522762443400e-02 4.032709592859130485e-03
-9.981056821548895952e-01 6.140455292385622182e-02 3.811694856403816372e-03
-9.980460013591546664e-01 6.238040602576010174e-02 3.586781286449062210e-03
-9.979890533052527823e-01 6.329749280846329318e-02 3.358239078775309468e-03
-9.979350544363697617e-01 6.415492182964786794e-02 3.126341734907446893e-03
-9.978842092760108473e-01 6.495187264655777337e-02 2.891365740811053034e-03
-9.978367095912195062e-01 6.568759645253313684e-02 2.653590244594576739e-03
-9.977927336157116356e-01 6.636141663371937505e-02 2.413296733535835910e-03
-9.977524453360416823e-01 6.697272924663769111e-02 2.170768710736439323e-03
-9.977159938436160891e-01 6.752100341733024980e-02 1.926291371693462364e-03
