1.000000000000000000e+00 0.000000000000000000e+00 0.000000000000000000e+00
9.999991285926597140e-01 5.886054826703297771e-04 -1.181689167839036379e-03
9.999961350052517517e-01 1.481914970491721682e-03 -2.352439173715040622e-03
9.999902537026380545e-01 2.676889235432755761e-03 -3.510964352621817695e-03
9.999804656179722695e-01 4.170155130979664657e-03 -4.656000274837421467e-03
9.999655099012279003e-01 5.958009753498369823e-03 -5.786304863624008171e-03
9.999438969378647846e-01 8.036424606901784382e-03 -6.900659525267817916e-03
9.999139225609672277e-01 1.040104982042894949e-02 -7.997870296212017394e-03
9.998736833756582953e-01 1.304721847388640339e-02 -9.076769011031205620e-03
9.998210931101675358e-01 1.596995108827668070e-02 -1.013621449393239601e-02
9.997538999036169605e-01 1.916396034230466450e-02 -1.117509377535756861e-02
9.996697044364095674e-01 2.262365607678110818e-02 -1.219232333412196764e-02
9.995659788050890171e-01 2.634315064941611384e-02 -1.318685036436545790e-02
9.994400860397248954e-01 3.031626470190727785e-02 -1.415765406543652988e-02
9.992893001583140755e-01 3.453653339958297902e-02 -1.510374695168553716e-02
9.991108266494257428e-01 3.899721320117828516e-02 -1.602417617803072319e-02
9.989018232714196310e-01 4.369128921262883242e-02 -1.691802487609283048e-02
9.986594210540900018e-01 4.861148317410930036e-02 -1.778441349468638105e-02
9.983807453866047066e-01 5.375026212397188141e-02 -1.862250113752240629e-02
9.980629370741804784e-01 5.909984777682419227e-02 -1.943148689013209779e-02
9.977031732451321355e-01 6.465222664580344558e-02 -2.021061112727621373e-02
9.972986879898102508e-01 7.039916093124536089e-02 -2.095915679147264052e-02
9.968467926135625712e-01 7.633220018951267227e-02 -2.167645063276455938e-02
9.963448953872675595e-01 8.244269378684936089e-02 -2.236186439947292215e-02
9.957905206812309729e-01 8.872180413388246201e-02 -2.301481596943640712e-02
9.951813273713467911e-01 9.516052068692729127e-02 -2.363477041114502714e-02
9.945151264104156175e-01 1.017496746926964124e-01 -2.422124096422316117e-02
9.937898974623979864e-01 1.084799546435002010e-01 -2.477378992891529630e-02
9.930038045031448490e-01 1.153419224006926036e-01 -2.529202945457201951e-02
9.921552102977793108e-01 1.223260299350940050e-01 -2.577562221762171729e-02
9.912426896723527392e-01 1.294226366245440907e-01 -2.622428198013947859e-02
9.902650415056318822e-01 1.366220270407272064e-01 -2.663777402088138638e-02
9.892212993758058293e-01 1.439144291500880080e-01 -2.701591543153016028e-02
9.881107408064729869e-01 1.512900328471246947e-01 -2.735857527188518060e-02
9.869328950663709410e-01 1.587390087327065491e-01 -2.766567457881345324e-02
9.856875494878564181e-01 1.662515270453947536e-01 -2.793718622494273038e-02
9.843747542800107553e-01 1.738177766501183830e-01 -2.817313462430817358e-02
9.829948258233173197e-01 1.814279839860216959e-01 -2.837359528344215662e-02
9.815483484440157280e-01 1.890724318738893905e-01 -2.853869419770554625e-02
9.800361746773482707e-01 1.967414780832887344e-01 -2.866860709397971510e-02
9.784594240398517551e-01 2.044255735604407764e-01 -2.876355852215346787e-02
9.768194803414919081e-01 2.121152802198262854e-01 -2.882382079913016829e-02
9.751179875786583073e-01 2.198012882056105677e-01 -2.884971281032998325e-02
9.733568444587297197e-01 2.274744325330795847e-01 -2.884159867485426229e-02
9.715381976159676025e-01 2.351257090253520143e-01 -2.879988628159800210e-02
9.696644335868144227e-01 2.427462894665834425e-01 -2.872502570462849569e-02
9.677381696201666772e-01 2.503275358996175926e-01 -2.861750750708141888e-02
9.657622434048039883e-01 2.578610140034621745e-01 -2.847786094364924275e-02
9.637397018018181161e-01 2.653385054939594867e-01 -2.830665207244284498e-02
9.616737886745656549e-01 2.727520194994711433e-01 -2.810448178758892870e-02
9.595679319123378015e-01 2.800938028721792206e-01 -2.787198378437925547e-02
9.574257297465890160e-01 2.873563494046028066e-01 -2.760982246911058632e-02
9.552509364602025377e-01 2.945324079300207787e-01 -2.731869082594633874e-02
9.530474475909098686e-01 3.016149892945590993e-01 -2.699930825319445810e-02
9.508192847296611516e-01 3.085973721976375539e-01 -2.665241838133425648e-02
9.485705800135039167e-01 3.154731079061662835e-01 -2.627878688494353701e-02
9.463055604104336771e-01 3.222360238562476109e-01 -2.587919930038309543e-02
9.440285318907882806e-01 3.288802261640806357e-01 -2.545445886069679781e-02
9.417438635761491428e-01 3.354001010752145628e-01 -2.500538435869113785e-02
9.394559719524658847e-01 3.417903153881829414e-01 -2.453280804857873101e-02
9.371693052293186277e-01 3.480458158948253056e-01 -2.403757359591629506e-02
9.348883279219641906e-01 3.541618278852212698e-01 -2.352053408485047306e-02
9.326175057271667290e-01 3.601338527700973513e-01 -2.298255009091593193e-02
9.303612907578803215e-01 3.659576648777992935e-01 -2.242448782682066044e-02
9.281241071957112565e-01 3.716293074864462365e-01 -2.184721736781468360e-02
9.259103374138362152e-01 3.771450881546977163e-01 -2.125161096238124825e-02
9.237243086167539197e-01 3.825015734166873904e-01 -2.063854143312420300e-02
9.215702800369925951e-01 3.876955829081224492e-01 -2.000888067186152794e-02
9.194524307227373017e-01 3.927241829913481475e-01 -1.936349823208156559e-02
9.173748479443529780e-01 3.975846799473632398e-01 -1.870326002108373478e-02
9.153415162420105444e-01 4.022746128023851897e-01 -1.802902709331637501e-02
9.133563071311227022e-01 4.067917458556463695e-01 -1.734165454564736211e-02
9.114229694771052159e-01 4.111340609736995888e-01 -1.664199051456346015e-02
9.095451205461307920e-01 4.152997497146733719e-01 -1.593087527459654401e-02
9.077262377340620247e-01 4.192872053436911273e-01 -1.520914043662244426e-02
9.059696509716558266e-01 4.230950147981051290e-01 -1.447760824407363228e-02
9.042785358004373775e-01 4.267219506583442290e-01 -1.373709096455252680e-02
9.026559071103542609e-01 4.301669631770801416e-01 -1.298839037382851051e-02
9.011046135274378699e-01 4.334291724161281611e-01 -1.223229732874951507e-02
8.996273324372204838e-01 4.365078605370562581e-01 -1.146959142519782260e-02
8.982265656275669752e-01 4.394024642879235665e-01 -1.070104073686883872e-02
8.969046355328718079e-01 4.421125677249404529e-01 -9.927401630349717496e-03
8.956636820602266180e-01 4.446378952041751820e-01 -9.149418651720159917e-03
8.945056599771579187e-01 4.469783046747543009e-01 -8.367824479688585129e-03
8.934323368398533471e-01 4.491337813013445701e-01 -7.583339940110751971e-03
8.924452914404059634e-01 4.511044314400871058e-01 -6.796674076612564327e-03
8.915459127514905324e-01 4.528904769885991333e-01 -6.008524271951506783e-03
8.907353993470134013e-01 4.544922501271846937e-01 -5.219576414699381682e-03
8.900147592776216365e-01 4.559101884650145209e-01 -4.430505105810130136e-03
8.893848103804906646e-01 4.571448306017614760e-01 -3.641973899647858986e-03
8.888461810035063193e-01 4.581968121120175708e-01 -2.854635574089272980e-03
8.883993111247862062e-01 4.590668619567818687e-01 -2.069132424379096537e-03
8.880444538494244311e-01 4.597557993233944984e-01 -1.286096575504423224e-03
8.877816772663642553e-01 4.602645308925109591e-01 -5.061503079621697872e-04
8.876108666493822685e-01 4.605940485280561880e-01 2.700936080791182040e-04
8.875317269872787795e-01 4.607454273835748793e-01 1.042031575077698256e-03
8.875437858294933369e-01 4.607198244160018996e-01 1.809068831572300867e-03
8.876463964344784019e-01 4.605184772956082417e-01 2.570619121312445882e-03
8.878387412092464404e-01 4.601427036987382757e-01 3.326104372400480545e-03
8.881198354295436470e-01 4.595939009679352871e-01 4.074954390582437476e-03
8.884885312310730754e-01 4.588735461221544187e-01 4.816606570616125717e-03
8.889435218630818980e-01 4.579831961979832777e-01 5.550505629426239276e-03
8.897144076888141573e-01 4.564587244968276170e-01 7.328494549387231521e-03
8.906877352230441192e-01 4.545247323655791094e-01 9.089957235596878016e-03
8.918589386701786248e-01 4.521838833693210824e-01 1.083376904091988384e-02
8.932228117650361510e-01 4.494388574068515774e-01 1.255880175372277481e-02
8.947735259860849499e-01 4.462923698244845028e-01 1.426392059960185886e-02
8.965046496333520798e-01 4.427471928410323110e-01 1.594798153981760030e-02
8.984091678736741970e-01 4.388061790893972858e-01 1.760982889025919373e-02
9.004795038650031946e-01 4.344722870686011928e-01 1.924829328337360201e-02
9.027075410777227749e-01 4.297486082880404012e-01 2.086218999401528995e-02
9.050846469342562761e-01 4.246383958733112585e-01 2.245031764857377543e-02
9.076016978885286246e-01 4.191450943902017556e-01 2.401145733498390861e-02
9.102491060639946729e-01 4.132723706305345135e-01 2.554437212928808640e-02
9.130168475628782643e-01 4.070241450906630365e-01 2.704780705227240525e-02
9.158944925499350465e-01 4.004046238608041652e-01 2.852048946731571000e-02
9.188712372014314900e-01 3.934183306313157602e-01 2.996112992795167337e-02
9.219359375941456047e-01 3.860701385108163408e-01 3.136842348073511089e-02
9.250771455900964613e-01 3.783653013410486210e-01 3.274105142581669459e-02
9.282831467505148204e-01 3.703094841849868812e-01 3.407768353416457119e-02
9.315420002874353900e-01 3.619087926582791881e-01 3.537698071663478161e-02
9.348415810334539389e-01 3.531698007701087882e-01 3.663759813610124177e-02
9.381696233799300400e-01 3.440995769383589087e-01 3.785818874963619435e-02
9.415137671015875176e-01 3.347057078459703683e-01 3.903740726331925842e-02
9.448616049514915183e-01 3.249963198109586116e-01 4.017391447769263352e-02
9.482007318752441183e-01 3.149800973520434089e-01 4.126638199722690997e-02
9.515187956574939765e-01 3.046662986455163646e-01 4.231349727248033543e-02
9.548035487781029174e-01 2.940647675870496913e-01 4.331396893899681216e-02
9.580429012202079653e-01 2.831859421947725552e-01 4.426653241247432979e-02
9.612249739386525826e-01 2.720408591171571966e-01 4.516995569543134220e-02
9.643381526655534497e-01 2.606411540410204508e-01 4.602304534659334978e-02
9.673711417008481472e-01 2.489990578310960490e-01 4.682465256060728415e-02
9.703130173102477718e-01 2.371273882729044991e-01 4.757367930255806954e-02
9.731532803317994862e-01 2.250395373346500139e-01 4.826908443919828567e-02
9.758819075758847772e-01 2.127494539111117189e-01 4.890988980689033733e-02
9.784894015925298394e-01 2.002716220623568522e-01 4.949518615507569191e-02
9.809668383748776366e-01 1.876210348118752258e-01 5.002413890369018790e-02
9.833059125689598279e-01 1.748131636216156137e-01 5.049599365338847817e-02
9.854989797677822239e-01 1.618639237145210463e-01 5.091008138875817435e-02
9.875390954823446421e-01 1.487896354675818378e-01 5.126582331691180439e-02
9.894200504035337573e-01 1.356069821491924510e-01 5.156273528693983144e-02
9.911364015967157881e-01 1.223329643227421826e-01 5.180043173966835529e-02
9.926834993049856726e-01 1.089848512829420246e-01 5.197862914194792405e-02
9.940575090769497857e-01 9.558012993148552738e-02 5.209714886524306754e-02
9.952554289800173981e-01 8.213645153342895300e-02 5.215591947451370114e-02
9.962751017097172257e-01 6.867157682441790700e-02 5.215497840018112202e-02
9.971152214586851414e-01 5.520331996096747296e-02 5.209447297323906156e-02
9.977753354647485029e-01 4.174949182093948274e-02 5.197466081117783909e-02
9.982558402149354082e-01 2.832784316882795000e-02 5.179590955020173942e-02
9.985579723402219221e-01 1.495600820029763245e-02 5.155869592709579063e-02
9.986837942933104451e-01 1.651448972626238035e-03 5.126360422189477767e-02
9.986361749576642133e-01 -1.156859878754824995e-02 5.091132408008425259e-02
9.984187653893833447e-01 -2.468717803014052609e-02 5.050264774028510179e-02
9.980359699433583032e-01 -3.768766044115118286e-02 5.003846670011388720e-02
9.974929130806239330e-01 -5.055379381077490519e-02 4.951976785905733841e-02
9.967954021942266873e-01 -6.326974634528688413e-02 4.894762918265268409e-02
9.959498868256017046e-01 -7.582014760257013708e-02 4.832321493694455988e-02
9.949634146719769090e-01 -8.819012577930286645e-02 4.764777054603262091e-02
9.938435848073631229e-01 -1.003653411285183317e-01 4.692261712848919131e-02
9.925984985550996287e-01 -1.123320153385015674e-01 4.614914577049159666e-02
9.912367084586883870e-01 -1.240769567568255904e-01 4.532881159467786608e-02
9.897671657999157491e-01 -1.355875813958142551e-01 4.446312768401385757e-02
9.881991671092851259e-01 -1.468519297069627028e-01 4.355365891939029510e-02
9.865423001039680395e-01 -1.578586791610354922e-01 4.260201578829975189e-02
9.848063894733113388e-01 -1.685971527169714823e-01 4.160984821984116400e-02
9.830014429119883212e-01 -1.790573233057304592e-01 4.057883949853801492e-02
9.811375977767959888e-01 -1.892298144943025950e-01 3.951070030612008344e-02
9.792250687155594768e-01 -1.991058975298705125e-01 3.840716293659695441e-02
9.772740965863135898e-01 -2.086774849942762411e-01 3.726997572573759882e-02
9.752948989526046830e-01 -2.179371213243313232e-01 3.610089773155739090e-02
9.732976224070920557e-01 -2.268779704740499503e-01 3.490169369769426100e-02
9.712922969412945973e-01 -2.354938010106161494e-01 3.367412932671708103e-02
9.692887925449630293e-01 -2.437789689469386234e-01 3.241996688553542422e-02
9.672967781847261470e-01 -2.517283986202001889e-01 3.114096116024583222e-02
9.653256832788909003e-01 -2.593375619281383937e-01 2.983885577302455155e-02
9.633846617540110513e-01 -2.666024562332157122e-01 2.851537986911962044e-02
9.614825587394620898e-01 -2.735195812397100412e-01 2.717224517765673766e-02
9.596278799290811623e-01 -2.800859151404596625e-01 2.581114344589502049e-02
9.578287636141836758e-01 -2.862988903189315204e-01 2.443374424278261028e-02
9.560929553701262851e-01 -2.921563688788509916e-01 2.304169312419189139e-02
9.544277853591515148e-01 -2.976566182582286446e-01 2.163661014907500638e-02
9.528401481955701691e-01 -3.027982871676338505e-01 2.022008873298045128e-02
9.515301985824560216e-01 -3.070472715826992882e-01 1.767079268927141192e-02
9.503998072211271575e-01 -3.106629566742211135e-01 1.512403772078055667e-02
9.494558226246060384e-01 -3.136484270485064840e-01 1.258204512721573104e-02
9.487036763436366149e-01 -3.160069548965000474e-01 1.004697776363858673e-02
9.481473937787906481e-01 -3.177419675035140778e-01 7.520946261582913892e-03
9.477896086008323895e-01 -3.188570221721281905e-01 5.006015484654928113e-03
9.476315804734635195e-01 -3.193557885130791640e-01 2.504211114256079534e-03
9.476732158350434920e-01 -3.192420379978405665e-01 1.752626463666969586e-05
9.479130915581099881e-01 -3.185196406099923827e-01 -2.452071969747894944e-03
9.483484813662342860e-01 -3.171925683796927853e-01 -4.902636127704975214e-03
9.489753849457781554e-01 -3.152649055358838770e-01 -7.332232244716230946e-03
9.497885597443928019e-01 -3.127408649636200244e-01 -9.738934051307168022e-03
9.507815554976293271e-01 -3.096248106085054963e-01 -1.212081758717194029e-02
9.519467515689090664e-01 -3.059212854261552650e-01 -1.447595630748823442e-02
9.532753972254918162e-01 -3.016350444314644386e-01 -1.680241675329979117e-02
9.547576550032232934e-01 -2.967710923600301864e-01 -1.909825485302927076e-02
9.563826473350579560e-01 -2.913347254122139462e-01 -2.136151291704005417e-02
9.581385066320303734e-01 -2.853315765091219425e-01 -2.359021738161463239e-02
9.600124290099774083e-01 -2.787676634494469230e-01 -2.578237735268101155e-02
9.619907318504805627e-01 -2.716494393170606481e-01 -2.793598399302144389e-02
9.640589153699050673e-01 -2.639838444520440919e-01 -3.004901078947159673e-02
9.662017283459032324e-01 -2.557783592632323355e-01 -3.211941472870694092e-02
9.684032381163142356e-01 -2.470410571292146473e-01 -3.414513840157688135e-02
9.706469049212037570e-01 -2.377806566080867545e-01 -3.612411304656695799e-02
9.729156606052130618e-01 -2.280065721552166358e-01 -3.805426253285099092e-02
9.751919916350051398e-01 -2.177289625340515788e-01 -3.993350827257221430e-02
9.774580263162235827e-01 -2.069587760987809943e-01 -4.175977504053025174e-02
9.796956260170681663e-01 -1.957077921306912549e-01 -4.353099766744758514e-02
9.818864801226420136e-01 -1.839886574234560757e-01 -4.524512856057736482e-02
9.840122043571776222e-01 -1.718149173374377836e-01 -4.690014599276093321e-02
9.860544420218830819e-01 -1.592010405802045947e-01 -4.849406308834788154e-02
9.879949676064351261e-01 -1.461624370205504841e-01 -5.002493742188341558e-02
9.898157921442473084e-01 -1.327154679067153176e-01 -5.149088113340272166e-02
9.914992695978386283e-01 -1.188774479363075703e-01 -5.289007145282469124e-02
9.930282034832813576e-01 -1.046666387153282612e-01 -5.422076151559573204e-02
9.943859528741882947e-01 -9.010223324599606065e-02 -5.548129134268979523e-02
9.955565368683234606e-01 -7.520433119668344657e-02 -5.667009885060888402e-02
9.965247365558512760e-01 -5.999390483068507696e-02 -5.778573075141945486e-02
9.972761934994418542e-01 -4.449275560184796918e-02 -5.882685319934635726e-02
9.977975037245744305e-01 -2.872346156202515433e-02 -5.979226203923360128e-02
9.980763062247168804e-01 -1.270931586527643958e-02 -6.068089251342752288e-02
9.981013650114533009e-01 3.525743206120496992e-03 -6.149182828744489265e-02
9.978626437844425601e-01 1.995721013149860321e-02 -6.222430966119355672e-02
9.973513723601359349e-01 3.656009726380392288e-02 -6.287774084148521625e-02
9.965601040807471334e-01 5.330902634786831296e-02 -6.345169616301586657e-02
9.954827635247630591e-01 7.017832551887699666e-02 -6.394592515871377891e-02
9.941146839555109471e-01 8.714213075961599331e-02 -6.436035639612402992e-02
9.924526340726625984e-01 1.041744907170191192e-01 -6.469510001400378962e-02
9.904948337703387562e-01 1.212494737197696987e-01 -6.495044891218133831e-02
9.882409587516315375e-01 1.383412758007820376e-01 -6.512687856757676252e-02
9.856921339995835529e-01 1.554243285122716700e-01 -6.522504546965336714e-02
9.828509162555209011e-01 1.724734053272113932e-01 -6.524578418901083587e-02
9.797212658036800192e-01 1.894637254490402212e-01 -6.519010311288427062e-02
9.763085080029346718e-01 2.063710539007288791e-01 -6.505917890053156127e-02
9.726192851389630079e-01 2.231717968333160607e-01 -6.485434972945706977e-02
9.686614992905496768e-01 2.398430910809146444e-01 -6.457710741975307422e-02
9.644442470094339859e-01 2.563628870915964364e-01 -6.422908853821805708e-02
9.599777467021972654e-01 2.727100244787964423e-01 -6.381206459606650339e-02
9.552732596736575044e-01 2.888642995629711607e-01 -6.332793146378484783e-02
9.503430058431582284e-01 3.048065244050865430e-01 -6.277869813388603504e-02
9.452000751776195031e-01 3.205185769689392616e-01 -6.216647496692230546e-02
9.398583358984035074e-01 3.359834421852237463e-01 -6.149346155814962994e-02
9.343323405135827153e-01 3.511852438236930940e-01 -6.076193436178613239e-02
9.286372307041832475e-01 3.661092672080003552e-01 -5.997423420701539915e-02
9.227886420538965462e-01 3.807419729284347021e-01 -5.913275383495259635e-02
9.168026095584137503e-01 3.950710018187177375e-01 -5.823992557895592975e-02
9.106954747849768106e-01 4.090851715626353524e-01 -5.729820930219927527e-02
9.044837954771560717e-01 4.227744653832922195e-01 -5.631008069661560395e-02
8.981842583165341454e-01 4.361300133413510971e-01 -5.527802003647709628e-02
8.918135954641701613e-01 4.491440668283190329e-01 -5.420450146829910998e-02
8.853885054126635623e-01 4.618099668867144403e-01 -5.309198290673524528e-02
8.789255785864090731e-01 4.741221070210769328e-01 -5.194289659394709519e-02
8.724412280351692139e-01 4.860758911828548245e-01 -5.075964036784031547e-02
8.659516254760954990e-01 4.976676876190652132e-01 -4.954456967278531715e-02
8.594726428532857287e-01 5.088947792703075734e-01 -4.829999033518341672e-02
8.530197995031127967e-01 5.197553113894185506e-01 -4.702815211566072073e-02
8.466082149388756140e-01 5.302482370290699798e-01 -4.573124303990332151e-02
8.402525672005424218e-01 5.403732610162812477e-01 -4.441138450128508802e-02
8.339670566549773900e-01 5.501307829954902306e-01 -4.307062712054918197e-02
8.277653750793322329e-01 5.595218400808311676e-01 -4.171094734092277434e-02
8.216606798153274216e-01 5.685480496138727302e-01 -4.033424473118089187e-02
8.156655727448417492e-01 5.772115524764562799e-01 -3.894233996431627209e-02
8.097920838073234817e-01 5.855149573605258340e-01 -3.753697343558471539e-02
8.040516587566693962e-01 5.934612863489295842e-01 -3.611980448072978078e-02
7.984551508389187147e-01 6.010539221139329369e-01 -3.469241115308505097e-02
7.930128160618495903e-01 6.082965569943445949e-01 -3.325629051693489852e-02
7.877343117227598723e-01 6.151931441683047286e-01 -3.181285941390778194e-02
7.826286978607588374e-01 6.217478510973980521e-01 -3.036345565919856479e-02
7.777044413041757087e-01 6.279650153791894729e-01 -2.890933962498518431e-02
7.729694219915964615e-01 6.338491031097926998e-01 -2.745169616943899521e-02
7.684309412559873209e-01 6.394046698258368799e-01 -2.599163687114799254e-02
7.640957317747935074e-01 6.446363240662627003e-01 -2.453020253050294808e-02
7.599699689042996864e-01 6.495486935687710961e-01 -2.306836590156809835e-02
7.560592831334258523e-01 6.541463940934008070e-01 -2.160703462010592560e-02
7.523687734100833469e-01 6.584340008465271454e-01 -2.014705429569144113e-02
7.489030211118519187e-01 6.624160224623995008e-01 -1.868921173818317849e-02
7.456661044517254311e-01 6.660968774859979957e-01 -1.723423829117014250e-02
7.426616131287293587e-01 6.694808732902889359e-01 -1.578281324734677124e-02
7.398926630521016623e-01 6.725721873526783190e-01 -1.433556732304805577e-02
7.373619109862470378e-01 6.753748508093807557e-01 -1.289308617137645448e-02
7.350715689816764709e-01 6.778927342023123304e-01 -1.145591391544851373e-02
7.330234184744995884e-01 6.801295353307509339e-01 -1.002455668526414621e-02
7.312188239536635548e-01 6.820887691191718227e-01 -8.599486143541883176e-03
7.296587461109675932e-01 6.837737594131386709e-01 -7.181142987559137499e-03
7.283437544038897649e-01 6.851876326167154474e-01 -5.769940415581379517e-03
7.272740389754297485e-01 6.863333130873643384e-01 -4.366267547854406003e-03
7.264494218884949284e-01 6.872135202075299043e-01 -2.970492793368771645e-03
7.258693676448604304e-01 6.878307670559137277e-01 -1.582967154685981700e-03
7.255329929704380509e-01 6.881873606056601034e-01 -2.040274640451693322e-04
7.254390758595317124e-01 6.882854033811551808e-01 1.166000455248859596e-03
7.255860638809791263e-01 6.881267965097658257e-01 2.526798707514501217e-03
7.259720817586237107e-01 6.877132441094816473e-01 3.878054328311246815e-03
7.265949382474748974e-01 6.870462589579706680e-01 5.219456377459692764e-03
7.274521323352395319e-01 6.861271693929170690e-01 6.550693125676670253e-03
7.285408588066919489e-01 6.849571273975816332e-01 7.871449338888720018e-03
7.298580132156257116e-01 6.835371178292433125e-01 9.181403664238271464e-03
7.314001963159377784e-01 6.818679687514563881e-01 1.048022612183943138e-02
7.331637180097635431e-01 6.799503628338409156e-01 1.176757570646414820e-02
7.351446008765251117e-01 6.777848497853422582e-01 1.304309810353431257e-02
7.373385833523011801e-01 6.753718597885128849e-01 1.430642352405040764e-02
7.400149018784940580e-01 6.723896517828881203e-01 1.643503911752993568e-02
7.430410445271156128e-01 6.689887785876740267e-01 1.854803763370407171e-02
7.464088015027873224e-01 6.651674161432344912e-01 2.064507351646634875e-02
7.501092559532906989e-01 6.609233349201465435e-01 2.272573661245712653e-02
7.541327777900677098e-01 6.562539459591124613e-01 2.478954586858782630e-02
7.584690167126919569e-01 6.511563503765872563e-01 2.683594338509306260e-02
7.631068948622153902e-01 6.456273923474079579e-01 2.886428885262588145e-02
7.680345995550464933e-01 6.396637155649295137e-01 3.087385440613192936e-02
7.732395765746331584e-01 6.332618231623227123e-01 3.286381993246422634e-02
7.787085245222246099e-01 6.264181410555479390e-01 3.483326887283054452e-02
7.844273907497825160e-01 6.191290846389333469e-01 3.678118456509057999e-02
7.903813694170043203e-01 6.113911287281847962e-01 3.870644717452041694e-02
7.965549022296161130e-01 6.032008806030541015e-01 4.060783126480941446e-02
8.029316824266978792e-01 5.945551559529460572e-01 4.248400406361222542e-02
8.094946625898644665e-01 5.854510574737304962e-01 4.433352447880347519e-02
8.162260668456119417e-01 5.758860558033978005e-01 4.615484292252590437e-02
8.231074080230065260e-01 5.658580724185788835e-01 4.794630200003503068e-02
8.301195103110783347e-01 5.553655640441849117e-01 4.970613811907601681e-02
8.372425379327645967e-01 5.444076080555464436e-01 5.143248407293926627e-02
8.444560303140703494e-01 5.329839882777306359e-01 5.312337264629952288e-02
8.517389441774426695e-01 5.210952805116859654e-01 5.477674128733462516e-02
8.590697029265222939e-01 5.087429370432411391e-01 5.639043788235378191e-02
8.664262536149833771e-01 4.959293693207131315e-01 5.796222766018051253e-02
8.737861317049331333e-01 4.826580279220776259e-01 5.948980124280830312e-02
8.811265337204441384e-01 4.689334788756213679e-01 6.097078384639707110e-02
8.884243977897681166e-01 4.547614753510932917e-01 6.240274562257518837e-02
8.956564919465430652e-01 4.401490237040375231e-01 6.378321311437998298e-02
9.027995099272441148e-01 4.251044428366054784e-01 6.510968178419344887e-02
9.098301740610755806e-01 4.096374158359810114e-01 6.637962955295551026e-02
9.167253447017659207e-01 3.937590328686692565e-01 6.759053127107347847e-02
9.234621355010772525e-01 3.774818243470435819e-01 6.873987402216127918e-02
9.300180336744477971e-01 3.608197834450516117e-01 6.982517314146088894e-02
9.363710242635908676e-01 3.437883771236761588e-01 7.084398881199167886e-02
9.424997172628916120e-01 3.264045449338548455e-01 7.179394308365001642e-02
9.483834763500559317e-01 3.086866849946292568e-01 7.267273714417231412e-02
9.540025478507082601e-01 2.906546266961334002e-01 7.347816865661659091e-02
9.593381884754529354e-01 2.723295898486871036e-01 7.420814896633615154e-02
9.643727902999926771e-01 2.537341301880012279e-01 7.486071997180561433e-02
9.690900014175440891e-01 2.348920713488597545e-01 7.543407044855313104e-02
9.734748406807294252e-01 2.158284236314658155e-01 7.592655161421787979e-02
9.775138049693964382e-01 1.965692901011926175e-01 7.633669172565986372e-02
9.811949674726256898e-01 1.771417607785854553e-01 7.666320950626043240e-02
9.845080655578055673e-01 1.575737958866501309e-01 7.690502621310502107e-02
9.874445769163725517e-01 1.378940993211647814e-01 7.706127616953946380e-02
9.899977828228860854e-01 1.181319836914981880e-01 7.713131560840806589e-02
9.921628175187955367e-01 9.831722843904265596e-02 7.711472969475262340e-02
9.939367029308735502e-01 7.847993267322012079e-02 7.701133762338727151e-02
9.953183681523170012e-01 5.865036446714276541e-02 7.682119571596585095e-02
9.963086533467346850e-01 3.885880842331361495e-02 7.654459847323452637e-02
9.969102979759320027e-01 1.913541335214372086e-02 7.618207757035246053e-02
9.971279134955257639e-01 -4.899580984683502005e-04 7.573439881566840226e-02
9.969679409018598060e-01 -1.998787606558402249e-02 7.520255712534698600e-02
9.964385937434582230e-01 -3.932948462568379433e-02 7.458776959695252728e-02
9.955497874247141166e-01 -5.848663587126712304e-02 7.389146679377225913e-02
9.943130558235994121e-01 -7.743201543983276036e-02 7.311528237762114635e-02
9.927414564145327081e-01 -9.613925819144182594e-02 7.226104125054001737e-02
9.908494652286875537e-01 -1.145830529181046664e-01 7.133074638471378903e-02
9.886528630944240170e-01 -1.327392351711056406e-01 7.032656453476221481e-02
9.861686146786765583e-01 -1.505848675055805330e-01 6.925081103708982666e-02
9.834147418955361264e-01 -1.680983066596289932e-01 6.810593390715884154e-02
9.804101932614115444e-01 -1.852592574025601346e-01 6.689449744743249104e-02
9.771747107584529690e-01 -2.020488129984374104e-01 6.561916557651185922e-02
9.737286957215649519e-01 -2.184494824322924245e-01 6.428268508394816005e-02
9.700930751922181017e-01 -2.344452047332029054e-01 6.288786900573541117e-02
9.662891700877866974e-01 -2.500213508975602239e-01 6.143758030302606116e-02
9.623385664220687197e-01 -2.651647140647190870e-01 5.993471601166357188e-02
9.582629906849799983e-01 -2.798634887240312730e-01 5.838219201321863394e-02
9.540841903511976252e-01 -2.941072398359847462e-01 5.678292855988488486e-02
9.498238203427411541e-01 -3.078868628304859412e-01 5.513983666636110975e-02
9.455033361229031597e-01 -3.211945355025898619e-01 5.345580546221904983e-02
9.411438939520554436e-01 -3.340236628611235048e-01 5.173369057868836690e-02
9.367662586927842927e-01 -3.463688160000846783e-01 4.997630362469404619e-02
9.323907194152306621e-01 -3.582256660582278651e-01 4.818640278870887916e-02
9.280370129256642064e-01 -3.695909143109642470e-01 4.636668458582773183e-02
9.237242552239638416e-01 -3.804622194028763893e-01 4.451977675366053377e-02
9.194708807901141867e-01 -3.908381226811524778e-01 4.264823228634542079e-02
9.152945895069145577e-01 -4.007179725324612751e-01 4.075452458331206562e-02
9.112123009462961276e-01 -4.101018485605412711e-01 3.884104367843272537e-02
9.072401156800357080e-01 -4.189904863712665684e-01 3.691009350589229826e-02
9.033932832220301634e-01 -4.273852036582189151e-01 3.496389015145338897e-02
8.996861761681581582e-01 -4.352878282066739990e-01 3.300456103171797023e-02
8.961322700704192901e-01 -4.427006283590150248e-01 3.103414493939545687e-02
8.927441285636421586e-01 -4.496262464112979473e-01 2.905459288935854575e-02
8.895333932546281019e-01 -4.560676353401493244e-01 2.706776969826847276e-02
8.865107778841084807e-01 -4.620279991922879859e-01 2.507545622963702411e-02
8.836860662802678013e-01 -4.675107374064102483e-01 2.307935223621605803e-02
8.810681136377547240e-01 -4.725193932794446994e-01 2.108107973241982874e-02
8.786648506770246003e-01 -4.770576067365558948e-01 1.908218683094774215e-02
8.764832902645344204e-01 -4.811290715168817789e-01 1.708415197975013400e-02
8.745295361038091242e-01 -4.847374968448080468e-01 1.508838853784035157e-02
8.728087931398595956e-01 -4.878865736194681890e-01 1.309624963108818596e-02
8.713253793540717274e-01 -4.905799451228688990e-01 1.110903323192881029e-02
8.700827386628119386e-01 -4.928211822192515856e-01 9.127987409798041588e-03
8.690834546699771623e-01 -4.946137629946245617e-01 7.154315701981287835e-03
8.683292650610296981e-01 -4.959610567654071933e-01 5.189182557375797075e-03
8.678210764632235952e-01 -4.968663123683547678e-01 3.233718808362010585e-03
8.675589796333486037e-01 -4.973326506299073357e-01 1.289027128520206945e-03
8.675422648700537032e-01 -4.973630609013435233e-01 -6.438125637149435480e-04
8.677694375823622464e-01 -4.969604015361516747e-01 -2.563737793214418154e-03
8.682382339791128167e-01 -4.961274041773919286e-01 -4.469698343936269469e-03
8.691905069906384895e-01 -4.944221640670002915e-01 -7.388959561156182784e-03
8.705010640277647260e-01 -4.920590473220580185e-01 -1.028601646342605994e-02
8.721619692223567810e-01 -4.890402178038204539e-01 -1.315962209152610196e-02
8.741637327462475904e-01 -4.853673945648947496e-01 -1.600848760475265600e-02
8.764953358388752891e-01 -4.810419116274222140e-01 -1.883127027513232382e-02
8.791442556138229225e-01 -4.760647866215478308e-01 -2.162656231347787755e-02
8.820964903258221579e-01 -4.704367978638079317e-01 -2.439288061546961150e-02
8.853365858555073409e-01 -4.641585694217639779e-01 -2.712865751770435208e-02
8.888476642341338607e-01 -4.572306636669009050e-01 -2.983223265547080977e-02
8.926114550834405303e-01 -4.496536807620071241e-01 -3.250184601556643793e-02
8.966083308854834177e-01 -4.414283644618332558e-01 -3.513563227843373438e-02
9.008173470220948165e-01 -4.325557135270806097e-01 -3.773161654391560954e-02
9.052162875319792468e-01 -4.230370979624202277e-01 -4.028771153365776070e-02
9.097817175236506682e-01 -4.128743791904925242e-01 -4.280171636027001875e-02
9.144890431527353813e-01 -4.020700331673875971e-01 -4.527131694845795695e-02
9.193125800209822618e-01 -3.906272753331805903e-01 -4.769408818613354861e-02
9.242256307801981485e-01 -3.785501861764476450e-01 -5.006749787372524740e-02
9.292005726260940124e-01 -3.658438360775791987e-01 -5.238891252729903358e-02
9.342089552439385436e-01 -3.525144079858975599e-01 -5.465560507550031727e-02
9.392216096197252284e-01 -3.385693163842561360e-01 -5.686476447163930914e-02
9.442087679576921522e-01 -3.240173209064836080e-01 -5.901350722046896230e-02
9.491401947486409751e-01 -3.088686329025092103e-01 -6.109889079445348509e-02
9.539853288156119326e-01 -2.931350131981338425e-01 -6.311792888682359048e-02
9.587134359270242934e-01 -2.768298592759887988e-01 -6.506760841881932544e-02
9.632937713163015614e-01 -2.599682801157759404e-01 -6.694490818672241272e-02
9.676957511861548067e-01 -2.425671569794539684e-01 -6.874681900120220568e-02
9.718891320109163123e-01 -2.246451885139539861e-01 -7.047036513789409207e-02
9.758441961882484694e-01 -2.062229186726685370e-01 -7.211262688486361205e-02
9.795319423395502101e-01 -1.873227461285973117e-01 -7.367076394064316081e-02
9.829242783242622128e-01 -1.679689140665343028e-01 -7.514203938689009710e-02
9.859942148250966376e-01 -1.481874794974273324e-01 -7.652384393346418900e-02
9.887160571869620940e-01 -1.280062615318020569e-01 -7.781372011191177440e-02
9.910655930595974050e-01 -1.074547683760514877e-01 -7.900938607697437221e-02
9.930202733094896095e-01 -8.656410316897120150e-02 -8.010875866571134929e-02
9.945593836362388585e-01 -6.536684914821708214e-02 -8.110997536089593896e-02
9.956642043564052358e-01 -4.389693501814652399e-02 -8.201141481007577505e-02
9.963181559065734660e-01 -2.218948177156051735e-02 -8.281171556441958848e-02
9.965069277674551973e-01 -2.806325873542341032e-04 -8.350979272227729289e-02
9.962185887207848367e-01 2.179263222703893901e-02 -8.410485219105880150e-02
9.954436766168359707e-01 4.399269296605991253e-02 -8.459640231709755764e-02
9.941752661467758712e-01 6.628149837697125402e-02 -8.498426267583954197e-02
9.924090134730021440e-01 8.862078086145128153e-02 -8.526856986295797136e-02
9.901431769625983481e-01 1.109722761001089714e-01 -8.544978017958645977e-02
9.873786136832928273e-01 1.332979440794729575e-01 -8.552866916035772871e-02
9.841187517460787682e-01 1.555601884765943077e-01 -8.550632794978081652e-02
9.803695390018082323e-01 1.777220714011314984e-01 -8.538415658907891337e-02
9.761393690085178321e-01 1.997475206070960796e-01 -8.516385433034409647e-02
9.714389855704853582e-01 2.216015264624469072e-01 -8.484740714622239499e-02
9.662813674985820667e-01 2.432503261984136911e-01 -8.443707264993879913e-02
9.606815955453729128e-01 2.646615732439502322e-01 -8.393536268111570497e-02
9.546567037203903539e-01 2.858044897747307744e-01 -8.334502384657373197e-02
9.482255173858549213e-01 3.066500009602353694e-01 -8.266901633144208006e-02
9.414084806677555095e-01 3.271708497657646597e-01 -8.191049131404132266e-02
9.342274757907169658e-01 3.473416915476065792e-01 -8.107276732801446673e-02
9.267056369586340603e-01 3.671391680583049322e-01 -8.015930591722852938e-02
9.188671613596889332e-01 3.865419608450441635e-01 -7.917368692345570780e-02
9.107371197788142192e-01 4.055308243686258640e-01 -7.811958373439654990e-02
9.023412691589662860e-01 4.240885994857770402e-01 -7.700073880103200374e-02
8.937058692717946284e-01 4.422002082175158777e-01 -7.582093970952406836e-02
8.848575054461458311e-01 4.598526309665536549e-01 -7.458399606494905965e-02
8.758229190673338938e-01 4.770348675444028297e-01 -7.329371741310657107e-02
8.666288473092210731e-01 4.937378835227498874e-01 -7.195389239355964861e-02
8.573018733025606908e-01 5.099545435339474242e-01 -7.056826928294558654e-02
8.478682876838548044e-01 5.256795332136922072e-01 -6.914053805339384629e-02
8.383539622155370408e-01 5.409092715076775360e-01 -6.767431403744257612e-02
8.287842359260813030e-01 5.556418150567051795e-01 -6.617312325888365099e-02
8.191838139921648887e-01 5.698767563355164878e-01 -6.464038945908683054e-02
8.095766793778002013e-01 5.836151171539787352e-01 -6.307942282102264875e-02
7.999860170599221165e-01 5.968592390399626302e-01 -6.149341036875764083e-02
7.904341505078827934e-01 6.096126719160303020e-01 -5.988540799884677773e-02
7.809424899464075809e-01 6.218800623615242662e-01 -5.825833408189652618e-02
7.715314918178082237e-01 6.336670426221598929e-01 -5.661496455761762941e-02
7.622206287689792248e-01 6.449801213947563561e-01 -5.495792943484408694e-02
7.530283694207582368e-01 6.558265772788350878e-01 -5.328971059910980052e-02
7.439721671300396633e-01 6.662143556525483845e-01 -5.161264082423815125e-02
7.350684569267156299e-01 6.761519696003402968e-01 -4.992890388076563074e-02
7.263326597960364506e-01 6.856484053959718272e-01 -4.824053563261553740e-02
7.177791934801657225e-01 6.947130329286791417e-01 -4.654942601397642904e-02
7.094214889883860842e-01 7.033555213534347095e-01 -4.485732178053414287e-02
7.012720120314568373e-01 7.115857601493322804e-01 -4.316582993277369440e-02
6.933422886300059096e-01 7.194137856834245115e-01 -4.147642171373873421e-02
6.856429341876577599e-01 7.268497133010309863e-01 -3.979043708916071842e-02
6.781836853651290742e-01 7.339036748974678837e-01 -3.810908962401775291e-02
6.709734341402135982e-01 7.405857618699838163e-01 -3.643347167614861826e-02
6.640202634890681743e-01 7.469059733019312031e-01 -3.476455983435076252e-02
6.573314841753318261e-01 7.528741691932359092e-01 -3.310322053527615938e-02
6.509136721843797879e-01 7.585000285213605586e-01 -3.145021580027523855e-02
6.447727063896198096e-01 7.637930118944462610e-01 -2.980620904001907850e-02
6.389138060855373835e-01 7.687623285423976771e-01 -2.817177088116718658e-02
6.333415680676938164e-01 7.734169073815932993e-01 -2.654738497547612028e-02
6.280600029827114739e-01 7.777653718839036001e-01 -2.493345375751377171e-02
6.230725707111931522e-01 7.818160184800881929e-01 -2.333030412252133298e-02
6.183822145833780537e-01 7.855767982307396702e-01 -2.173819300092908260e-02
6.139913942610646380e-01 7.890553015041423812e-01 -2.015731281057354593e-02
6.099021171499436900e-01 7.922587454091454262e-01 -1.858779677178162837e-02
6.061159682340473420e-01 7.951939637419117579e-01 -1.702972407418892539e-02
6.026341382486409826e-01 7.978673992177411911e-01 -1.548312488745695777e-02
5.994574501297098568e-01 8.002850977726837511e-01 -1.394798521096474175e-02
5.965863836973939183e-01 8.024527047340102026e-01 -1.242425156009366490e-02
5.940210985474849714e-01 8.043754626734962443e-01 -1.091183548892334446e-02
5.917614551396261913e-01 8.060582107726532719e-01 -9.410617951033208375e-03
5.898070340833395653e-01 8.075053855442924089e-01 -7.920453501683653863e-03
5.881571536336679396e-01 8.087210227699624943e-01 -6.441174345955306968e-03
5.868108854172491284e-01 8.097087605277240030e-01 -4.972594238478105638e-03
5.857670684172380238e-01 8.104718431992877781e-01 -3.514512241205415902e-03
5.850243212518556613e-01 8.110131263596795925e-01 -2.066716346302929167e-03
5.845810527866419637e-01 8.113350824662193261e-01 -6.289869716467478677e-04
5.844354711249011292e-01 8.114398072766749737e-01 7.988996633225017938e-04
5.845855910245117970e-01 8.113290269389370479e-01 2.217168273546508191e-03
5.850292397923789744e-01 8.110041057064272252e-01 3.626041348299806517e-03
5.857640617104697967e-01 8.104660542446951998e-01 5.025736087521652518e-03
5.867875210497311977e-01 8.097155385052565713e-01 6.416461427199818962e-03
5.880969037303472868e-01 8.087528891526775121e-01 7.798415146878025749e-03
5.896893176888720056e-01 8.075781115402126398e-01 9.171781052859678818e-03
5.915616920148576430e-01 8.061908962379494836e-01 1.053672623127417662e-02
5.937107749217885866e-01 8.045906301253977766e-01 1.189339836585206166e-02
5.961331306194886936e-01 8.027764080677758374e-01 1.324192311601654973e-02
5.988251351577822401e-01 8.007470452018827789e-01 1.458240155173684723e-02
6.017829713140964154e-01 7.985010898633794207e-01 1.591490764249931314e-02
6.050026226009579400e-01 7.960368371925187203e-01 1.723948579873220074e-02
6.087413158026320215e-01 7.931344806054545504e-01 1.928018530091209562e-02
6.128765149999035877e-01 7.898912166271682134e-01 2.131344020251544139e-02
6.174016491236885562e-01 7.863017772021898555e-01 2.333963030927480378e-02
6.223096658415531168e-01 7.823602863382825845e-01 2.535905582779080653e-02
6.275930020056944558e-01 7.780602938209839614e-01 2.737193087176472209e-02
6.332435518202499392e-01 7.733948116356448299e-01 2.937837699118853868e-02
6.392526330314887151e-01 7.683563533811892388e-01 3.137841673574008616e-02
6.456109514754859724e-01 7.629369769684961611e-01 3.337196726987005230e-02
6.523085643526238542e-01 7.571283309002354578e-01 3.535883406369873944e-02
6.593348426365681636e-01 7.509217044275778852e-01 3.733870469084043381e-02
6.666784330669973668e-01 7.443080818717703329e-01 3.931114277160701470e-02
6.743272202199325216e-01 7.372782013844242366e-01 4.127558210765894936e-02
6.822682891965099472e-01 7.298226183987548410e-01 4.323132106200249652e-02
6.904878895197736899e-01 7.219317739941868428e-01 4.517751724618754294e-02
6.989714008786717114e-01 7.135960683579573027e-01 4.711318258452914381e-02
7.077033014078714102e-01 7.048059394789066845e-01 4.903717883302127073e-02
7.166671392400063567e-01 6.955519471499181927e-01 5.094821363817057108e-02
7.258455081120646080e-01 6.858248622859481891e-01 5.284483722806152667e-02
7.352200278481645368e-01 6.756157614839249925e-01 5.472543983435553677e-02
7.447713305750660595e-01 6.649161266588599073e-01 5.658824994938206621e-02
7.544790535523895336e-01 6.537179494874281183e-01 5.843133352673377662e-02
7.643218395144669719e-01 6.420138402764966612e-01 6.025259423654273638e-02
7.742773454227187546e-01 6.297971407504230346e-01 6.204977488759055165e-02
7.843222605140840464e-01 6.170620401186667214e-01 6.382046012728340156e-02
7.944323344999844050e-01 6.038036936460742243e-01 6.556208052699766253e-02
8.045824167193368348e-01 5.900183428043405121e-01 6.727191815408073428e-02
8.147465069762110934e-01 5.757034359373776056e-01 6.894711372260917126e-02
8.248978186961298809e-01 5.608577482289278660e-01 7.058467540263797801e-02
8.350088549134481175e-01 5.454814996215544554e-01 7.218148935195503602e-02
8.450514974549995229e-01 5.295764692064077739e-01 7.373433201519065394e-02
8.549971095122321785e-01 5.131461044875804678e-01 7.523988421252471304e-02
8.648166515961568379e-01 4.961956238283987131e-01 7.669474701429043750e-02
8.744808106483048515e-01 4.787321103147668677e-01 7.809545936872469563e-02
8.839601418392590837e-01 4.607645952277865664e-01 7.943851741832362590e-02
8.932252223279570913e-01 4.423041293091793946e-01 8.072039540623443532e-02
9.022468159847313318e-01 4.233638400329680085e-01 8.193756803849679138e-02
9.109960478048528820e-01 4.039589731691394237e-01 8.308653413152701506e-02
9.194445864640401478e-01 3.841069170423987433e-01 8.416384133792741140e-02
9.275648332006535268e-01 3.638272080532144459e-01 8.516611170852159129e-02
9.353301149593857833e-01 3.431415162393400831e-01 8.609006781556384491e-02
9.427148795067817888e-01 3.220736099124740237e-01 8.693255913248854050e-02
9.496948900384943881e-01 3.006492987035709330e-01 8.769058834050016960e-02
9.562474166500826156e-01 2.788963546866654597e-01 8.836133721285450993e-02
9.623514219449409435e-01 2.568444116182690973e-01 8.894219171484958608e-02
9.679877380110556429e-01 2.345248427191910512e-01 8.943076595218865665e-02
9.731392320176847077e-01 2.119706178282988185e-01 8.982492460315388838e-02
9.777909577669097185e-01 1.892161411624372069e-01 9.012280348135970343e-02
9.819302906843887513e-01 1.662970713118531729e-01 9.032282789588132188e-02
9.855470439473780209e-01 1.432501254741043173e-01 9.042372850412128127e-02
9.886335637226643103e-01 1.201128702698035372e-01 9.042455438941758572e-02
9.911848018166404817e-01 9.692350177959140056e-02 9.032468313933883497e-02
9.931983644163723257e-01 7.372061768353331546e-02 9.012382775079418040e-02
9.946745360142746906e-01 5.054298456344967494e-02 8.982204024319871694e-02
9.956162780485289243e-01 2.742930353928468151e-02 8.941971191946347652e-02
9.960292022441520343e-01 4.417977448619464509e-03 8.891757027486850429e-02
9.959215190926431482e-01 -1.845311725751084750e-02 8.831667261419690051e-02
9.953039623483294074e-01 -4.114685083798200887e-02 8.761839649612597480e-02
9.941896908344143302e-01 -6.362704991717323122e-02 8.682442717912974839e-02
9.925941692298384522e-01 -8.585869382617530854e-02 8.593674229352364635e-02
9.905350298394581809e-01 -1.078080952779432444e-01 8.495759400845984133e-02
9.880319176266777470e-01 -1.294430633644242934e-01 8.388948899958922900e-02
9.851063210036281603e-01 -1.507330472371176955e-01 8.273516655196128111e-02
9.817813910256726340e-01 -1.716492592279406926e-01 8.149757515305680600e-02
9.780817517231809033e-01 -1.921647765727638457e-01 8.017984794247401403e-02
9.740333043251544476e-01 -2.122546213039227248e-01 7.878527738784885104e-02
9.696630280894930065e-01 -2.318958182695390613e-01 7.731728955149476390e-02
9.649987803583874868e-01 -2.510674316068519651e-01 7.577941829964693343e-02
9.600690983109017029e-01 -2.697505803356464171e-01 7.417527978694006541e-02
9.549030046957966977e-01 -2.879284340395870667e-01 7.250854752383550927e-02
9.495298196043254757e-01 -3.055861898628761120e-01 7.078292830523837120e-02
9.439789800936974062e-01 -3.227110322639886175e-01 6.900213924565155865e-02
9.382798692058050838e-01 -3.392920771358408638e-01 6.716988613104359074e-02
9.324616556509179865e-01 -3.553203020227579945e-01 6.528984326126076321e-02
9.265531451500812476e-01 -3.707884642405729902e-01 6.336563492031223321e-02
9.205826441598321530e-01 -3.856910087398572329e-01 6.140081857611464494e-02
9.145778364445097397e-01 -4.000239675473474255e-01 5.939886987708887373e-02
9.085656727198122562e-01 -4.137848525814953327e-01 5.736316948100596280e-02
9.025722733701885270e-01 -4.269725435695901905e-01 5.529699172218895814e-02
8.966228440449187653e-01 -4.395871727011782526e-01 5.320349509695776469e-02
8.907416037651126883e-01 -4.516300075406541881e-01 5.108571452428625065e-02
8.849517250271804469e-01 -4.631033335959028885e-01 4.894655531913269519e-02
8.792752852676423148e-01 -4.740103378044110971e-01 4.678878879980502559e-02
8.737332289587750322e-01 -4.843549940576433732e-01 4.461504943793762057e-02
8.683453395333219360e-01 -4.941419517425020835e-01 4.242783345001734097e-02
8.631302202876461882e-01 -5.033764281386668982e-01 4.022949872267476273e-02
8.581052833843144656e-01 -5.120641053753002270e-01 3.802226595988137531e-02
8.532867460649684599e-01 -5.202110325222326637e-01 3.580822093846696558e-02
8.486896331901921942e-01 -5.278235332710247141e-01 3.358931775868017472e-02
8.443277852426157581e-01 -5.349081195514607812e-01 3.136738297854441138e-02
8.402138709604528577e-01 -5.414714113298763065e-01 2.914412052420091090e-02
8.363594038089204874e-01 -5.475200627476471960e-01 2.692111727298615240e-02
8.327747615445360019e-01 -5.530606946812731683e-01 2.469984921138585962e-02
8.294692081803289874e-01 -5.580998337395600695e-01 2.248168807599040114e-02
8.264509177169270249e-01 -5.626438576580294892e-01 2.026790839192020577e-02
8.237269990638685924e-01 -5.666989470052544720e-01 1.805969482969568135e-02
8.213035216361638247e-01 -5.702710430796111840e-01 1.585814980802249807e-02
8.191855411720617708e-01 -5.733658118471128828e-01 1.366430127630467728e-02
8.173771253783689295e-01 -5.759886137506774473e-01 1.147911061676549875e-02
8.158813790688563827e-01 -5.781444792074488248e-01 9.303480611753837948e-03
8.147004685187968498e-01 -5.798380896027248710e-01 7.138263427067515626e-03
8.141193596609554994e-01 -5.806836531232612009e-01 4.022652590461497230e-03
8.139932012211643642e-01 -5.808736782521392028e-01 9.257138236015401492e-04
8.143198612140118975e-01 -5.804123976228549031e-01 -2.152008707708802544e-03
8.150955917241641258e-01 -5.793030739772272453e-01 -5.209972753402906248e-03
8.163150562221582751e-01 -5.775480282068161664e-01 -8.247620687470780601e-03
8.179713515491858766e-01 -5.751486777278380647e-01 -1.126436273659882706e-02
8.200560249956031500e-01 -5.721055849066808419e-01 -1.425956078411838926e-02
8.225590870155607970e-01 -5.684185152977998534e-01 -1.723251280648839881e-02
8.254690202324074244e-01 -5.640865054907260312e-01 -2.018243800355321721e-02
8.287727854967373853e-01 -5.591079403861153319e-01 -2.310846268937362044e-02
8.324558258611710615e-01 -5.534806397303850822e-01 -2.600960701726228591e-02
8.365020694328866302e-01 -5.472019537328616234e-01 -2.888477262047240562e-02
8.408939321559084634e-01 -5.402688675670500595e-01 -3.173273125846648446e-02
8.456123216591386882e-01 -5.326781145174183107e-01 -3.455211456747679655e-02
8.506366433816399120e-01 -5.244262974740208083e-01 -3.734140502277105700e-02
8.559448102518570911e-01 -5.155100183987653129e-01 -4.009892822823427072e-02
8.615132572500482366e-01 -5.059260152889444306e-01 -4.282284665611584690e-02
8.673169622205487705e-01 -4.956713060460768983e-01 -4.551115496558612306e-02
8.733294743196852172e-01 -4.847433385219537816e-01 -4.816167703259142951e-02
8.795229514830243955e-01 -4.731401458605127286e-01 -5.077206482486982392e-02
8.858682082688908999e-01 -4.608605060859438107e-01 -5.333979925436653502e-02
8.923347753804138360e-01 -4.479041047072049309e-01 -5.586219313415660692e-02
8.988909720826190330e-01 -4.342716989206765188e-01 -5.833639635786221078e-02
9.055039926114374360e-01 -4.199652818006558985e-01 -6.075940340601618250e-02
9.121400075156509413e-01 -4.049882446772737343e-01 -6.312806326552271308e-02
9.187642806791681549e-01 -3.893455357195120814e-01 -6.543909182505744382e-02
9.253413025390021529e-01 -3.730438125743412714e-01 -6.768908678082208308e-02
9.318349397444586346e-01 -3.560915867691543113e-01 -6.987454505357428014e-02
9.382086011972654571e-01 -3.384993574716300690e-01 -7.199188267952931486e-02
9.444254200741476479e-01 -3.202797321269570952e-01 -7.403745709502292105e-02
9.504484510678041786e-01 -3.014475314648554782e-01 -7.600759168840399982e-02
9.562408816962330027e-01 -2.820198763953267185e-01 -7.789860244339508188e-02
9.617662561324283876e-01 -2.620162543988451831e-01 -7.970682644724613741e-02
9.669887096068054966e-01 -2.414585631687062028e-01 -8.142865198575845176e-02
9.718732110448067285e-01 -2.203711294835853929e-01 -8.306054989719770243e-02
9.763858112346258666e-01 -1.987807015779864683e-01 -8.459910580991893136e-02
9.804938934880712553e-01 -1.767164136356069171e-01 -8.604105284594799896e-02
9.841664234746519968e-01 -1.542097214514404624e-01 -8.738330433657826024e-02
9.873741946879051046e-01 -1.312943087855199531e-01 -8.862298606796052691e-02
9.900900658555998879e-01 -1.080059644546075281e-01 -8.975746755625828299e-02
9.922891865418119739e-01 -8.438243076522217168e-02 -9.078439184454620281e-02
9.939492072166525860e-01 -6.046322446719690907e-02 -9.170170331827182109e-02
9.950504701934378415e-01 -3.628943198468401882e-02 -9.250767305341600633e-02
9.955761780546972251e-01 -1.190348124318815759e-02 -9.320092124166813596e-02
9.955125365054064979e-01 1.265110706163096246e-02 -9.378043627968395135e-02
9.948488689981604960e-01 3.732998543303675532e-02 -9.424559016402421496e-02
9.935777009609665367e-01 6.208825905458857652e-02 -9.459614989839799926e-02
9.916948120108353137e-01 8.688077473710921483e-02 -9.483228469362256496e-02
9.891992551393409272e-01 1.116624150594868609e-01 -9.495456882114290675e-02
9.860933424915481194e-01 1.363883933110325020e-01 -9.496398006561020122e-02
9.823825980074369912e-01 1.610145448317289729e-01 -9.486189380828935480e-02
9.780756778349019021e-01 1.854976104449066743e-01 -9.465007285826569638e-02
9.731842600356384043e-01 2.097955078809469742e-01 -9.433065322991339430e-02
9.677229056711020849e-01 2.338675873928628690e-01 -9.390612614040202977e-02
9.617088938586492164e-01 2.576748681537924801e-01 -9.337931656796129298e-02
9.551620338141652011e-01 2.811802524883508236e-01 -9.275335876837061122e-02
9.481044572364729639e-01 3.043487155079629414e-01 -9.203166919230611198e-02
9.405603946337555143e-01 3.271474682768664155e-01 -9.121791727885759926e-02
9.325559393400670860e-01 3.495460932119739406e-01 -9.031599462032018077e-02
9.241188030213789428e-01 3.715166509980459275e-01 -8.932998300035581429e-02
9.152780664295960822e-01 3.930337588624896461e-01 -8.826412180235213012e-02
9.060639290366977461e-01 4.140746405861307489e-01 -8.712277526822392870e-02
8.965074609792016425e-01 4.346191491142754049e-01 -8.591040006128083939e-02
8.866403604770215496e-01 4.546497630656675115e-01 -8.463151355164807987e-02
8.764947195732056828e-01 4.741515588077292453e-01 -8.329066320076310148e-02
8.661028006853334071e-01 4.931121600697844221e-01 -8.189239737444679867e-02
8.554968260788236023e-01 5.115216672996032443e-01 -8.044123786372957274e-02
8.447087819798525521e-01 5.293725691329224103e-01 -7.894165434069426446e-02
8.337702386527802156e-01 5.466596384431865463e-01 -7.739804092464336316e-02
8.227121873844134292e-01 5.633798154740936592e-01 -7.581469498329579393e-02
8.115648949539976398e-01 5.795320805365588024e-01 -7.419579824564852266e-02
8.003577758307310885e-01 5.951173186814208149e-01 -7.254540025855742147e-02
7.891192820353104542e-01 6.101381786472596103e-01 -7.086740417872426645e-02
7.778768103323178140e-01 6.245989282369716067e-01 -6.916555485612410625e-02
7.666566261883301925e-01 6.385053081051481616e-01 -6.744342913425892261e-02
7.554838037372363369e-01 6.518643857483410464e-01 -6.570442826708039474e-02
7.443821808388959571e-01 6.646844112889950251e-01 -6.395177233192299304e-02
7.333743281984651530e-01 6.769746764374678927e-01 -6.218849650212879276e-02
7.224815314291228585e-01 6.887453778106561453e-01 -6.041744903192007576e-02
7.117237848876402095e-01 7.000074855849339750e-01 -5.864129079909832787e-02
7.011197960869187673e-01 7.107726182691851413e-01 -5.686249624787776541e-02
6.906869994887271380e-01 7.210529242035996766e-01 -5.508335557412786382e-02
6.804415784997646099e-01 7.308609702237742756e-01 -5.330597799802183623e-02
6.703984945312987387e-01 7.402096377789364468e-01 -5.153229597409272195e-02
6.605715220335325322e-01 7.491120266586080989e-01 -4.976407019553243799e-02
6.509732884773683503e-01 7.575813663640007523e-01 -4.800289525780835481e-02
6.416153183254269532e-01 7.656309350586942841e-01 -4.625020585593073164e-02
6.325080801084558280e-01 7.732739859471500221e-01 -4.450728339963812286e-02
6.236610358003510379e-01 7.805236808585080954e-01 -4.277526294107635713e-02
6.150826917629748092e-01 7.873930307558876240e-01 -4.105514031997267027e-02
6.067806506091716345e-01 7.938948428468779461e-01 -3.934777944163628943e-02
5.987616634075445532e-01 8.000416739378281017e-01 -3.765391961317643421e-02
5.910316817246237253e-01 8.058457896516380004e-01 -3.597418287298124323e-02
5.835959090682629746e-01 8.113191291147551221e-01 -3.430908125764406402e-02
5.764588513598740693e-01 8.164732747127632084e-01 -3.265902395908253791e-02
5.696243661220985466e-01 8.213194265141490202e-01 -3.102432433252366728e-02
5.630957101225204653e-01 8.258683809674612908e-01 -2.940520672329798718e-02
5.568755852629789782e-01 8.301305134871492797e-01 -2.780181308699004178e-02
5.509661825480034469e-01 8.341157645569761137e-01 -2.621420938343739168e-02
5.453692240049957674e-01 8.378336289962606820e-01 -2.464239173037415312e-02
5.400860024632385681e-01 8.412931480525918104e-01 -2.308629230720493641e-02
5.351174191288640136e-01 8.445029040044893520e-01 -2.154578500350419826e-02
5.304640189188669641e-01 8.474710169782225799e-01 -2.002069081040252704e-02
5.261260235394014106e-01 8.502051437042097426e-01 -1.851078295608559604e-02
5.221033623122749434e-01 8.527124779597452520e-01 -1.701579178923533914e-02
5.183957007690832564e-01 8.549997524659402881e-01 -1.553540941642825822e-02
5.150024670451159858e-01 8.570732420274806973e-01 -1.406929410131353350e-02
5.119228761153319374e-01 8.589387677239244123e-01 -1.261707443486360589e-02
5.091559519226316333e-01 8.606017019806403434e-01 -1.117835328715944057e-02
5.067005474546345534e-01 8.620669743660389628e-01 -9.752711552077060128e-03
5.045553628294510151e-01 8.633390779793935765e-01 -8.339711696913556030e-03
5.027189614537692641e-01 8.644220763102721250e-01 -6.938901129459488192e-03
5.011897843181747358e-01 8.653196104663776200e-01 -5.549815395317179642e-03
4.999661624951894923e-01 8.660349066814345687e-01 -4.171981218405126403e-03
4.990463279052438916e-01 8.665707840286916985e-01 -2.804919397598918968e-03
4.984284224148433085e-01 8.669296622786559769e-01 -1.448147572357443664e-03
4.981105053297164020e-01 8.671135698518867008e-01 -1.011828699859613177e-04
4.980905593438691437e-01 8.671241518290968564e-01 1.236455553091172273e-03
4.983664950033409036e-01 8.669626779914896275e-01 2.565244064024243750e-03
4.989361537411775571e-01 8.666300508742506015e-01 3.885652188583727483e-03
4.997973095378014374e-01 8.661268138254769600e-01 5.198140317404932598e-03
5.009476692586588564e-01 8.654531590716003642e-01 6.503157472787666517e-03
5.023848717188460489e-01 8.646089357986038726e-01 7.801139125957753245e-03
5.041064855224278718e-01 8.635936582660889149e-01 9.092505055287431609e-03
5.061100057224344750e-01 8.624065139785546119e-01 1.037765723659946765e-02
5.083928493461217224e-01 8.610463719451483255e-01 1.165697775734463558e-02
5.109523498290556853e-01 8.595117910656607796e-01 1.293082674714449154e-02
5.137857504009967213e-01 8.578010286866926126e-01 1.419954031793244781e-02
5.168901964664529558e-01 8.559120493777309102e-01 1.546342850770801060e-02
5.202627270232017542e-01 8.538425339823528804e-01 1.672277322274442687e-02
5.239002651630781937e-01 8.515898890049122816e-01 1.797782617396187846e-02
5.277996077009409204e-01 8.491512563978654837e-01 1.922880680410038109e-02
5.319574139799916335e-01 8.465235238193279388e-01 2.047590020330215810e-02
5.363701939045649736e-01 8.437033354345012670e-01 2.171925501174621839e-02
5.410342952551613349e-01 8.406871033382323777e-01 2.295898130907173332e-02
5.459458903448782818e-01 8.374710196791163019e-01 2.419514849148459920e-02
5.511009620815315868e-01 8.340510695681732090e-01 2.542778313866631348e-02
5.564952895056478610e-01 8.304230448571534584e-01 2.665686687389768467e-02
5.621244328811643154e-01 8.265825588728714646e-01 2.788233422217315308e-02
5.679837184230732694e-01 8.225250621945551233e-01 2.910407047251466206e-02
5.743078355951306557e-01 8.180519757325253050e-01 3.100813160901544005e-02
5.809923333984573501e-01 8.132433491818776838e-01 3.291189444467208097e-02
5.880297547710714445e-01 8.080896720817201118e-01 3.481549412024023682e-02
5.954120752344899126e-01 8.025809667346418541e-01 3.671895630369942376e-02
6.031306563249548836e-01 7.967068262735396145e-01 3.862219079891355406e-02
6.111761978399292694e-01 7.904564567570724343e-01 4.052498511006590726e-02
6.195386892792811295e-01 7.838187236747454767e-01 4.242699799925174486e-02
6.282073609122229563e-01 7.767822032359449347e-01 4.432775308269158027e-02
6.371706349568097005e-01 7.693352388036918121e-01 4.622663251954882424e-02
6.464160774181145763e-01 7.614660028124409230e-01 4.812287085623540017e-02
6.559303511933974873e-01 7.531625644788924046e-01 5.001554909828082041e-02
6.656991711167402626e-01 7.444129635744599627e-01 5.190358909120951908e-02
6.757072616806089060e-01 7.352052904767245600e-01 5.378574830127180045e-02
6.859383182362164266e-01 7.255277726539433036e-01 5.566061509612609676e-02
6.963749725367448518e-01 7.153688676606296815e-01 5.752660463445945921e-02
7.069987635455035058e-01 7.047173626326940221e-01 5.938195548180776745e-02
7.177901144827585345e-01 6.935624801671830264e-01 6.122472707720980761e-02
7.287283171277921801e-01 6.818939903541300085e-01 6.305279818147774273e-02
7.397915244240592658e-01 6.697023285966391404e-01 6.486386644243798127e-02
7.509567524522116067e-01 6.569787187107423154e-01 6.665544921511261378e-02
7.621998928352523572e-01 6.437153006399602972e-01 6.842488577507717384e-02
7.734957366191078654e-01 6.299052619526416263e-01 7.016934106074396160e-02
7.848180106274543766e-01 6.155429721154509481e-01 7.188581107468632048e-02
7.961394272188904164e-01 6.006241183569340780e-01 7.357113006496680818e-02
8.074317482749890917e-01 5.851458417547131807e-01 7.522197959443165105e-02
8.186658641173614193e-01 5.691068720030817429e-01 7.683489958881822846e-02
8.298118878892268846e-01 5.525076591497604106e-01 7.840630143311014266e-02
8.408392657415403315e-01 5.353505004371286180e-01 7.993248315979324670e-02
8.517169029358935273e-01 5.176396602506154743e-01 8.140964674257478162e-02
8.624133057177630901e-01 4.993814810716763475e-01 8.283391747493691615e-02
8.728967385270720580e-01 4.805844832615597251e-01 8.420136537498880414e-02
8.831353958027164941e-01 4.612594514713732052e-01 8.550802851702203611e-02
8.930975873093484063e-01 4.414195054898294446e-01 8.674993814671909387e-02
9.027519355754016761e-01 4.210801534077505681e-01 8.792314539205532686e-02
9.120675836895112409e-01 4.002593251020779563e-01 8.902374933669215951e-02
9.210144113676992372e-01 3.789773842244677504e-01 9.004792617835515045e-02
9.295632568864697909e-01 3.572571171214809493e-01 9.099195915271927892e-02
9.376861421883384562e-01 3.351236974137989932e-01 9.185226886515444888e-02
