1.000000000000000000e+00 0.000000000000000000e+00 0.000000000000000000e+00
9.999999950653193359e-01 3.893319753779747480e-05 -9.139796610484485228e-05
9.999999539019295280e-01 1.309944593299601891e-04 -2.739282775320110415e-04
9.999998080913330423e-01 2.903340174682238098e-04 -5.472876609451554110e-04
9.999994439085168052e-01 5.310516020218848665e-04 -9.111353331185293803e-04
9.999986922504975340e-01 8.671905651785121686e-04 -1.365093127917847054e-03
9.999973167101359195e-01 1.312731976390698252e-03 -1.908745599658150495e-03
9.999949998343607982e-01 1.881588662139741701e-03 -2.541640093983345370e-03
9.999913276104291926e-01 2.587599157317202990e-03 -3.263286776587889272e-03
9.999857722283798100e-01 3.444521527922162450e-03 -4.073158609379035414e-03
9.999776731724593359e-01 4.466027016842273253e-03 -4.970691263068058828e-03
9.999662166990606060e-01 5.665693456003468784e-03 -5.955282954690580173e-03
9.999504137636627821e-01 7.056998379216286935e-03 -7.026294198198564968e-03
9.999290764644758189e-01 8.653311760703016539e-03 -8.183047456048505100e-03
9.999007930760344109e-01 1.046788829465329466e-02 -9.424826679639947483e-03
9.998639017519372896e-01 1.251385912132816497e-02 -1.075087672654377949e-02
9.998164629823826921e-01 1.480422289532399259e-02 -1.216040264270796395e-02
9.997562308991890800e-01 1.735183608173700154e-02 -1.365256879824672254e-02
9.996806235287212239e-01 2.016940235626535349e-02 -1.522649786601410274e-02
9.995866921016550721e-01 2.326946097588793519e-02 -1.688126963294047864e-02
9.994710895379178561e-01 2.666437397781847712e-02 -1.861591963507638892e-02
9.993300382355243539e-01 3.036631205611368262e-02 -2.042943760844698892e-02
9.991592973034991720e-01 3.438723895779217943e-02 -2.232076574917647022e-02
9.989541293917074682e-01 3.873889423378881064e-02 -2.428879677789807373e-02
9.987092672842960983e-01 4.343277417473359603e-02 -2.633237180522386353e-02
9.984188804386344707e-01 4.848011075762957700e-02 -2.845027799700957857e-02
9.980765416681841584e-01 5.389184842724911023e-02 -3.064124604031259400e-02
9.976751941856449868e-01 5.967861853572994923e-02 -3.290394741330184003e-02
9.972071192420109975e-01 6.585071126570368749e-02 -3.523699146493159545e-02
9.966639046177930839e-01 7.241804486661766738e-02 -3.763892231292785551e-02
9.960364142445454760e-01 7.939013204101869059e-02 -4.010821557154374550e-02
9.953147592578535097e-01 8.677604332776536755e-02 -4.264327492360370231e-02
9.944882708069315846e-01 9.458436734274561219e-02 -4.524242855455343909e-02
9.935454749707232081e-01 1.028231677550200535e-01 -4.790392546953889386e-02
9.924740701555966327e-01 1.114999368977107330e-01 -5.062593171792072883e-02
9.912609073750554556e-01 1.206215459387181693e-01 -5.340652655305405672e-02
9.898919738368965326e-01 1.301941915667703120e-01 -5.624369855858229322e-02
9.883523802874705222e-01 1.402233391836474052e-01 -5.913534177585821894e-02
9.866263525855525351e-01 1.507136626339113661e-01 -6.207925187035679554e-02
9.846972279991713650e-01 1.616689805492660115e-01 -6.507312237801839150e-02
9.825474567368488454e-01 1.730921894358906643e-01 -6.811454107528586155e-02
9.801586092392732263e-01 1.849851936897422278e-01 -7.120098651909663456e-02
9.775113897676052099e-01 1.973488327868333225e-01 -7.432982480517812129e-02
9.745856568294761768e-01 2.101828059626697498e-01 -7.749830659458341320e-02
9.713604509823129396e-01 2.234855947670423837e-01 -8.070356445940364554e-02
9.678140305449178804e-01 2.372543839567387847e-01 -8.394261059891262866e-02
9.639239157312426975e-01 2.514849812688242925e-01 -8.721233497694771963e-02
9.596669416940216690e-01 2.661717367001226742e-01 -9.050950393002399341e-02
9.550193209294313146e-01 2.813074620033896855e-01 -9.383075929343845378e-02
9.499567154463387508e-01 2.968833511962166161e-01 -9.717261808938182366e-02
9.444543190442269420e-01 3.128889029635227859e-01 -1.005314728167868016e-01
9.384869499719217245e-01 3.293118459170010781e-01 -1.039035923772732156e-01
9.320515312365917904e-01 3.461039275808808213e-01 -1.072008317311342607e-01
9.251297545405798850e-01 3.632384082867858854e-01 -1.104210131913433562e-01
9.177040666270163127e-01 3.806874178949579690e-01 -1.135620550692752750e-01
9.097577851667503213e-01 3.984220002036439889e-01 -1.166219822047791788e-01
9.012752115149587073e-01 4.164121665704188513e-01 -1.195989362076940454e-01
8.922417393805791574e-01 4.346269586476916857e-01 -1.224911852823779151e-01
8.826439584569242269e-01 4.530345200149301643e-01 -1.252971335076975834e-01
8.724697520821704799e-01 4.716021763698463043e-01 -1.280153294478815484e-01
8.617083880341961377e-01 4.902965238222075084e-01 -1.306444739747111283e-01
8.503506016153936642e-01 5.090835247194230861e-01 -1.331834271886986609e-01
8.383886702491756271e-01 5.279286103249715145e-01 -1.356312143361158573e-01
8.258164788900798081e-01 5.467967895713723436e-01 -1.379870306298716098e-01
8.126295756424495309e-01 5.656527630209302604e-01 -1.402502448951345182e-01
7.988252170870527857e-01 5.844610410918414933e-01 -1.424204019750375250e-01
7.844024029288120259e-01 6.031860655461491749e-01 -1.444972238475360216e-01
7.693618996998899950e-01 6.217923331908274953e-01 -1.464806094212278420e-01
7.537062533783417395e-01 6.402445207149642936e-01 -1.483706329953634884e-01
7.374397909108846294e-01 6.585076095751893899e-01 -1.501675413870417197e-01
7.205686107564650555e-01 6.765470098483339356e-01 -1.518717497463505928e-01
7.031005626926378760e-01 6.943286819945345689e-01 -1.534838360976310545e-01
6.850452172468144418e-01 7.118192555149396306e-01 -1.550045346617712205e-01
6.664138252268353435e-01 7.289861435447365645e-01 -1.564347280301674747e-01
6.472192679279520355e-01 7.457976524929578188e-01 -1.577754382754250895e-01
6.274759986843195803e-01 7.622230859236707179e-01 -1.590278170967618365e-01
6.071999765109740155e-01 7.782328419666896258e-01 -1.601931351092142908e-01
5.864085926458471043e-01 7.937985036476502554e-01 -1.612727703949624891e-01
5.651205908498698749e-01 8.088929216348197393e-01 -1.622681964422725276e-01
5.433559823562519320e-01 8.234902890109858653e-01 -1.631809696026427781e-01
5.211359563776017945e-01 8.375662077907986003e-01 -1.640127161997179395e-01
4.984827870820350837e-01 8.510977470147369495e-01 -1.647651194244388606e-01
4.754197379375239008e-01 8.640634923582866112e-01 -1.654399061498057211e-01
4.519709642984791054e-01 8.764435872969905672e-01 -1.660388337956668625e-01
4.281614150712030886e-01 8.882197659630468589e-01 -1.665636773692576456e-01
4.040167342468834466e-01 8.993753779156282713e-01 -1.670162168009823589e-01
3.795631630338501261e-01 9.098954051239254159e-01 -1.673982246873583490e-01
3.548274432566240755e-01 9.197664715282092285e-01 -1.677114545443383897e-01
3.298367226196251556e-01 9.289768455994052987e-01 -1.679576296646130562e-01
3.046184623600562968e-01 9.375164363615219321e-01 -1.681384326621921943e-01
2.792003477391692967e-01 9.453767833737701798e-01 -1.682554957767855019e-01
2.536102017454832103e-01 9.525510411906440433e-01 -1.683103919994530795e-01
2.278759023090850822e-01 9.590339588290727191e-01 -1.683046270698655422e-01
2.020253032542609906e-01 9.648218547727118732e-01 -1.682396323844732866e-01
1.760861591495794798e-01 9.699125880353501872e-01 -1.681167588440866112e-01
1.500860541511905011e-01 9.743055257892512255e-01 -1.679372716589446757e-01
1.240523348773344969e-01 9.780015080410877637e-01 -1.677023461194090403e-01
9.801204730050447345e-02 9.810028098090812776e-01 -1.674130643310451638e-01
7.199187759881464643e-02 9.833131012211814292e-01 -1.670704129041188923e-01
4.601809687015843975e-02 9.849374059167504969e-01 -1.666752815794808051e-01
2.011650958178227630e-02 9.858820580943780110e-01 -1.662284627654695979e-01
-5.687594396104642819e-03 9.861546585072040738e-01 -1.657306519538493117e-01
-3.136948434131998920e-02 9.857640296654820444e-01 -1.651824489769052329e-01
-5.690502999475939572e-02 9.847201704649769516e-01 -1.645843600626483716e-01
-8.227073982379227990e-02 9.830342104200044950e-01 -1.639368006405993727e-01
-1.074437964176106486e-01 9.807183636421893391e-01 -1.632400988468141745e-01
-1.324020891925422605e-01 9.777858826709854290e-01 -1.624944996736438774e-01
-1.571242445754464367e-01 9.742510122301627495e-01 -1.617001697071593358e-01
-1.815896538197807886e-01 9.701289429562326427e-01 -1.608572023931797990e-01
-2.057784985924344945e-01 9.654357651204534818e-01 -1.599656237713929785e-01
-2.296717744506542314e-01 9.601884223458301282e-01 -1.590253986161073718e-01
-2.532513123080123996e-01 9.544046653044866435e-01 -1.580364369217044096e-01
-2.764997979670412720e-01 9.481030053689681880e-01 -1.569986006708318504e-01
-2.994007897745052382e-01 9.413026681833249754e-01 -1.559117108237720317e-01
-3.219387344338961454e-01 9.340235471161046910e-01 -1.547755544682072049e-01
-3.440989809891536466e-01 9.262861565573969891e-01 -1.535898920697674475e-01
-3.658677929743292534e-01 9.181115850255507915e-01 -1.523544647652647910e-01
-3.872323587063585260e-01 9.095214480557841652e-01 -1.510690016423731630e-01
-4.081807996826601892e-01 9.005378408522426437e-01 -1.497332269516892522e-01
-4.287021770322489433e-01 8.911832906967249723e-01 -1.483468671995895882e-01
-4.487864959586782554e-01 8.814807091208307632e-01 -1.469096580730643031e-01
-4.684247081055962769e-01 8.714533438632514617e-01 -1.454213511507431167e-01
-4.876087117711149777e-01 8.611247306498400755e-01 -1.438817203576122083e-01
-5.063313498956024672e-01 8.505186448505088759e-01 -1.422905681244312492e-01
-5.245864057488990317e-01 8.396590530834475707e-01 -1.406477312165746729e-01
-5.423685962472425404e-01 8.285700648532050572e-01 -1.389530862009132339e-01
-5.596735628372441207e-01 8.172758843244107840e-01 -1.372065545233920325e-01
-5.764978598938849119e-01 8.058007623469570779e-01 -1.354081071741188858e-01
-5.928389405914835653e-01 7.941689488609737779e-01 -1.335577689210165342e-01
-6.086951402206396411e-01 7.824046458206072030e-01 -1.316556220973788549e-01
-6.240656569399802844e-01 7.705319607842139318e-01 -1.297018099329661500e-01
-6.389505299688068574e-01 7.585748613248952665e-01 -1.276965394225378081e-01
-6.533506152450917481e-01 7.465571304191915836e-01 -1.256400837299129769e-01
-6.672675585923725228e-01 7.345023229731227898e-01 -1.235327841297307327e-01
-6.807037664585515735e-01 7.224337236435790510e-01 -1.213750514930100333e-01
-6.936623743090940541e-01 7.103743061093374944e-01 -1.191673673263495825e-01
-7.061472127762685735e-01 6.983466939397804385e-01 -1.169102843781213014e-01
-7.181627716845773168e-01 6.863731232008309924e-01 -1.146044268282647577e-01
-7.297141620900664538e-01 6.744754069268606989e-01 -1.122504900812541090e-01
-7.408070764875294145e-01 6.626749015745591054e-01 -1.098492401844564093e-01
-7.514477473544698416e-01 6.509924755602179980e-01 -1.074015128964092708e-01
-7.616429042138855854e-01 6.394484799658318730e-01 -1.049082124314992259e-01
-7.713997294093037915e-01 6.280627214821316029e-01 -1.023703099091069768e-01
-7.807258127949239235e-01 6.168544376384416106e-01 -9.978884153649567046e-02
-7.896291055511338586e-01 6.058422743503930619e-01 -9.716490655555046208e-02
-7.981178733410119186e-01 5.950442657973322724e-01 -9.449966498393584657e-02
-8.062006490267259462e-01 5.844778166220452320e-01 -9.179433518132867897e-02
-8.138861851660202928e-01 5.741596864264616462e-01 -8.905019127112319410e-02
-8.211834065083225553e-01 5.641059765185910679e-01 -8.626856044740557894e-02
-8.281013627075054506e-01 5.543321188483284478e-01 -8.345082019608125734e-02
-8.346491814641314733e-01 5.448528670531981311e-01 -8.059839545783203940e-02
-8.408360223042488091e-01 5.356822895197803636e-01 -7.771275575910938094e-02
-8.466815368608918702e-01 5.268057470736376979e-01 -7.487378729779432807e-02
-8.522012811027248613e-01 5.182247864379616598e-01 -7.208364007966688858e-02
-8.574103758564449729e-01 5.099400051853810734e-01 -6.934437521018958772e-02
-8.623234956511752758e-01 5.019511013386093179e-01 -6.665796677998447883e-02
-8.669548612641400087e-01 4.942569217747622146e-01 -6.402630373359015359e-02
-8.713182356592408251e-01 4.868555093137256762e-01 -6.145119172169407479e-02
-8.754269230169753335e-01 4.797441483947728069e-01 -5.893435493673151310e-02
-8.792937705621619582e-01 4.729194092671323291e-01 -5.647743793155590025e-02
-8.829311729049601487e-01 4.663771906394650335e-01 -5.408200742080243595e-02
-8.863510786205136549e-01 4.601127607502989436e-01 -5.174955406457232981e-02
-8.895649988030279731e-01 4.541207968365042480e-01 -4.948149423414353182e-02
-8.925840173410692913e-01 4.483954229899621557e-01 -4.727917175955006351e-02
-8.954188026722124105e-01 4.429302464038140097e-01 -4.514385965905048231e-02
-8.980796207867387526e-01 4.377183920191911048e-01 -4.307676185071237368e-02
-9.005763492617994137e-01 4.327525355912427152e-01 -4.107901484656020091e-02
-9.029184921192118241e-01 4.280249351997342799e-01 -3.915168942995572721e-02
-9.051151953117756443e-01 4.235274612346041634e-01 -3.729579231709187481e-02
-9.071752626546036868e-01 4.192516248907799392e-01 -3.551226780367229552e-02
-9.091071720294102709e-01 4.151886052093891055e-01 -3.380199939801074860e-02
-9.109190917009278854e-01 4.113292747043834630e-01 -3.216581144190950453e-02
-9.126188965955955856e-01 4.076642236146539866e-01 -3.060447072075742764e-02
-9.142141844033396803e-01 4.041837828220622431e-01 -2.911868806432189524e-02
-9.157122913736195358e-01 4.008780454755729861e-01 -2.770911993969007309e-02
-9.171203076869145487e-01 3.977368873609464783e-01 -2.637637003774183017e-02
-9.184450922924600746e-01 3.947499860543465244e-01 -2.512099085440766197e-02
-9.196932871122838193e-01 3.919068388968368621e-01 -2.394348526777975716e-02
-9.208713305204316857e-01 3.891967798251664279e-01 -2.284430811190359123e-02
-9.219854700146987714e-01 3.866089950925691299e-01 -2.182386774778272490e-02
-9.230417740061748200e-01 3.841325379116060090e-01 -2.088252763178301968e-02
-9.240461426594780425e-01 3.817563420494248794e-01 -2.002060788122734733e-02
-9.250043177236692005e-01 3.794692344042773779e-01 -1.923838683653152429e-02
-9.259218913005122786e-01 3.772599465907666150e-01 -1.853610261875075424e-02
-9.268043135029677693e-01 3.751171255601604693e-01 -1.791395468088781417e-02
-9.276568989625710859e-01 3.730293432812376575e-01 -1.737210535076408324e-02
-9.284848321496615986e-01 3.709851055065802039e-01 -1.691068136267757926e-02
-9.292931714752844519e-01 3.689728596490197687e-01 -1.652977537447322329e-02
-9.300868521479933593e-01 3.669810017931194879e-01 -1.622944746603505531e-02
-9.308706877627438425e-01 3.649978828671512909e-01 -1.600972661458308771e-02
-9.316493706025872346e-01 3.630118140020335282e-01 -1.587061214152418395e-02
-9.324274706369714005e-01 3.610110711051428001e-01 -1.581207512497194434e-02
-9.332094332031348749e-01 3.589838986788211894e-01 -1.583405977141993937e-02
-9.339995753593651751e-01 3.569185129157778080e-01 -1.593648473943085758e-02
-9.348020809008052989e-01 3.548031041064385049e-01 -1.611924440759584382e-02
-9.356209940300538319e-01 3.526258383966395793e-01 -1.638221007842829632e-02
-9.364602116760490924e-01 3.503748589378915534e-01 -1.672523110928927567e-02
-9.373234744556936393e-01 3.480382864767645468e-01 -1.714813596090178707e-02
-9.382143562733984421e-01 3.456042194347664909e-01 -1.765073315350335070e-02
-9.391362525542585882e-01 3.430607335354027843e-01 -1.823281212021473849e-02
-9.400923671069649767e-01 3.403958810409182800e-01 -1.889414394677226341e-02
-9.410856976128719742e-01 3.375976896675322303e-01 -1.963448198638643657e-02
-9.421190197379437636e-01 3.346541612547781486e-01 -2.045356233815598043e-02
-9.431948698646710483e-01 3.315532702718508307e-01 -2.135110417718861717e-02
-9.443155264415609151e-01 3.282829622516377777e-01 -2.232680992436450115e-02
-9.454829899485529543e-01 3.248311522513607219e-01 -2.338036524353078599e-02
-9.466989614777967521e-01 3.211857234474664313e-01 -2.451143885384350976e-02
-9.479648199307493250e-01 3.173345259815650299e-01 -2.571968214498338359e-02
-9.492815978346289540e-01 3.132653761838025130e-01 -2.700472858307336951e-02
-9.506499557840165648e-01 3.089660563100383728e-01 -2.836619289532724478e-02
-9.520701555169612806e-01 3.044243149395484127e-01 -2.980367002176992353e-02
-9.535420316394583873e-01 2.996278681906380803e-01 -3.131673382280285300e-02
-9.550649620177719124e-01 2.945644019224751831e-01 -3.290493553195355386e-02
-9.566378368649278707e-01 2.892215751025627446e-01 -3.456780194385990213e-02
-9.582590265559587372e-01 2.835870245304809023e-01 -3.630483332841138305e-02
-9.599263482163056249e-01 2.776483711197281212e-01 -3.811550106301524882e-02
-9.616370311393371839e-01 2.713932279505515410e-01 -3.999924497619128383e-02
-9.633876811024022491e-01 2.648092103174261580e-01 -4.195547039714010024e-02
-9.651742436663445224e-01 2.578839480051345334e-01 -4.398354490759283364e-02
-9.669919665611408366e-01 2.506051000370062565e-01 -4.608279479415074847e-02
-9.688353612804242454e-01 2.429603721475500355e-01 -4.825250120147683841e-02
-9.706981640302487779e-01 2.349375372391715733e-01 -5.049189598912297294e-02
-9.725732962026644168e-01 2.265244590885958087e-01 -5.280015729747768866e-02
-9.744528245725782023e-01 2.177091195726447159e-01 -5.517640483131243390e-02
-9.763279214470438339e-01 2.084796496847575176e-01 -5.761969487269483214e-02
-9.781888250295479592e-01 1.988243646126372499e-01 -6.012901503863015557e-02
-9.800248002980209705e-01 1.887318031431814702e-01 -6.270327880268425358e-02
-9.818241007340832160e-01 1.781907716528799979e-01 -6.534131980402529960e-02
-9.835739312822852076e-01 1.671903929295823765e-01 -6.804188597178181808e-02
-9.852604129615512019e-01 1.557201600543594577e-01 -7.080363349732692047e-02
-9.868685495963510634e-01 1.437699955494977366e-01 -7.362512069202865883e-02
-9.883821971818532726e-01 1.313303159698457900e-01 -7.650480177310893526e-02
-9.897840364448831085e-01 1.183921020791558892e-01 -7.944102062546959386e-02
-9.910555492102340880e-01 1.049469747101232503e-01 -8.243200459260272006e-02
-9.921769992289238838e-01 9.098727635594726360e-02 -8.547585835491550155e-02
-9.931274181703808601e-01 7.650615848191083535e-02 -8.857055795886623062e-02
-9.938845975231646035e-01 6.149767447726289804e-02 -9.171394506510857636e-02
-9.944250871874045217e-01 4.595687809027786813e-02 -9.490372148824278986e-02
-9.947242015752609801e-01 2.987992710257951490e-02 -9.813744410462493795e-02
-9.947560340618332164e-01 1.326419190265832118e-02 -1.014125202078268173e-01
-9.944934806463815447e-01 -3.891631486801900436e-03 -1.047262033935944525e-01
-9.939082736907356441e-01 -2.158740448717428803e-02 -1.080755900573398404e-01
-9.929710265964939442e-01 -3.982142582904189820e-02 -1.114576165871306174e-01
-9.916512902632205195e-01 -5.859030901438737338e-02 -1.148690573336296761e-01
-9.899176221344782034e-01 -7.788885832021463784e-02 -1.183065234353006950e-01
-9.877376685854474259e-01 -9.770994442592867424e-02 -1.217664625722705146e-01
-9.850782613334471138e-01 -1.180443808862314536e-01 -1.252451597153826091e-01
-9.819055284595136213e-01 -1.388808028096744085e-01 -1.287387389280743311e-01
-9.781850205142018639e-01 -1.602055492374114265e-01 -1.322431662676947228e-01
-9.738818520432370729e-01 -1.820025508438468387e-01 -1.357542538197301363e-01
-9.689608587083156088e-01 -2.042532246971873744e-01 -1.392676648831616681e-01
-9.633867699955216413e-01 -2.269363779195635589e-01 -1.427789203079569413e-01
-9.571470961674651834e-01 -2.499918891723077186e-01 -1.461967861365167376e-01
-9.502139875617753306e-01 -2.733818577658486682e-01 -1.495183822684731934e-01
-9.425612355435255552e-01 -2.970665179525133204e-01 -1.527409913175032385e-01
-9.341644593504830896e-01 -3.210043379035766864e-01 -1.558620784937312653e-01
-9.250012847789282899e-01 -3.451521371072470146e-01 -1.588793104629690756e-01
-9.150515126416693956e-01 -3.694652215238373172e-01 -1.617905729066621556e-01
-9.042972749955520140e-01 -3.938975355518639643e-01 -1.645939865163078553e-01
-8.927231772429673473e-01 -4.184018295841076540e-01 -1.672879211715616043e-01
-8.803164243596739436e-01 -4.429298416726992205e-01 -1.698710080721309024e-01
-8.670669296874974341e-01 -4.674324915838435901e-01 -1.723421496195898794e-01
-8.529674049517567136e-01 -4.918600853122892524e-01 -1.747005268759818375e-01
-8.380134304150276270e-01 -5.161625279488826212e-01 -1.769456044609110656e-01
-8.222035043555027123e-01 -5.402895426564625625e-01 -1.790771327870211704e-01
-8.055390713532876168e-01 -5.641908934138413212e-01 -1.810951475744619066e-01
-7.880245291743963598e-01 -5.878166091373717705e-01 -1.829999666272194292e-01
-7.696672143524735388e-01 -6.111172067859688140e-01 -1.847921838970337793e-01
-7.504773668747404258e-01 -6.340439110984150695e-01 -1.864726609030361026e-01
-7.304680746738416719e-01 -6.565488686999250145e-01 -1.880425156162090494e-01
-7.096551989040481567e-01 -6.785853544455282549e-01 -1.895031089563595506e-01
-6.880572812322020004e-01 -7.001079680369090008e-01 -1.908560290846259833e-01
-6.656954345952618146e-01 -7.210728191518851471e-01 -1.921030737058690707e-01
-6.425932190627692275e-01 -7.414376995558586980e-01 -1.932462306219959458e-01
-6.187765045906069572e-01 -7.611622409158095293e-01 -1.942876567988690850e-01
-5.942733225599002855e-01 -7.802080573028512545e-01 -1.952296562256477241e-01
-5.691137080609356413e-01 -7.985388716419952182e-01 -1.960746568560529368e-01
-5.433295349068799629e-01 -8.161206256406645654e-01 -1.968251869261530840e-01
-5.169543453473877115e-01 -8.329215729940894208e-01 -1.974838509429989730e-01
-4.900231764004405743e-01 -8.489123559199646119e-01 -1.980533056330971431e-01
-4.625723846354268809e-01 -8.640660653113234613e-01 -1.985362361297119682e-01
-4.346394711257167698e-01 -8.783582850109886708e-01 -1.989353326638394204e-01
-4.062629081495420236e-01 -8.917671208996138521e-01 -1.992532680059771744e-01
-3.774819690589155674e-01 -9.042732156496233742e-01 -1.994926758851476578e-01
-3.483365625628477846e-01 -9.158597501276420916e-01 -1.996561305886551674e-01
-3.188670724884471452e-01 -9.265124325275868600e-01 -1.997461279214143293e-01
-2.891142038966662553e-01 -9.362194763856365176e-01 -1.997650676779927081e-01
-2.591188362431914860e-01 -9.449715686677894189e-01 -1.997152377543423563e-01
-2.289218840935805521e-01 -9.527618291323117772e-01 -1.995988000000787077e-01
-1.985641657290165840e-01 -9.595857621553215422e-01 -1.994177778865630357e-01
-1.680862798181984863e-01 -9.654412021707345914e-01 -1.991740460413488067e-01
-1.375284901845572338e-01 -9.703282538188386930e-01 -1.988693216760864246e-01
-1.069306185681919291e-01 -9.742492278241073889e-01 -1.985051579129916421e-01
-7.633194517008450031e-02 -9.772085735358521097e-01 -1.980829389946550667e-01
-4.577111667312373788e-02 -9.792128089682895498e-01 -1.976038773434178331e-01
-1.528606136056875897e-02 -9.802704490728362252e-01 -1.970690124198245241e-01
1.508608910235827508e-02 -9.803919328680513745e-01 -1.964792113147976194e-01
4.530907169462908973e-02 -9.795895499445232968e-01 -1.958351709971311305e-01
7.534755836335101098e-02 -9.778773667557849603e-01 -1.951374221266098941e-01
1.051672171385341359e-01 -9.752711530043968180e-01 -1.943863343334429616e-01
1.347347685200889211e-01 -9.717883083366903874e-01 -1.935821228566511343e-01
1.640180375938786739e-01 -9.674477894720379112e-01 -1.927248564274632869e-01
1.929755179105979712e-01 -9.622677105942100129e-01 -1.918366880207909020e-01
2.215828983691927878e-01 -9.562685953832318342e-01 -1.909225099693981076e-01
2.498176539385215389e-01 -9.494714887780735246e-01 -1.899869571911515231e-01
2.776589883982246709e-01 -9.418978127937167599e-01 -1.890344108587604932e-01
3.050877695585400007e-01 -9.335692341430622543e-01 -1.880690031620265990e-01
3.320864583302566286e-01 -9.245075436244037936e-01 -1.870946229874469735e-01
3.586390329189895754e-01 -9.147345471090905233e-01 -1.861149223522143015e-01
3.847309093159845261e-01 -9.042719678583667209e-01 -1.851333234426206509e-01
4.103488591534684704e-01 -8.931413598118990160e-01 -1.841530261202360963e-01
4.354809258884488887e-01 -8.813640314216659721e-01 -1.831770157726828607e-01
4.601163401767339733e-01 -8.689609795520482072e-01 -1.822080713991069689e-01
4.842454352003123241e-01 -8.559528329284145087e-01 -1.812487738333490028e-01
5.078595626172577315e-01 -8.423598045905511533e-01 -1.803015140201738864e-01
5.309510097148785190e-01 -8.282016527922534399e-01 -1.793685012716119409e-01
5.535129182644908941e-01 -8.134976497826967856e-01 -1.784517714414022849e-01
5.755392055003223373e-01 -7.982665579073355833e-01 -1.775531949656603825e-01
5.970244875758010661e-01 -7.825266124746502738e-01 -1.766744847271816687e-01
6.179640057878575954e-01 -7.662955108488201938e-01 -1.758172037092342876e-01
6.383535558037254365e-01 -7.495904072462101775e-01 -1.749827724122953176e-01
6.581894200748396040e-01 -7.324279127344113238e-01 -1.741724760139659045e-01
6.774683035784908602e-01 -7.148240999556030317e-01 -1.733874712582966771e-01
6.961872729895268730e-01 -6.967945121204357495e-01 -1.726287930660029835e-01
7.143436993511995681e-01 -6.783541758438323965e-01 -1.718973608615959603e-01
7.319352042858148222e-01 -6.595176174195263030e-01 -1.711939846173481938e-01
7.489596097617129411e-01 -6.402988821553481369e-01 -1.705193706173004087e-01
7.654148914128622305e-01 -6.207115564158866006e-01 -1.698741269472492099e-01
7.812991353905597292e-01 -6.007687920428845807e-01 -1.692587687188814860e-01
7.966104987129984938e-01 -5.804833328463885334e-01 -1.686737230379888319e-01
8.113471730673852411e-01 -5.598675428810753196e-01 -1.681193337280462718e-01
8.255073520105149498e-01 -5.389334362422372182e-01 -1.675958658214188879e-01
8.390892015068897036e-01 -5.176927081345472637e-01 -1.671035098311032252e-01
8.520908337382941955e-01 -4.961567669839266892e-01 -1.666423858162572325e-01
8.645102841149205908e-01 -4.743367673785991445e-01 -1.662125472548524885e-01
8.763454914154171771e-01 -4.522436436397739290e-01 -1.658139847366282837e-01
8.875942809813835987e-01 -4.298881438354050788e-01 -1.654466294891644429e-01
8.982543508906383201e-01 -4.072808640621900511e-01 -1.651103567493443225e-01
9.083232610328728640e-01 -3.844322828314883922e-01 -1.648049889917731770e-01
9.177984250109081366e-01 -3.613527954042419776e-01 -1.645302990248705410e-01
9.266771047905613123e-01 -3.380527479283702563e-01 -1.642860129643869960e-01
9.349564080219935347e-01 -3.145424712395928357e-01 -1.640718130930229057e-01
9.426332879552495880e-01 -2.908323141933104039e-01 -1.638873406136642508e-01
9.497045458724490130e-01 -2.669326764011533126e-01 -1.637321983025150363e-01
9.561668359586843469e-01 -2.428540402511953078e-01 -1.636059530671085116e-01
9.620166725330873136e-01 -2.186070020957271709e-01 -1.635081384128360404e-01
9.672504395607155470e-01 -1.942023024949911525e-01 -1.634382568202544794e-01
9.718644023648790320e-01 -1.696508554094826038e-01 -1.633957820340334044e-01
9.758547214582694584e-01 -1.449637762374182404e-01 -1.633801612629963707e-01
9.792174684097905146e-01 -1.201524085978269707e-01 -1.633908172893059341e-01
9.819486436623403591e-01 -9.522834976350963432e-02 -1.634271504834562683e-01
9.840441962149945043e-01 -7.020347465189744063e-02 -1.634885407203810481e-01
9.855000450811274293e-01 -4.508995828566468578e-02 -1.635743491906720970e-01
9.863121024320302688e-01 -1.990029663885809277e-02 -1.636839200996502985e-01
9.864762983335857438e-01 5.352674211680594901e-03 -1.638165822458480803e-01
9.859886069816006238e-01 3.065576070568508740e-02 -1.639716504693665977e-01
9.848450743395167351e-01 5.599539626145085686e-02 -1.641484269595764323e-01
9.830418470804854758e-01 8.135762764787925205e-02 -1.643462024107507635e-01
9.805752027342314880e-01 1.067281033295425230e-01 -1.645642570134713822e-01
9.774415809378061981e-01 1.320920638431873351e-01 -1.648018612690430040e-01
9.736376156882617927e-01 1.574343342595227180e-01 -1.650582766137068946e-01
9.691601684944999295e-01 1.827393187795914309e-01 -1.653327558391709806e-01
9.640063623250763047e-01 2.079909975105579401e-01 -1.656245432958877717e-01
9.581736162485801067e-01 2.331729254614268443e-01 -1.659328748656221098e-01
9.516596806633461636e-01 2.582682337950991114e-01 -1.662569776901720031e-01
9.444626730136738146e-01 2.832596333693513380e-01 -1.665960696436465938e-01
9.365811138903852306e-01 3.081294205958518551e-01 -1.669493585364753008e-01
9.280139634143981242e-01 3.328594856432773308e-01 -1.673160410403286003e-01
9.187606578029464677e-01 3.574313230080196080e-01 -1.676953013243801527e-01
9.088211460190736002e-01 3.818260444739292603e-01 -1.680863093948362086e-01
8.981959264059380388e-01 4.060243944810680849e-01 -1.684882191314041322e-01
8.868860832082078316e-01 4.300067679225579309e-01 -1.689001660163680363e-01
8.748933228832380671e-01 4.537532303883279883e-01 -1.693212645541845029e-01
8.622200101047003962e-01 4.772435408748558205e-01 -1.697506053820016514e-01
8.488692033607124765e-01 5.004571769808316972e-01 -1.701872520742348793e-01
8.348446900471556686e-01 5.233733626099810188e-01 -1.706302376472942361e-01
8.201510209546234442e-01 5.459710982039653882e-01 -1.710785607737408398e-01
8.047935440441664756e-01 5.682291935302131725e-01 -1.715311817185408705e-01
7.887784374025619272e-01 5.901263030515583319e-01 -1.719870180136685023e-01
7.721127412621130448e-01 6.116409639064920301e-01 -1.724449398910673781e-01
7.548043889628862635e-01 6.327516365304389767e-01 -1.729037654978893834e-01
7.368622367267392281e-01 6.534367479495029052e-01 -1.733622559219683001e-01
7.182960921024506007e-01 6.736747377783049995e-01 -1.738191100596238603e-01
6.991167409297250890e-01 6.934441069525553170e-01 -1.742729593620988837e-01
6.793359726568597434e-01 7.127234692245220105e-01 -1.747223625011714299e-01
6.589666038325167063e-01 7.314916054452539340e-01 -1.751657999987178138e-01
6.380224995764987028e-01 7.497275206509125267e-01 -1.756016688691837691e-01
6.165185928178765762e-01 7.674105039615178869e-01 -1.760282773280045787e-01
5.944709010715573116e-01 7.845201912884721684e-01 -1.764438396229436878e-01
5.718965405067329977e-01 8.010366308320434614e-01 -1.768464710490365022e-01
5.488137370430480333e-01 8.169403513312817333e-01 -1.772341832112668825e-01
5.252418341932280077e-01 8.322124330063211950e-01 -1.776048796021994225e-01
5.012012973548933825e-01 8.468345811064927897e-01 -1.779563515644668470e-01
4.767137142399426875e-01 8.607892019469752798e-01 -1.782862747101909284e-01
4.518017911179094126e-01 8.740594812817948922e-01 -1.785922058710145977e-01
4.264893445407982320e-01 8.866294648218605579e-01 -1.788715806533577590e-01
4.008012882118555664e-01 8.984841406635377670e-01 -1.791217116736928683e-01
3.747636146603109397e-01 9.096095233462744289e-01 -1.793397875479824100e-01
3.484033713891404038e-01 9.199927392073806720e-01 -1.795228727078429509e-01
3.217486311741339366e-01 9.296221126487662634e-01 -1.796679081134201772e-01
2.948284562107468809e-01 9.384872528749291787e-01 -1.797717129293007199e-01
2.676728558310719763e-01 9.465791406045886980e-01 -1.798309872249847230e-01
2.403382672139217358e-01 9.538871290807023895e-01 -1.798245628359264603e-01
2.128572141417138519e-01 9.604063071312884947e-01 -1.797541173080459131e-01
1.852621332266033705e-01 9.661336171903880388e-01 -1.796212314004765886e-01
1.575852831424641998e-01 9.710678164179562533e-01 -1.794273821318335682e-01
1.298586591251728317e-01 9.752094338571820620e-01 -1.791739370841887447e-01
1.021139127299061644e-01 9.785607242568051811e-01 -1.788621499669324488e-01
7.438227676851737191e-02 9.811256191391546366e-01 -1.784931574302018598e-01
4.669449529454355874e-02 9.829096756421348280e-01 -1.780679771060411642e-01
1.908075845822269564e-02 9.839200236069477468e-01 -1.775875068449743743e-01
-8.429357981000636796e-03 9.841653113246169315e-01 -1.770525251062405880e-01
-3.580694872189546518e-02 9.836556502948997638e-01 -1.764636924515675664e-01
-6.302383082156648442e-02 9.824025592923700811e-01 -1.758215540850216196e-01
-9.005259168751561516e-02 9.804189079775842419e-01 -1.751265433751449663e-01
-1.168666334192134254e-01 9.777188602374307091e-01 -1.743789862902304644e-01
-1.434402137478278938e-01 9.743178173889548432e-01 -1.735791066731448284e-01
-1.697484838075351277e-01 9.702323613359217225e-01 -1.727270322785409984e-01
-1.957675229513178849e-01 9.654801977277485125e-01 -1.718228014925473890e-01
-2.214743707993767352e-01 9.600800991366376103e-01 -1.708663706530350601e-01
-2.468470566802753452e-01 9.540518482410651480e-01 -1.698576218872921706e-01
-2.718646265947393115e-01 9.474161809823523628e-01 -1.687963713833360302e-01
-2.965071678006209743e-01 9.401947296458582626e-01 -1.676823780111216244e-01
-3.207558310858741324e-01 9.324099658092392939e-01 -1.665153522105277117e-01
-3.445928507653366335e-01 9.240851430969607705e-01 -1.652949650641822033e-01
-3.680015624075061442e-01 9.152442396824457260e-01 -1.640208574749002501e-01
-3.909664182700387514e-01 9.059119004864493174e-01 -1.626926493697240517e-01
-4.134730003980419122e-01 8.961133790319063541e-01 -1.613099488552496852e-01
-4.355080313179072737e-01 8.858744789310113443e-01 -1.598723612520804582e-01
-4.570593822418739793e-01 8.752214949990011483e-01 -1.583794979398354952e-01
-4.781160786850620070e-01 8.641811540103230271e-01 -1.568309849481430152e-01
-4.986683033875938253e-01 8.527805551358801361e-01 -1.552264712334346930e-01
-5.187073964297550521e-01 8.410471101241305814e-01 -1.535656365861014228e-01
-5.382258524279490697e-01 8.290084833132641551e-01 -1.518481991176403034e-01
-5.572173147033998575e-01 8.166925315858095669e-01 -1.500739222827804087e-01
-5.756765663239791220e-01 8.041272444001725805e-01 -1.482426213971818063e-01
-5.935995179319207837e-01 7.913406840551659993e-01 -1.463541696171109519e-01
-6.109831922862062337e-01 7.783609263630179020e-01 -1.444085033534578955e-01
-6.278257054676512627e-01 7.652160019231385446e-01 -1.424056270985222805e-01
-6.441262447167473981e-01 7.519338382026877765e-01 -1.403456176500984254e-01
-6.598850428985987282e-01 7.385422026403692941e-01 -1.382286277234759386e-01
-6.751033496153212576e-01 7.250686469966456382e-01 -1.360548889479785140e-01
-6.897833990134726312e-01 7.115404531765512353e-01 -1.338247142505294141e-01
-7.039283743619042522e-01 6.979845807504022615e-01 -1.315384996343938184e-01
-7.175423695033116278e-01 6.844276163929795542e-01 -1.291967253666480575e-01
-7.306303473101702917e-01 6.708957254532763592e-01 -1.267999565930053862e-01
-7.431980953021739555e-01 6.574146058548315796e-01 -1.243488434033351991e-01
-7.552521786072672327e-01 6.440094445112518606e-01 -1.218441203754994234e-01
-7.667998904714725672e-01 6.307048764230581694e-01 -1.192866056289552390e-01
-7.778492005435772016e-01 6.175249466008396748e-01 -1.166771994229019171e-01
-7.884087011790699151e-01 6.044930749362493749e-01 -1.140168823365550060e-01
-7.984875520232608270e-01 5.916320241170740513e-01 -1.113067130713939062e-01
-8.081036764798239513e-01 5.789382012438937242e-01 -1.086232670780480913e-01
-8.172738059882717065e-01 5.664221953995638437e-01 -1.059690022539519494e-01
-8.260145761034299872e-01 5.540933775230583169e-01 -1.033462905653432934e-01
-8.343424775818076844e-01 5.419599422932989130e-01 -1.007574199274067911e-01
-8.422738123709916369e-01 5.300289509404666477e-01 -9.820459600651243459e-02
-8.498246542854887009e-01 5.183063746630495183e-01 -9.568994395638351358e-02
-8.570108141431272974e-01 5.067971383601962421e-01 -9.321551009853408509e-02
-8.638478091292476346e-01 4.955051644188210314e-01 -9.078326355586578689e-02
-8.703508361512170000e-01 4.844334163232741353e-01 -8.839509784693301564e-02
-8.765347489430862504e-01 4.735839418822221925e-01 -8.605283244709142909e-02
-8.824140386792498347e-01 4.629579158926342974e-01 -8.375821432155018675e-02
-8.880028178565828600e-01 4.525556820844415240e-01 -8.151291943426169917e-02
-8.933148072065320022e-01 4.423767942115229279e-01 -7.931855423560725538e-02
-8.983633254018524861e-01 4.324200561751873062e-01 -7.717665713097383862e-02
-9.031612813269577211e-01 4.226835610852892056e-01 -7.508869993156461198e-02
-9.077211686860279238e-01 4.131647291815747636e-01 -7.305608928813779601e-02
-9.120550627289775170e-01 4.038603445538396230e-01 -7.108016810782073758e-02
-9.161746188819748227e-01 3.947665906140477299e-01 -6.916221695368975075e-02
-9.200910730763313117e-01 3.858790842867650950e-01 -6.730345542643317858e-02
-9.238152435771219695e-01 3.771929088961663568e-01 -6.550504352711665479e-02
-9.273575341207669354e-01 3.687026457385448874e-01 -6.376808299983584283e-02
-9.307279381789109740e-01 3.604024043387690779e-01 -6.209361865286359972e-02
-9.339360441742055041e-01 3.522858513975529737e-01 -6.048263965676695803e-02
-9.369910414819562217e-01 3.443462384438267243e-01 -5.893608081787468644e-02
-9.399017270599868690e-01 3.365764282129773965e-01 -5.745482382541099164e-02
-9.426765125574365634e-01 3.289689197773653095e-01 -5.603969847056687603e-02
-9.453234317615057947e-01 3.215158724603812135e-01 -5.469148383575080791e-02
-9.478501482493568719e-01 3.142091285694761371e-01 -5.341090945223840591e-02
-9.502639631204261583e-01 3.070402349871437231e-01 -5.219865642442117482e-02
-9.525718226922926801e-01 3.000004636618414100e-01 -5.105535851883206966e-02
-9.547803260509470924e-01 2.930808310433733466e-01 -4.998160321609718820e-02
-9.568957323538055393e-01 2.862721165093977671e-01 -4.897793272392469976e-02
-9.589239677910992299e-01 2.795648798315287231e-01 -4.804484494919209620e-02
-9.608706321183407839e-01 2.729494777310443876e-01 -4.718279442712925570e-02
-9.627410046794152576e-01 2.664160795755506905e-01 -4.639219320551700443e-02
-9.645400498464758998e-01 2.599546822691375936e-01 -4.567341168172833754e-02
-9.662724218092398898e-01 2.535551243896581597e-01 -4.502677939033314369e-02
-9.679424686524908950e-01 2.472070996278079857e-01 -4.445258573886784470e-02
-9.695542356666141393e-01 2.409001695837289236e-01 -4.395108068924083455e-02
-9.711114678418275581e-01 2.346237759779453147e-01 -4.352247538210515104e-02
-9.726176115024524060e-01 2.283672523346010896e-01 -4.316694270138379808e-02
-9.740758150431021445e-01 2.221198351962316297e-01 -4.288461777598433222e-02
-9.754889287340881010e-01 2.158706749307021944e-01 -4.267559841559067507e-02
-9.768595035686656880e-01 2.096088461924967561e-01 -4.253994547727598524e-02
-9.781897891300063153e-01 2.033233581022633185e-01 -4.247768315954486562e-02
-9.794817304610071718e-01 1.970031642104264347e-01 -4.248879922029080713e-02
-9.807369639252768723e-01 1.906371723127702755e-01 -4.257324511505043707e-02
-9.819568120528943123e-01 1.842142541881778006e-01 -4.273093605185483701e-02
-9.831422773698706985e-01 1.777232553311782759e-01 -4.296175095892522389e-02
-9.842940352156860362e-01 1.711530047545965216e-01 -4.326553236144108083e-02
-9.854100999456014698e-01 1.645301716507164835e-01 -4.355183848013163134e-02
-9.864891023896666944e-01 1.578575908301627917e-01 -4.382050868793069265e-02
-9.875297357905399309e-01 1.511381437853755449e-01 -4.407139123032757094e-02
-9.885307582046138908e-01 1.443747565751827278e-01 -4.430434350988151498e-02
-9.894909947890426771e-01 1.375703975862354322e-01 -4.451923235875519108e-02
-9.904093399673603582e-01 1.307280751762655291e-01 -4.471593429826106053e-02
-9.912847594666722717e-01 1.238508352046485822e-01 -4.489433578445416878e-02
-9.921162922197236389e-01 1.169417584562581075e-01 -4.505433343884959752e-02
-9.929030521255141073e-01 1.100039579650787525e-01 -4.519583426339254806e-02
-9.936442296625250803e-01 1.030405762445007062e-01 -4.531875583886359887e-02
-9.943390933490614536e-01 9.605478243164386476e-02 -4.542302650596080626e-02
-9.949869910456723421e-01 8.904976935345491895e-02 -4.550858552836351684e-02
-9.955873510951108729e-01 8.202875052267999401e-02 -4.557538323715012302e-02
-9.961396832958153702e-01 7.499495707213883755e-02 -4.562338115601270033e-02
-9.966435797054381540e-01 6.795163463600982501e-02 -4.565255210678547532e-02
-9.970987152715159452e-01 6.090204018707752465e-02 -4.566288029488088651e-02
-9.975048482869597333e-01 5.384943883909412005e-02 -4.565436137430591707e-02
-9.978618206686404868e-01 4.679710062356082223e-02 -4.562700249201242370e-02
-9.981695580579562632e-01 3.974829725034501743e-02 -4.558082231141748208e-02
-9.984280697428831175e-01 3.270629886161207506e-02 -4.551585101501297304e-02
-9.986374484016331543e-01 2.567437078856730018e-02 -4.543213028606730985e-02
-9.987978696686604652e-01 1.865577032047297662e-02 -4.532971326950573088e-02
-9.989095915243753065e-01 1.165374349532853973e-02 -4.520866451213855636e-02
-9.989729535105315028e-01 4.671521921478708102e-03 -4.506905988248873646e-02
-9.989883757738530212e-01 -2.287680360753941745e-03 -4.491098647055031395e-02
-9.989563579410447591e-01 -9.220669968527887145e-03 -4.473454246788768907e-02
-9.988774778289006839e-01 -1.612427720840380399e-02 -4.453983702856147836e-02
-9.987523899937627014e-01 -2.299535904239431369e-02 -4.432699011143959034e-02
-9.985818241251050997e-01 -2.983080198014291529e-02 -4.409613230452169574e-02
-9.983665832885102454e-01 -3.662752488960310110e-02 -4.384740463197117633e-02
-9.981075420237633944e-01 -4.338248171899292821e-02 -4.358095834461043344e-02
-9.978056443042260248e-01 -5.009266412323543083e-02 -4.329695469469281577e-02
-9.974619013640424470e-01 -5.675510398855834054e-02 -4.299556469581728574e-02
-9.970773894000952708e-01 -6.336687584941473605e-02 -4.267696886889975338e-02
-9.966532471559487183e-01 -6.992509919239575655e-02 -4.234135697515781921e-02
-9.961906733953029836e-01 -7.642694064233472584e-02 -4.198892773710318632e-02
-9.956909242727286502e-01 -8.286961602634482227e-02 -4.161988854856805975e-02
-9.951553106096557855e-01 -8.925039231208717339e-02 -4.123445517481858641e-02
-9.945851950837557576e-01 -9.556658941712882493e-02 -4.083285144382938631e-02
-9.939819893399818307e-01 -1.018155818868173162e-01 -4.041530892980891437e-02
-9.933471510316159714e-01 -1.079948004386678123e-01 -3.998206663007539130e-02
-9.926821807997178171e-01 -1.141017333718251509e-01 -3.953337063638778792e-02
-9.919886191993776414e-01 -1.201339278407256711e-01 -3.906947380183555668e-02
-9.912680435811450641e-01 -1.260889909926372343e-01 -3.859063540438510687e-02
-9.905220649359393059e-01 -1.319645909692990227e-01 -3.809712080817000829e-02
-9.897523247116465361e-01 -1.377584577734120574e-01 -3.758920112359628168e-02
-9.889604916094751896e-01 -1.434683840012447309e-01 -3.706715286731386561e-02
-9.881482583679779275e-01 -1.490922254431120419e-01 -3.653125762308059854e-02
-9.873173385424542925e-01 -1.546279015539617496e-01 -3.598180170451643206e-02
-9.864694632872293978e-01 -1.600733957967520882e-01 -3.541907582071302657e-02
-9.856063781480607355e-01 -1.654267558617328049e-01 -3.484337474562768100e-02
-9.847298398716586298e-01 -1.706860937651433485e-01 -3.425499699215157207e-02
-9.838416132390225277e-01 -1.758495858312164872e-01 -3.365424449169979182e-02
-9.829434679289917876e-01 -1.809154725617223014e-01 -3.304142228012624249e-02
-9.820371754180950985e-01 -1.858820583976059093e-01 -3.241683819071934647e-02
-9.811245059224525944e-01 -1.907477113775605249e-01 -3.178080255498560991e-02
-9.802072253871491059e-01 -1.955108626986367948e-01 -3.113362791187769194e-02
-9.792870925281512706e-01 -2.001700061842184297e-01 -3.047562872607178716e-02
-9.783658559314911685e-01 -2.047236976648931506e-01 -2.980712111584636267e-02
-9.774452512140887617e-01 -2.091705542779185023e-01 -2.912842259106085060e-02
-9.765269982502333690e-01 -2.135092536911216698e-01 -2.843985180167902388e-02
-9.756127984673919062e-01 -2.177385332571848131e-01 -2.774172829722784325e-02
-9.747043322146694555e-01 -2.218571891043512045e-01 -2.703437229752866239e-02
-9.738032562069028897e-01 -2.258640751696436855e-01 -2.631810447498421704e-02
-9.729112010470384320e-01 -2.297581021807177104e-01 -2.559324574865196739e-02
-9.720297688291177352e-01 -2.335382365924759118e-01 -2.486011709028229308e-02
-9.711605308238847600e-01 -2.372034994845520495e-01 -2.411903934244899461e-02
-9.703050252487235294e-01 -2.407529654257300755e-01 -2.337033304884966745e-02
-9.694647551233468441e-01 -2.441857613113001535e-01 -2.261431829680502631e-02
-9.686411862123822658e-01 -2.475010651792687866e-01 -2.185131457193921142e-02
-9.678357450557412145e-01 -2.506981050112367382e-01 -2.108164062497765168e-02
-9.670498170874113342e-01 -2.537761575236366918e-01 -2.030561435055539335e-02
-9.662847448430844643e-01 -2.567345469548845682e-01 -1.952355267788684345e-02
-9.655418262568198351e-01 -2.595726438538445979e-01 -1.873577147310791571e-02
-9.648223130467473707e-01 -2.622898638748416000e-01 -1.794258545306342406e-02
-9.641274091896367970e-01 -2.648856665842724833e-01 -1.714430811027648285e-02
-9.634582694839973760e-01 -2.673595542836789130e-01 -1.634125164880263423e-02
-9.628159982012283180e-01 -2.697110708539400270e-01 -1.553372693063933066e-02
-9.622016478242136905e-01 -2.719398006250334787e-01 -1.472204343233144905e-02
-9.616162178726422871e-01 -2.740453672755944758e-01 -1.390650921138554715e-02
-9.610606538142404398e-01 -2.760274327662760596e-01 -1.308743088207965991e-02
-9.605358460610251559e-01 -2.778856963106819955e-01 -1.226511360023158775e-02
-9.600426290496216764e-01 -2.796198933874072812e-01 -1.143986105646666376e-02
-9.595817804046391508e-01 -2.812297947964795264e-01 -1.061197547750612410e-02
-9.591540201840644819e-01 -2.827152057632505433e-01 -9.781757634979139013e-03
-9.587600102056093032e-01 -2.840759650925404056e-01 -8.949506861245456329e-03
-9.584003534529371704e-01 -2.853119443755869900e-01 -8.115521071701345054e-03
-9.580755935606979357e-01 -2.864230472521045456e-01 -7.280096793029000764e-03
-9.577862143773087089e-01 -2.874092087295034292e-01 -6.443529196838856769e-03
-9.575326396044425703e-01 -2.882703945610719520e-01 -5.606112138145209582e-03
-9.573152325122150641e-01 -2.890066006846715441e-01 -4.768138198108169516e-03
-9.571342957290983611e-01 -2.896178527232449729e-01 -3.929898730469187987e-03
-9.569900711056361642e-01 -2.901042055481892201e-01 -3.091683911103197246e-03
-9.568827396510831695e-01 -2.904657429063973173e-01 -2.253782790107711643e-03
-9.568124215421479617e-01 -2.907025771115266388e-01 -1.416483345848044278e-03
-9.567791762030772862e-01 -2.908148487998077347e-01 -5.800725403780250403e-04
-9.567830024563799274e-01 -2.908027267504664226e-01 2.551636243427306012e-04
-9.568238387435525905e-01 -2.906664077705921057e-01 1.088940050010924919e-03
-9.569015634152332472e-01 -2.904061166440485287e-01 1.920972485892579818e-03
-9.570159950902701329e-01 -2.900221061437903147e-01 2.750977473652749337e-03
-9.571668930832578637e-01 -2.895146571067169217e-01 3.578672293660718762e-03
-9.573539579001494326e-01 -2.888840785699683944e-01 4.403774913321147934e-03
-9.575768318016122382e-01 -2.881307079673436355e-01 5.226003937972008122e-03
-9.578350994338450386e-01 -2.872549113843007040e-01 6.045078564879279373e-03
-9.581282885266227956e-01 -2.862570838697828246e-01 6.860718540846254092e-03
-9.584558706583753418e-01 -2.851376498028999618e-01 7.672644123941870821e-03
-9.588172620881428854e-01 -2.838970633122890330e-01 8.480576049837876967e-03
-9.592118246542750137e-01 -2.825358087457705003e-01 9.284235503228687944e-03
-9.596388667397628414e-01 -2.810544011877219028e-01 1.008334409479065899e-02
-9.600976443041003838e-01 -2.794533870213934401e-01 1.087762384411908312e-02
-9.605873619815749054e-01 -2.777333445332044182e-01 1.166679716906152998e-02
-9.611071742458745515e-01 -2.758948845558759633e-01 1.245058688184523359e-02
-9.616561866408821491e-01 -2.739386511470802144e-01 1.322871619237406433e-02
-9.622334570774945250e-01 -2.718653223001177288e-01 1.400090871904715803e-02
-9.628379971962623962e-01 -2.696756106829726329e-01 1.476688850742664295e-02
-9.634687737955934805e-01 -2.673702644019417263e-01 1.552638005705595479e-02
-9.641247103251946449e-01 -2.649500677858888653e-01 1.627910835670312931e-02
-9.648046884443521876e-01 -2.624158421870396163e-01 1.702479892827511027e-02
-9.655075496445578720e-01 -2.597684467941042685e-01 1.776317787961960090e-02
-9.662320969358875189e-01 -2.570087794534023362e-01 1.849397196640031882e-02
-9.669770965964231690e-01 -2.541377774935547618e-01 1.921690866319973601e-02
-9.677412799838853719e-01 -2.511564185492183854e-01 1.993171624397053684e-02
-9.685233454085019345e-01 -2.480657213792544780e-01 2.063812387192315301e-02
-9.693219600659932489e-01 -2.448667466746560772e-01 2.133586169890190967e-02
-9.701357620293916684e-01 -2.415605978515041052e-01 2.202466097426660982e-02
-9.709633622982427603e-01 -2.381484218241823880e-01 2.270425416325981549e-02
-9.718033469035572969e-01 -2.346314097540571630e-01 2.337437507480292012e-02
-9.726542790666922178e-01 -2.310107977688174996e-01 2.403475899862610871e-02
-9.735147014101427354e-01 -2.272878676476809690e-01 2.468514285159901026e-02
-9.743831382180220269e-01 -2.234639474676933246e-01 2.532526533308999961e-02
-9.752580977437957932e-01 -2.195404122063933094e-01 2.595486708914305357e-02
-9.761380745626220268e-01 -2.155186842961742399e-01 2.657369088522184078e-02
-9.770215519654258385e-01 -2.114002341257529005e-01 2.718148178723155464e-02
-9.779070043916179289e-01 -2.071865804842544234e-01 2.777798735048997783e-02
-9.787928998971405781e-01 -2.028792909435389868e-01 2.836295781628050267e-02
-9.796777026542997646e-01 -1.984799821745330817e-01 2.893614631558173375e-02
-9.805598754796208683e-01 -1.939903201934844446e-01 2.949730907953070774e-02
-9.814378823857439205e-01 -1.894120205342356700e-01 3.004620565614012431e-02
-9.823101911531604280e-01 -1.847468483428073849e-01 3.058259913275441014e-02
-9.831752759173814082e-01 -1.799966183907965311e-01 3.110625636369507632e-02
-9.840316197669283227e-01 -1.751631950043293640e-01 3.161694820251289423e-02
-9.848777173473410862e-01 -1.702484919055616552e-01 3.211444973823319310e-02
-9.857120774662190277e-01 -1.652544719639884863e-01 3.259854053495111342e-02
-9.865332256941388156e-01 -1.601831468551147275e-01 3.306900487410628642e-02
-9.873397069561373751e-01 -1.550365766243411436e-01 3.352563199874120103e-02
-9.881300881083093790e-01 -1.498168691542410835e-01 3.396821635902475683e-02
-9.889029604939425511e-01 -1.445261795337371147e-01 3.439655785830239565e-02
-9.896569424735112142e-01 -1.391667093280344047e-01 3.481046209891668075e-02
-9.903906819227615843e-01 -1.337407057485267836e-01 3.520974062702779406e-02
-9.911028586930584749e-01 -1.282504607222613446e-01 3.559421117565191028e-02
-9.917921870281196650e-01 -1.226983098609254891e-01 3.596369790512732312e-02
-9.924574179312453115e-01 -1.170866313297060923e-01 3.631803164021313313e-02
-9.930973414771537833e-01 -1.114178446167606862e-01 3.665705010302402339e-02
-9.937107890625639373e-01 -1.056944092044350969e-01 3.698059814100652931e-02
-9.942966355897195907e-01 -9.991882314375674645e-02 3.728852794916800995e-02
-9.948538015771295484e-01 -9.409362153412807739e-02 3.758069928577862512e-02
-9.953812551919051232e-01 -8.822137491053627656e-02 3.785697968077965381e-02
-9.958780141982074285e-01 -8.230468754098270445e-02 3.811724463614795527e-02
-9.963431478164755939e-01 -7.634619563721553592e-02 3.836137781748655967e-02
-9.967757784882906869e-01 -7.034856548222021000e-02 3.858927123613519611e-02
-9.971750835419389558e-01 -6.431449147828217916e-02 3.880082542112170407e-02
-9.975402967539733767e-01 -5.824669411978252581e-02 3.899594958030607600e-02
-9.978707098023275046e-01 -5.214791789521841525e-02 3.917456175010271269e-02
-9.981656736068189595e-01 -4.602092912325377733e-02 3.933658893320372829e-02
-9.984245995531809692e-01 -3.986851372789999848e-02 3.948196722376610956e-02
-9.986469605970824670e-01 -3.369347495819957627e-02 3.961064191956852054e-02
-9.988322922449401897e-01 -2.749863105803630053e-02 3.972256762068902131e-02
-9.989801934086842694e-01 -2.128681289192137227e-02 3.981770831430282709e-02
-9.990903271320132895e-01 -1.506086153280540574e-02 3.989603744524917311e-02
-9.991624211860627991e-01 -8.823625818139387705e-03 3.995753797206832297e-02
-9.991962685328102944e-01 -2.577959880552853182e-03 4.000220240826294488e-02
-9.991917276549495686e-01 3.673279340366397173e-03 4.003003284859310562e-02
-9.991487227513828895e-01 9.927234598620372080e-03 4.004104098026954606e-02
-9.990672437979001286e-01 1.618105084805019148e-02 4.003524807896656490e-02
-9.989473464730392882e-01 2.243187774763464454e-02 4.001268498963247294e-02
-9.987891519495467607e-01 2.867687215919157914e-02 3.997339209213247868e-02
-9.985928465522774244e-01 3.491320063087188091e-02 3.991741925181557099e-02
-9.983586812837944580e-01 4.113804185990244111e-02 3.984482575515284342e-02
-9.980869712193398691e-01 4.734858912813120352e-02 3.975568023065014639e-02
-9.977780947732499683e-01 5.354205270405337086e-02 3.965006055529169543e-02
-9.974324928392831469e-01 5.971566220515225204e-02 3.952805374682409612e-02
-9.970506678077064588e-01 6.586666891457015893e-02 3.938975584224090748e-02
-9.966331824623531066e-01 7.199234804633286577e-02 3.923527176287677082e-02
-9.961806587612094255e-01 7.809000095358403781e-02 3.906471516656669779e-02
-9.956937765044229227e-01 8.415695727454247654e-02 3.887820828737018064e-02
-9.951732718939291233e-01 9.019057701117287607e-02 3.867588176340119172e-02
-9.946199359891866321e-01 9.618825253585870649e-02 3.845787445334365728e-02
-9.940346130637747191e-01 1.021474105216818307e-01 3.822433324226733042e-02
-9.934181988678495445e-01 1.080655137922454101e-01 3.797541283739132301e-02
-9.927716388016741833e-01 1.139400630873226433e-01 3.771127555447130464e-02
-9.920959260056292361e-01 1.197685987409720099e-01 3.743209109551189767e-02
-9.913920993722777908e-01 1.255487022691272603e-01 3.713803631852759940e-02
-9.906612414861996063e-01 1.312779978640460921e-01 3.682929500009398532e-02
-9.899044764974230803e-01 1.369541537933824382e-01 3.650605759144557455e-02
-9.891229679343706005e-01 1.425748837020313908e-01 3.616852096888792389e-02
-9.883179164622968305e-01 1.481379478152819729e-01 3.581688817929894186e-02
-9.874905575932332313e-01 1.536411540421975530e-01 3.545136818149845215e-02
-9.866421593534633327e-01 1.590823589785260450e-01 3.507217558426542481e-02
-9.857740199145401672e-01 1.644594688088195644e-01 3.467953038177938596e-02
-9.848874651938173130e-01 1.697704401078140857e-01 3.427365768725620238e-02
-9.839838464304064836e-01 1.750132805414825743e-01 3.385478746553904905e-02
-9.830645377423896658e-01 1.801860494685279535e-01 3.342315426539270440e-02
-9.821309336710120075e-01 1.852868584434235744e-01 3.297899695223401734e-02
-9.811844467174584139e-01 1.903138716224377081e-01 3.252255844201312057e-02
-9.802265048776745981e-01 1.952653060743930191e-01 3.205408543693913370e-02
-9.792585491805378961e-01 2.001394319982116865e-01 3.157382816372102802e-02
-9.782820312345082980e-01 2.049345728495796937e-01 3.108204011496885910e-02
-9.772984107877045190e-01 2.096491053793301529e-01 3.057897779437310226e-02
-9.763091533061513116e-01 2.142814595863937466e-01 3.006490046625074145e-02
-9.753157275747346144e-01 2.188301185883944067e-01 2.954006991001576279e-02
-9.743196033251815269e-01 2.232936184131790736e-01 2.900475018009950751e-02
-9.733222488951596141e-01 2.276705477147626944e-01 2.845920737181284119e-02
-9.723251289223536764e-01 2.319595474173415939e-01 2.790370939360760361e-02
-9.713297020771459733e-01 2.361593102911816733e-01 2.733852574615945955e-02
-9.703374188372838605e-01 2.402685804643209799e-01 2.676392730865837302e-02
-9.693497193076794360e-01 2.442861528741405164e-01 2.618018613265650843e-02
-9.683680310882449849e-01 2.482108726629524142e-01 2.558757524378672821e-02
-9.673937671924268678e-01 2.520416345218304266e-01 2.498636845162813952e-02
-9.664283240188651369e-01 2.557773819869660348e-01 2.437684016795845648e-02
-9.654730793783709020e-01 2.594171066928730451e-01 2.375926523359652917e-02
-9.645293905781843202e-01 2.629598475867873097e-01 2.313391875400234651e-02
-9.635985925652543749e-01 2.664046901086129515e-01 2.250107594376621681e-02
-9.626819961300617789e-01 2.697507653407580919e-01 2.186101198008397889e-02
-9.617808861723000646e-01 2.729972491321768779e-01 2.121400186528088830e-02
-9.608965200295259690e-01 2.761433612008955540e-01 2.056032029841345365e-02
-9.600301258696998241e-01 2.791883642192468651e-01 1.990024155594623603e-02
-9.591829011483520295e-01 2.821315628859710767e-01 1.923403938146910769e-02
-9.583560111309396001e-01 2.849723029892629045e-01 1.856198688439033434e-02
-9.575505874807935802e-01 2.877099704647550493e-01 1.788435644751167411e-02
-9.567677269129057915e-01 2.903439904523283377e-01 1.720141964336376408e-02
-9.560084899136624959e-01 2.928738263555289434e-01 1.651344715915351036e-02
-9.552738995265012134e-01 2.952989789072549831e-01 1.582070873014974205e-02
-9.545649402033489217e-01 2.976189852452478801e-01 1.512347308130940204e-02
-9.538825567215907242e-01 2.998334180007911631e-01 1.442200787692381192e-02
-9.532276531662209340e-01 3.019418844038777583e-01 1.371657967804319582e-02
-9.526010919767435858e-01 3.039440254079620041e-01 1.300745390741759808e-02
-9.520036930583113399e-01 3.058395148372616279e-01 1.229489482167365338e-02
-9.514362329565299037e-01 3.076280585594182715e-01 1.157916549042935402e-02
-9.508994440952970306e-01 3.093093936861674997e-01 1.086052778203288639e-02
-9.503940140770024136e-01 3.108832878045056369e-01 1.013924235559695956e-02
-9.499205850443784849e-01 3.123495382406758503e-01 9.415568658986579742e-03
-9.494797531032651561e-01 3.137079713591290897e-01 8.689764932406113251e-03
-9.490720678055337700e-01 3.149584418984460177e-01 7.962088217220527134e-03
-9.486980316914059852e-01 3.161008323460359759e-01 7.232794369636050789e-03
-9.483580998904003190e-01 3.171350523532582288e-01 6.502138078856956743e-03
-9.480526797801436256e-01 3.180610381924391938e-01 5.770372889327815558e-03
-9.477821307022958885e-01 3.188787522570872834e-01 5.037751226664369600e-03
-9.475467637348535810e-01 3.195881826064365661e-01 4.304524426871030388e-03
-9.473468415201183879e-01 3.201893425552781447e-01 3.570942768438955389e-03
-9.471825781476441719e-01 3.206822703098696214e-01 2.837255506915642607e-03
-9.470541390915072633e-01 3.210670286505415971e-01 2.103710911534975494e-03
-9.469616412012761275e-01 3.213437046614542325e-01 1.370556303495637247e-03
-9.469051527460958795e-01 3.215124095077880884e-01 6.380380954757557252e-04
-9.468846935113390817e-01 3.215732782604895923e-01 -9.359816802747276173e-05
-9.469002349473157887e-01 3.215264697685266126e-01 -8.241077699426353938e-04
-9.469517003695755442e-01 3.213721665784485260e-01 -1.553246779860177184e-03
-9.470389652103758937e-01 3.211105749008848487e-01 -2.280772013662871970e-03
-9.471618573209305003e-01 3.207419246234579635e-01 -3.006440993949405834e-03
-9.473201573240919160e-01 3.202664693694310949e-01 -3.730011911644493059e-03
-9.475135990171597022e-01 3.196844866012572561e-01 -4.451243589182801198e-03
-9.477418698245401174e-01 3.189962777680451778e-01 -5.169895445646978394e-03
-9.480046113000177854e-01 3.182021684958096786e-01 -5.885727464232274470e-03
-9.483014196784284033e-01 3.173025088192265586e-01 -6.598500162401639210e-03
-9.486318464765460812e-01 3.162976734534712620e-01 -7.307974565085717869e-03
-9.489953991430215563e-01 3.151880621045783371e-01 -8.013912181271938204e-03
-9.493915417572246218e-01 3.139740998166236086e-01 -8.716074984315817092e-03
-9.498196957768523241e-01 3.126562373538959161e-01 -9.414225396295746243e-03
-9.502792408341743657e-01 3.112349516160969887e-01 -1.010812627671985910e-02
-9.507695155807833753e-01 3.097107460844797377e-01 -1.079754091588008488e-02
-9.512898185807124873e-01 3.080841512967150697e-01 -1.148223303313425717e-02
-9.518394092517697969e-01 3.063557253481582476e-01 -1.216196678038202264e-02
-9.524175088549177159e-01 3.045260544170725892e-01 -1.283650675098448046e-02
-9.530233015314987233e-01 3.025957533112603737e-01 -1.350561799436078049e-02
-9.536559353880741385e-01 3.005654660334467487e-01 -1.416906603647748696e-02
-9.543145236285999200e-01 2.984358663626651142e-01 -1.482661690642831168e-02
-9.549981457336136348e-01 2.962076584488003705e-01 -1.547803716928282391e-02
-9.557058486860496860e-01 2.938815774173605955e-01 -1.612309396536304104e-02
-9.564366482432336003e-01 2.914583899814686685e-01 -1.676155505608635868e-02
-9.571895302545346818e-01 2.889388950579929172e-01 -1.739318887649212927e-02
-9.579634520240738471e-01 2.863239243846719684e-01 -1.801776459454734747e-02
-9.587573437177979718e-01 2.836143431350305888e-01 -1.863505217730446889e-02
-9.595701098141349306e-01 2.808110505278363367e-01 -1.924482246396127388e-02
-9.604006305973420421e-01 2.779149804278053804e-01 -1.984684724584901555e-02
-9.612477636925524926e-01 2.749271019342358069e-01 -2.044089935335096156e-02
-9.621103456414080712e-01 2.718484199542244295e-01 -2.102675274972874014e-02
-9.629871935170462027e-01 2.686799757571125546e-01 -2.160418263180882356e-02
-9.638771065770825874e-01 2.654228475068038384e-01 -2.217296553745609633e-02
-9.647788679530990841e-01 2.620781507686069656e-01 -2.273287945973569493e-02
-9.656912463750110254e-01 2.586470389872766451e-01 -2.328370396763843053e-02
-9.666129979285480456e-01 2.551307039329575033e-01 -2.382522033321896743e-02
-9.675428678439407237e-01 2.515303761117784198e-01 -2.435721166496990567e-02
-9.684795923137591300e-01 2.478473251379008646e-01 -2.487946304722879129e-02
-9.694219003377039234e-01 2.440828600638908774e-01 -2.539176168538915396e-02
-9.703685155920026562e-01 2.402383296663643808e-01 -2.589389705666099439e-02
-9.713181583209161696e-01 2.363151226839466101e-01 -2.638566106610076498e-02
-9.722695472477153045e-01 2.323146680046912216e-01 -2.686684820760597975e-02
-9.732214015023405995e-01 2.282384348002205465e-01 -2.733725572954524494e-02
-9.741724425628189854e-01 2.240879326039775798e-01 -2.779668380467083602e-02
