1.000000000000000000e+00 0.000000000000000000e+00 0.000000000000000000e+00
9.999999950653193359e-01 3.893319753779747480e-05 -9.139796610484485228e-05
9.999999539019295280e-01 1.309944593299601891e-04 -2.739282775320110415e-04
9.999998080913330423e-01 2.903340174682238098e-04 -5.472876609451554110e-04
9.999994439085168052e-01 5.310516020218848665e-04 -9.111353331185293803e-04
9.999986922504975340e-01 8.671905651785121686e-04 -1.365093127917847054e-03
9.999973167101359195e-01 1.312731976390698252e-03 -1.908745599658150495e-03
9.999949998343607982e-01 1.881588662139741701e-03 -2.541640093983345370e-03
9.999913276104291926e-01 2.587599157317202990e-03 -3.263286776587889272e-03
9.999857722283798100e-01 3.444521527922162450e-03 -4.073158609379035414e-03
9.999776731724593359e-01 4.466027016842273253e-03 -4.970691263068058828e-03
9.999662166990606060e-01 5.665693456003468784e-03 -5.955282954690580173e-03
9.999504137636627821e-01 7.056998379216286935e-03 -7.026294198198564968e-03
9.999290764644758189e-01 8.653311760703016539e-03 -8.183047456048505100e-03
9.999007930760344109e-01 1.046788829465329466e-02 -9.424826679639947483e-03
9.998639017519372896e-01 1.251385912132816497e-02 -1.075087672654377949e-02
9.998164629823826921e-01 1.480422289532399259e-02 -1.216040264270796395e-02
9.997562308991890800e-01 1.735183608173700154e-02 -1.365256879824672254e-02
9.996806235287212239e-01 2.016940235626535349e-02 -1.522649786601410274e-02
9.995866921016550721e-01 2.326946097588793519e-02 -1.688126963294047864e-02
9.994710895379178561e-01 2.666437397781847712e-02 -1.861591963507638892e-02
9.993300382355243539e-01 3.036631205611368262e-02 -2.042943760844698892e-02
9.991592973034991720e-01 3.438723895779217943e-02 -2.232076574917647022e-02
9.989541293917074682e-01 3.873889423378881064e-02 -2.428879677789807373e-02
9.987092672842960983e-01 4.343277417473359603e-02 -2.633237180522386353e-02
9.984188804386344707e-01 4.848011075762957700e-02 -2.845027799700957857e-02
9.980765416681841584e-01 5.389184842724911023e-02 -3.064124604031259400e-02
9.976751941856449868e-01 5.967861853572994923e-02 -3.290394741330184003e-02
9.972071192420109975e-01 6.585071126570368749e-02 -3.523699146493159545e-02
9.966639046177930839e-01 7.241804486661766738e-02 -3.763892231292785551e-02
9.960364142445454760e-01 7.939013204101869059e-02 -4.010821557154374550e-02
9.953147592578535097e-01 8.677604332776536755e-02 -4.264327492360370231e-02
9.944882708069315846e-01 9.458436734274561219e-02 -4.524242855455343909e-02
9.935454749707232081e-01 1.028231677550200535e-01 -4.790392546953889386e-02
9.924740701555966327e-01 1.114999368977107330e-01 -5.062593171792072883e-02
9.912609073750554556e-01 1.206215459387181693e-01 -5.340652655305405672e-02
9.898919738368965326e-01 1.301941915667703120e-01 -5.624369855858229322e-02
9.883523802874705222e-01 1.402233391836474052e-01 -5.913534177585821894e-02
9.866263525855525351e-01 1.507136626339113661e-01 -6.207925187035679554e-02
9.846972279991713650e-01 1.616689805492660115e-01 -6.507312237801839150e-02
9.825474567368488454e-01 1.730921894358906643e-01 -6.811454107528586155e-02
9.801586092392732263e-01 1.849851936897422278e-01 -7.120098651909663456e-02
9.775113897676052099e-01 1.973488327868333225e-01 -7.432982480517812129e-02
9.745856568294761768e-01 2.101828059626697498e-01 -7.749830659458341320e-02
9.713604509823129396e-01 2.234855947670423837e-01 -8.070356445940364554e-02
9.678140305449178804e-01 2.372543839567387847e-01 -8.394261059891262866e-02
9.639239157312426975e-01 2.514849812688242925e-01 -8.721233497694771963e-02
9.596669416940216690e-01 2.661717367001226742e-01 -9.050950393002399341e-02
9.550193209294313146e-01 2.813074620033896855e-01 -9.383075929343845378e-02
9.499567154463387508e-01 2.968833511962166161e-01 -9.717261808938182366e-02
9.444543190442269420e-01 3.128889029635227859e-01 -1.005314728167868016e-01
9.384869499719217245e-01 3.293118459170010781e-01 -1.039035923772732156e-01
9.320515312365917904e-01 3.461039275808808213e-01 -1.072008317311342607e-01
9.251297545405798850e-01 3.632384082867858854e-01 -1.104210131913433562e-01
9.177040666270163127e-01 3.806874178949579690e-01 -1.135620550692752750e-01
9.097577851667503213e-01 3.984220002036439889e-01 -1.166219822047791788e-01
9.012752115149587073e-01 4.164121665704188513e-01 -1.195989362076940454e-01
8.922417393805791574e-01 4.346269586476916857e-01 -1.224911852823779151e-01
8.826439584569242269e-01 4.530345200149301643e-01 -1.252971335076975834e-01
8.724697520821704799e-01 4.716021763698463043e-01 -1.280153294478815484e-01
8.617083880341961377e-01 4.902965238222075084e-01 -1.306444739747111283e-01
8.503506016153936642e-01 5.090835247194230861e-01 -1.331834271886986609e-01
8.383886702491756271e-01 5.279286103249715145e-01 -1.356312143361158573e-01
8.258164788900798081e-01 5.467967895713723436e-01 -1.379870306298716098e-01
8.126295756424495309e-01 5.656527630209302604e-01 -1.402502448951345182e-01
7.988252170870527857e-01 5.844610410918414933e-01 -1.424204019750375250e-01
7.844024029288120259e-01 6.031860655461491749e-01 -1.444972238475360216e-01
7.693618996998899950e-01 6.217923331908274953e-01 -1.464806094212278420e-01
7.537062533783417395e-01 6.402445207149642936e-01 -1.483706329953634884e-01
7.374397909108846294e-01 6.585076095751893899e-01 -1.501675413870417197e-01
7.205686107564650555e-01 6.765470098483339356e-01 -1.518717497463505928e-01
7.031005626926378760e-01 6.943286819945345689e-01 -1.534838360976310545e-01
6.850452172468144418e-01 7.118192555149396306e-01 -1.550045346617712205e-01
6.664138252268353435e-01 7.289861435447365645e-01 -1.564347280301674747e-01
6.472192679279520355e-01 7.457976524929578188e-01 -1.577754382754250895e-01
6.274759986843195803e-01 7.622230859236707179e-01 -1.590278170967618365e-01
6.071999765109740155e-01 7.782328419666896258e-01 -1.601931351092142908e-01
5.864085926458471043e-01 7.937985036476502554e-01 -1.612727703949624891e-01
5.651205908498698749e-01 8.088929216348197393e-01 -1.622681964422725276e-01
5.433559823562519320e-01 8.234902890109858653e-01 -1.631809696026427781e-01
5.211359563776017945e-01 8.375662077907986003e-01 -1.640127161997179395e-01
4.984827870820350837e-01 8.510977470147369495e-01 -1.647651194244388606e-01
4.754197379375239008e-01 8.640634923582866112e-01 -1.654399061498057211e-01
4.519709642984791054e-01 8.764435872969905672e-01 -1.660388337956668625e-01
4.281614150712030886e-01 8.882197659630468589e-01 -1.665636773692576456e-01
4.040167342468834466e-01 8.993753779156282713e-01 -1.670162168009823589e-01
3.795631630338501261e-01 9.098954051239254159e-01 -1.673982246873583490e-01
3.548274432566240755e-01 9.197664715282092285e-01 -1.677114545443383897e-01
3.298367226196251556e-01 9.289768455994052987e-01 -1.679576296646130562e-01
3.046184623600562968e-01 9.375164363615219321e-01 -1.681384326621921943e-01
2.792003477391692967e-01 9.453767833737701798e-01 -1.682554957767855019e-01
2.536102017454832103e-01 9.525510411906440433e-01 -1.683103919994530795e-01
2.278759023090850822e-01 9.590339588290727191e-01 -1.683046270698655422e-01
2.020253032542609906e-01 9.648218547727118732e-01 -1.682396323844732866e-01
1.760861591495794798e-01 9.699125880353501872e-01 -1.681167588440866112e-01
1.500860541511905011e-01 9.743055257892512255e-01 -1.679372716589446757e-01
1.240523348773344969e-01 9.780015080410877637e-01 -1.677023461194090403e-01
9.801204730050447345e-02 9.810028098090812776e-01 -1.674130643310451638e-01
7.199187759881464643e-02 9.833131012211814292e-01 -1.670704129041188923e-01
4.601809687015843975e-02 9.849374059167504969e-01 -1.666752815794808051e-01
2.011650958178227630e-02 9.858820580943780110e-01 -1.662284627654695979e-01
-5.687594396104642819e-03 9.861546585072040738e-01 -1.657306519538493117e-01
-3.135542952502559655e-02 9.857633218055340540e-01 -1.651893416802860115e-01
-5.686600655235116153e-02 9.847181929832966585e-01 -1.646096772683420806e-01
-8.219966218408700231e-02 9.830301765327673635e-01 -1.639966331042960745e-01
-1.073380492829678623e-01 9.807108096710229761e-01 -1.633550092340775028e-01
-1.322641183937310339e-01 9.777721414898443708e-01 -1.626894291267058923e-01
-1.569620914653762356e-01 9.742266184817029995e-01 -1.620043384924739482e-01
-1.814174286284605531e-01 9.700869767820796685e-01 -1.613040050449179863e-01
-2.056167888629029661e-01 9.653661413656670076e-01 -1.605925190978935158e-01
-2.295479853603422660e-01 9.600771323414656333e-01 -1.598737948925718910e-01
-2.531999363466517772e-01 9.542329784095862077e-01 -1.591515725536590542e-01
-2.765626120864692616e-01 9.478466374706482345e-01 -1.584294205793915777e-01
-2.996269787441023236e-01 9.409309243167686132e-01 -1.577107387756898071e-01
-3.223849397252963600e-01 9.334984452808436917e-01 -1.569987615510646528e-01
-3.448292750733220613e-01 9.255615396776033510e-01 -1.562965614953283899e-01
-3.669535794416911578e-01 9.171322278351300428e-01 -1.556070531717157757e-01
-3.887521991154277989e-01 9.082221654885050954e-01 -1.549329970585673899e-01
-4.102201685039400525e-01 8.988426042872398325e-01 -1.542770035831675102e-01
-4.313531464817379479e-01 8.890043581544436746e-01 -1.536415371965914323e-01
-4.521473529089948817e-01 8.787177752275397991e-01 -1.530289204444402751e-01
-4.725995056225939517e-01 8.679927151070478963e-01 -1.524413379940850188e-01
-4.927067581500875204e-01 8.568385311408357463e-01 -1.518808405844736531e-01
-5.124666383640829048e-01 8.452640574756395964e-01 -1.513493488696573130e-01
-5.318769882630376422e-01 8.332776006149706927e-01 -1.508486571319554437e-01
-5.509359050363236143e-01 8.208869352321921387e-01 -1.503804368451041595e-01
-5.696416835466689976e-01 8.080993039990599369e-01 -1.499462400718216681e-01
-5.879927603416416071e-01 7.949214212028935522e-01 -1.495475026839922505e-01
-6.059876592875882428e-01 7.813594799393608348e-01 -1.491855473971280266e-01
-6.236249389042581859e-01 7.674191626822405299e-01 -1.488615866139357535e-01
-6.409031414660678605e-01 7.531056550461195931e-01 -1.485767250747112300e-01
-6.578207439264356360e-01 7.384236625724955871e-01 -1.483319623149285393e-01
-6.743761107146547529e-01 7.233774303839028974e-01 -1.481281949328042968e-01
-6.905674484501944654e-01 7.079707655642398789e-01 -1.479662186718198602e-01
-7.063927626169325125e-01 6.922070621362147458e-01 -1.478467303251948806e-01
-7.218498162394332285e-01 6.760893285185797241e-01 -1.477703294711419646e-01
-7.369360906048000315e-01 6.596202173564060800e-01 -1.477375200494107921e-01
-7.516487480766490537e-01 6.428020576269330988e-01 -1.477487117911634174e-01
-7.659845970521760306e-01 6.256368889313698167e-01 -1.478042215156235295e-01
-7.799400591189211696e-01 6.081264978893264894e-01 -1.479042743082190359e-01
-7.935111384744694130e-01 5.902724565572167181e-01 -1.480490045960962397e-01
-8.066933936797590077e-01 5.720761627949081385e-01 -1.482384571379284643e-01
-8.194819118246934320e-01 5.535388825060533202e-01 -1.484725879458727582e-01
-8.318712851931542307e-01 5.346617936768452983e-01 -1.487512651583431655e-01
-8.438555905230753496e-01 5.154460321353772079e-01 -1.490742698829630730e-01
-8.554283709657428680e-01 4.958927389493231197e-01 -1.494412970296248033e-01
-8.665826208567002364e-01 4.760031093732911001e-01 -1.498519561540109235e-01
-8.773107734183401840e-01 4.557784432489441206e-01 -1.503057723322070438e-01
-8.876046915212086885e-01 4.352201967508759206e-01 -1.508021870871443237e-01
-8.974556616370047424e-01 4.143300353593216134e-01 -1.513405593875360167e-01
-9.068543911209812070e-01 3.931098879271591739e-01 -1.519201667396964661e-01
-9.157910089647052221e-01 3.715620016934260694e-01 -1.525402063921349471e-01
-9.242579385506819456e-01 3.497565939593449968e-01 -1.530280882649512342e-01
-9.322400328468906094e-01 3.277238006837162043e-01 -1.533807009647853714e-01
-9.397240480134091412e-01 3.054950589006709682e-01 -1.535952160292632374e-01
-9.466987508972389831e-01 2.831029667758394597e-01 -1.536691025189335646e-01
-9.531550125913157423e-01 2.605811331479276904e-01 -1.536001394225427752e-01
-9.590858868091287626e-01 2.379640181421437406e-01 -1.533864257064077585e-01
-9.644866720270308669e-01 2.152867666026232196e-01 -1.530263878682474876e-01
-9.693549565691648162e-01 1.925850362218276823e-01 -1.525187848884700659e-01
-9.736906460500573957e-01 1.698948223423768777e-01 -1.518627105068963423e-01
-9.774959728418732841e-01 1.472522814683730474e-01 -1.510575927894782788e-01
-9.807754874912278931e-01 1.246935555474253943e-01 -1.501031909869313952e-01
-9.835360322683014411e-01 1.022545990707771218e-01 -1.489995897245156853e-01
-9.857866972827561414e-01 7.997101098773620742e-02 -1.477471905986433853e-01
-9.875387598408363887e-01 5.787787334361127467e-02 -1.463467012907723741e-01
-9.888056079406305487e-01 3.600959843012833256e-02 -1.447991223414238915e-01
-9.896026490029737888e-01 1.439978608728959344e-02 -1.431057317564919107e-01
-9.899472051097857328e-01 -6.918907379998510271e-03 -1.412680676437326477e-01
-9.898583961664868536e-01 -2.791488740371518909e-02 -1.392879090990020996e-01
-9.893570125181826436e-01 -4.855772541838299095e-02 -1.371672555791337844e-01
-9.884653786291238697e-01 -6.881824835871470925e-02 -1.349083050111394011e-01
-9.872072094810867560e-01 -8.866861278508858524e-02 -1.325134308956214257e-01
-9.856074613592092915e-01 -1.080823632602443130e-01 -1.299851586659856173e-01
-9.836921786747598873e-01 -1.270344748230837761e-01 -1.273261415644252881e-01
-9.814883384253262344e-01 -1.455013796184429220e-01 -1.245391362910134581e-01
-9.790236938166684277e-01 -1.634609779412887764e-01 -1.216269786739679892e-01
-9.763266184701339112e-01 -1.808926341367524393e-01 -1.185925595976986824e-01
-9.734259525186154116e-01 -1.977771579611925234e-01 -1.154388014111096677e-01
-9.703508517562995372e-01 -2.140967721522845646e-01 -1.121686350223475709e-01
-9.671306408567438284e-01 -2.298350670768536663e-01 -1.087849778683052798e-01
-9.637946715139544818e-01 -2.449769434234165544e-01 -1.052907129282542043e-01
-9.603721861957910111e-01 -2.595085439824215690e-01 -1.016886689315104481e-01
-9.568921880316449968e-01 -2.734171756118055074e-01 -9.798160188953236593e-02
-9.533833171900764070e-01 -2.866912225200624054e-01 -9.417217806374778011e-02
-9.498737339397292923e-01 -2.993200520153048161e-01 -9.026295846211468410e-02
-9.463910084307993742e-01 -3.112939138688928797e-01 -8.625638494027053349e-02
-9.429620170865825601e-01 -3.226038344284610782e-01 -8.215476796740127374e-02
-9.396128453568068917e-01 -3.332415065901078166e-01 -7.796027610288069898e-02
-9.363686964577536687e-01 -3.431991767057406273e-01 -7.367492721745168283e-02
-9.332538056094805690e-01 -3.524695294617288255e-01 -6.930058148234172211e-02
-9.302913591783305014e-01 -3.610455717217057603e-01 -6.483893614127035632e-02
-9.275034180436366738e-01 -3.689205162821075357e-01 -6.029152207380693990e-02
-9.249108444312108546e-01 -3.760876664462242669e-01 -5.565970215391979892e-02
-9.225332313927667727e-01 -3.825403022834139577e-01 -5.094467140472357103e-02
-9.203888340597270457e-01 -3.882715694067487844e-01 -4.614745894924515007e-02
-9.184945017617107688e-01 -3.932743710765865264e-01 -4.126893175731943808e-02
-9.168656100742375026e-01 -3.975412644210423174e-01 -3.630980019029237532e-02
-9.155159918467341562e-01 -4.010643615585057775e-01 -3.127062534782062281e-02
-9.144578662608502384e-01 -4.038352364134117911e-01 -2.615182822445786398e-02
-9.137017649806092878e-01 -4.058448380353902318e-01 -2.095370068762548652e-02
-9.132564544805101825e-01 -4.070834112644022285e-01 -1.567641829267286957e-02
-9.131288536760653329e-01 -4.075404256309586026e-01 -1.032005495470852789e-02
-9.133239460344351190e-01 -4.072045134411508283e-01 -4.884599500369943281e-03
-9.138446854121274887e-01 -4.060634180708236340e-01 6.300258746862472461e-04
-9.146918949538312971e-01 -4.041039535812178118e-01 6.223945215461885137e-03
-9.158641584933489010e-01 -4.013119768688315769e-01 1.189730645774270124e-02
-9.173577040265984417e-01 -3.976723736736027526e-01 1.765025709453030972e-02
-9.191662789803909384e-01 -3.931690598897555344e-01 2.348291783989600590e-02
-9.212810171820230432e-01 -3.877849997500705803e-01 2.939535427981810126e-02
-9.236902976467061821e-01 -3.815022425834506126e-01 3.538754651172904692e-02
-9.263795955456167741e-01 -3.743019799731263086e-01 4.145935679091631437e-02
-9.293313259999779197e-01 -3.661646252633588006e-01 4.761049522312075372e-02
-9.325246816689383156e-01 -3.570699174696368439e-01 5.384048356916306538e-02
-9.359354654635240189e-01 -3.469970517335531635e-01 6.014861725966195310e-02
-9.395359201273412175e-01 -3.359248385199165576e-01 6.653392575626988770e-02
-9.432945568777189038e-01 -3.238318937700623845e-01 7.299513144061696435e-02
-9.471759857979563657e-01 -3.106968621902992389e-01 7.953060726344063358e-02
-9.511407512098281058e-01 -2.964986757552873775e-01 8.613833344410720683e-02
-9.551451758308138196e-01 -2.812168493291268834e-01 9.281585357456459406e-02
-9.591412181252251257e-01 -2.648318150374810998e-01 9.956023055105146791e-02
-9.630763478818173962e-01 -2.473252966472269665e-01 1.063680028305999392e-01
-9.668934456781982378e-01 -2.286807247111233843e-01 1.132351415860415877e-01
-9.705307325057948020e-01 -2.088836925999469907e-01 1.201570094109059572e-01
-9.739217364052427106e-01 -1.879224527614177520e-01 1.271283213017964653e-01
-9.769953034730430863e-01 -1.657884516049306090e-01 1.341431087174917713e-01
-9.796756610137945520e-01 -1.424769003087805741e-01 1.411946875775436094e-01
-9.818825408915289321e-01 -1.179873775830690696e-01 1.482756311143957340e-01
-9.835313712383554341e-01 -9.232445900490296453e-02 1.553777485274659420e-01
-9.845335445659845197e-01 -6.549836598973415858e-02 1.624920704003399441e-01
-9.847967699521884555e-01 -3.752562580088696087e-02 1.696088418282429011e-01
-9.842255162976636385e-01 -8.429732267103251520e-03 1.767175241574503453e-01
-9.827215526309429627e-01 2.175820487378708062e-02 1.838068061569193834e-01
-9.801845900490595564e-01 5.299883579478378848e-02 1.908646253216621236e-01
-9.765130280994543943e-01 8.524398694151887057e-02 1.978781998450195312e-01
-9.716048062284783349e-01 1.184361346978691221e-01 2.048340715925158206e-01
-9.653583583562254100e-01 1.525079542025232771e-01 2.117181601650107992e-01
-9.576736657201605496e-01 1.873819618531095410e-01 2.185158278575667357e-01
-9.484533999187141351e-01 2.229702702319484864e-01 2.252119550097299860e-01
-9.376041446634962861e-01 2.591744738038541662e-01 2.317910249126182154e-01
-9.250376812227262269e-01 2.958856826965026166e-01 2.382372171009350115e-01
-9.106723190393518630e-01 3.329847201236310061e-01 2.445345075289201697e-01
-8.944342496842208057e-01 3.703424965246301381e-01 2.506667738253007816e-01
-8.762588993188832331e-01 4.078205702789072240e-01 2.566179035615797077e-01
-8.560922523594726163e-01 4.452719009562476349e-01 2.623719032684718178e-01
-8.338921172120811187e-01 4.825417965726565561e-01 2.679130058136139914e-01
-8.096293039339648168e-01 5.194690513625264128e-01 2.732257737237517303e-01
-7.832886835791950109e-01 5.558872653168893674e-01 2.782951961062864465e-01
-7.548700998900421677e-01 5.916263313683195468e-01 2.831067770029082609e-01
-7.243891059290628043e-01 6.265140708402403558e-01 2.876466132903996997e-01
-6.918775011935133223e-01 6.603779928445133729e-01 2.919014606222201103e-01
-6.573836486429565085e-01 6.930471489233178684e-01 2.958587863641100602e-01
-6.210627538055333297e-01 7.243193208958481621e-01 2.994037598863660832e-01
-5.830099915908882879e-01 7.540344504688092364e-01 3.025416200758115348e-01
-5.433344474798911250e-01 7.820436632419491829e-01 3.052792523433727756e-01
-5.021577384492647012e-01 8.082106598730872671e-01 3.076250478344859651e-01
-4.596124778173372172e-01 8.324128873941765150e-01 3.095887436446418395e-01
-4.158406236060407934e-01 8.545424745817028489e-01 3.111812491291884308e-01
-3.709917509015809856e-01 8.745069230214070899e-01 3.124144635134046832e-01
-3.252212880226915681e-01 8.922295529677010117e-01 3.133010899132175897e-01
-2.786887542402745610e-01 9.076497099585393302e-01 3.138544505908588689e-01
-2.315560335669776815e-01 9.207227441500165366e-01 3.140883078239715687e-01
-1.839857150209288639e-01 9.314197793013541116e-01 3.140166941975281456e-01
-1.361395250521411915e-01 9.397272921692014780e-01 3.136537554743285550e-01
-8.817687278627420189e-02 9.456465257346199360e-01 3.130136085004768254e-01
-4.025352364958070112e-02 9.491927612273292070e-01 3.121102158930971759e-01
7.479587983365031112e-03 9.503944744240243603e-01 3.109572785701805731e-01
5.487740104946348813e-02 9.492924013142098882e-01 3.095681465427035928e-01
1.018016229823638097e-01 9.459385371058198766e-01 3.079557478166132789e-01
1.481214793581778766e-01 9.403950908521166996e-01 3.061325347601891456e-01
1.937143224406051578e-01 9.327334158877280679e-01 3.041104468879941569e-01
2.384661053512509288e-01 9.230329339208697137e-01 3.019008886981930373e-01
2.822717302872696510e-01 9.113800681785778623e-01 2.995147209731827131e-01
3.250352803642326815e-01 8.978671985577290071e-01 2.969622638085963051e-01
3.666701453427086976e-01 8.825916493882604019e-01 2.942533095647533181e-01
4.070990517764270233e-01 8.656547182337718249e-01 2.913971439279531284e-01
4.462540080746724147e-01 8.471607521835451404e-01 2.884025733163189109e-01
4.840761746761998441e-01 8.272162763539764319e-01 2.852779569557434280e-01
5.205156690552731336e-01 8.059291778247631433e-01 2.820312420757942196e-01
5.555313146831857285e-01 7.834079469809216434e-01 2.786700008238340298e-01
5.890903424022210233e-01 7.597609772009459306e-01 2.752014676596865606e-01
6.211680519750034657e-01 7.350959230025837510e-01 2.716325761655654647e-01
6.517474408824835974e-01 7.095191161053168161e-01 2.679699943804342843e-01
6.808188067813760735e-01 6.831350383656503711e-01 2.642201579393115840e-01
7.083793294117914918e-01 6.560458501609940374e-01 2.603893004621389284e-01
7.344326371764868799e-01 6.283509725151904535e-01 2.564834807905011504e-01
7.589883630976357320e-01 6.001467210511868267e-01 2.525086068113769899e-01
7.820616943942385602e-01 5.715259897047079152e-01 2.484704557336027408e-01
8.036729195093089695e-01 5.425779820212951465e-01 2.443746907938890434e-01
8.238469760449929069e-01 5.133879877753528831e-01 2.402268744646245957e-01
8.426130027290981150e-01 4.840372025847646253e-01 2.360324783153717187e-01
8.600038982311959401e-01 4.546025881419535342e-01 2.317968897443225818e-01
8.760558893639514011e-01 4.251567706381734202e-01 2.275254158457611364e-01
8.908081109398150454e-01 3.957679749205214037e-01 2.232232847157203659e-01
9.043021992998753200e-01 3.664999918903784626e-01 2.188956445216724556e-01
9.165819012868361426e-01 3.374121766284822743e-01 2.145475606745010921e-01
9.276927001952457452e-01 3.085594747170505858e-01 2.101840114435211126e-01
9.376814599978241516e-01 2.799924742250337606e-01 2.058098823493068330e-01
9.465960889165913050e-01 2.517574808304253176e-01 2.014299596559462890e-01
9.544852231818528043e-01 2.238966135751260800e-01 1.970489232653985234e-01
9.613979316019855004e-01 1.964479187842944619e-01 1.926713392931855562e-01
9.673834413538535681e-01 1.694454997341004465e-01 1.883016525779052097e-01
9.725137037781539373e-01 1.429949198684762890e-01 1.837649609948332208e-01
9.768375353190713595e-01 1.171504806307880620e-01 1.790648100662718956e-01
9.804057373060797165e-01 9.196310930391975169e-02 1.742050177439189995e-01
9.832707104959663713e-01 6.748031616116133280e-02 1.691896212611278261e-01
9.854860701948439106e-01 4.374619188603506847e-02 1.640228246258805256e-01
9.871062660827818469e-01 2.080144341512925321e-02 1.587089474350446838e-01
9.881862104036319705e-01 -1.316534169496754586e-03 1.532523756340945786e-01
9.887809176707039738e-01 -2.257355251170524782e-02 1.476575147834904567e-01
9.889451584929466188e-01 -4.293849478013724019e-02 1.419287463257125070e-01
9.887331295632852957e-01 -6.238315382012206423e-02 1.360703872778273038e-01
9.881981412865915582e-01 -8.088204726195338812e-02 1.300866537055174743e-01
9.873923239736156487e-01 -9.841221328899930898e-02 1.239816282675864079e-01
9.863663530013841996e-01 -1.149529908002448197e-01 1.177592320566221012e-01
9.851691928502956941e-01 -1.304857876739123346e-01 1.114232009030243359e-01
9.838478594816101319e-01 -1.449938407625879500e-01 1.049770662568995788e-01
9.824472001224014983e-01 -1.584619711370071071e-01 9.842414071602173520e-02
9.810096891826877163e-01 -1.708763379564981200e-01 9.176750822845401723e-02
9.795752387441178932e-01 -1.822241941898100070e-01 8.501001896555016035e-02
9.781810218327274820e-01 -1.924936472507099705e-01 7.815428883467046006e-02
9.768613065202551571e-01 -2.016734274574059627e-01 7.120270358059660465e-02
9.756472987890354442e-01 -2.097526670814555683e-01 6.415742740965124646e-02
9.745669920437828315e-01 -2.167206926269859835e-01 5.702041606009682073e-02
9.736450211587531767e-01 -2.225668328799880469e-01 4.979343423553773962e-02
9.729025190100013543e-01 -2.272802451938893964e-01 4.247807731370140810e-02
9.723569735592180185e-01 -2.308497624337432497e-01 3.507579723995704613e-02
9.720220837278709114e-01 -2.332637629877682695e-01 2.758793251200712671e-02
9.719076125285786016e-01 -2.345100662705589811e-01 2.001574215806438406e-02
9.720192362059011382e-01 -2.345758561842370971e-01 1.236044360418429855e-02
9.723583884827039503e-01 -2.334476350674997702e-01 4.623254315922135059e-03
9.729220994130807210e-01 -2.311112107413888506e-01 -3.194562916204800145e-03
9.737028288109302876e-01 -2.275517193460807330e-01 -1.109165120014203934e-02
9.746882947571418043e-01 -2.227536867443538349e-01 -1.906650745719346701e-02
9.758612982900628507e-01 -2.167011313316558330e-01 -2.711742724971083485e-02
9.771995460548281720e-01 -2.093777111245478662e-01 -3.524244679146770753e-02
9.786754734271466694e-01 -2.007669179810601112e-01 -4.343928246976874047e-02
9.802560714341694847e-01 -1.908523217181315179e-01 -5.170526827857981067e-02
9.819027216641220690e-01 -1.796178667106400340e-01 -6.003729164338261759e-02
9.835710442788228036e-01 -1.670482232595245642e-01 -6.843172821069998246e-02
9.852107652057024989e-01 -1.531291955778015801e-01 -7.688437627736993685e-02
9.867656095695813701e-01 -1.378481876369991865e-01 -8.539039164504412527e-02
9.881732294038074738e-01 -1.211947273173272360e-01 -9.394422380162584241e-02
9.893651746226507226e-01 -1.031610482894082526e-01 -1.025395544501202100e-01
9.902669171013855909e-01 -8.374272780401439964e-02 -1.111692395223402852e-01
9.907979384483963647e-01 -6.293937706532555520e-02 -1.198252559247710153e-01
9.908718926080438694e-01 -4.075537910751376308e-02 -1.284986543603026110e-01
9.903968547399475408e-01 -1.720066708993661306e-02 -1.371795196452443300e-01
9.892756678102340162e-01 7.708466307047006499e-03 -1.458569399880081940e-01
9.874063979306845207e-01 3.394854012863526838e-02 -1.545189867056357969e-01
9.846829086206093651e-01 6.148805133778648124e-02 -1.631527058183941670e-01
9.809955627768840447e-01 9.028665287403238315e-02 -1.717441228729308655e-01
9.762741705367784517e-01 1.202184751018441772e-01 -1.801007525958314981e-01
9.704203389544688863e-01 1.511992058059832555e-01 -1.882104836234020362e-01
9.633385706238624113e-01 1.831359363870115331e-01 -1.960613393204017896e-01
9.549374578438695194e-01 2.159272125222039818e-01 -2.036416301750367253e-01
9.451308839588954402e-01 2.494632371168181151e-01 -2.109401099588421313e-01
9.338392099054227957e-01 2.836262316722715782e-01 -2.179461324744118023e-01
9.209904223841673954e-01 3.182909582356144851e-01 -2.246498055004579053e-01
9.065212192125718937e-01 3.533253997432913573e-01 -2.310421384304828518e-01
8.903780073965605890e-01 3.885915919914485483e-01 -2.371151801025333239e-01
8.725177903576137872e-01 4.239465958427123815e-01 -2.428621434421061320e-01
8.529089225795354334e-01 4.592435938209762369e-01 -2.482775137911274466e-01
8.315317126662040703e-01 4.943330911621464652e-01 -2.533571381690181701e-01
8.083788593425010882e-01 5.290641978823122926e-01 -2.580982931961288696e-01
7.834557091516149985e-01 5.632859656750589528e-01 -2.624997299875153622e-01
7.567803293267140186e-01 5.968487516005205329e-01 -2.665616949725754248e-01
7.283833943352353568e-01 6.296055796776175439e-01 -2.702859262855037970e-01
6.983078896826838688e-01 6.614134716811431725e-01 -2.736756260722340017e-01
6.666086414889355050e-01 6.921347196630969201e-01 -2.767354097402663915e-01
6.333516848940187183e-01 7.216380748929694944e-01 -2.794712338086759451e-01
5.986134883181500888e-01 7.497998309239981563e-01 -2.818903045701225962e-01
5.624800538357541679e-01 7.765047821797802508e-01 -2.840009702332457198e-01
5.250459163146103947e-01 8.016470436267600919e-01 -2.858125995569234523e-01
4.864130654591422021e-01 8.251307215460026434e-01 -2.873354502087996365e-01
4.466898154725428838e-01 8.468704299336740071e-01 -2.885805301773957110e-01
4.059896467554511834e-01 8.667916514465483502e-01 -2.895594555447071894e-01
3.644300429705426558e-01 8.848309458920948778e-01 -2.902843077947698802e-01
3.221313450369556741e-01 9.009360128988816996e-01 -2.907674936081181549e-01
2.792156413129349146e-01 9.150656184853919184e-01 -2.910216097903592924e-01
2.358057105285683297e-01 9.271893977059803005e-01 -2.910593156250055880e-01
1.920240310940981576e-01 9.372875473618675901e-01 -2.908932145463922203e-01
1.479918673771146165e-01 9.453504239280415833e-01 -2.905357466173110192e-01
1.038284405439404701e-01 9.513780623988944418e-01 -2.899990928854804806e-01
5.965018870728010930e-02 9.553796317552647466e-01 -2.892950922982483464e-01
1.557011850185664736e-02 9.573728422790357406e-01 -2.884351714881734363e-01
-2.830275211325396223e-02 9.573833190745354438e-01 -2.874302874124602947e-01
-7.186386201129664475e-02 9.554439549886223348e-01 -2.862908825426898063e-01
-1.150134898251559123e-01 9.515942547421419873e-01 -2.850268520611567991e-01
-1.576570567231835862e-01 9.458796805774214445e-01 -2.836475223271780477e-01
-1.997053550320467830e-01 9.383510081639599987e-01 -2.821616397297220247e-01
-2.410747093061407775e-01 9.290636999510959448e-01 -2.805773689388021963e-01
-2.816870767588574576e-01 9.180773016640833006e-01 -2.789022995033005325e-01
-3.214700940409455088e-01 9.054548662487352795e-01 -2.771434597125637667e-01
-3.603570772171754144e-01 8.912624083082451021e-01 -2.753073366382050580e-01
-3.982869814963821975e-01 8.755683909622501426e-01 -2.733999012959585917e-01
-4.352043268517477581e-01 8.584432461018385307e-01 -2.714266379102658888e-01
-4.710590951648025437e-01 8.399589282165590420e-01 -2.693925763219659486e-01
-5.058066039709463446e-01 8.201885013259783141e-01 -2.673023266479200299e-01
-5.394073613046418414e-01 7.992057580496623181e-01 -2.651601153770582475e-01
-5.718269055624405350e-01 7.770848694830033709e-01 -2.629698221671583069e-01
-6.030356337406143075e-01 7.539000642972643051e-01 -2.607350166881599596e-01
-6.330144227519324263e-01 7.297424796094759136e-01 -2.583963723199231843e-01
-6.617356360957357131e-01 7.046945559514194990e-01 -2.559522644182465889e-01
-6.891768254073358246e-01 6.788395486554303915e-01 -2.534012651123810356e-01
-7.153207261412083406e-01 6.522611815848218253e-01 -2.507421785979683793e-01
-7.401552286548011006e-01 6.250433002341090338e-01 -2.479740720610680016e-01
-7.636733237357203885e-01 5.972695264125306158e-01 -2.450963019302272172e-01
-7.858730219254603799e-01 5.690229169823147748e-01 -2.421085352375612898e-01
-8.067572463518087877e-01 5.403856293178309622e-01 -2.390107659553256103e-01
-8.263336991759639982e-01 5.114385962757191928e-01 -2.358033262598916435e-01
-8.446147021747334449e-01 4.822612135147295032e-01 -2.324868927587264156e-01
-8.616170123981388151e-01 4.529310419757263118e-01 -2.290624877962738337e-01
-8.773616142538104290e-01 4.235235282284147695e-01 -2.255314760299561849e-01
-8.918734897580308241e-01 3.941117452158691137e-01 -2.218955565363919802e-01
-9.051813690468233364e-01 3.647661556873680877e-01 -2.181567507690709562e-01
-9.173174635484775408e-01 3.355544003129395381e-01 -2.143173867410755329e-01
-9.283171844728197453e-01 3.065411121295811281e-01 -2.103800798491836099e-01
-9.382188494661218847e-01 2.777877585907116975e-01 -2.063477107883110728e-01
-9.470633804099402031e-01 2.493525120890000002e-01 -2.022234010275291982e-01
-9.548939954059123547e-01 2.212901494104412281e-01 -1.980104863308914942e-01
-9.617558979874376579e-01 1.936519801661915063e-01 -1.937124888083745500e-01
-9.676959665361120067e-01 1.664858038492495196e-01 -1.893330879749810236e-01
-9.727624467605203717e-01 1.398358947854965451e-01 -1.848760912802887846e-01
-9.770046499237126092e-01 1.137430139013753672e-01 -1.803454045474552903e-01
-9.804726592907785365e-01 8.824444592051493286e-02 -1.757450027310287488e-01
-9.832170470175191079e-01 6.337406033409204165e-02 -1.710789013680851511e-01
-9.852886034238360624e-01 3.916239426813548224e-02 -1.663511290584508695e-01
-9.867380802997346434e-01 1.563675519709838840e-02 -1.615657012683208160e-01
-9.876159495861250859e-01 -7.178658672948298736e-03 -1.567265957086319828e-01
-9.879721784647851335e-01 -2.926262260743695692e-02 -1.518377294962132695e-01
-9.878560215890508367e-01 -5.059673642372405911e-02 -1.469029382630033798e-01
-9.873158308953237094e-01 -7.116526473405300479e-02 -1.419259573373873318e-01
-9.863988831606184116e-01 -9.095496859398555234e-02 -1.369104050826817076e-01
-9.851512252174090545e-01 -1.099549307250979047e-01 -1.318597684415895310e-01
-9.836175365072160615e-01 -1.281563763798713451e-01 -1.267773907024914715e-01
-9.818410084509585634e-01 -1.455524917943052388e-01 -1.216664614740453620e-01
-9.798632399384099578e-01 -1.621382420349819220e-01 -1.165300088289033531e-01
-9.777241480916138983e-01 -1.779101898970553153e-01 -1.113708935554800633e-01
-9.754618933375991396e-01 -1.928663173525250740e-01 -1.061918054385682236e-01
-9.731128177333114859e-01 -2.070058508883884374e-01 -1.009952614750626448e-01
-9.707113954189929839e-01 -2.203290919155466987e-01 -9.578360591991173789e-02
-9.682901940335489899e-01 -2.328372532748783641e-01 -9.055901204940421112e-02
-9.658798459047481799e-01 -2.445323027193455900e-01 -8.532348552371293859e-02
-9.635090278262263830e-01 -2.554168141125151559e-01 -8.007886922792757656e-02
-9.612044482499809694e-01 -2.654938269560861430e-01 -7.482684947026682631e-02
-9.589908407551047675e-01 -2.747667147430838952e-01 -6.956896341742122014e-02
-9.568909626987635031e-01 -2.832390625300281184e-01 -6.430660764969425847e-02
-9.549255980118159792e-01 -2.909145540309456268e-01 -5.904104772245053617e-02
-9.531135631671352471e-01 -2.977968684585618475e-01 -5.377342862503072668e-02
-9.514717154219137774e-01 -3.038895872730578152e-01 -4.850478603346147083e-02
-9.500149625145247745e-01 -3.091961109458565837e-01 -4.323605825870479452e-02
-9.487412065113065562e-01 -3.137546753176265191e-01 -3.805453372005398321e-02
-9.476582487036496749e-01 -3.175806228237399442e-01 -3.296077093132000757e-02
-9.467719498706373971e-01 -3.206889397535841457e-01 -2.795531447015860496e-02
-9.460863311553368016e-01 -3.230942473924444114e-01 -2.303870774850930517e-02
-9.456036718902498528e-01 -3.248108027197256775e-01 -1.821150464178302592e-02
-9.453246044394774117e-01 -3.258525077176842588e-01 -1.347427996418057786e-02
-9.452482061929136092e-01 -3.262329263861639683e-01 -8.827638783366112060e-03
-9.453720889030705621e-01 -3.259653085984508536e-01 -4.272224572852886468e-03
-9.456924855987483003e-01 -3.250626199706715402e-01 1.912737949844754357e-04
-9.462043353424858250e-01 -3.235375769517611078e-01 4.562116208248523201e-03
-9.469013661212897226e-01 -3.214026863727175720e-01 8.839506616403111292e-03
-9.477761761732432788e-01 -3.186702887226093850e-01 1.302258945832778306e-02
-9.488203140569095861e-01 -3.153526044447299559e-01 1.711044719970603381e-02
-9.500243577665937744e-01 -3.114617825696524012e-01 2.110209895846781869e-02
-9.513779931851271687e-01 -3.070099510230930306e-01 2.499650019350335706e-02
-9.528700921474804186e-01 -3.020092679659008295e-01 2.879254342823827501e-02
-9.544887903637857551e-01 -2.964719735416865842e-01 3.248905997686146740e-02
-9.562215654198523707e-01 -2.904104414251804656e-01 3.608482263699427928e-02
-9.580553150375987759e-01 -2.838372295819853175e-01 3.957854930836714191e-02
-9.599764357376395774e-01 -2.767651296686278184e-01 4.296890749262822357e-02
-9.619709020022139123e-01 -2.692072145213454393e-01 4.625451962476519185e-02
-9.640243459894389799e-01 -2.611768832035183951e-01 4.943396918180960331e-02
-9.661221378002534665e-01 -2.526879031056560310e-01 5.250580750956226894e-02
-9.682494662481779812e-01 -2.437544486189192894e-01 5.546856130309110733e-02
-9.703914200299873505e-01 -2.343911359337723377e-01 5.832074067178717042e-02
-9.725330691434360686e-01 -2.246130535498898351e-01 6.106084771490837698e-02
-9.746595463471940946e-01 -2.144357881221760354e-01 6.368738552889174898e-02
-9.767561284090559015e-01 -2.038754453108391484e-01 6.619886756337962919e-02
-9.788083168421978231e-01 -1.929486653509400462e-01 6.859382723899284939e-02
-9.808019177866902361e-01 -1.816726331085915247e-01 7.087082773650682510e-02
-9.827231206555011589e-01 -1.700650824467785094e-01 7.302847186435432181e-02
-9.845585751316903167e-01 -1.581442947832097934e-01 7.506541190939856889e-02
-9.862954660771465765e-01 -1.459290917851701341e-01 7.698035937478857338e-02
-9.879215858937465677e-01 -1.334388222113566669e-01 7.877209450851327399e-02
-9.894254038657611661e-01 -1.206933429773731914e-01 8.043947552708345661e-02
-9.907961320081490886e-01 -1.077129945890324680e-01 8.198144744064636558e-02
-9.920237869493327976e-01 -9.451857115490697181e-02 8.339705038881231602e-02
-9.930992473892789052e-01 -8.113128525563680082e-02 8.468542740055959306e-02
-9.940143066941599104e-01 -6.757272801127718609e-02 8.584583149677407765e-02
-9.947617202173303363e-01 -5.386482474836550016e-02 8.687763206023958740e-02
-9.953352469724191520e-01 -4.002978672434993890e-02 8.778032040516746404e-02
-9.957296853274436588e-01 -2.609005941753893970e-02 8.855351448655758573e-02
-9.959409024382671616e-01 -1.206826793487256709e-02 8.919696269871574268e-02
-9.959658571945636529e-01 2.012839873237859400e-03 8.971054672199108015e-02
-9.958026165107221050e-01 1.613045197269914049e-02 9.009428338710190332e-02
-9.954503648566996876e-01 3.026175174122249650e-02 9.034832553713482983e-02
-9.949094069885339175e-01 4.438397794874287400e-02 9.047296187826668612e-02
-9.941811639038105053e-01 5.847448446916347908e-02 9.046861582130026613e-02
-9.932681621125999394e-01 7.251079907596655327e-02 9.033584332705273112e-02
-9.921740163779834143e-01 8.647068068919278039e-02 9.007532977931892448e-02
-9.909034061410947336e-01 1.003321744647048264e-01 8.968788591938919863e-02
-9.894620459024836556e-01 1.140736641479870583e-01 8.917444288578109390e-02
-9.878566498835450460e-01 1.276739211533122198e-01 8.853604641180935764e-02
-9.860948913378572156e-01 1.411121498741135794e-01 8.777385024175030082e-02
-9.841853569217772213e-01 1.543680287809180707e-01 8.688910883355560610e-02
-9.821374965659619427e-01 1.674217469182192608e-01 8.588316942226140172e-02
-9.799615693141789929e-01 1.802540354701454017e-01 8.475746352336696599e-02
-9.776685856125881813e-01 1.928461941256286449e-01 8.351349795949548904e-02
-9.752702465415131750e-01 2.051801120359325048e-01 8.215284549659149227e-02
-9.727788804826545954e-01 2.172382832198050950e-01 8.067713517777298782e-02
-9.702073777079363026e-01 2.290038163332099030e-01 7.908804244378088433e-02
-9.675691233620922205e-01 2.404604387806386911e-01 7.738727912881156190e-02
-9.648779292901589200e-01 2.515924952026240558e-01 7.557658341945604208e-02
-9.621479651338369354e-01 2.623849404285493181e-01 7.365770986259143061e-02
-9.593936890878705936e-01 2.728233270346295258e-01 7.163241950547669101e-02
-9.566297786699113903e-01 2.828937876935708751e-01 6.950247024810601859e-02
-9.538710618155351595e-01 2.925830125446072238e-01 6.726960748418207847e-02
-9.511324485649655935e-01 3.018782218501869230e-01 6.493555510300522138e-02
-9.484288635604184448e-01 3.107671342385123214e-01 6.250200692024908411e-02
-9.457751795235908032e-01 3.192379308594974763e-01 5.997061860111989329e-02
-9.431861518324432536e-01 3.272792158057192813e-01 5.734300013488246445e-02
-9.406763542657667898e-01 3.348799731698953175e-01 5.462070891528035543e-02
-9.382601159337732311e-01 3.420295211267356250e-01 5.180524347706851052e-02
-9.359514593637102697e-01 3.487174634401666307e-01 4.889803793479365057e-02
-9.337640396618537286e-01 3.549336388074594284e-01 4.590045716616565630e-02
-9.317110846276861480e-01 3.606680684603167375e-01 4.281379277891615015e-02
-9.298053356530997515e-01 3.659109024501195351e-01 3.963925989697688473e-02
-9.280589891994857066e-01 3.706523650509710999e-01 3.637799479915671680e-02
-9.264836386089840836e-01 3.748826997205826905e-01 3.303105344126184423e-02
-9.250902159733243035e-01 3.785921140660938877e-01 2.959941089078682586e-02
-9.238889337549406333e-01 3.817707252702833842e-01 2.608396170188539281e-02
-9.228892258307360708e-01 3.844085064439388133e-01 2.248552125727776643e-02
-9.220996876093576766e-01 3.864952343830296844e-01 1.880482810301808277e-02
-9.215280148585016651e-01 3.880204392253229218e-01 1.504254730157020270e-02
-9.211809408700168955e-01 3.889733565207006416e-01 1.119927482834677870e-02
-9.210641715878843394e-01 3.893428822531178057e-01 7.275543036664195752e-03
-9.211823183280453131e-01 3.891175313802163749e-01 3.271827215850195945e-03
-9.215388277301533870e-01 3.882854004893457889e-01 -8.114467331084944390e-04
-9.221359086003171335e-01 3.868341352062487082e-01 -4.973893480608764656e-03
-9.229744553315822886e-01 3.847509030349529624e-01 -9.215158287428967115e-03
-9.240539676261538826e-01 3.820223723542911509e-01 -1.353490583856271912e-02
-9.253724662911748666e-01 3.786346983475937233e-01 -1.793280787314360802e-02
-9.269264049393377558e-01 3.745735166968963692e-01 -2.240852959503899025e-02
-9.287105774978841044e-01 3.698239459306461030e-01 -2.696171485316593494e-02
-9.307180215158770142e-01 3.643705993732799242e-01 -3.159197008642046500e-02
-9.329399173613056595e-01 3.581976077047572260e-01 -3.629884703553125369e-02
-9.353654835178794036e-01 3.512886531963685388e-01 -4.108182423337199823e-02
-9.379818683275541469e-01 3.436270167437294187e-01 -4.594028729651086079e-02
-9.407740386800492738e-01 3.351956388661764263e-01 -5.087350805424996347e-02
-9.437246663258440638e-01 3.259771958807137215e-01 -5.588062256730286920e-02
-9.468018544877528919e-01 3.160241545805737573e-01 -6.078654593378227805e-02
-9.499800035363441530e-01 3.053458370181064696e-01 -6.558913685606114485e-02
-9.532324038435757707e-01 2.939521577009120423e-01 -7.028609749768939541e-02
-9.565313506470303206e-01 2.818537463650770958e-01 -7.487498402876233139e-02
-9.598482656718473338e-01 2.690620670647652646e-01 -7.935321918225136939e-02
-9.631538258112612994e-01 2.555895322022320171e-01 -8.371810676694875497e-02
-9.664180990054184184e-01 2.414496101005158268e-01 -8.796684806434099113e-02
-9.696106872845761115e-01 2.266569247135070131e-01 -9.209656001668817260e-02
-9.727008767591732719e-01 2.112273460778105183e-01 -9.610429509214092614e-02
-9.756577941483753902e-01 1.951780701405389229e-01 -9.998706269024323912e-02
-9.784505692438086877e-01 1.785276866492768733e-01 -1.037418519280917245e-01
-9.810485025100179612e-01 1.612962338668490203e-01 -1.073656556242594123e-01
-9.834212368318060449e-01 1.435052389755185065e-01 -1.108554952749128963e-01
-9.855389322354651815e-01 1.251777431634771842e-01 -1.142084467949664867e-01
-9.873724422405832923e-01 1.063383105408243212e-01 -1.174216667772657874e-01
-9.888934903462968107e-01 8.701302021169968204e-02 -1.204924190053251742e-01
-9.900748450251587451e-01 6.722944103199048060e-02 -1.234181009406954965e-01
-9.908904914935527941e-01 4.701658880534237417e-02 -1.261962698952124318e-01
-9.913157984537681600e-01 2.640486591047949000e-02 -1.288246685917165402e-01
-9.913276779628147350e-01 5.425983605691117595e-03 -1.313012498148049823e-01
-9.909047365794410034e-01 -1.588713248331694028e-02 -1.336241998561310818e-01
-9.900274159753583714e-01 -3.750045292383216711e-02 -1.357919604669461100e-01
-9.886781212701321042e-01 -5.937897005847252163e-02 -1.378032490440753988e-01
-9.868413354612241006e-01 -8.148683733563009957e-02 -1.396570767942827140e-01
-9.845037184698176569e-01 -1.037875208834331403e-01 -1.413527646457944098e-01
-9.816541895067226742e-01 -1.262439616146072974e-01 -1.428899567042620222e-01
-9.782839916771846056e-01 -1.488187459698839532e-01 -1.442686310831249596e-01
-9.743867379841516518e-01 -1.714742832610614831e-01 -1.454891079745437299e-01
-9.699584381509815945e-01 -1.941729874655117316e-01 -1.465520548660425026e-01
-9.649975059605186978e-01 -2.168774612548544090e-01 -1.474584888488690571e-01
-9.595047470912879684e-01 -2.395506800135769887e-01 -1.482097760059270797e-01
-9.534833277163575760e-01 -2.621561736192197234e-01 -1.488076279090057852e-01
-9.469387244093128153e-01 -2.846582038138015247e-01 -1.492540952959691136e-01
-9.398786561681157226e-01 -3.070219350946455927e-01 -1.495515590376495230e-01
-9.323129996151964249e-01 -3.292135971887484303e-01 -1.497027185405619409e-01
-9.242536886554078013e-01 -3.512006373443801177e-01 -1.497105777644433255e-01
-9.157146000677864883e-01 -3.729518608719053496e-01 -1.495784290623843327e-01
-9.067114266686725488e-01 -3.944375585874048129e-01 -1.493098350754321624e-01
-8.972615398100020068e-01 -4.156296200516169659e-01 -1.489086089326386586e-01
-8.873838430659343190e-01 -4.365016317468396467e-01 -1.483787930213852357e-01
-8.770986190129740345e-01 -4.570289595895237755e-01 -1.477246366013718337e-01
-8.664273710240012472e-01 -4.771888154303352003e-01 -1.469505725389893269e-01
-8.553926619767261430e-01 -4.969603074408044385e-01 -1.460611934371203458e-01
-8.440179517244850160e-01 -5.163244745211978959e-01 -1.450612274290666581e-01
-8.323274350951752609e-01 -5.352643050834626770e-01 -1.439555138947183899e-01
-8.203458820762238313e-01 -5.537647407623027540e-01 -1.427489793427751397e-01
-8.080984817139486021e-01 -5.718126657837270255e-01 -1.414466136853745337e-01
-7.956106911088868250e-01 -5.893968828717008890e-01 -1.400534471114862067e-01
-7.829080907290986158e-01 -6.065080766985730953e-01 -1.385745277435057876e-01
-7.700162470955033145e-01 -6.231387659832781090e-01 -1.370149002382490544e-01
-7.569605837211872412e-01 -6.392832454131808229e-01 -1.353795854695847567e-01
-7.437662610142375952e-01 -6.549375186117317726e-01 -1.336735614058063015e-01
-7.304580656845411912e-01 -6.700992233962742572e-01 -1.319017452710205540e-01
-7.170603100322121559e-01 -6.847675505702741638e-01 -1.300689770567649006e-01
-7.035967413414850880e-01 -6.989431574741440389e-01 -1.281800044281205808e-01
-6.900904614611194088e-01 -7.126280774811595276e-01 -1.262394690480739823e-01
-6.765638565222074075e-01 -7.258256265723082024e-01 -1.242518943250217056e-01
-6.630385366278790382e-01 -7.385403080588948121e-01 -1.222216745712894764e-01
-6.495352852474133298e-01 -7.507777164469658926e-01 -1.201530655454428054e-01
-6.360740179599607691e-01 -7.625444413556009549e-01 -1.180501763380615160e-01
-6.226737501203459813e-01 -7.738479723142097644e-01 -1.159169625495278660e-01
-6.093525729608448849e-01 -7.846966051743182735e-01 -1.137572206991966373e-01
-5.961276375977488939e-01 -7.950993507808665761e-01 -1.115745837979950639e-01
-5.830151463790770316e-01 -8.050658464584636853e-01 -1.093725180109333395e-01
-5.700303509889532716e-01 -8.146062707807932846e-01 -1.071543203320617504e-01
-5.571875567138200314e-01 -8.237312620076400194e-01 -1.049231171919443872e-01
-5.445001322746294559e-01 -8.324518404947636174e-01 -1.026818639165760078e-01
-5.319805246362432349e-01 -8.407793353078121257e-01 -1.004333449566903042e-01
-5.196402782192952596e-01 -8.487253152031684067e-01 -9.818017480743529424e-02
-5.074900579595740258e-01 -8.563015240763858227e-01 -9.592479954027048616e-02
-4.955396756844737127e-01 -8.635198209228632793e-01 -9.366949887152242749e-02
-4.837981193042225625e-01 -8.703921243056566004e-01 -9.141638869518188548e-02
-4.722735843464888617e-01 -8.769303612817220817e-01 -8.916742401110852589e-02
-4.609735073957442197e-01 -8.831464207002442945e-01 -8.692440218371075278e-02
-4.499046010326822609e-01 -8.890521107547316726e-01 -8.468896647028573144e-02
-4.390728899033902177e-01 -8.946591206439391541e-01 -8.246260976244453034e-02
-4.284837475822927955e-01 -8.999789861750145947e-01 -8.024667848833111350e-02
-4.181419339266566615e-01 -9.050230591251564594e-01 -7.804237662760275807e-02
-4.080516326532708238e-01 -9.098024801650933524e-01 -7.585076979531728270e-02
-3.982164888994899066e-01 -9.143281551384270234e-01 -7.367278935492227454e-02
-3.886396465609043283e-01 -9.186107344848919443e-01 -7.150923652442675582e-02
-3.793237852262982823e-01 -9.226605955924720437e-01 -6.936078644352773603e-02
-3.702711565571551455e-01 -9.264878278626846875e-01 -6.722799217294224416e-02
-3.614836199836895525e-01 -9.301022202748224776e-01 -6.511128860044521072e-02
-3.529626776121919662e-01 -9.335132512381912884e-01 -6.301099623112729753e-02
-3.447095082593656379e-01 -9.367300805260766472e-01 -6.092732484215971495e-02
-3.367250005483416464e-01 -9.397615430910202239e-01 -5.886037698488716385e-02
-3.290097850182295280e-01 -9.426161445677302408e-01 -5.681015131936811152e-02
-3.215642652144626856e-01 -9.453020582773407066e-01 -5.477654576855091328e-02
-3.143886477409144620e-01 -9.478271235545751017e-01 -5.275936048112349341e-02
-3.074829712668813442e-01 -9.501988452274580110e-01 -5.075830059371355674e-02
-3.008471344926506585e-01 -9.524243940874049796e-01 -4.877297878455771896e-02
-2.944809230865939598e-01 -9.545106081956548083e-01 -4.680291761201330752e-02
-2.883840356146518125e-01 -9.564639948799672498e-01 -4.484755163236944786e-02
-2.825561084898027264e-01 -9.582907332831955838e-01 -4.290622929233704752e-02
-2.769967399747340075e-01 -9.599966773326558123e-01 -4.097821459237416253e-02
-2.717055132755470392e-01 -9.615873590060896037e-01 -3.906268851764657657e-02
-2.666820187680210563e-01 -9.630679917763832476e-01 -3.715875023394683146e-02
-2.619258754008074175e-01 -9.644434741230097918e-01 -3.526541804631035115e-02
-2.574367513220039427e-01 -9.657183930033652608e-01 -3.338163011838783667e-02
-2.532019434639623534e-01 -9.668995545062537555e-01 -3.152865547587799938e-02
-2.492186462309544381e-01 -9.679915928435819383e-01 -2.970473690456956750e-02
-2.454841930647455872e-01 -9.689988008901885275e-01 -2.790812981906695342e-02
-2.419960642130853101e-01 -9.699251443942463746e-01 -2.613710191886475104e-02
-2.387518936783171175e-01 -9.707742752054073776e-01 -2.438993273840593320e-02
-2.357494754254473857e-01 -9.715495435319477791e-01 -2.266491310166833528e-02
-2.329867689217446913e-01 -9.722540092390811184e-01 -2.096034449100093663e-02
-2.304619040730815638e-01 -9.728904522010428657e-01 -1.927453833917929307e-02
-2.281731856157521443e-01 -9.734613817195811869e-01 -1.760581525296588123e-02
-2.261190970163731995e-01 -9.739690450211594408e-01 -1.595250417584436961e-02
-2.242983039266739642e-01 -9.744154348445377423e-01 -1.431294149704473787e-02
-2.227096572344683945e-01 -9.748022961294986466e-01 -1.268547011348669130e-02
-2.213521957468544132e-01 -9.751311318163452535e-01 -1.106843845084041697e-02
-2.202251485366620298e-01 -9.754032077644699816e-01 -9.460199449534479818e-03
-2.193279369783474042e-01 -9.756195567967950177e-01 -7.859109521229246803e-03
-2.186601764948678528e-01 -9.757809818752429809e-01 -6.263527481019520726e-03
-2.182216780325420824e-01 -9.758880584106457423e-01 -4.671813460430917705e-03
-2.180124492764665689e-01 -9.759411357086441585e-01 -3.082327806130494979e-03
-2.180326956146909356e-01 -9.759403375512120116e-01 -1.493429969182704254e-03
-2.182828208550181837e-01 -9.758855619114554791e-01 9.652261035311606591e-05
-2.187634276939558475e-01 -9.757764797973261794e-01 1.689175618667475330e-03
-2.194753179329681780e-01 -9.756125332178547938e-01 3.286178978396048483e-03
-2.204194924327322891e-01 -9.753929322634803389e-01 4.889187948742159187e-03
-2.215971507915476535e-01 -9.751166512900443228e-01 6.499864210313632991e-03
-2.230096907293529773e-01 -9.747824241940501455e-01 8.119876929212649364e-03
-2.246587071539310476e-01 -9.743887387648905163e-01 9.750903794607473571e-03
-2.265459908807937739e-01 -9.739338300979322183e-01 1.139463202364180035e-02
-2.286735269728981390e-01 -9.734156730506586808e-01 1.305275932709824491e-02
-2.310434926607116413e-01 -9.728319737225269437e-01 1.472699482872433414e-02
-2.336582547971837176e-01 -9.721801599378405712e-01 1.641905993054902299e-02
-2.365203667958482026e-01 -9.714573707098097533e-01 1.813068911586168674e-02
-2.396325649935418245e-01 -9.706604446631110772e-01 1.986363068079005645e-02
-2.429977643720347691e-01 -9.697859073917290962e-01 2.161964738459469515e-02
-2.466190535651932580e-01 -9.688299577287117215e-01 2.340051700789118339e-02
-2.504996890700904588e-01 -9.677884529047772189e-01 2.520803280701319760e-02
-2.546430885717163584e-01 -9.666568925735465889e-01 2.704400385163574852e-02
-2.590528232815720311e-01 -9.654304016826285029e-01 2.891025523158408800e-02
-2.637326091804384487e-01 -9.641037121719545633e-01 3.080862811745634783e-02
-2.686862970449576116e-01 -9.626711434837642578e-01 3.274097965828340340e-02
-2.739178611263315966e-01 -9.611265818725944765e-01 3.470918269793502042e-02
-2.794313863374184859e-01 -9.594634585086796452e-01 3.671512529035503986e-02
-2.852310537917808198e-01 -9.576747263744757044e-01 3.876070999196930267e-02
-2.913211245248255032e-01 -9.557528359617544211e-01 4.084785290775880262e-02
-2.977059212130905852e-01 -9.536897097860714823e-01 4.297848246552964796e-02
-3.043898076930196539e-01 -9.514767157466067493e-01 4.515453789084522551e-02
-3.113771660652868145e-01 -9.491046393726368935e-01 4.737796735292237882e-02
-3.186723711549774851e-01 -9.465636550134931548e-01 4.965072574954264295e-02
-3.262797620818195243e-01 -9.438432960470494182e-01 5.197477209670736675e-02
-3.342036106783509708e-01 -9.409324242028820340e-01 5.435206648639091809e-02
-3.424480864776091593e-01 -9.378191981205570293e-01 5.678456657334522012e-02
-3.510172179758894173e-01 -9.344910412913727260e-01 5.927422354951386585e-02
-3.599148498606619118e-01 -9.309346095636606977e-01 6.182297756226511065e-02
-3.691445958792416437e-01 -9.271357584277983843e-01 6.443275253039951189e-02
-3.787097870107433151e-01 -9.230795103377691380e-01 6.710545030979001013e-02
-3.886134145927725991e-01 -9.187500223717895986e-01 6.984294415864089611e-02
-3.988580680458680972e-01 -9.141305545855626935e-01 7.264707145079278561e-02
-4.094458668336798945e-01 -9.092034394684237464e-01 7.551962558435341977e-02
-4.203783862961442130e-01 -9.039500529753221603e-01 7.846234703231436125e-02
-4.316565769975183597e-01 -8.983507876764250666e-01 8.147691348185709392e-02
-4.432806772422462904e-01 -8.923850286412915445e-01 8.456492900991055550e-02
-4.552501184305594029e-01 -8.860311327560493888e-01 8.772791224437127833e-02
-4.675634229539640252e-01 -8.792664122596872689e-01 9.096728346343113669e-02
-4.802180943699689286e-01 -8.720671233791269517e-01 9.428435058989363682e-02
-4.932104996473661296e-01 -8.644084610416102876e-01 9.768029404343522848e-02
-5.065357433400398124e-01 -8.562645607462749942e-01 1.011561504217409896e-01
-5.201875336307173470e-01 -8.476085087834285270e-01 1.047127949915893363e-01
-5.341580402884575918e-01 -8.384123620983620073e-01 1.083509229835662724e-01
-5.484377447072216194e-01 -8.286471792045281282e-01 1.120710296994522903e-01
-5.630152823397912565e-01 -8.182830636559399462e-01 1.158733894597399616e-01
-5.778772780137252374e-01 -8.072892216875411364e-01 1.197580334404933222e-01
-5.930081748158987365e-01 -7.956340357211845182e-01 1.237247264741120345e-01
-6.083900574610799916e-01 -7.832851555091592255e-01 1.277729429177358600e-01
-6.240024713191156813e-01 -7.702096087415759573e-01 1.319018417261791920e-01
-6.398222385651303190e-01 -7.563739329722365401e-01 1.361102409034982141e-01
-6.558232732373548979e-01 -7.417443307129754082e-01 1.403965915485321236e-01
-6.719763973363607201e-01 -7.262868495012517744e-01 1.447589517548487081e-01
-6.882491604748314229e-01 -7.099675886517478052e-01 1.491949606741147794e-01
-7.046056659841871683e-01 -6.927529342511761223e-01 1.537018131034414981e-01
-7.210064067971480029e-01 -6.746098237374855699e-01 1.582762350109189475e-01
-7.374081148453065504e-01 -6.555060411113069474e-01 1.629144604682629116e-01
-7.537636281272261929e-01 -6.354105434504343508e-01 1.676122105138516949e-01
-7.700217800021951220e-01 -6.142938189300068963e-01 1.723646745216947940e-01
-7.861273156316103128e-01 -5.921282759860645450e-01 1.771664946999642887e-01
-8.020208408054694260e-01 -5.688886625948027520e-01 1.820117543842022512e-01
-8.176388086346045858e-01 -5.445525138737222770e-01 1.868939708224381935e-01
-8.329135497369721808e-01 -5.191006253474254040e-01 1.918060931691752957e-01
-8.477733515738953285e-01 -4.925175482682261352e-01 1.967405064093001865e-01
-8.621425924743145730e-01 -4.647921023537175400e-01 2.016890419181093519e-01
-8.759419355969244592e-01 -4.359179002198552144e-01 2.066429953265551678e-01
-8.890885875984303466e-01 -4.058938766755411098e-01 2.115931522984526858e-01
-9.014966260812924403e-01 -3.747248149365786651e-01 2.165298227361640293e-01
-9.130773989717141381e-01 -3.424218607534045278e-01 2.214428838112826869e-01
-9.237399978208761242e-01 -3.090030144744564389e-01 2.263218320661154470e-01
-9.333918056312550116e-01 -2.744935902366167357e-01 2.311558446505474484e-01
-9.419391181979328564e-01 -2.389266308402394345e-01 2.359338495488647880e-01
-9.492878361471988047e-01 -2.023432664839791839e-01 2.406446044156343722e-01
-9.553442228900319577e-01 -1.647930054570115321e-01 2.452767833839232248e-01
-9.600157216385887260e-01 -1.263339451607242148e-01 2.498190709399278897e-01
-9.632118225252220833e-01 -8.703289249678115846e-02 2.542602616841878604e-01
-9.648449687931814900e-01 -4.696538373878423461e-02 2.585893645312423716e-01
-9.648076587662325343e-01 -6.177630683663989930e-03 2.628840798542505519e-01
-9.630147774434775210e-01 3.524981654615801790e-02 2.671329450103451242e-01
-9.593847183571897475e-01 7.722722200739494391e-02 2.713244189305233922e-01
-9.538403956673490169e-01 1.196557337473121985e-01 2.754469593658741555e-01
-9.463102809987760100e-01 1.624275751263659917e-01 2.794891015297152337e-01
-9.367294493816148426e-01 2.054263646574083502e-01 2.834395364650595384e-01
-9.250406171430168856e-01 2.485275690675388671e-01 2.872871873452060298e-01
-9.111951534635447381e-01 2.915990916622682727e-01 2.910212818482957875e-01
-8.951540466296683540e-01 3.345019951906885169e-01 2.946314187432789167e-01
-8.768888058417882991e-01 3.770913553656343731e-01 2.981076268914895633e-01
-8.563822798131247582e-01 4.192172380895988759e-01 3.014404150085331913e-01
-8.336293743319523886e-01 4.607257903898326346e-01 3.046208107455478653e-01
-8.086376524448610770e-01 5.014604321918831875e-01 3.076403879333569624e-01
-7.814278029116407120e-01 5.412631334729522958e-01 3.104912811798701266e-01
-7.520339650168990087e-01 5.799757591367918907e-01 3.131661874088190189e-01
-7.205039006110997013e-01 6.174414622245368856e-01 3.156583543616810483e-01
-6.868990072885784448e-01 6.535061048817001339e-01 3.179615565369505181e-01
-6.512941697758084514e-01 6.880196858741844945e-01 3.200700594925010578e-01
-6.137774497801009588e-01 7.208377533902344814e-01 3.219785738676870235e-01
-5.744496176219059391e-01 7.518227823567509294e-01 3.236822008725104838e-01
-5.334235318395720293e-01 7.808454964872550974e-01 3.251763713235925057e-01
-4.908233755284829303e-01 8.077861166934175996e-01 3.264567805653135757e-01
-4.467837603941473001e-01 8.325355192454659825e-01 3.275193217871393281e-01
-4.014487113234819216e-01 8.549962890636095825e-01 3.283600203265958917e-01
-3.549705456982185092e-01 8.750836556665950727e-01 3.289749715276702458e-01
-3.075086627009915863e-01 8.927263015044546446e-01 3.293602846070651791e-01
-2.592282585304439002e-01 9.078670345824189081e-01 3.295120347704612596e-01
-2.102989837940487383e-01 9.204633193805683566e-01 3.294262255263551986e-01
-1.608935594429310167e-01 9.304876620473383486e-01 3.290987627781470914e-01
-1.111863675112371025e-01 9.379278476730075198e-01 3.285254418506458607e-01
-6.135203267974681518e-02 9.427870291294838667e-01 3.277019481417611235e-01
-1.156401034705079739e-02 9.450836685090102662e-01 3.266238716018157184e-01
3.800680350330343932e-02 9.448513336328289158e-01 3.252867347501182671e-01
8.719342578492753071e-02 9.421383534642461255e-01 3.236860334594662825e-01
1.358340887536390318e-01 9.370073375831512452e-01 3.218172892915315275e-01
1.837734775434221590e-01 9.295345661910889845e-01 3.196761117655937401e-01
2.308638895050588724e-01 9.198092584389564452e-01 3.172582686038190602e-01
2.769663027447512582e-01 9.079327282124128873e-01 3.145597617297677395e-01
3.219513420838700513e-01 8.940174378676214451e-01 3.115769066117535790e-01
3.657001316585576367e-01 8.781859617611117441e-01 3.083064124446295851e-01
4.081050245788960251e-01 8.605698727270227888e-01 3.047454606547634337e-01
4.490702014909396245e-01 8.413085658753428620e-01 3.008917792922046197e-01
4.885121315364008288e-01 8.205480351601504019e-01 2.967437110367847075e-01
5.263598910732411040e-01 7.984396190375392388e-01 2.923002727834035364e-01
5.625553375778995502e-01 7.751387321402810615e-01 2.875612050754880467e-01
5.970531383520604196e-01 7.508036001879584420e-01 2.825270100116402117e-01
6.298206559451782205e-01 7.255940152857667247e-01 2.771989766441405600e-01
6.608376945090627119e-01 6.996701283155968287e-01 2.715791933034851224e-01
