1.000000000000000000e+00 0.000000000000000000e+00 0.000000000000000000e+00
9.999995355863658952e-01 4.838901515723040281e-04 -8.335121158176165765e-04
9.999977738625234203e-01 1.310534902140879712e-03 -1.653756633709544625e-03
9.999939180366363978e-01 2.473894467967211342e-03 -2.458448259433732540e-03
9.999868653447783196e-01 3.966993625377100187e-03 -3.245370710529772197e-03
9.999752348346540032e-01 5.781949929397693991e-03 -4.012382419502922952e-03
9.999573987574482681e-01 7.910003958757971104e-03 -4.757422036815613792e-03
9.999315170936019515e-01 1.034155162295168420e-02 -5.478513728834642771e-03
9.998955747083051460e-01 1.306617857034315065e-02 -6.173772262598470860e-03
9.998474206083056703e-01 1.607269673379095598e-02 -6.841407865913219470e-03
9.997848087535166073e-01 1.934918304201794018e-02 -7.479730847999190371e-03
9.997054398651065155e-01 2.288302031119339441e-02 -8.087155962828846550e-03
9.996070036664800318e-01 2.666094031231327349e-02 -8.662206494551209432e-03
9.994872209949635655e-01 3.066906898652353719e-02 -9.203518042104039815e-03
9.993438852302064523e-01 3.489297375323045791e-02 -9.709841978376791347e-03
9.991749025003119344e-01 3.931771282550115820e-02 -1.018004855818918468e-02
9.989783301484698175e-01 4.392788641479621059e-02 -1.061312964895735032e-02
9.987524129711943255e-01 4.870768967348244882e-02 -1.100820105827477434e-02
9.984956167739118538e-01 5.364096718987582807e-02 -1.136450443375842424e-02
9.982066588301844456e-01 5.871126881779942935e-02 -1.168140871239736235e-02
9.978845348767876322e-01 6.390190659182380661e-02 -1.195841109926395161e-02
9.975285423275487284e-01 6.919601245144754720e-02 -1.219513755875592173e-02
9.971382994435488145e-01 7.457659647335124209e-02 -1.239134280545931520e-02
9.967137602551626729e-01 8.002660529128580169e-02 -1.254690978616707087e-02
9.962552250915319707e-01 8.552898036876817323e-02 -1.266184864944929454e-02
9.957633466344596451e-01 9.106671578103574249e-02 -1.273629520433011003e-02
9.952391314753624707e-01 9.662291515996844493e-02 -1.277050887495482200e-02
9.946839372147996405e-01 1.021808474590656240e-01 -1.276487016349787951e-02
9.940994652031963641e-01 1.077240012050270923e-01 -1.271987763883428331e-02
9.934877490777408449e-01 1.132361369178266630e-01 -1.263614447354603591e-02
9.928511393031520527e-01 1.187013374020111089e-01 -1.251439455654000318e-02
9.921922839722896459e-01 1.241040556377909082e-01 -1.235545821280455148e-02
9.915141061657133381e-01 1.294291600306651524e-01 -1.216026756553418089e-02
9.908197782067308390e-01 1.346619768120917437e-01 -1.192985157892582221e-02
9.901126931797729069e-01 1.397883294202471871e-01 -1.166533082233773763e-02
9.893964341048210320e-01 1.447945747283374274e-01 -1.136791199816247766e-02
9.886747411789467144e-01 1.496676360273201944e-01 -1.103888227667952117e-02
9.879514775078138689e-01 1.543950327093813191e-01 -1.067960348132191394e-02
9.872305937553842448e-01 1.589649066372046948e-01 -1.029150616723424443e-02
9.865160921393159033e-01 1.633660452211738723e-01 -9.876083634754322799e-03
9.858119901930287865e-01 1.675879012614031049e-01 -9.434885917571463748e-03
9.851222847035933095e-01 1.716206096432673911e-01 -8.969513782867231250e-03
9.844509162180056228e-01 1.754550010033412433e-01 -8.481612777807807230e-03
9.838017344896388128e-01 1.790826125069308050e-01 -7.972867353416828590e-03
9.831784652123096713e-01 1.824956958983808275e-01 -7.444995093205090606e-03
9.825846783621089431e-01 1.856872230008586588e-01 -6.899741070063037003e-03
9.820237584375278717e-01 1.886508888532834327e-01 -6.338872350927781361e-03
9.814988768570730437e-01 1.913811126785079086e-01 -5.764172664710341155e-03
9.810129667410636412e-01 1.938730368789074454e-01 -5.177437244998527553e-03
9.805687002711648281e-01 1.961225242534067326e-01 -4.580467855217791942e-03
9.801684687878976510e-01 1.981261536239868337e-01 -3.975068000309996824e-03
9.798143657532843998e-01 1.998812140502328194e-01 -3.363038325643404654e-03
9.795081726732852712e-01 2.013856977979349983e-01 -2.746172200851352326e-03
9.792513480430469208e-01 2.026382922126099828e-01 -2.126251483657048882e-03
9.790450193474398155e-01 2.036383706315620101e-01 -1.505042456512259690e-03
9.788899781200856021e-01 2.043859824492718358e-01 -8.842919270823778200e-04
9.787866780361949015e-01 2.048818424310002717e-01 -2.657234822633392250e-04
9.787352359881353880e-01 2.051273193490414370e-01 3.489661154790072491e-04
9.787354360677793519e-01 2.051244239955547777e-01 9.581104011045453841e-04
9.787867363563681478e-01 2.048757966058243341e-01 1.560076561002402169e-03
9.788882784008891003e-01 2.043846937065838254e-01 2.153268679279919488e-03
9.790388992357835773e-01 2.036549743861185979e-01 2.736130886838082817e-03
9.793299817499905302e-01 2.022270613396121575e-01 4.123584366070878054e-03
9.797313919013347361e-01 2.002406368041607099e-01 5.485324527778692033e-03
9.802375971632768525e-01 1.977062753954905161e-01 6.817898737869971908e-03
9.808419909304659789e-01 1.946357880710062049e-01 8.117949043727545194e-03
9.815369837538167053e-01 1.910422103187321141e-01 9.382216627239542070e-03
9.823141032150810581e-01 1.869397911224365272e-01 1.060754674626133987e-02
9.831641014809706647e-01 1.823439816782237155e-01 1.179089421029265276e-02
9.840770695151146441e-01 1.772714227974210022e-01 1.292932941205203988e-02
9.850425568612254379e-01 1.717399299185561057e-01 1.402004491207628142e-02
9.860496958444060489e-01 1.657684746679198573e-01 1.506036254898995667e-02
9.870873289717816412e-01 1.593771619534493367e-01 1.604774102422106344e-02
9.881441382512888838e-01 1.525872016497068773e-01 1.697978388722869159e-02
9.892087750915865563e-01 1.454208740312347981e-01 1.785424782630302271e-02
9.902699893999730163e-01 1.379014882355654725e-01 1.866905115122583295e-02
9.913167564622988870e-01 1.300533331830389105e-01 1.942228233804120519e-02
9.923384001724275816e-01 1.219016205450585283e-01 2.011220849333559060e-02
9.933247111818431785e-01 1.134724195316167555e-01 2.073728358615478315e-02
9.942660585650966443e-01 1.047925834584151478e-01 2.129615629030392338e-02
9.951534936458972247e-01 9.588966824880236495e-02 2.178767727849963490e-02
9.959788447030240022e-01 8.679184322084793068e-02 2.221090581277549228e-02
9.967348013752461711e-01 7.752779469977749693e-02 2.256511548266662906e-02
9.974149877095750405e-01 6.812662317534118328e-02 2.284979895387296081e-02
9.980140229459575352e-01 5.861773488728992676e-02 2.306467160505177444e-02
9.985275693015726040e-01 4.903072886520677687e-02 2.320967394872380449e-02
9.989523662059435205e-01 3.939528056727010369e-02 2.328497275348327678e-02
9.992862506401286593e-01 2.974102335265496611e-02 2.329096080817489103e-02
9.995281634446723240e-01 2.009742908164274811e-02 2.322825529375480841e-02
9.996781416767425155e-01 1.049368916454812214e-02 2.309769475445135056e-02
9.997372973116643857e-01 9.585973747964701697e-04 2.290033468582211573e-02
9.997077827925955340e-01 -8.479564296506716947e-03 2.263744178260884005e-02
9.995927441292722371e-01 -1.779313553572206552e-02 2.231048691319370211e-02
9.993962624279001394e-01 -2.695518223921133938e-02 2.192113690929442180e-02
9.991232848952443790e-01 -3.593959469181259164e-02 2.147124527871818733e-02
9.987795464974089654e-01 -4.472117854088497602e-02 2.096284196504742681e-02
9.983714835651289476e-01 -5.327573787209165940e-02 2.039812229069403252e-02
9.979061407209831591e-01 -6.158014986002063873e-02 1.977943522860035885e-02
9.973910725590429127e-01 -6.961243063887234683e-02 1.910927115288400813e-02
9.968342415342825724e-01 -7.735179221064836241e-02 1.839024921994573958e-02
9.962439135186016426e-01 -8.477869037569141231e-02 1.762510452913289977e-02
9.956285524543095899e-01 -9.187486382860360346e-02 1.681667520622918272e-02
9.949967154867841446e-01 -9.862336470760842133e-02 1.596788954417186629e-02
9.943569498885888036e-01 -1.050085810140682641e-01 1.508175332389917467e-02
9.937176930008218001e-01 -1.110162514285836927e-01 1.416133742457582195e-02
9.930871763172374189e-01 -1.166334731390834267e-01 1.320976581713943256e-02
9.924733347261313066e-01 -1.218487033635079486e-01 1.223020401867330742e-02
9.918837218074282314e-01 -1.266517552947444281e-01 1.122584806805589086e-02
9.913254319609460241e-01 -1.310337892186965447e-01 1.019991406615788042e-02
9.908050300192280391e-01 -1.349872995586623159e-01 9.155628307013885525e-03
9.903284888770645944e-01 -1.385060985819436263e-01 8.096218010302155474e-03
9.899011355518694266e-01 -1.415852974696309441e-01 7.024902650486524423e-03
9.895276059760168552e-01 -1.442212853999242095e-01 5.944885864415869192e-03
9.892118087152280692e-01 -1.464117072315279378e-01 4.859347907285273792e-03
9.889568977068476929e-01 -1.481554402990996056e-01 3.771438616827332488e-03
9.887652540187441552e-01 -1.494525707500173328e-01 2.684270837551347606e-03
9.886384765436260214e-01 -1.503043697634466047e-01 1.600914250856812692e-03
9.885773814645729685e-01 -1.507132699013614408e-01 5.243895529385318721e-04
9.885820102550954003e-01 -1.506828417492469818e-01 -5.423370794503379593e-04
9.886516459104992549e-01 -1.502177709139786710e-01 -1.596359295170836877e-03
9.887848370461090886e-01 -1.493238353599732060e-01 -2.634835704573102420e-03
9.889794294413432052e-01 -1.480078829840871801e-01 -3.654994899065021167e-03
9.892982863269844662e-01 -1.458042776705322230e-01 -5.478865023827369195e-03
9.897163364465459967e-01 -1.428592863777174704e-01 -7.266553823526702809e-03
9.902249688514218606e-01 -1.391879127909120550e-01 -9.013414485512358590e-03
9.908139568052628521e-01 -1.348068971264308191e-01 -1.071492788914199176e-02
9.914716214622898427e-01 -1.297347104960159259e-01 -1.236670949110893307e-02
9.921850105638850836e-01 -1.239915499433656976e-01 -1.396451731967840448e-02
9.929400903542330292e-01 -1.175993319639193069e-01 -1.550426113920348389e-02
9.937219487684280095e-01 -1.105816822687308437e-01 -1.698201279283562820e-02
9.945150077887753293e-01 -1.029639195696890469e-01 -1.839401767740396140e-02
9.953032427026287099e-01 -9.477303124705296899e-02 -1.973670725133703369e-02
9.960704058352393142e-01 -8.603763891046363466e-02 -2.100671242561785376e-02
9.968002521821521800e-01 -7.678795207882900542e-02 -2.220087764050182599e-02
9.974767642368876919e-01 -6.705570847855461813e-02 -2.331627538848315973e-02
9.980843732105099120e-01 -5.687409978740157190e-02 -2.435022090810940593e-02
9.986081737795077240e-01 -4.627768202476311571e-02 -2.530028674495096372e-02
9.990341294857237875e-01 -3.530227019846525482e-02 -2.616431685640379159e-02
9.993492659540694767e-01 -2.398481725173490231e-02 -2.694043992689020353e-02
9.995418491958406593e-01 -1.236327779877140209e-02 -2.762708155999923920e-02
9.996015464307406173e-01 -4.764575794534240544e-04 -2.822297502442881398e-02
9.995195670897664142e-01 1.163615001130868971e-02 -2.872717025115389608e-02
9.992887819517136672e-01 2.393453857051935224e-02 -2.913904080957155016e-02
9.989038187131679125e-01 3.637837241275324041e-02 -2.945828862961319058e-02
9.983611326877507297e-01 4.892717698562604189e-02 -2.968494628376133412e-02
9.976590517649457368e-01 6.154053336237782362e-02 -2.981937669604300609e-02
9.967977952199210678e-01 7.417827405035387622e-02 -2.986227020262161719e-02
9.957794664398490481e-01 8.680067728589155318e-02 -2.981463894862063785e-02
9.946080201049813940e-01 9.936865699991100087e-02 -2.967780866624078473e-02
9.932892048197502488e-01 1.118439457329934161e-01 -2.945340793803238877e-02
9.918304826166455257e-01 1.241892679494333851e-01 -2.914335510440361349e-02
9.902409271410320679e-01 1.363685014393325456e-01 -2.874984302431064440e-02
9.885311026577404681e-01 1.483468247964634112e-01 -2.827532194107083494e-02
9.867129262918079569e-01 1.600908493056414084e-01 -2.772248074016305311e-02
9.847995161204003978e-01 1.715687339536323686e-01 -2.709422691188735285e-02
9.828050278677190610e-01 1.827502826784425105e-01 -2.639366554838231196e-02
9.807444830193651208e-01 1.936070233793979189e-01 -2.562407771165415779e-02
9.786335911696140144e-01 2.041122686115038332e-01 -2.478889850722598709e-02
9.764885693490769070e-01 2.142411582700696204e-01 -2.389169518735669018e-02
9.743259609580245950e-01 2.239706849249233911e-01 -2.293614558936715037e-02
9.721624567604388867e-01 2.332797027790135813e-01 -2.192601718951538506e-02
9.700147201848894341e-01 2.421489214971500048e-01 -2.086514702229820550e-02
9.678992189403982094e-01 2.505608863725488078e-01 -1.975742268032172622e-02
9.658320646983776792e-01 2.584999464692777082e-01 -1.860676457229281516e-02
9.638288623250033105e-01 2.659522124971582246e-01 -1.741710957751874123e-02
9.619045698807503486e-01 2.729055062434179724e-01 -1.619239619576132855e-02
9.600733703430536226e-01 2.793493034051096613e-01 -1.493655125245412982e-02
9.583485557606830074e-01 2.852746716419033435e-01 -1.365347818209242808e-02
9.567424243197059086e-01 2.906742056050503620e-01 -1.234704687782230310e-02
9.552661905946927545e-01 2.955419606004048849e-01 -1.102108506349924570e-02
9.539299090776385270e-01 2.998733864169422225e-01 -9.679371116209686821e-03
9.527424109221768189e-01 3.036652627028426088e-01 -8.325628242751011848e-03
9.517112537121517057e-01 3.069156371043590403e-01 -6.963519893011718871e-03
9.508426839605897962e-01 3.096237672034896082e-01 -5.596646276631018699e-03
9.501416119658346870e-01 3.117900671036313853e-01 -4.228541836697476651e-03
9.496115985936651738e-01 3.134160593221163582e-01 -2.862673525443761025e-03
9.492548535147189437e-01 3.145043324585176658e-01 -1.502439721727647209e-03
9.490722444022583471e-01 3.150585049210486988e-01 -1.511696283373500753e-04
9.490633165828572526e-01 3.150831948129605431e-01 1.187877011422261734e-03
9.492263226285280187e-01 3.145839959088471138e-01 2.511510034072833748e-03
9.495582613798279059e-01 3.135674594890918154e-01 3.816608962455880164e-03
9.500549258924563256e-01 3.120410816509313068e-01 5.100123238206417942e-03
9.508478309350375524e-01 3.095759376875825697e-01 7.152049615554754471e-03
9.518886361818793551e-01 3.063070844981450880e-01 9.165448607867448735e-03
9.531642233049508750e-01 3.022481913794617392e-01 1.113579705762228304e-02
9.546592373286664213e-01 2.974142308969173754e-01 1.305864650479724581e-02
9.563562653131953972e-01 2.918215435694444526e-01 1.492962155179821879e-02
9.582360309594224468e-01 2.854879107191265475e-01 1.674442065531767457e-02
9.602776044475488382e-01 2.784326321471958798e-01 1.849881951351282222e-02
9.624586266893658815e-01 2.706766051438975751e-01 2.018867715155248099e-02
9.647555469832307384e-01 2.622424012472148180e-01 2.180994474018671178e-02
9.671438728160425269e-01 2.531543371405152731e-01 2.335867711129760785e-02
9.695984302662096210e-01 2.434385361274387649e-01 2.483104686238443368e-02
9.720936331365983563e-01 2.331229767488372517e-01 2.622336086986775186e-02
9.746037586001576880e-01 2.222375253151385177e-01 2.753207896046640582e-02
9.771032267888275502e-01 2.108139494201310138e-01 2.875383442244106025e-02
9.795668814156115456e-01 1.988859098784328538e-01 2.988545597612665694e-02
9.819702682084137102e-01 1.864889289854431420e-01 3.092399076792741799e-02
9.842899076707118944e-01 1.736603335286745764e-01 3.186672790588013920e-02
9.865035584859533913e-01 1.604391715727847556e-01 3.271122201998059170e-02
9.885904677656819350e-01 1.468661026835676453e-01 3.345531630848932320e-02
9.905316043192270437e-01 1.329832619315405862e-01 3.409716452384102536e-02
9.923098712052332848e-01 1.188340987036571872e-01 3.463525135959389517e-02
9.939102940180810641e-01 1.044631920301083566e-01 3.506841072355406513e-02
9.953201816662694545e-01 8.991604477901889159e-02 3.539584142166551928e-02
9.965292568108909954e-01 7.523885966194782116e-02 3.561711983168466822e-02
9.975297536411013022e-01 6.047830050545855568e-02 3.573220921361723590e-02
9.983164812557672185e-01 4.568124265899223269e-02 3.574146538331643419e-02
9.988868515778174251e-01 3.089451671068656896e-02 3.564563856391231300e-02
9.992408714283610438e-01 1.616464985888892841e-02 3.544587132381631783e-02
9.993810991072538119e-01 1.537609331315406211e-03 3.514369260658951888e-02
9.993125665403078672e-01 -1.294144784494228109e-02 3.474100795352112747e-02
9.990426687359021951e-01 -2.722841463647978494e-02 3.424008611093365406e-02
9.985810229220868361e-01 -4.128045960916549434e-02 3.364354229783266675e-02
9.979393002889125341e-01 -5.505623503490561510e-02 3.295431848275476305e-02
9.971310337229565279e-01 -6.851606471243962271e-02 3.217566107924965668e-02
9.961714052796442065e-01 -8.162210930263932851e-02 3.131109651568087654e-02
9.950770173867159452e-01 -9.433850760658364643e-02 3.036440516592788311e-02
9.938656519068104211e-01 -1.066314928589313371e-01 2.933959414278296610e-02
9.925560212112366498e-01 -1.184694837467890755e-01 2.824086945567516257e-02
9.911675153375719693e-01 -1.298231504740983699e-01 2.707260801973112099e-02
9.897199491314401243e-01 -1.406654567548817902e-01 2.583932997551458000e-02
9.882333130212540562e-01 -1.509716791200992614e-01 2.454567173988378079e-02
9.867275307593540434e-01 -1.607194053506282305e-01 2.319636016035742099e-02
9.852222271003610032e-01 -1.698885141950783884e-01 2.179618809042716682e-02
9.837365079943305446e-01 -1.784611387916107683e-01 2.034999164367847641e-02
9.822887554643994212e-01 -1.864216163869807097e-01 1.886262932259679184e-02
9.808964389306676912e-01 -1.937564270360785101e-01 1.733896315560608942e-02
9.795759443467982885e-01 -2.004541239762975546e-01 1.578384191505728673e-02
9.783424221437608814e-01 -2.065052583101295303e-01 1.420208643113746866e-02
9.772096546343977952e-01 -2.119023005049272823e-01 1.259847696330347946e-02
9.761899432286841316e-01 -2.166395610401299077e-01 1.097774254285752496e-02
9.752940155459263183e-01 -2.207131123091543579e-01 9.344552158398078401e-03
9.745309522877289021e-01 -2.241207136253342558e-01 7.703507620554979861e-03
9.739081335534189865e-01 -2.268617408980796724e-01 6.059137913881648338e-03
9.734312041351638189e-01 -2.289371222455833521e-01 4.415894822062929950e-03
9.731040572193435656e-01 -2.303492805018862166e-01 2.778149597579940115e-03
9.729288358389571734e-01 -2.311020832660690139e-01 1.150190438407169228e-03
9.729059513634180645e-01 -2.312008008360312006e-01 -4.637794681328875901e-04
9.730341182711917947e-01 -2.306520720742088748e-01 -2.059643570962260868e-03
9.733104044214662132e-01 -2.294638779723854882e-01 -3.633373478336638599e-03
9.737302960177875999e-01 -2.276455224215314377e-01 -5.181030593098029553e-03
9.743879101458805536e-01 -2.247483010748639043e-01 -7.511239644290443329e-03
9.752435369939246312e-01 -2.209164958840361681e-01 -9.796077187986990814e-03
9.762822283211627372e-01 -2.161673163602772785e-01 -1.202998498643300350e-02
9.774863543322682702e-01 -2.105198164400098326e-01 -1.420751166360595744e-02
9.788358521927449374e-01 -2.039949611795529583e-01 -1.632331489241675357e-02
9.803084978977476549e-01 -1.966157006676841068e-01 -1.837216664720005277e-02
9.818801998896852234e-01 -1.884070464186514693e-01 -2.034896170394701054e-02
9.835253125540479591e-01 -1.793961453319874444e-01 -2.224872946687627903e-02
9.852169673822108731e-01 -1.696123462445844055e-01 -2.406664909233083294e-02
9.869274191866014290e-01 -1.590872541629173298e-01 -2.579806777154839553e-02
9.886284043044849534e-01 -1.478547674555795721e-01 -2.743852192487584649e-02
9.902915072528842844e-01 -1.359510936125899738e-01 -2.898376095414443437e-02
9.918885318235047821e-01 -1.234147396389834173e-01 -3.042977310017329698e-02
9.933918721601880941e-01 -1.102864737424300301e-01 -3.177281286193438248e-02
9.947748789708186212e-01 -9.660925568935065100e-02 -3.300942935610238355e-02
9.960122157189913450e-01 -8.242813402689370961e-02 -3.413649493377399896e-02
9.970801994445213090e-01 -6.779010927910002204e-02 -3.515123332806194267e-02
9.979571207989451631e-01 -5.274396319892785817e-02 -3.605124658458279396e-02
9.986235379703610748e-01 -3.734005516296285548e-02 -3.683454002843936786e-02
9.990625394225709499e-01 -2.163008779823079319e-02 -3.749954454718652797e-02
9.992599707902304340e-01 -5.666844893912493381e-03 -3.804513551952487527e-02
9.992046218499367471e-01 1.049609446218893738e-02 -3.847064779308381754e-02
9.988883702137923981e-01 2.680466080743296522e-02 -3.877588620953895115e-02
9.983062792457195744e-01 4.320461294211824788e-02 -3.896113128832282696e-02
9.974566486532637777e-01 5.964186447403903302e-02 -3.902713980727975235e-02
9.963410172246558449e-01 7.606281219120053505e-02 -3.897514015500382761e-02
9.949641182244914894e-01 9.241466011299104277e-02 -3.880682247002204682e-02
9.933337889918287811e-01 1.086457332009827109e-01 -3.852432372098011509e-02
9.914608372626603217e-01 1.247057750357236788e-01 -3.813020801419734346e-02
9.893588676282670802e-01 1.405462242689760055e-01 -3.762744253541210060e-02
9.870440723104022540e-01 1.561204653177154511e-01 -3.701936963693201743e-02
9.845349910585281528e-01 1.713840495465283054e-01 -3.630967566629606652e-02
9.818522454360111285e-01 1.862948840541960305e-01 -3.550235719553541947e-02
9.790182530520441517e-01 2.008133861013923771e-01 -3.460168534987526773e-02
9.760569274131932760e-01 2.149026021525142771e-01 -3.361216895104725960e-02
9.729933690197045681e-01 2.285282914205270799e-01 -3.253851718412165833e-02
9.698535531308100088e-01 2.416589746676241213e-01 -3.138560246967875972e-02
9.666640192895589179e-01 2.542659497996240803e-01 -3.015842417772854334e-02
9.634515672546025700e-01 2.663232764772495709e-01 -2.886207375911468628e-02
9.602429634598058650e-01 2.778077325378675577e-01 -2.750170179760171724e-02
9.570646615394042822e-01 2.886987454683162535e-01 -2.608248740497190118e-02
9.539425398430316783e-01 2.989783024904327235e-01 -2.460961029572425809e-02
9.509016582459262068e-01 3.086308430184842022e-01 -2.308822579062480562e-02
9.479660359568993222e-01 3.176431373290165561e-01 -2.152344291231333279e-02
9.451584514587453301e-01 3.260041552592831127e-01 -1.992030565390152594e-02
9.425002651974077050e-01 3.337049286334883846e-01 -1.828377742499033218e-02
9.400112651781986628e-01 3.407384109211305523e-01 -1.661872861028104720e-02
9.377095352366194847e-01 3.470993373738700538e-01 -1.492992711496019670e-02
9.356113454312193767e-01 3.527840885814796379e-01 -1.322203171886137535e-02
9.337310637565915394e-01 3.577905600475811965e-01 -1.149958801821657391e-02
9.320810881934928904e-01 3.621180400247580033e-01 -9.767026699449829485e-03
9.306717979953980091e-01 3.657670974773319927e-01 -8.028663863530289060e-03
9.295115230501178605e-01 3.687394816679026577e-01 -6.288703101302067951e-03
9.286065301437667063e-01 3.710380344981381029e-01 -4.551239009242845530e-03
9.279610249839586045e-01 3.726666163810163912e-01 -2.820261830515791678e-03
9.275771689009015830e-01 3.736300460848983596e-01 -1.099662907209606865e-03
9.274551092302555366e-01 3.739340546722570990e-01 6.067593644158309624e-04
9.275930224816899550e-01 3.735852533592831648e-01 2.295293373706030430e-03
9.279871695039334512e-01 3.725911148477696333e-01 3.962308214629176734e-03
9.286319619632700251e-01 3.709599674279343562e-01 5.604247951273863201e-03
9.296794161681648516e-01 3.682829340365170179e-01 7.993127873397414332e-03
9.310717854780424796e-01 3.646895181580835921e-01 1.033986350558024729e-02
9.327921670962084910e-01 3.601930590053457615e-01 1.263966611322795558e-02
9.348206755091608144e-01 3.548079583680670557e-01 1.488778206835874272e-02
9.371346489918817024e-01 3.485498106598743373e-01 1.707948361785925281e-02
9.397088750244623201e-01 3.414355491139197118e-01 1.921006346182898422e-02
9.425158349925191192e-01 3.334836034215559186e-01 2.127483344403211657e-02
9.455259684229010420e-01 3.247140638130280865e-01 2.326912757479739774e-02
9.487079567675203995e-01 3.151488463424940156e-01 2.518830951844276342e-02
9.520290263958146593e-01 3.048118539738950972e-01 2.702778458249040228e-02
9.554552699989656839e-01 2.937291279835836377e-01 2.878301614508915057e-02
9.589519850599780293e-01 2.819289842153055448e-01 3.044954635124233824e-02
9.624840274213717350e-01 2.694421288579505469e-01 3.202302079933498635e-02
9.660161773097123428e-01 2.563017486795836630e-01 3.349921682938385159e-02
9.695135144810124173e-01 2.425435710527682476e-01 3.487407491632175255e-02
9.729417984644139761e-01 2.282058896517422664e-01 3.614373256892590425e-02
9.762678492373206840e-01 2.133295523915455516e-01 3.730456004155411481e-02
9.794599230982969917e-01 1.979579090058801727e-01 3.835319708572147018e-02
9.824880780490684584e-01 1.821367166100208712e-01 3.928658990577817145e-02
9.853245226858572403e-01 1.659140026454856143e-01 4.010202744131261682e-02
9.879439424606056841e-01 1.493398857250405609e-01 4.079717608163707654e-02
9.903237972254504973e-01 1.324663560540432772e-01 4.137011192724661390e-02
9.924445842319928879e-01 1.153470182561488061e-01 4.181934975086162853e-02
9.942900612237536295e-01 9.803680053394475680e-02 4.214386787672987772e-02
9.958474249286222157e-01 8.059163510333636204e-02 4.234312829009010543e-02
9.971074411104207114e-01 6.306811571154875840e-02 4.241709140653115301e-02
9.980645233472067446e-01 4.552313874406088701e-02 4.236622506955781131e-02
9.987167588321528289e-01 2.801353491426523609e-02 4.219150749899701347e-02
9.990658806974268558e-01 1.059569878891075331e-02 4.189442407705471633e-02
9.991171875947145731e-01 -6.674776579163668733e-03 4.147695802640417179e-02
9.988794124784803330e-01 -2.374345286198206034e-02 4.094157519898657116e-02
9.983645436816701579e-01 -4.055738091407264101e-02 4.029120334875217757e-02
9.975876024042827916e-01 -5.706541053920499706e-02 3.952920640043078304e-02
9.965663816156196120e-01 -7.321847046395599246e-02 3.865935434453871000e-02
9.953211520721084726e-01 -8.896981438837611722e-02 3.768578948228621522e-02
9.938743416552577870e-01 -1.042752300502847451e-01 3.661298981023333732e-02
9.922501945298272119e-01 -1.190932093540673642e-01 3.544573037223262141e-02
9.904744167122662146e-01 -1.333850787321462505e-01 3.418904341554190179e-02
9.885738145349466377e-01 -1.471150899853258254e-01 3.284817817040584786e-02
9.865759322118938801e-01 -1.602504728496936814e-01 3.142856103039535359e-02
9.845086942822125486e-01 -1.727614514318795702e-01 2.993575684772462747e-02
9.824000581582189584e-01 -1.846212274178744284e-01 2.837543197760054522e-02
9.802776813688048874e-01 -1.958059335777722065e-01 2.675331961269291139e-02
9.781686073975530693e-01 -2.062945615519232168e-01 2.507518784741777362e-02
9.760989733010315694e-01 -2.160688682124263793e-01 2.334681080611595780e-02
9.740937415841478542e-01 -2.251132650532082224e-01 2.157394306326327824e-02
9.721764581312046793e-01 -2.334146950827717670e-01 1.976229748096611574e-02
9.703690373635064370e-01 -2.409625015904743595e-01 1.791752649200703887e-02
9.686915752322140527e-01 -2.477482929468487471e-01 1.604520676783028829e-02
9.671621901688169931e-01 -2.537658072992554081e-01 1.415082713170745694e-02
9.657968917105002049e-01 -2.590107806545334790e-01 1.223977950893737586e-02
9.646094761949102203e-01 -2.634808214181559860e-01 1.031735264883597986e-02
9.636114486756809372e-01 -2.671752940012548372e-01 8.388728307554292607e-03
9.628119700407766768e-01 -2.700952136275812654e-01 6.458979546171956729e-03
9.622178282120398274e-01 -2.722431539848381155e-01 4.533070774539641780e-03
9.618334322563398819e-01 -2.736231688796307293e-01 2.615859157303097524e-03
9.616608282353515946e-01 -2.742407285813206475e-01 7.120969936530419618e-04
9.616997356506561401e-01 -2.741026710843288972e-01 -1.173565314209467584e-03
9.619476033919385216e-01 -2.732171680863960117e-01 -3.036576077930072150e-03
9.623996841573470018e-01 -2.715937050762267657e-01 -4.872479281482557621e-03
9.631685791667171648e-01 -2.687942902752196717e-01 -7.480115942598417576e-03
9.642071500427246145e-01 -2.649599762178028173e-01 -1.004082531321150856e-02
9.654981194599329131e-01 -2.601075700850715711e-01 -1.254868940853664551e-02
9.670207817329011801e-01 -2.542555976151702479e-01 -1.499786977911170098e-02
9.687512784267640065e-01 -2.474244208998666039e-01 -1.738260329805659324e-02
9.706629019652290857e-01 -2.396363714692727465e-01 -1.969720224874589587e-02
9.727264264339251509e-01 -2.309158924624318820e-01 -2.193605905048367707e-02
9.749104645070508779e-01 -2.212896833303986677e-01 -2.409365583204211778e-02
9.771818490169503768e-01 -2.107868402933515684e-01 -2.616457892718232134e-02
9.795060371511791208e-01 -1.994389856901357949e-01 -2.814353822402618915e-02
9.818475346188618724e-01 -1.872803794336593275e-01 -3.002539115357301391e-02
9.841703364039567914e-01 -1.743480060336176640e-01 -3.180517095467254307e-02
9.864383799504046202e-01 -1.606816310808189263e-01 -3.347811870703792242e-02
9.886160058417832186e-01 -1.463238217116054896e-01 -3.503971848474283363e-02
9.906684202890170265e-01 -1.313199263864002486e-01 -3.648573485496573593e-02
9.925621530693377048e-01 -1.157180103147926464e-01 -3.781225183570678661e-02
9.942655040135511824e-01 -9.956874402294574322e-02 -3.901571233703196584e-02
9.957489707596756112e-01 -8.292524385965199807e-02 -4.009295704802203625e-02
9.969856503167621176e-01 -6.584286463759037034e-02 -4.104126170029458870e-02
9.979516070426659446e-01 -4.837894606004772280e-02 -4.185837164198695504e-02
9.986261999525936073e-01 -3.059251603750346230e-02 -4.254253269535906989e-02
9.989923628477475059e-01 -1.254395539565872700e-02 -4.309251734702162356e-02
9.990368315778880293e-01 5.705370241828180283e-03 -4.350764543077408064e-02
9.987503138065648711e-01 2.409350450268041635e-02 -4.378779860589300521e-02
9.981275978981358765e-01 4.255831246625305098e-02 -4.393342810345719079e-02
9.971675989447046362e-01 6.103790260860428307e-02 -4.394555540343218075e-02
9.958733414428008190e-01 7.947104975323135423e-02 -4.382576570808720956e-02
9.942518796521840896e-01 9.779761026175937122e-02 -4.357619428446758703e-02
9.923141581586965021e-01 1.159589209781903968e-01 -4.319950595143932925e-02
9.900748165576530591e-01 1.338981740096209516e-01 -4.269886817688466063e-02
9.875519434175810130e-01 1.515607602555762712e-01 -4.207791842035990548e-02
9.847667857289368332e-01 1.688945756451981917e-01 -4.134072649954680795e-02
9.817434208530697592e-01 1.858502852552031959e-01 -4.049175287030185727e-02
9.785083985407123652e-01 2.023815418047907322e-01 -3.953580378696771452e-02
9.750903608780727705e-01 2.184451563973951183e-01 -3.847798435063763678e-02
9.715196480471081086e-01 2.340012207456329540e-01 -3.732365045883673238e-02
9.678278975719466493e-01 2.490131814219039841e-01 -3.607836064281265409e-02
9.640476442931550372e-01 2.634478678769841542e-01 -3.474782872189010469e-02
9.602119277008830389e-01 2.772754770258312185e-01 -3.333787812275440521e-02
9.563539125072064717e-01 2.904695180871230131e-01 -3.185439861038200787e-02
9.525065274898991685e-01 3.030067220646773252e-01 -3.030330606223520865e-02
9.487021267368279664e-01 3.148669207688604144e-01 -2.869050579386130811e-02
9.449721765021598108e-01 3.260329005974778593e-01 -2.702185981744049253e-02
9.413469699883347808e-01 3.364902364392459155e-01 -2.530315828981623272e-02
9.378553715215840469e-01 3.462271110455517054e-01 -2.354009528710635304e-02
9.345245908176981198e-01 3.552341250588489929e-01 -2.173824893231148664e-02
9.313799873563775034e-01 3.635041026121962893e-01 -1.990306580274886147e-02
9.284449043080641450e-01 3.710318970485166901e-01 -1.803984945716568047e-02
9.257405309920573311e-01 3.778142008740404956e-01 -1.615375284880169598e-02
9.232857924891878509e-01 3.838493635804218762e-01 -1.424977433059883627e-02
9.210972647822689430e-01 3.891372204641563304e-01 -1.233275691178883395e-02
9.191891136454353184e-01 3.936789350572484358e-01 -1.040739039041235596e-02
9.175730554392607097e-01 3.974768572735407068e-01 -8.478215962836660111e-03
9.162583379804172257e-01 4.005343988815012746e-01 -6.549632897776624420e-03
9.152517397298294277e-01 4.028559274443758720e-01 -4.625906857353119864e-03
9.145575856686201099e-01 4.044466794275158872e-01 -2.711179450028522453e-03
9.141777783935874924e-01 4.053126927631557908e-01 -8.094786086125882549e-04
9.141118431509364095e-01 4.054607587858055084e-01 1.075270600162006162e-03
9.143569857266926615e-01 4.048983931061920782e-01 2.939235110665362402e-03
9.149081623137893526e-01 4.036338246768217952e-01 4.778663293562033024e-03
9.159302286793287173e-01 4.012702102894641354e-01 7.353958966424663235e-03
9.173612016166403649e-01 3.979330428309315049e-01 9.887675491836908290e-03
9.191836523974263873e-01 3.936347550972537634e-01 1.237499489127912369e-02
9.213766910336377292e-01 3.883885590407492039e-01 1.481111287220483567e-02
9.239161721001107885e-01 3.822086058462773051e-01 1.719122254197660848e-02
9.267749196239875031e-01 3.751101694584496049e-01 1.951050252035133742e-02
9.299229722762840655e-01 3.671098483935159029e-01 2.176410986997327074e-02
9.333278500783361853e-01 3.582257802702890070e-01 2.394717818315821728e-02
9.369548436597345820e-01 3.484778631332952070e-01 2.605482107366341796e-02
9.407673267742409084e-01 3.378879773331899816e-01 2.808214122317839387e-02
9.447270923004547072e-01 3.264802014931618146e-01 3.002424502351759908e-02
9.487947113347158234e-01 3.142810159472883003e-01 3.187626273720878950e-02
9.529299142411096213e-01 3.013194870109099366e-01 3.363337397243283677e-02
9.570919916803196648e-01 2.876274255572808247e-01 3.529083813506894707e-02
9.612402127249353168e-01 2.732395136503180111e-01 3.684402938386483611e-02
9.653342562194896503e-01 2.581933934374960882e-01 3.828847547832946174e-02
9.693346506002958884e-01 2.425297131510756321e-01 3.961989977749574843e-02
9.732032164985122691e-01 2.262921259032199817e-01 4.083426552651506919e-02
9.769035056574574272e-01 2.095272379848836519e-01 4.192782146279799838e-02
9.804012290494966697e-01 1.922845045727073765e-01 4.289714768983744070e-02
9.836646666233611613e-01 1.746160720844391889e-01 4.373920071035778540e-02
9.866650508881847914e-01 1.565765678627025204e-01 4.445135648573052267e-02
9.893769165756757245e-01 1.382228393606967087e-01 4.503145039927853449e-02
9.917784089350860643e-01 1.196136464955164791e-01 4.547781304929174317e-02
9.938515438119065459e-01 1.008093122643541062e-01 4.578930088368448476e-02
9.955824135306380329e-01 8.187133802379220615e-02 4.596532081070937859e-02
9.969613337196675529e-01 6.286199095317940300e-02 4.600584807550883032e-02
9.979829275430435187e-01 4.384387210668804630e-02 4.591143687517337812e-02
9.986461452882539058e-01 2.487947406221226176e-02 4.568322338840712094e-02
9.989542188399310740e-01 6.030737469108208432e-03 4.532292111165020509e-02
9.989145521798188376e-01 -1.264138423339475001e-02 4.483280861258982092e-02
9.985385506247115295e-01 -3.107734300732819047e-02 4.421571002519654459e-02
9.978413929803054971e-01 -4.921938905232602079e-02 4.347496880888987447e-02
9.968417520904883089e-01 -6.701193094818505558e-02 4.261441547018280512e-02
9.955614703491009188e-01 -8.440185691374638144e-02 4.163833009153960346e-02
9.940251975779788030e-01 -1.013388123093866833e-01 4.055140062425890979e-02
9.922599992388373424e-01 -1.177754299342952948e-01 3.935867797693241854e-02
9.902949432299852361e-01 -1.336675111370708713e-01 3.806552896738110009e-02
9.881606735290168197e-01 -1.489741572077360465e-01 3.667758820480326171e-02
9.858889786995683746e-01 -1.636578518951080363e-01 3.520070993277032295e-02
9.835123628146441588e-01 -1.776844971476944646e-01 3.364092079668948299e-02
9.810636256995992621e-01 -1.910234052709803287e-01 3.200437440649483989e-02
9.785754586082544559e-01 -2.036472516022121704e-01 3.029730845237777609e-02
9.760800605614669001e-01 -2.155319925098512224e-01 2.852600500435316724e-02
9.736087796436982966e-01 -2.266567540237021949e-01 2.669675449133206147e-02
9.711917826115508134e-01 -2.370036966977802084e-01 2.481582371770352582e-02
9.688577552558084172e-01 -2.465578624136293973e-01 2.288942814017023639e-02
9.666336351059845455e-01 -2.553070087655219256e-01 2.092370849890609619e-02
9.645443772975961227e-01 -2.632414364533904316e-01 1.892471177831539508e-02
9.626127537541239176e-01 -2.703538147694682925e-01 1.689837636619220124e-02
9.608591852777607079e-01 -2.766390098260990693e-01 1.485052118747872546e-02
9.593016056991571228e-01 -2.820939196599998033e-01 1.278683851091014928e-02
9.579553569044807482e-01 -2.867173197856119349e-01 1.071289006376637334e-02
9.568331133316396730e-01 -2.905097221777080962e-01 8.634106041360136569e-03
9.559448343962899663e-01 -2.934732500588379533e-01 6.555786563019487881e-03
9.552977432594175200e-01 -2.956115302650512144e-01 4.483105104154172516e-03
9.548963303672578506e-01 -2.969296043751399883e-01 2.421113423371383869e-03
9.547423802655760072e-01 -2.974338592231124956e-01 3.747475033241856428e-04
9.548350202981036317e-01 -2.971319768770516734e-01 -1.651165967131511605e-03
9.551707899277980252e-01 -2.960329036643081779e-01 -3.651903024904103266e-03
9.558746349703576284e-01 -2.937048201493358546e-01 -6.419967842403843244e-03
9.568962302813881493e-01 -2.902861881037595571e-01 -9.142728683941139106e-03
9.582186145736800720e-01 -2.857928801233790561e-01 -1.181411631947553928e-02
9.598208868372753999e-01 -2.802423101125756655e-01 -1.442812752745864686e-02
9.616784813662926368e-01 -2.736535720967949725e-01 -1.697881471402972950e-02
9.637634727132089463e-01 -2.660476020615628046e-01 -1.946028033384911843e-02
9.660449104483445071e-01 -2.574473560569957575e-01 -2.186667659726730314e-02
9.684891834244467868e-01 -2.478779973049859975e-01 -2.419221081511833960e-02
9.710604128880747643e-01 -2.373670846607215112e-01 -2.643115658818340208e-02
9.737208732475233219e-01 -2.259447545306386140e-01 -2.857787089398461031e-02
9.764314386165698911e-01 -2.136438882574550335e-01 -3.062681696051227850e-02
9.791520524286309035e-01 -2.005002570724155331e-01 -3.257259264716515224e-02
9.818422164901223770e-01 -1.865526370066032114e-01 -3.440996388101590087e-02
9.844614948564367474e-01 -1.718428866644901298e-01 -3.613390252594846780e-02
9.869700269177097418e-01 -1.564159815047248825e-01 -3.773962789862844031e-02
9.893290431286780873e-01 -1.403199992475455127e-01 -3.922265099478446787e-02
9.915013759647191005e-01 -1.236060522263275480e-01 -4.057882035847684699e-02
9.934519579920000343e-01 -1.063281639014325153e-01 -4.180436842256759350e-02
9.951482984575983348e-01 -8.854308832348606328e-02 -4.289595707678180159e-02
9.965609295825333946e-01 -7.031007302352761112e-02 -4.385072118601807817e-02
9.976638138133142597e-01 -5.169056756083069415e-02 -4.466630879006297516e-02
9.984347036784736451e-01 -3.274788170840334245e-02 -4.534091676897691880e-02
9.988554466118504394e-01 -1.354679892861399351e-02 -4.587332085644243301e-02
9.989122281324466224e-01 5.846847686789106990e-03 -4.626289902429504136e-02
9.985957480816428644e-01 2.536662853716139740e-02 -4.650964744093977199e-02
9.979013261653889577e-01 4.494599020115351562e-02 -4.661418841782408173e-02
9.968289347699124114e-01 6.451873751481519703e-02 -4.657776999311758620e-02
9.953831588415880116e-01 8.401951454281697540e-02 -4.640225705033390602e-02
9.935730844653593019e-01 1.033842740075714417e-01 -4.609011412107611588e-02
9.914121195604759240e-01 1.225507251778936713e-01 -4.564438026448350977e-02
9.889177517600032941e-01 1.414587510061801612e-01 -4.506863664091212418e-02
9.861112499828748046e-01 1.600507863984119983e-01 -4.436696759466528944e-02
9.830173173882337245e-01 1.782721508474996996e-01 -4.354391622268113937e-02
9.796637042812820217e-01 1.960713301899319749e-01 -4.260443552756523061e-02
9.760807900952029881e-01 2.134002038848125393e-01 -4.155383633115049269e-02
9.723011438002714391e-01 2.302142158885084888e-01 -4.039773315818023097e-02
9.683590720013443010e-01 2.464724888360890764e-01 -3.914198929031170726e-02
9.642901636058387460e-01 2.621378827787073651e-01 -3.779266214198254148e-02
9.601308393153944465e-01 2.771770011107555498e-01 -3.635595002692518923e-02
9.559179133636378500e-01 2.915601475112252761e-01 -3.483814127355083085e-02
9.516881739426988895e-01 3.052612386929403621e-01 -3.324556651600490270e-02
9.474779876866570305e-01 3.182576784873634157e-01 -3.158455484255746210e-02
9.433229324633912727e-01 3.305301992901745756e-01 -2.986139433103211088e-02
9.392574616154234501e-01 3.420626771633368257e-01 -2.808229734851034817e-02
9.353146017269098333e-01 3.528419269512479972e-01 -2.625337084504415081e-02
9.315256850119147947e-01 3.628574836466711973e-01 -2.438059173302746171e-02
9.279201165441667287e-01 3.721013759653909458e-01 -2.246978731859142903e-02
9.245251757980456064e-01 3.805678976878497655e-01 -2.052662064119152932e-02
9.213658513541680417e-01 3.882533818322485564e-01 -1.855658048372751598e-02
9.184647071432359144e-01 3.951559821660131089e-01 -1.656497573846494459e-02
9.158417782554936215e-01 4.012754659676181501e-01 -1.455693375334829627e-02
9.135144941221661208e-01 4.066130213413950423e-01 -1.253740223806541071e-02
9.114976267680310329e-01 4.111710817829697939e-01 -1.051115427807811434e-02
9.098032618267779537e-01 4.149531701070621192e-01 -8.482795986149234760e-03
9.084407900875460795e-01 4.179637632931730296e-01 -6.456776312925138067e-03
9.074169174859145759e-01 4.202081792851541930e-01 -4.437398539124873600e-03
9.067356916496146502e-01 4.216924863015183433e-01 -2.428832980184009605e-03
9.063985433428677352e-01 4.224234347756802843e-01 -4.351304483078501963e-04
9.064043414089842932e-01 4.224084116480998352e-01 1.539763964478437636e-03
9.067494600752824541e-01 4.216554163730378280e-01 3.491997196580485987e-03
9.076074214607967594e-01 4.197745908619069377e-01 6.174916217398913887e-03
9.089146357951870536e-01 4.168890683454549162e-01 8.818077564042157285e-03
9.106546760885558811e-01 4.130106414286855987e-01 1.141668808024758931e-02
9.128073485033068035e-01 4.081516471132924928e-01 1.396596401753541147e-02
9.153488903614673822e-01 4.023251327345782058e-01 1.646110918018006339e-02
9.182521861476067304e-01 3.955450510728910629e-01 1.889729758860181005e-02
9.214870032066858618e-01 3.878264794433332052e-01 2.126966116578208471e-02
9.250202489367331804e-01 3.791858571152236790e-01 2.357328287550059659e-02
9.288162512072661858e-01 3.696412349793364305e-01 2.580319565689945249e-02
9.328370634909748382e-01 3.592125309799480415e-01 2.795438740535174937e-02
9.370427957780294026e-01 3.479217844793834891e-01 3.002181214357280137e-02
9.413919717546612720e-01 3.357934024488161695e-01 3.200040740875686324e-02
9.458419119819921894e-01 3.228543902077315453e-01 3.388511775150286620e-02
9.503491419262717343e-01 3.091345593946116521e-01 3.567092410166595312e-02
9.548698226943004297e-01 2.946667059717161807e-01 3.735287860740226645e-02
9.593602012523545497e-01 2.794867513734747844e-01 3.892614440007305388e-02
9.637770757954268186e-01 2.636338404221466036e-01 4.038603958395822757e-02
9.680782708346471477e-01 2.471503903697627180e-01 4.172808460149433907e-02
9.722231155378316947e-01 2.300820863859030507e-01 4.294805198834731469e-02
9.761729179472631301e-01 2.124778199888383845e-01 4.404201741484357890e-02
9.798914269656653353e-01 1.943895682922595625e-01 4.500641081794126697e-02
9.833452734977602416e-01 1.758722134770127066e-01 4.583806636743399665e-02
9.865043819052561336e-01 1.569833035497668616e-01 4.653426998694382838e-02
9.893423430111709660e-01 1.377827571597597944e-01 4.709280316859298932e-02
9.918367402945418299e-01 1.183325169433339097e-01 4.751198188235127712e-02
9.939694216518621950e-01 9.869615748135970867e-02 4.779068948710460396e-02
9.957267101522172537e-01 7.893845541349082950e-02 4.792840269831719069e-02
9.970995485462786911e-01 5.912493048604398199e-02 4.792520985224708874e-02
9.980835738554898473e-01 3.932136725635441976e-02 4.778182092230107841e-02
9.986791201031339771e-01 1.959332778791957053e-02 4.749956898069045141e-02
9.988911490791878567e-01 5.665916232001910746e-06 4.708040304810204302e-02
9.987291108756932712e-01 -1.937794646747685937e-02 4.652687252488419550e-02
9.982067377077915582e-01 -3.849547117084559794e-02 4.584210363842215752e-02
9.973417761709179041e-01 -5.728692439709869716e-02 4.502976856268658956e-02
9.961556645094731266e-01 -7.569475843494180567e-02 4.409404805834784419e-02
9.946731626323097597e-01 -9.366419778149372155e-02 4.303958863807473556e-02
9.929219434673859368e-01 -1.111435246999527976e-01 4.187145537653101657e-02
9.909321547814250453e-01 -1.280843108747918846e-01 4.059508155534102825e-02
9.887359607977354026e-01 -1.444415935132207229e-01 3.921621635948771556e-02
9.863670728406700450e-01 -1.601739958819191900e-01 3.774087182503301635e-02
9.838602778473740651e-01 -1.752437937998266027e-01 3.617527018246001480e-02
9.812509729569547368e-01 -1.896169309789548785e-01 3.452579265062536568e-02
9.785747135626576831e-01 -2.032629872762586332e-01 3.279893061966625278e-02
9.758667812471770731e-01 -2.161551048644771156e-01 3.100124002422027791e-02
9.731617769689511199e-01 -2.282698780357789448e-01 2.913929955812446723e-02
9.704932437801160328e-01 -2.395872128184849958e-01 2.721967322522534163e-02
9.678933222818487669e-01 -2.500901628242015451e-01 2.524887756431571859e-02
9.653924410005960688e-01 -2.597647477689423168e-01 2.323335373492309286e-02
9.630190429317454504e-01 -2.685997609520026086e-01 2.117944450911327103e-02
9.607993486697851138e-01 -2.765865716590795165e-01 1.909337608597753977e-02
9.587571558416593254e-01 -2.837189280117207169e-01 1.698124453232481915e-02
9.569136739906859423e-01 -2.899927652437809811e-01 1.484900655660908661e-02
9.552873936228394314e-01 -2.954060237756627183e-01 1.270247424374019996e-02
9.538939878202021827e-01 -2.999584808044337136e-01 1.054731331590516574e-02
9.527462446379264538e-01 -3.036515984547071834e-01 8.389044438080743571e-03
9.518540284174732413e-01 -3.064883908598663997e-01 6.233047055386731032e-03
9.512242681540443723e-01 -3.084733118804129370e-01 4.084565231428801541e-03
9.508609711323466884e-01 -3.096121645268873901e-01 1.948714950836863500e-03
9.507652601738616482e-01 -3.099120325467341619e-01 -1.695076461359188054e-04
9.509354330024756274e-01 -3.093812340627835611e-01 -2.265217615181725364e-03
9.515047998765769899e-01 -3.075912976765651230e-01 -5.127093558309229679e-03
9.524219923366586960e-01 -3.046789898838450639e-01 -7.946079197834214278e-03
9.536714223496818299e-01 -3.006593825879272930e-01 -1.071603254217530152e-02
9.552332264847621657e-01 -2.955489386899089466e-01 -1.343087543011176055e-02
9.570835318189293561e-01 -2.893656530506247826e-01 -1.608457830471825972e-02
9.591947523034635159e-01 -2.821292226063768505e-01 -1.867114986667548632e-02
9.615359158555867314e-01 -2.738612387888367805e-01 -2.118463220546177792e-02
9.640730223810762833e-01 -2.645853947954065477e-01 -2.361910187521028964e-02
9.667694326720331910e-01 -2.543276997551223162e-01 -2.596867723825839122e-02
9.695862876615726211e-01 -2.431166914567721993e-01 -2.822753224358141855e-02
9.724829568636135235e-01 -2.309836390744024470e-01 -3.038991664010885080e-02
9.754175140008787270e-01 -2.179627272674772853e-01 -3.245018244805677327e-02
9.783472368572764255e-01 -2.040912131756265069e-01 -3.440281632769550541e-02
9.812291273214830412e-01 -1.894095481958739113e-01 -3.624247729843036586e-02
9.840204464654265237e-01 -1.739614570430574880e-01 -3.796403907691818513e-02
9.866792583809388395e-01 -1.577939674633578593e-01 -3.956263612743907143e-02
9.891649754422308094e-01 -1.409573850972176690e-01 -4.103371235796778038e-02
9.914388967359657467e-01 -1.235052093592357569e-01 -4.237307125886791842e-02
9.934647306687209856e-01 -1.054939877921214492e-01 -4.357692617538288377e-02
9.952090922828896735e-01 -8.698310811773141138e-02 -4.464194933710388669e-02
9.966419656369237545e-01 -6.803452909443523378e-02 -4.556531824324537572e-02
9.977371217714722240e-01 -4.871245322796118049e-02 -4.634475802609943490e-02
9.984724833099881680e-01 -2.908294629456818423e-02 -4.697857848860309549e-02
9.988304276319966979e-01 -9.213510437965730798e-03 -4.746570463519002303e-02
9.987980217899871116e-01 1.082738078798049786e-02 -4.780569968499535222e-02
9.983671838767410600e-01 3.097077571734623003e-02 -4.799877976736048601e-02
9.975347673298760043e-01 5.114775549180447523e-02 -4.804581974331583599e-02
9.963025666098254129e-01 7.128995126275455840e-02 -4.794834986314902570e-02
9.946772447206541079e-01 9.133005613379084620e-02 -4.770854324771033744e-02
9.926701850686939776e-01 1.112023205238746870e-01 -4.732919445747824777e-02
9.902972720810794272e-01 1.308430202656096775e-01 -4.681368967640284900e-02
9.875786067503327104e-01 1.501908877628589933e-01 -4.616596927583163645e-02
9.845381647594230179e-01 1.691874978627901371e-01 -4.539048372764475925e-02
9.812034060175158778e-01 1.877776016794780178e-01 -4.449214399747911802e-02
9.776048452623105067e-01 2.059094033596306772e-01 -4.347626766353388655e-02
9.737755938432498537e-01 2.235347766215171061e-01 -4.234852207157418363e-02
9.697508828940483161e-01 2.406094197424595293e-01 -4.111486585272528665e-02
9.655675778545718124e-01 2.570929494409999183e-01 -3.978149010028571991e-02
9.612636937485308231e-01 2.729489357299257901e-01 -3.835476042998080259e-02
9.568779198141552644e-01 2.881448812518142555e-01 -3.684116104132315050e-02
9.524491610773552219e-01 3.026521498106989894e-01 -3.524724176358394467e-02
9.480161033118843505e-01 3.164458497585024843e-01 -3.357956891633672586e-02
9.436168066094841045e-01 3.295046785746017504e-01 -3.184468064960883915e-02
9.392883315420634815e-01 3.418107353963713013e-01 -3.004904725987606745e-02
9.350664006884872315e-01 3.533493084341222112e-01 -2.819903681214008112e-02
9.309850971631773442e-01 3.641086441605868029e-01 -2.630088624073425446e-02
9.270766007559225752e-01 3.740797049340148783e-01 -2.436067795669302413e-02
9.233709613959455442e-01 3.832559213294033928e-01 -2.238432186062460846e-02
9.198959089031052416e-01 3.916329449496593895e-01 -2.037754254897366710e-02
9.166766973914051153e-01 3.992084069017797221e-01 -1.834587140918644832e-02
9.137359822437638446e-01 4.059816864839278505e-01 -1.629464322550015082e-02
9.110937272753601990e-01 4.119536939653055674e-01 -1.422899686102601507e-02
9.087671395342951097e-01 4.171266706751861619e-01 -1.215387954207971903e-02
9.067706291380818184e-01 4.215040089688534275e-01 -1.007405424555919173e-02
9.051157915958132349e-01 4.250900940202186340e-01 -7.994109677603576658e-03
9.038114102009929818e-01 4.278901688128715075e-01 -5.918472329757949388e-03
9.028634762810325842e-01 4.299102231686313114e-01 -3.851420105452546799e-03
9.022752253388799382e-01 4.311569071673246323e-01 -1.797097022977578711e-03
9.020471874036604110e-01 4.316374688728861209e-01 2.404714802851683209e-04
9.021772502053494458e-01 4.313597158863136105e-01 2.257363095139059469e-03
9.028447548480551532e-01 4.299376835946533970e-01 5.002847231232459765e-03
9.039857022277647536e-01 4.274932649792597683e-01 7.710441345042325610e-03
9.055850562872023168e-01 4.240379117079157156e-01 1.037537522564203375e-02
9.076238220582210081e-01 4.195834558325718389e-01 1.299289234830518572e-02
9.100792362794896118e-01 4.141422706412200561e-01 1.555822411350086393e-02
9.129249747987709940e-01 4.077274647110767369e-01 1.806656852845652320e-02
9.161313786353961763e-01 4.003531040725716306e-01 2.051307389190732550e-02
9.196657007855191246e-01 3.920344569207483421e-01 2.289282797169766084e-02
9.234923758849509223e-01 3.827882548437454568e-01 2.520085308617682485e-02
9.275733146938818230e-01 3.726329640882486971e-01 2.743210741159725005e-02
9.318682250307601667e-01 3.615890599667741512e-01 2.958149273711891541e-02
9.363349602602284438e-01 3.496792971546718309e-01 3.164386877528760356e-02
9.409298957396908802e-01 3.369289683537962099e-01 3.361407400854329874e-02
9.456083327653544979e-01 3.233661436460154026e-01 3.548695291198761953e-02
9.503249285540533720e-01 3.090218828555078012e-01 3.725738924100860383e-02
9.550341496830164756e-01 2.939304134154704373e-01 3.892034491238549609e-02
9.596907452257920079e-01 2.781292666201575225e-01 4.047090384339634833e-02
9.642502346166667015e-01 2.616593657584281862e-01 4.190431995063635673e-02
9.686694041027366087e-01 2.445650604824943508e-01 4.321606835514932993e-02
9.729068045616062754e-01 2.268941028660823311e-01 4.440189870023447671e-02
9.769232425346903170e-01 2.086975619370652346e-01 4.545788937042429673e-02
9.806822556108756306e-01 1.900296750034684568e-01 4.638050131202844928e-02
9.841505628470488265e-01 1.709476357864611329e-01 4.716663010405654222e-02
9.872984807754390246e-01 1.515113211735181209e-01 4.781365491884080610e-02
9.901002957543439953e-01 1.317829602416681067e-01 4.831948304815066042e-02
9.925345839835956196e-01 1.118267509985563096e-01 4.868258875476193237e-02
9.945844714252803920e-01 9.170843196782244022e-02 4.890204534059905406e-02
9.962378271201095536e-01 7.149481722586986665e-02 4.897754949739555747e-02
9.974873849273327986e-01 5.125330470661325355e-02 4.890943721844807912e-02
9.983307904805573951e-01 3.105136846781226742e-02 4.869869079229759840e-02
9.987705720684252331e-01 1.095604611165847120e-02 4.834693666101753939e-02
9.988140361333462947e-01 -8.966567352694687631e-03 4.785643419591441294e-02
9.984730900446731061e-01 -2.865180823064333165e-02 4.723005570999231489e-02
9.977639966576489217e-01 -4.803690517888982436e-02 4.647125827784551189e-02
9.967070668361484032e-01 -6.706140334771050482e-02 4.558404815902347001e-02
9.953262975277699098e-01 -8.566754377645233176e-02 4.457293881127332574e-02
9.936489640824518466e-01 -1.038005917766601366e-01 4.344290362845339148e-02
9.917051762673412263e-01 -1.214091097751933412e-01 4.219932463985181376e-02
9.895274078377755966e-01 -1.384451718974494261e-01 4.084793846127958428e-02
9.871500095828832366e-01 -1.548645193685945776e-01 3.939478079434080571e-02
9.846087154979208389e-01 -1.706266575251133011e-01 3.784613073174369902e-02
9.819401511821470585e-01 -1.856948967968415909e-01 3.620845604837559517e-02
9.791813527698673969e-01 -2.000363413906959265e-01 3.448836054655809308e-02
9.763693037293603716e-01 -2.136218305457879552e-01 3.269253438679305124e-02
9.735404957687369132e-01 -2.264258381146051768e-01 3.082770818017657039e-02
9.707305189276626001e-01 -2.384263368496789826e-01 2.890061145318088831e-02
9.679736847635942443e-01 -2.496046341455196160e-01 2.691793592686396105e-02
9.653026854086267372e-01 -2.599451861179114531e-01 2.488630388712049710e-02
9.627482902179570479e-01 -2.694353968212628847e-01 2.281224176564988770e-02
9.603390807840087584e-01 -2.780654091393089389e-01 2.070215890704275863e-02
9.581012242727801054e-01 -2.858278934676813932e-01 1.856233136875591605e-02
9.560582843633412820e-01 -2.927178397719693570e-01 1.639889048961054585e-02
9.542310685418224914e-01 -2.987323579839726850e-01 1.421781586966045126e-02
9.526375101147981361e-01 -3.038704910213781973e-01 1.202493232983631484e-02
9.512925830549795458e-01 -3.081330440079435018e-01 9.825910363009395312e-03
9.502082476613606943e-01 -3.115224325542059192e-01 7.626269547877003938e-03
9.493934249899745881e-01 -3.140425522501801847e-01 5.431384371885358484e-03
9.488539980717028977e-01 -3.156986708347388482e-01 3.246491897651753496e-03
9.485928380606021282e-01 -3.164973438508645320e-01 1.076700707385379752e-03
9.486098536302233208e-01 -3.164463539779840406e-01 -1.072999429923728824e-03
9.490438626582312631e-01 -3.151189223320637334e-01 -3.989100988908291824e-03
9.498433870035071225e-01 -3.126507966844962461e-01 -6.864525680274735642e-03
9.509943414829569175e-01 -3.090564829280009196e-01 -9.693089242399647448e-03
9.524781541023729092e-01 -3.043517739540435585e-01 -1.246867433717623909e-02
9.542720222817021591e-01 -2.985538848393230471e-01 -1.518521197981693473e-02
9.563491995691738579e-01 -2.916816214858913292e-01 -1.783666775107662153e-02
9.586793132756008529e-01 -2.837555759549810763e-01 -2.041703346912685652e-02
9.612287135038383168e-01 -2.747983410675863269e-01 -2.292032486990825541e-02
9.639608538806866411e-01 -2.648347362703935004e-01 -2.534058570405190586e-02
9.668367039160061793e-01 -2.538920363023553506e-01 -2.767189850485891195e-02
9.698151923219807680e-01 -2.420001938690019005e-01 -2.990840211551006739e-02
9.728536798395670537e-01 -2.291920473663352498e-01 -3.204431588573462136e-02
9.759084591647956275e-01 -2.155035047234698242e-01 -3.407397026083137243e-02
9.789352784808721397e-01 -2.009736946818505565e-01 -3.599184329271672145e-02
9.818898839293476177e-01 -1.856450773239178287e-01 -3.779260240839486806e-02
9.847285751505949758e-01 -1.695635064235854472e-01 -3.947115058196658949e-02
9.874087668534862194e-01 -1.527782372229639363e-01 -4.102267587911798824e-02
9.898895483043603782e-01 -1.353418745397687306e-01 -4.244270318578238083e-02
9.921322317253040701e-01 -1.173102576583463508e-01 -4.372714680345077959e-02
9.941008799279313912e-01 -9.874228021876227390e-02 -4.487236250027251683e-02
9.957628031405481028e-01 -7.969964524143463569e-02 -4.587519755664633964e-02
9.970890149613973463e-01 -6.024655744319050432e-02 -4.673303734201569165e-02
9.980546377202718089e-01 -4.044935703620913120e-02 -4.744384700960162238e-02
9.986392482674677495e-01 -2.037610116797558546e-02 -4.800620699891303134e-02
9.988271563235797679e-01 -9.610096907793769239e-05 -4.841934119036769846e-02
9.986076089843948234e-01 2.032057625971901010e-02 -4.868313675765101323e-02
9.979749167291069867e-01 4.080362894653895983e-02 -4.879815500417024332e-02
9.969284982555005614e-01 6.128305560020710918e-02 -4.876563274033866163e-02
9.954728435763505745e-01 8.168968955066788218e-02 -4.858747404677769138e-02
9.936173969618085078e-01 1.019557220323061425e-01 -4.826623256203286388e-02
9.913763634049657103e-01 1.220152020289865524e-01 -4.780508471890950600e-02
9.887684442279244257e-01 1.418045021830353913e-01 -4.720779461842514180e-02
9.858165091493112930e-01 1.612627413235026286e-01 -4.647867146336827349e-02
9.825472135322284029e-01 1.803321557243662276e-01 -4.562252066530335382e-02
9.789905705742909525e-01 1.989584129800525125e-01 -4.464458988287832442e-02
9.751794888602457467e-01 2.170908642953515988e-01 -4.355051134163547694e-02
9.711492859663071187e-01 2.346827329395329564e-01 -4.234624182528616554e-02
9.669371886983199049e-01 2.516912385243604833e-01 -4.103800171744906994e-02
9.625818300960559126e-01 2.680776585559792036e-01 -3.963221441547128826e-02
9.581227525910195331e-01 2.838073303173976325e-01 -3.813544734040708040e-02
9.535999257231388970e-01 2.988495975130536775e-01 -3.655435563715647707e-02
9.490532856665853112e-01 3.131777072178312249e-01 -3.489562950457698182e-02
9.445223025520859128e-01 3.267686635044594334e-01 -3.316594592567864708e-02
9.400455802653788773e-01 3.396030446752503207e-01 -3.137192539106803402e-02
9.356604921061250080e-01 3.516647913095292122e-01 -2.952009403213746649e-02
9.314028544577966917e-01 3.629409723802815568e-01 -2.761685141055263137e-02
9.273066394864323270e-01 3.734215365234557216e-01 -2.566844405256550263e-02
9.234037268841259749e-01 3.830990551966524382e-01 -2.368094467442166673e-02
9.197236938211051926e-01 3.919684639781746416e-01 -2.166023692117195754e-02
9.162936415782297894e-01 4.000268076697769959e-01 -1.961200533684411690e-02
9.131380568014650922e-01 4.072729942118202273e-01 -1.754173019941835179e-02
9.102787049461723567e-01 4.137075617290853491e-01 -1.545468678873851767e-02
9.077345532513376725e-01 4.193324623258277151e-01 -1.335594860806168377e-02
9.055217204875840586e-01 4.241508655612848400e-01 -1.125039404861598313e-02
9.036534507408451322e-01 4.281669838782007909e-01 -9.142715969232736647e-03
9.021401086073714826e-01 4.313859216384944850e-01 -7.037433657665053549e-03
9.009891933663125574e-01 4.338135488490421632e-01 -4.938906644450111183e-03
9.002053699448211432e-01 4.354564001398886774e-01 -2.851349852103485846e-03
8.997905147797009562e-01 4.363215990871309180e-01 -7.788495802579079898e-04
8.997437749925566441e-01 4.364168075509090028e-01 1.274620150444656912e-03
9.002482785220776718e-01 4.353581297137417705e-01 4.056074751742052079e-03
9.012400876286807971e-01 4.332668522651122456e-01 6.801155863964918405e-03
9.027054217098190447e-01 4.301542652747542550e-01 9.505104567802839799e-03
9.046264228701106358e-01 4.260319357026946530e-01 1.216318225735976352e-02
9.069813411272693582e-01 4.209118602547719523e-01 1.477064234917894146e-02
9.097447354652198337e-01 4.148066540846034878e-01 1.732270630767483027e-02
9.128876926395044222e-01 4.077297703711665888e-01 1.981454458294753043e-02
9.163780659249411986e-01 3.996957453220263412e-01 2.224126298922531053e-02
9.201807361049429979e-01 3.907204626719063545e-01 2.459789497750509979e-02
9.242578969261489030e-01 3.808214312735938578e-01 2.687940017183389207e-02
9.285693669749464085e-01 3.700180689287890790e-01 2.908066944288501682e-02
9.330729294726127776e-01 3.583319852024920982e-01 3.119653668335016852e-02
9.377247008375156900e-01 3.457872556333519976e-01 3.322179732626579646e-02
9.424795280373653439e-01 3.324106795256690505e-01 3.515123350976468580e-02
9.472914137711782034e-01 3.182320134203197037e-01 3.697964564107969476e-02
9.521139674074347026e-01 3.032841724257309135e-01 3.870188995138926225e-02
9.569008783990303746e-01 2.876033918776113585e-01 4.031292146507740870e-02
9.616064076430173024e-01 2.712293423135753168e-01 4.180784163727837427e-02
