[simulation]
end = 2.0
dt = 0.0010000000000000002
steps = 1998
m0 = [ 1.0, 0.0, 0.0,]
T = 300

[material]
alphaG = 0.01
beta = -3
theta = -0.25
M = 750000
d_Pt = 5e-9
e_y = [ 0.0, 1.0, 0.0,]
thermal_stability = "np.float64(-6.906334882059256)"

[geometry]
size = [ 1e-7, 5e-8, 1e-9,]
V = 5e-24

[fields]
H_appl = [ 0.0, 0.0, 0.0,]
H_ani = [ 0.0, 0.0, 0.0,]
H_shape = [ 0.014600034917825154, 0.02985639387555352, 0.8980213672835645,]
H_s = "np.float64(-0.0010970199275793457)"
H_rf = [ 0.0, -3.1415926535897935e-5, 0.0,]
h_th = 0.011200547366628897

[constants]
gamma = 176085977000.0
planck = 1.054571817e-34
mu0 = 1.2566370614359173e-6
e = 1.602176634e-19
g = 176.0683701629837
kB = 1.380649e-23
