-3.555200271668194745e+01
-3.455443205678523100e+01
-3.469519924104864828e+01
-3.256890406121865311e+01
-3.513041227454575477e+01
-3.544306517559034830e+01
-3.400222008741045698e+01
-3.261600889436193285e+01
-3.485653196841817447e+01
-3.542377082148925638e+01
-3.325190798464477382e+01
-3.252334765884880596e+01
-3.438012196711004265e+01
-3.501305531278367766e+01
-3.210483829958846513e+01
-3.616978315625225804e+01
-3.610018076114401708e+01
-3.178148174401034964e+01
-3.227811609947995919e+01
-3.396381553209006654e+01
-3.318231322662451532e+01
-3.353208253593463439e+01
-3.522648345587311525e+01
-3.343203805840040133e+01
-3.539786211910613645e+01
-3.666916428047522913e+01
-3.530225902620364309e+01
-3.639216994600503341e+01
-3.491554101740018723e+01
-3.427636646999970083e+01
-3.408449699383695730e+01
-3.278013962093713474e+01
-3.444365818658882716e+01
-3.374956600957893471e+01
-3.598480213983842191e+01
-3.472936201852984794e+01
-3.408188284318826078e+01
-3.456270285250289476e+01
-3.512418926960426546e+01
-3.447982807296632757e+01
-3.411246582907126879e+01
-3.418838488059878955e+01
-3.279473458517735196e+01
-3.408571229267555935e+01
-3.353759953892947010e+01
-3.256051829858947855e+01
-3.403151010927697229e+01
-3.461055873991542597e+01
-3.313526596661666446e+01
-3.371616760645996180e+01
-3.572671329168107945e+01
-3.327748001082328244e+01
-3.252198898723378306e+01
-3.327203583159830202e+01
-3.446004447528206782e+01
-3.282827825952047363e+01
-3.440819939994327825e+01
-3.226931354453935796e+01
-2.986211905370916853e+01
-3.465299045278988643e+01
-3.082737255483053929e+01
-3.267505437227436005e+01
-2.944165611165562524e+01
-3.434397966927920010e+01
-3.194710355764858534e+01
-3.068225668592615563e+01
-3.268908008050416214e+01
-3.594874441370737372e+01
-3.341271706975091860e+01
-3.274366072995763233e+01
-3.518845238752854954e+01
-3.001657370235213662e+01
-3.044934804457051314e+01
-3.406822142936216835e+01
-3.368646567676633907e+01
-3.420345186159597262e+01
-3.302052945967368203e+01
-3.215658706690367552e+01
-3.031991121548970014e+01
-3.489885809897391056e+01
-3.337172415696533534e+01
-3.543180677966927306e+01
-3.337548196823539826e+01
-3.329519160651756948e+01
-3.236517583975904699e+01
-3.340858275247119025e+01
-3.420807974007538377e+01
-3.431492420401270493e+01
-3.253371886097905019e+01
-3.196385024672974140e+01
-3.577821773119674731e+01
-3.533141133149923263e+01
-3.490166798749012855e+01
-3.382891647531319990e+01
-3.439028598000513881e+01
-3.438436068030148363e+01
-3.459900853668251131e+01
-3.369552349974524930e+01
-3.466635234543786481e+01
-3.648035027218730875e+01
-3.598402053892873198e+01
-3.357569345313413578e+01
-3.051799333819772997e+01
-3.270235946486545231e+01
-3.195408827242072647e+01
-2.923759286239283739e+01
-3.415611414409107738e+01
-3.488411347555300068e+01
-3.298378608701889902e+01
-3.433398196157859417e+01
-3.535900441284321261e+01
-3.508850818443706743e+01
-3.511415005940661871e+01
-3.351594557417089248e+01
-3.082459993476919280e+01
-3.121793701392868670e+01
-3.657077432201936773e+01
-3.530455477205842385e+01
-3.030142795071510875e+01
-3.498416530606326091e+01
-3.292607395521375224e+01
-3.328408375137603770e+01
-3.411705128213579741e+01
-3.528111958678162807e+01
-3.547421202197187995e+01
-3.391452105349733870e+01
-3.450713903176398389e+01
-3.417719103755767662e+01
-3.431514313894075485e+01
-3.466464448117324793e+01
-3.055296549054863675e+01
-3.486557426857763886e+01
-3.365832550118033595e+01
-3.312368881566141710e+01
-3.380756742514723356e+01
-3.260245044128957659e+01
-3.386567231782060361e+01
-3.533406837797619460e+01
-3.340899871129244048e+01
-3.268215281758674706e+01
-3.192225709811195955e+01
-3.568901168546871361e+01
-2.908775569958323715e+01
-3.198416978204612704e+01
-3.415758197201059687e+01
-3.279600296064801768e+01
-3.236959675074076870e+01
-3.541718602723865672e+01
-3.353905799664511989e+01
-3.147958024630696983e+01
-3.061523324721437334e+01
-3.280390677016960410e+01
-3.347105107721132811e+01
-3.252895257378886384e+01
-3.279999635389036428e+01
-3.311652383076714301e+01
-3.199819349099561094e+01
-2.905273469553889854e+01
-3.478845772715586548e+01
-3.192257958619501679e+01
-3.256732844400820426e+01
-3.293622142172651479e+01
-3.154225107276342754e+01
-3.295205357467221319e+01
-3.371280728912643099e+01
-3.126622017538720755e+01
-3.488531109165090527e+01
-2.915428556318329356e+01
-2.829171608041401242e+01
-3.301150411650199601e+01
-3.272605694614900074e+01
-3.153278041056714898e+01
-3.375248514853028325e+01
-2.989854733041247670e+01
-3.255876374005314489e+01
-3.200008104553496935e+01
-3.272133695864187786e+01
-3.088391288691221703e+01
-3.204477725107761188e+01
-3.377433717193006402e+01
-3.238020990298947765e+01
-3.034477419225651929e+01
-3.142458945240804979e+01
-3.318942399768648954e+01
-3.018311550847871416e+01
-3.184749148665146024e+01
-3.354025215282151606e+01
-2.953196428061088952e+01
-3.053508292430315763e+01
-3.050338115299331321e+01
-3.224166292441636017e+01
-3.194899333685399156e+01
-3.317656670086976334e+01
-2.928957986875537500e+01
-3.210403350451024806e+01
-3.294591139530806601e+01
-3.159831501839148871e+01
-2.927113468431294763e+01
-2.991981818504809709e+01
-3.154501060569058879e+01
-3.327402036005987185e+01
-2.939262490916320303e+01
-3.363096751421461050e+01
-3.452238612975627774e+01
-2.934613295720060933e+01
-3.339215593373535995e+01
-2.704890704685333702e+01
-3.150781729885400395e+01
-3.258529495978805812e+01
-2.593905487900039830e+01
-3.223605848839438437e+01
-3.262500931475968713e+01
-3.211916818603835111e+01
-3.029334767829173813e+01
-3.184051219790920584e+01
-3.241811585710393473e+01
-3.176828716719630208e+01
-3.511785788113837725e+01
-3.196746926797111144e+01
-3.338338057727754205e+01
-3.331337582863140057e+01
-3.074392158207373527e+01
-3.309332382717009580e+01
-2.793199318828814626e+01
-3.170344090732113784e+01
-3.403050372834935899e+01
-3.060271843572811434e+01
-3.258267625698928782e+01
-3.151808726769509050e+01
-3.374566732939668867e+01
-3.195863739521985281e+01
-3.073969560297943460e+01
-2.716818035231786510e+01
-3.251148835401551906e+01
-3.366289750363686295e+01
-3.284419973651219493e+01
-3.236465440667151938e+01
-3.323035780304168441e+01
-2.595919786515506189e+01
-3.252147474334265098e+01
-3.058547234874820120e+01
-2.906202118601855844e+01
-3.198917964461585584e+01
-3.354477905964117213e+01
-3.081851669112123204e+01
-3.083328677059730438e+01
-2.962497780834042516e+01
-2.860162357653608112e+01
-2.758173850538922878e+01
-3.203114470102278943e+01
-2.785251298857290081e+01
-2.936103621334097014e+01
-2.835494195856444932e+01
-2.956129183911119185e+01
-3.053281698644261155e+01
-3.220320889324339220e+01
-3.132131056339172304e+01
-3.241957645373870633e+01
-3.014880229262447386e+01
-3.097918915253850969e+01
-2.974543403739235359e+01
-3.305640668589302322e+01
-3.082789735353128080e+01
-3.018192701237796527e+01
-2.956080830589345254e+01
-2.468392071724866810e+01
-3.147526009241644473e+01
-3.356991394762378178e+01
-2.622062232981667407e+01
-3.128636139077083556e+01
-3.232707236272644735e+01
-3.273237020463164981e+01
-3.246582052168319876e+01
-2.719608388755814232e+01
-2.898489172793605562e+01
-3.239397645848855944e+01
-3.262020089488812147e+01
-2.872656698137669196e+01
-2.884089227632741270e+01
-2.781394376858746043e+01
-3.107987929656446724e+01
-3.284740153475593161e+01
-2.922880436952844363e+01
-2.900617206758326816e+01
-2.550128651508399003e+01
-3.324121881980603632e+01
-2.661164975456302884e+01
-3.066193163661297305e+01
-3.169012006780941704e+01
-3.148354797345012202e+01
-3.236762918917195719e+01
-3.173779561034645269e+01
-2.559809894978067391e+01
-2.772900682561725461e+01
-3.004399805124866774e+01
-3.131236480718014548e+01
-3.308240869869345602e+01
-3.117654631085353856e+01
-3.122140582949882059e+01
-2.602175070180961569e+01
-2.813369687240605899e+01
-2.585963296419587820e+01
-3.218046942931438537e+01
-3.185916278110982347e+01
-2.614614423835999801e+01
-3.101398138352159251e+01
-3.083187564157493554e+01
-3.064942238009378173e+01
-3.258500961939928686e+01
-2.586066153740037521e+01
-3.156037281251702353e+01
-3.007740266108185168e+01
-2.988744353415686206e+01
-3.030517473371960691e+01
-2.958049212848991516e+01
-3.100016135509805437e+01
-2.735134603657869334e+01
-2.619393975972394273e+01
-2.722924893853440054e+01
-2.804210424450797845e+01
-2.754506970011195222e+01
-2.903131733702223727e+01
-3.264985013816357196e+01
-3.206201334030360073e+01
-2.702993315929207796e+01
-2.785031483121502305e+01
-2.899323892991329643e+01
-3.010886835414740403e+01
-3.148797493407502657e+01
-2.838786833588609326e+01
-3.404720511992560716e+01
-3.352277529722106664e+01
-3.087517994852153791e+01
-3.071915576018538729e+01
-2.653801092089233649e+01
-3.261505878705003170e+01
-2.914978313337614324e+01
-2.963561386563637967e+01
-2.761806135563020703e+01
-2.519892229969003594e+01
-3.016673585027954729e+01
-3.057640291321394699e+01
-2.774334162616171895e+01
-3.007059186700658060e+01
-2.875828052433838522e+01
-3.049471865410361460e+01
-2.796105915151152033e+01
-2.596756892438965281e+01
-3.019291004615597274e+01
-2.774494070754158770e+01
-2.761287719960311193e+01
-3.144104438316626826e+01
-3.004035263232890074e+01
-2.498215427088644702e+01
-2.659421611585488066e+01
-2.925791700014802288e+01
-2.886032302678289696e+01
-2.987738206135572483e+01
-2.888814762069500830e+01
-2.460130929071912576e+01
-2.743771521470487684e+01
-2.710804114746955662e+01
-2.708147807798318496e+01
-2.588455104001320350e+01
-2.711854975541410084e+01
-2.909020243032873765e+01
-2.671708028850706640e+01
-2.779891066661256360e+01
-3.082208755625209307e+01
-3.039871471842261741e+01
-2.584712395957958364e+01
-3.077533087030304770e+01
-2.771312343343485907e+01
-2.801555640699057292e+01
-2.554744398746882439e+01
-2.929175984129492605e+01
-2.582672178359688786e+01
-2.534896140558983646e+01
-2.667463596194944841e+01
-2.557770901951602838e+01
-2.685791600998456374e+01
-2.992574142675165660e+01
-2.655927638934947765e+01
-2.773383742755541448e+01
-2.622380614868291104e+01
-2.952551909074256287e+01
-2.938068942290154695e+01
-2.758181337492802143e+01
-2.748517197995731465e+01
-2.450646413634904164e+01
-2.552688972645573173e+01
-2.597295583425595566e+01
-2.369336676169019640e+01
-2.592398938896290161e+01
-2.796991236561307304e+01
-2.673344879489709314e+01
-2.744113452667655295e+01
-2.574184650634269644e+01
-2.671052323556068586e+01
-2.512629646103437153e+01
-2.793279123998542346e+01
-3.083452420179331099e+01
-2.834251767824871493e+01
-2.814525409190404659e+01
-2.957417650938849363e+01
-2.691943614938417184e+01
-2.521620777785884826e+01
-2.789244863018876330e+01
-2.346527139501938564e+01
-3.057107019981531337e+01
-2.549808738276749054e+01
-2.351760316159027653e+01
-2.946784573369453497e+01
-2.621670012444130293e+01
-2.703462426446726141e+01
-2.572975231758419667e+01
-2.839128772467857686e+01
-2.545065225445560131e+01
-2.837747751223401949e+01
-2.459803995131983712e+01
-2.758659253166335645e+01
-2.764307330475960711e+01
-2.365275616708063922e+01
-3.076899163716467100e+01
-2.453129629361708197e+01
-2.577936465538457966e+01
-2.496206680428173996e+01
-2.562797362844490578e+01
-2.695342261112422833e+01
-2.564812890721025340e+01
-2.454359782824723624e+01
-2.658726551074959232e+01
-2.927216472021816429e+01
-2.585037745904820028e+01
-2.533923711985591964e+01
-2.758704844138797441e+01
-2.488666783558921125e+01
-2.274338542587278411e+01
-2.804512196848928340e+01
-2.363151699811909623e+01
-2.562756567263586405e+01
-2.771022226331247396e+01
-2.897003726244767208e+01
-2.476491317317207930e+01
-2.858265375789344276e+01
-2.465600399966834999e+01
-2.572514383284277528e+01
-2.292048605349755519e+01
-2.599317762686587585e+01
-2.498467992880660660e+01
-2.756294085215381884e+01
-2.444039346894969711e+01
-2.659642054461158622e+01
-2.363584727138676911e+01
-2.617564979461145569e+01
-2.322930461664074642e+01
-2.539761953312204312e+01
-2.519444369607526113e+01
-2.599627098534406500e+01
-2.764811925242672075e+01
-2.624543165628024255e+01
-2.339899912961501727e+01
-2.562701821702543725e+01
-2.658002603119381391e+01
-2.551414004430948879e+01
-2.411818665976149489e+01
-2.615164459977292566e+01
-2.380604650640807662e+01
-2.516311771094865790e+01
-2.558576587700038019e+01
-2.609796354370206828e+01
-2.269116783848899743e+01
-2.188054132892279569e+01
-2.279161329886971643e+01
-2.479394095505582740e+01
-2.317261899607370168e+01
-2.377114712217360903e+01
-2.596610451987014656e+01
-2.373319853507836186e+01
-2.561554771014522558e+01
-2.188054132892279569e+01
-2.491088438234617541e+01
-2.613339974642185126e+01
-2.256226357597682863e+01
-2.671358715979904019e+01
-2.215362766851092147e+01
-2.535551056400393222e+01
-2.839609113256360118e+01
-2.561465534148286238e+01
-2.447374649114685141e+01
-2.914235463752633493e+01
-2.636546126354393493e+01
-3.313005490657474894e+01
-3.067230666482233659e+01
-2.680636451699521317e+01
-2.577193240532717766e+01
-2.869979541187847971e+01
-2.708491078878926217e+01
-2.680636451699521317e+01
-2.544642298633726796e+01
-2.302503364336510217e+01
-2.629949492294082347e+01
-2.445865158682932972e+01
-2.429505116912954676e+01
-2.489257877596001478e+01
-2.436116549310077417e+01
-2.232614359832716744e+01
-2.471270763272303839e+01
-2.521630708900971385e+01
-2.239760838698151346e+01
-2.600265763494292415e+01
-2.223552660641619383e+01
-2.206133066778838625e+01
-2.542003167457851376e+01
-2.212782812179027658e+01
-2.587297335655575736e+01
-2.389923954546445017e+01
-2.197916969980824575e+01
-2.206133066778838625e+01
-2.248447664712760741e+01
-2.500819489763092207e+01
-2.381379483466862368e+01
-2.324663062108071898e+01
-2.487444923100890648e+01
-2.725748630690906538e+01
-2.345605787728133862e+01
-2.366296885453929022e+01
-2.254845186186080497e+01
-2.188054132892279569e+01
-2.294996657384274030e+01
-2.538502502321072996e+01
-2.455909817689172314e+01
-2.442706826857656210e+01
-2.445809764906093875e+01
-2.485138786951138457e+01
-2.188054132892279569e+01
-2.701916267756933010e+01
-2.482683908842529519e+01
-2.188054132892279569e+01
-2.568462850803496167e+01
-2.188054132892279569e+01
-2.273247607427885342e+01
-2.247822623659511265e+01
-2.213809619443622623e+01
-2.556045413813954070e+01
-2.408197679581436290e+01
-2.404136827220970929e+01
-2.219239950560457686e+01
-2.236291560655461907e+01
-2.218787211793921799e+01
-2.298978531938541536e+01
-2.694528450859819912e+01
-2.616217826645956279e+01
-2.502651563606991303e+01
-2.208010889912227270e+01
-2.719827631703953941e+01
-2.397240285226042289e+01
-3.063916365400483954e+01
-2.213809619443622623e+01
-2.376779525720508346e+01
-2.361459808996342602e+01
-2.574783617351385701e+01
-2.738111769709173515e+01
-2.695490265846775202e+01
-2.336028494056266069e+01
-2.479689333385331551e+01
-2.217785095751805002e+01
-2.412420684228330359e+01
-2.567827403261157571e+01
-2.363795725323817720e+01
-2.451004930361303025e+01
-2.622152515328984990e+01
-2.391370035367303615e+01
-2.471691458293595289e+01
-2.253104258506928304e+01
-2.547686390805345269e+01
-2.462000884532945832e+01
-2.254112861561978676e+01
-2.194224249244398095e+01
-2.513452786606929479e+01
-2.483193532191455688e+01
-2.239768646674317409e+01
-2.670549227421814820e+01
-2.184536871376552014e+01
-2.243442248594600130e+01
-2.472285439847606625e+01
-2.442256442778487369e+01
-2.340017232226941246e+01
-2.184536871376552014e+01
-2.496565655105198545e+01
-2.239246190487023114e+01
-2.197158905269066054e+01
-2.470876331343043830e+01
-2.489957301925980104e+01
-2.299348024506423016e+01
-2.383415547621405395e+01
-2.184536871376552014e+01
-2.474022146592939109e+01
-2.362586785359453501e+01
-2.282920451609323109e+01
-2.523709969574928991e+01
-2.270789196370968455e+01
-2.449910465394573222e+01
-2.420304556254139783e+01
-2.655649591190180914e+01
-3.064939272936342007e+01
-2.623618231434953785e+01
-3.632314440237521325e+01
-2.874622794420015026e+01
-2.307526448905025873e+01
-2.277197874685816359e+01
-2.563096909982493443e+01
-2.632896464837227057e+01
-2.605305588675912531e+01
-2.760707634427813417e+01
-3.271692505463533251e+01
-3.884043020098957300e+01
-3.247927232622143379e+01
-2.614361545758641725e+01
-2.535635141741227727e+01
-3.369790339619944319e+01
-2.636734661099282917e+01
-2.272661283119452591e+01
-2.588381482760463825e+01
-2.378053855569666553e+01
-2.231759949943590016e+01
-2.397078268282386304e+01
-2.342741023790626187e+01
-2.444864670739374546e+01
-2.355750371232241491e+01
-2.278388771958626791e+01
-2.348664238390061598e+01
-2.433146329453336421e+01
-2.421217995227351594e+01
-2.269679826902922315e+01
-2.198225138221822306e+01
-2.694362847422866025e+01
-2.617528477530343523e+01
-2.198225138221822306e+01
-2.393482267922377105e+01
-2.188073271602634406e+01
-2.207119440114221831e+01
-2.200174037174273778e+01
-2.512903427016615510e+01
-2.450176174535350171e+01
-2.303735265285875045e+01
-2.587281765552355495e+01
-2.473100609397331340e+01
-2.436116549310077417e+01
-2.469172349852416204e+01
-2.517587757419491012e+01
-2.523354975367943709e+01
-2.345178288501293196e+01
-2.188054132892279569e+01
-2.461062203786882563e+01
-2.466327753527736633e+01
-2.319084974243235564e+01
-2.257142304655480203e+01
-2.440675066807317961e+01
-2.345178288501293196e+01
-2.345178288501293196e+01
-2.386590659536807735e+01
-2.464270820647670135e+01
-2.665452485591401199e+01
-2.416799858042344695e+01
-2.241985195881552784e+01
-2.348734496554788009e+01
-2.487560223443043483e+01
-2.394868496877981201e+01
-2.401051590922787682e+01
-2.188054132892279569e+01
-2.444864670739374546e+01
-2.545224077842417998e+01
-2.315886532749995652e+01
-2.261936186220660261e+01
-2.188054132892279569e+01
-2.906760840355364905e+01
-2.425227909253613845e+01
-2.282072688475148325e+01
-2.456671880743265746e+01
-2.188054132892279569e+01
-2.456245378596787887e+01
-2.668951673610434128e+01
-2.210599736077856647e+01
-2.355480315164748362e+01
-2.472940960341588124e+01
-2.660706877195369913e+01
-2.649120550045703837e+01
-2.273959742375869553e+01
-2.491095620592352944e+01
-2.479594860347859964e+01
-2.247363515321176664e+01
-2.491516795233702197e+01
-2.247363515321176664e+01
-2.341404132559180695e+01
-2.213809619443622623e+01
-2.340711296309050127e+01
-2.345178288501293196e+01
-2.360487480502982294e+01
-2.396347378479681822e+01
-2.552018485522798485e+01
-2.353163891262409280e+01
-2.456535187582626989e+01
-2.382756229682448534e+01
-2.437992102777511150e+01
-2.736931159892467136e+01
-2.590800420357491518e+01
-2.194224249244398095e+01
-2.549215263636463646e+01
-2.261321235351278602e+01
-2.463090090420338285e+01
-2.482913499597334805e+01
-2.253104258506928304e+01
-2.545712535958028866e+01
-2.526133119291572271e+01
-2.328694686693998506e+01
-2.463690630560468620e+01
-2.419077221699563651e+01
-2.545311027836513418e+01
-2.391097856755494533e+01
-2.328935146325495253e+01
-2.205309541601643275e+01
-2.205309541601643275e+01
-2.493796886655033873e+01
-2.188127631126776507e+01
-2.184536871376552014e+01
-2.397544780802465070e+01
-2.454252545846846800e+01
-2.231464349675828274e+01
-2.390636594456168140e+01
-2.294607082383075891e+01
-2.188127631126776507e+01
-2.472960538732743174e+01
-2.464270820647670135e+01
-2.299870664229143813e+01
-2.817448879591988131e+01
-2.261052775787489111e+01
-2.188127631126776507e+01
-2.452758750766177087e+01
-2.672742171750118345e+01
-2.278552343206993314e+01
-2.363410184983310458e+01
-2.617650927895773805e+01
-2.413486036955936598e+01
-2.383021367842304272e+01
-2.479124220444524340e+01
-2.595801102925285164e+01
-2.292855845586586838e+01
-2.645914390084679368e+01
-2.536456827354730237e+01
-2.217025636850265613e+01
-2.203793501433789714e+01
-2.521833380067896258e+01
-2.202324068719465089e+01
-2.332313168465158881e+01
-2.564166339310421350e+01
-2.832748407804272617e+01
-2.291158681624824922e+01
-2.492394369390839159e+01
-2.345178288501293196e+01
-2.523772549414486832e+01
-2.188054132892279569e+01
-2.415816546787884178e+01
-2.461350538275899424e+01
-2.198225138221822306e+01
-2.198334454432232832e+01
-2.466327753527736633e+01
-2.436116549310077417e+01
-2.669010423236477081e+01
-2.439210491114446810e+01
-2.197916969980824575e+01
-2.356879691542878419e+01
-2.409825704947591163e+01
-2.439850474231364075e+01
-2.269116783848899743e+01
-2.578084027249552435e+01
-2.460264544579278834e+01
-2.483894341144695517e+01
-2.408516615212716161e+01
-2.215362766851092147e+01
-2.239081698891277128e+01
-2.291700723209038770e+01
-2.306247590582631446e+01
-2.614244241470343866e+01
-2.678366124626699118e+01
-2.448493397399855809e+01
-2.231725871073127010e+01
-2.511338302846990089e+01
-2.447410585494145963e+01
-2.778596232894748397e+01
-2.226757862761488482e+01
-2.428582878875808504e+01
-2.338580852315936909e+01
-2.188054132892279569e+01
-2.627896552578673806e+01
-2.499755964701228805e+01
-2.509994812372084283e+01
-2.366975320944504446e+01
-2.422425702305530493e+01
-2.231725871073127010e+01
-2.348734496554788009e+01
-2.209160573755325885e+01
-2.506702883048037123e+01
-2.202324068719465089e+01
-2.386310565661576533e+01
-2.188073271602634406e+01
-2.452758750766177087e+01
-2.231725871073127010e+01
-2.484293866639636050e+01
-2.188054132892279569e+01
-2.388330107167738703e+01
-2.555153986499066932e+01
-2.527457984324533768e+01
-2.479689333385331551e+01
-2.188054132892279569e+01
-2.448390993194674081e+01
-2.450275860588623900e+01
-2.294996657384274030e+01
-2.494470379483174227e+01
-2.425056038733256258e+01
-2.239081698891277128e+01
-2.374383201923815179e+01
-2.277346204185110778e+01
-2.381001981096227027e+01
-2.341914156244647671e+01
-2.437940981721633449e+01
-2.362306851854349787e+01
-2.497354259669597099e+01
-2.213809619443622623e+01
-2.497010975331928861e+01
-2.213809619443622623e+01
-2.465194834063272467e+01
-2.533875869511221524e+01
-2.465194834063272467e+01
-2.270423102918378788e+01
-2.209160573755325885e+01
-2.213809619443622623e+01
-2.203793501433789714e+01
-2.548816519186193119e+01
-2.244636205067405754e+01
-2.387780588105591306e+01
-2.580632378379334568e+01
-2.639194483285830373e+01
-2.474857931927109078e+01
-2.485677952035660354e+01
-2.482555505658103812e+01
-2.400031747375631852e+01
-2.397368861721770728e+01
-2.620285493894198225e+01
-2.194224249244398095e+01
-2.424541946280617211e+01
-2.354007156741273832e+01
-2.643235705394365453e+01
-2.345242266539304765e+01
-2.451188037120709851e+01
-2.194224249244398095e+01
-2.389734504952097538e+01
-2.235391922289439748e+01
-2.482152327923623503e+01
-2.194224249244398095e+01
-2.474941150084211472e+01
-2.259940210822913897e+01
-2.184536871376552014e+01
-2.473324229887278136e+01
-2.197158905269066054e+01
-2.830176915470747545e+01
-2.279305843828734268e+01
-2.184536871376552014e+01
-2.436229015890341998e+01
-2.591183244496951588e+01
-2.184536871376552014e+01
-2.184536871376552014e+01
-2.591653480518938579e+01
-2.586257683416535968e+01
-2.297932221778426154e+01
-2.184536871376552014e+01
-2.527055474289257830e+01
-2.570729262398836212e+01
-2.201009544224481829e+01
-2.213469755300911501e+01
-2.363867886325635581e+01
-2.188054132892279569e+01
-2.561007213890230005e+01
-2.583301488363015608e+01
-2.455588832259356735e+01
-2.272661283119452591e+01
-2.776086496237032719e+01
-2.519518394733297839e+01
-2.471748867339240618e+01
-2.272661283119452591e+01
-2.256207565457840758e+01
-2.284026908411328805e+01
-2.363410184983310458e+01
-2.345178288501293196e+01
-2.381183801977739378e+01
-2.267866608341770984e+01
-2.345178288501293196e+01
-2.425227909253613845e+01
-2.456289886881349460e+01
-2.277572402545268204e+01
-2.523748111165281571e+01
-2.462842137630486050e+01
-2.455588832259356735e+01
-2.377149356720051188e+01
-2.453606941586863854e+01
-2.451516331381299096e+01
-2.661189430669858069e+01
-2.550299218666989276e+01
-2.549568503092627836e+01
-2.541492417813886107e+01
-2.207002338456324964e+01
-2.256226357597682863e+01
-2.709695300542369623e+01
-2.190782969738804908e+01
-2.308031630266448175e+01
-2.438871918877213929e+01
-2.460942130253134863e+01
-2.290260968860245328e+01
-2.355665565897708547e+01
-2.198225138221822306e+01
-2.284138064940592017e+01
-2.375698382746772452e+01
-2.452615578421276155e+01
-2.567944939713998664e+01
-2.345605787728133862e+01
-2.556324974507218073e+01
-2.517830862968233774e+01
-2.642625753489766183e+01
-2.427074963407727637e+01
-2.483550530785150556e+01
-2.436116549310077417e+01
-2.262748911242219663e+01
-2.434278268861475070e+01
-2.729992693097683798e+01
-2.469547779992473124e+01
-2.239878552556666591e+01
-2.613051389042663430e+01
-2.497825125878740238e+01
-2.370714042727808035e+01
-2.261218994822594297e+01
-2.399681356351503325e+01
-2.619116269452959500e+01
-2.208010889912227270e+01
-2.479689333385331551e+01
-2.208010889912227270e+01
-2.632690048915376479e+01
-2.413724858367020332e+01
-2.322393729923557970e+01
-2.402975067260354436e+01
-2.208010889912227270e+01
-2.188054132892279569e+01
-2.208010889912227270e+01
-2.439761514578207979e+01
-2.188054132892279569e+01
-2.364511159994759737e+01
-2.531840412887552461e+01
-2.382971780790938965e+01
-2.332129274273451358e+01
-2.500904651300666259e+01
-2.385654096784677236e+01
-2.394868496877981201e+01
-2.630735469256420345e+01
-2.447050538919070206e+01
-2.449908080596310356e+01
-2.473417798706953974e+01
-2.213809619443622623e+01
-2.421239228151661749e+01
-2.482705941416202222e+01
-2.506731827019907044e+01
-2.429902247214464595e+01
-2.209160573755325885e+01
-2.208010889912227270e+01
-2.298089195062555490e+01
-2.208010889912227270e+01
-2.208010889912227270e+01
-2.503964242462650347e+01
-2.208010889912227270e+01
-2.208010889912227270e+01
-2.213809619443622623e+01
-2.213809619443622623e+01
-2.208010889912227270e+01
-2.194224249244398095e+01
-2.232994072554902942e+01
-2.194224249244398095e+01
-2.194224249244398095e+01
-2.194224249244398095e+01
-2.194224249244398095e+01
-2.194224249244398095e+01
-2.232994072554902942e+01
-2.194224249244398095e+01
-2.194224249244398095e+01
-2.194224249244398095e+01
-2.194224249244398095e+01
-2.194224249244398095e+01
-2.194224249244398095e+01
-2.194224249244398095e+01
-2.194224249244398095e+01
-2.194224249244398095e+01
-2.194224249244398095e+01
-2.194224249244398095e+01
