1.000000000000000000e+00 0.000000000000000000e+00 0.000000000000000000e+00
1.000000000000000000e+00 0.000000000000000000e+00 0.000000000000000000e+00
1.000000000000000000e+00 0.000000000000000000e+00 0.000000000000000000e+00
1.000000000000000000e+00 0.000000000000000000e+00 0.000000000000000000e+00
1.000000000000000000e+00 0.000000000000000000e+00 0.000000000000000000e+00
1.000000000000000000e+00 0.000000000000000000e+00 0.000000000000000000e+00
1.000000000000000000e+00 0.000000000000000000e+00 0.000000000000000000e+00
1.000000000000000000e+00 0.000000000000000000e+00 0.000000000000000000e+00
1.000000000000000000e+00 0.000000000000000000e+00 0.000000000000000000e+00
1.000000000000000000e+00 0.000000000000000000e+00 0.000000000000000000e+00
1.000000000000000000e+00 0.000000000000000000e+00 0.000000000000000000e+00
1.000000000000000000e+00 0.000000000000000000e+00 0.000000000000000000e+00
1.000000000000000000e+00 0.000000000000000000e+00 0.000000000000000000e+00
1.000000000000000000e+00 0.000000000000000000e+00 0.000000000000000000e+00
1.000000000000000000e+00 0.000000000000000000e+00 0.000000000000000000e+00
1.000000000000000000e+00 0.000000000000000000e+00 0.000000000000000000e+00
1.000000000000000000e+00 0.000000000000000000e+00 0.000000000000000000e+00
1.000000000000000000e+00 0.000000000000000000e+00 0.000000000000000000e+00
1.000000000000000000e+00 0.000000000000000000e+00 0.000000000000000000e+00
1.000000000000000000e+00 0.000000000000000000e+00 0.000000000000000000e+00
1.000000000000000000e+00 0.000000000000000000e+00 0.000000000000000000e+00
1.000000000000000000e+00 0.000000000000000000e+00 0.000000000000000000e+00
1.000000000000000000e+00 0.000000000000000000e+00 0.000000000000000000e+00
1.000000000000000000e+00 0.000000000000000000e+00 0.000000000000000000e+00
1.000000000000000000e+00 0.000000000000000000e+00 0.000000000000000000e+00
1.000000000000000000e+00 0.000000000000000000e+00 0.000000000000000000e+00
1.000000000000000000e+00 0.000000000000000000e+00 0.000000000000000000e+00
1.000000000000000000e+00 0.000000000000000000e+00 0.000000000000000000e+00
1.000000000000000000e+00 0.000000000000000000e+00 0.000000000000000000e+00
1.000000000000000000e+00 0.000000000000000000e+00 0.000000000000000000e+00
1.000000000000000000e+00 0.000000000000000000e+00 0.000000000000000000e+00
1.000000000000000000e+00 0.000000000000000000e+00 0.000000000000000000e+00
1.000000000000000000e+00 0.000000000000000000e+00 0.000000000000000000e+00
1.000000000000000000e+00 0.000000000000000000e+00 0.000000000000000000e+00
1.000000000000000000e+00 0.000000000000000000e+00 0.000000000000000000e+00
1.000000000000000000e+00 0.000000000000000000e+00 0.000000000000000000e+00
1.000000000000000000e+00 0.000000000000000000e+00 0.000000000000000000e+00
1.000000000000000000e+00 0.000000000000000000e+00 0.000000000000000000e+00
1.000000000000000000e+00 0.000000000000000000e+00 0.000000000000000000e+00
1.000000000000000000e+00 0.000000000000000000e+00 0.000000000000000000e+00
1.000000000000000000e+00 0.000000000000000000e+00 0.000000000000000000e+00
1.000000000000000000e+00 0.000000000000000000e+00 0.000000000000000000e+00
1.000000000000000000e+00 0.000000000000000000e+00 0.000000000000000000e+00
1.000000000000000000e+00 0.000000000000000000e+00 0.000000000000000000e+00
1.000000000000000000e+00 0.000000000000000000e+00 0.000000000000000000e+00
1.000000000000000000e+00 0.000000000000000000e+00 0.000000000000000000e+00
1.000000000000000000e+00 0.000000000000000000e+00 0.000000000000000000e+00
1.000000000000000000e+00 0.000000000000000000e+00 0.000000000000000000e+00
1.000000000000000000e+00 0.000000000000000000e+00 0.000000000000000000e+00
1.000000000000000000e+00 0.000000000000000000e+00 0.000000000000000000e+00
1.000000000000000000e+00 0.000000000000000000e+00 0.000000000000000000e+00
1.000000000000000000e+00 0.000000000000000000e+00 0.000000000000000000e+00
1.000000000000000000e+00 0.000000000000000000e+00 0.000000000000000000e+00
1.000000000000000000e+00 0.000000000000000000e+00 0.000000000000000000e+00
1.000000000000000000e+00 0.000000000000000000e+00 0.000000000000000000e+00
1.000000000000000000e+00 0.000000000000000000e+00 0.000000000000000000e+00
1.000000000000000000e+00 0.000000000000000000e+00 0.000000000000000000e+00
1.000000000000000000e+00 0.000000000000000000e+00 0.000000000000000000e+00
1.000000000000000000e+00 0.000000000000000000e+00 0.000000000000000000e+00
1.000000000000000000e+00 0.000000000000000000e+00 0.000000000000000000e+00
1.000000000000000000e+00 0.000000000000000000e+00 0.000000000000000000e+00
1.000000000000000000e+00 0.000000000000000000e+00 0.000000000000000000e+00
1.000000000000000000e+00 0.000000000000000000e+00 0.000000000000000000e+00
1.000000000000000000e+00 0.000000000000000000e+00 0.000000000000000000e+00
1.000000000000000000e+00 0.000000000000000000e+00 0.000000000000000000e+00
1.000000000000000000e+00 0.000000000000000000e+00 0.000000000000000000e+00
1.000000000000000000e+00 0.000000000000000000e+00 0.000000000000000000e+00
1.000000000000000000e+00 0.000000000000000000e+00 0.000000000000000000e+00
1.000000000000000000e+00 0.000000000000000000e+00 0.000000000000000000e+00
1.000000000000000000e+00 0.000000000000000000e+00 0.000000000000000000e+00
1.000000000000000000e+00 0.000000000000000000e+00 0.000000000000000000e+00
1.000000000000000000e+00 0.000000000000000000e+00 0.000000000000000000e+00
1.000000000000000000e+00 0.000000000000000000e+00 0.000000000000000000e+00
1.000000000000000000e+00 0.000000000000000000e+00 0.000000000000000000e+00
1.000000000000000000e+00 0.000000000000000000e+00 0.000000000000000000e+00
1.000000000000000000e+00 0.000000000000000000e+00 0.000000000000000000e+00
1.000000000000000000e+00 0.000000000000000000e+00 0.000000000000000000e+00
1.000000000000000000e+00 0.000000000000000000e+00 0.000000000000000000e+00
1.000000000000000000e+00 0.000000000000000000e+00 0.000000000000000000e+00
1.000000000000000000e+00 0.000000000000000000e+00 0.000000000000000000e+00
1.000000000000000000e+00 0.000000000000000000e+00 0.000000000000000000e+00
1.000000000000000000e+00 0.000000000000000000e+00 0.000000000000000000e+00
1.000000000000000000e+00 0.000000000000000000e+00 0.000000000000000000e+00
1.000000000000000000e+00 0.000000000000000000e+00 0.000000000000000000e+00
1.000000000000000000e+00 0.000000000000000000e+00 0.000000000000000000e+00
1.000000000000000000e+00 0.000000000000000000e+00 0.000000000000000000e+00
1.000000000000000000e+00 0.000000000000000000e+00 0.000000000000000000e+00
1.000000000000000000e+00 0.000000000000000000e+00 0.000000000000000000e+00
1.000000000000000000e+00 0.000000000000000000e+00 0.000000000000000000e+00
1.000000000000000000e+00 0.000000000000000000e+00 0.000000000000000000e+00
1.000000000000000000e+00 0.000000000000000000e+00 0.000000000000000000e+00
1.000000000000000000e+00 0.000000000000000000e+00 0.000000000000000000e+00
1.000000000000000000e+00 0.000000000000000000e+00 0.000000000000000000e+00
1.000000000000000000e+00 0.000000000000000000e+00 0.000000000000000000e+00
1.000000000000000000e+00 0.000000000000000000e+00 0.000000000000000000e+00
1.000000000000000000e+00 0.000000000000000000e+00 0.000000000000000000e+00
1.000000000000000000e+00 0.000000000000000000e+00 0.000000000000000000e+00
1.000000000000000000e+00 0.000000000000000000e+00 0.000000000000000000e+00
1.000000000000000000e+00 0.000000000000000000e+00 0.000000000000000000e+00
1.000000000000000000e+00 0.000000000000000000e+00 0.000000000000000000e+00
1.000000000000000000e+00 0.000000000000000000e+00 0.000000000000000000e+00
1.000000000000000000e+00 0.000000000000000000e+00 0.000000000000000000e+00
1.000000000000000000e+00 0.000000000000000000e+00 0.000000000000000000e+00
1.000000000000000000e+00 0.000000000000000000e+00 0.000000000000000000e+00
1.000000000000000000e+00 0.000000000000000000e+00 0.000000000000000000e+00
1.000000000000000000e+00 0.000000000000000000e+00 0.000000000000000000e+00
1.000000000000000000e+00 0.000000000000000000e+00 0.000000000000000000e+00
1.000000000000000000e+00 0.000000000000000000e+00 0.000000000000000000e+00
1.000000000000000000e+00 0.000000000000000000e+00 0.000000000000000000e+00
1.000000000000000000e+00 0.000000000000000000e+00 0.000000000000000000e+00
1.000000000000000000e+00 0.000000000000000000e+00 0.000000000000000000e+00
1.000000000000000000e+00 0.000000000000000000e+00 0.000000000000000000e+00
1.000000000000000000e+00 0.000000000000000000e+00 0.000000000000000000e+00
1.000000000000000000e+00 0.000000000000000000e+00 0.000000000000000000e+00
1.000000000000000000e+00 0.000000000000000000e+00 0.000000000000000000e+00
1.000000000000000000e+00 0.000000000000000000e+00 0.000000000000000000e+00
1.000000000000000000e+00 0.000000000000000000e+00 0.000000000000000000e+00
1.000000000000000000e+00 0.000000000000000000e+00 0.000000000000000000e+00
1.000000000000000000e+00 0.000000000000000000e+00 0.000000000000000000e+00
1.000000000000000000e+00 0.000000000000000000e+00 0.000000000000000000e+00
1.000000000000000000e+00 0.000000000000000000e+00 0.000000000000000000e+00
1.000000000000000000e+00 0.000000000000000000e+00 0.000000000000000000e+00
1.000000000000000000e+00 0.000000000000000000e+00 0.000000000000000000e+00
1.000000000000000000e+00 0.000000000000000000e+00 0.000000000000000000e+00
1.000000000000000000e+00 0.000000000000000000e+00 0.000000000000000000e+00
1.000000000000000000e+00 0.000000000000000000e+00 0.000000000000000000e+00
1.000000000000000000e+00 0.000000000000000000e+00 0.000000000000000000e+00
1.000000000000000000e+00 0.000000000000000000e+00 0.000000000000000000e+00
1.000000000000000000e+00 0.000000000000000000e+00 0.000000000000000000e+00
1.000000000000000000e+00 0.000000000000000000e+00 0.000000000000000000e+00
1.000000000000000000e+00 0.000000000000000000e+00 0.000000000000000000e+00
1.000000000000000000e+00 0.000000000000000000e+00 0.000000000000000000e+00
1.000000000000000000e+00 0.000000000000000000e+00 0.000000000000000000e+00
1.000000000000000000e+00 0.000000000000000000e+00 0.000000000000000000e+00
1.000000000000000000e+00 0.000000000000000000e+00 0.000000000000000000e+00
1.000000000000000000e+00 0.000000000000000000e+00 0.000000000000000000e+00
1.000000000000000000e+00 0.000000000000000000e+00 0.000000000000000000e+00
1.000000000000000000e+00 0.000000000000000000e+00 0.000000000000000000e+00
1.000000000000000000e+00 0.000000000000000000e+00 0.000000000000000000e+00
1.000000000000000000e+00 0.000000000000000000e+00 0.000000000000000000e+00
1.000000000000000000e+00 0.000000000000000000e+00 0.000000000000000000e+00
1.000000000000000000e+00 0.000000000000000000e+00 0.000000000000000000e+00
1.000000000000000000e+00 0.000000000000000000e+00 0.000000000000000000e+00
1.000000000000000000e+00 0.000000000000000000e+00 0.000000000000000000e+00
1.000000000000000000e+00 0.000000000000000000e+00 0.000000000000000000e+00
1.000000000000000000e+00 0.000000000000000000e+00 0.000000000000000000e+00
1.000000000000000000e+00 0.000000000000000000e+00 0.000000000000000000e+00
1.000000000000000000e+00 0.000000000000000000e+00 0.000000000000000000e+00
1.000000000000000000e+00 0.000000000000000000e+00 0.000000000000000000e+00
1.000000000000000000e+00 0.000000000000000000e+00 0.000000000000000000e+00
1.000000000000000000e+00 0.000000000000000000e+00 0.000000000000000000e+00
1.000000000000000000e+00 0.000000000000000000e+00 0.000000000000000000e+00
9.999999972242421542e-01 2.919989816611129172e-05 -6.854847463902187402e-05
9.999999740698353179e-01 9.824584499826415529e-05 -2.054462098583709944e-04
9.999998920513724077e-01 2.177505184934326035e-04 -4.104657600236322939e-04
9.999996871985187274e-01 3.982887334708237964e-04 -6.833515691752167342e-04
9.999992643907780199e-01 6.503930572685091404e-04 -1.023820090695302118e-03
9.999984906488972314e-01 9.845494239291896401e-04 -1.431559902006103707e-03
9.999971874048374509e-01 1.411192736516065282e-03 -1.906231810525895951e-03
9.999951217746919641e-01 1.940702444404781516e-03 -2.447468946759275097e-03
9.999919968613770749e-01 2.583398079309190062e-03 -3.054876840091124042e-03
9.999874411163673926e-01 3.349534730444866850e-03 -3.728033472593701107e-03
9.999809967922127507e-01 4.249298435645148739e-03 -4.466489305947092883e-03
9.999721075200682652e-01 5.292801461452597243e-03 -5.269767276418563240e-03
9.999601050490170007e-01 6.490077441249417559e-03 -6.137362752749477707e-03
9.999441951865859490e-01 7.851076336401112063e-03 -7.068743451762567187e-03
9.999234429825715198e-01 9.385659181208616877e-03 -8.063349306530230923e-03
9.998967572011323579e-01 1.110359256823807879e-02 -9.120592282038894258e-03
9.998628741290974675e-01 1.301454282636945424e-02 -1.023985613344751550e-02
9.998203407716107494e-01 1.512806983972333347e-02 -1.142049610227213567e-02
9.997674974896142430e-01 1.745362045154050593e-02 -1.266183854613472590e-02
9.997024601373027952e-01 2.000052139315464800e-02 -1.396318049809483833e-02
9.996231017615798686e-01 2.277797167447187521e-02 -1.532378915203785538e-02
9.995270339297531725e-01 2.579503436891204121e-02 -1.674290127112466539e-02
9.994115877562484984e-01 2.906062772263905830e-02 -1.821972251691467495e-02
9.992737947040221114e-01 3.258351551517825462e-02 -1.975342669745705493e-02
9.991103672416397075e-01 3.637229659625872136e-02 -2.134315493340337502e-02
9.989176794426805062e-01 4.043539352200224007e-02 -2.298801474202704503e-02
9.986917476202370469e-01 4.478104021248584254e-02 -2.468707903993941355e-02
9.984282110958142553e-01 4.941726855231424326e-02 -2.643938506626622095e-02
9.981223132088954397e-01 5.435189385623682978e-02 -2.824393322908809456e-02
9.977688826808182032e-01 5.959249912311943148e-02 -3.009968587905024334e-02
9.973623154543770353e-01 6.514641800382560410e-02 -3.200556601520416350e-02
9.968965571387061742e-01 7.102071641186796791e-02 -3.396045592935118679e-02
9.963650861974518991e-01 7.722217271015212325e-02 -3.596319579640613190e-02
9.957608980269603283e-01 8.375725641284753609e-02 -3.801258221957987127e-02
9.950764900801035706e-01 9.063210534847507271e-02 -4.010736674048099443e-02
9.943038482003598855e-01 9.785250123878967698e-02 -4.224625432554660054e-02
9.934344343397325527e-01 1.054238436580438865e-01 -4.442790184151601540e-02
9.924591758429156529e-01 1.133511223488230801e-01 -4.665091653394252275e-02
9.913684564886366957e-01 1.216388878839145121e-01 -4.891385452397910977e-02
9.901521094871625905e-01 1.302912206786666360e-01 -5.121521933985428987e-02
9.887994126403509831e-01 1.393116983750548321e-01 -5.355346050055187490e-02
9.872990858771633071e-01 1.487033616372166744e-01 -5.592697217019957506e-02
9.856392913829878921e-01 1.584686784185557473e-01 -5.833409190253090182e-02
9.838076365452244065e-01 1.686095067826120231e-01 -6.077309949548567042e-02
9.817911799400761419e-01 1.791270563837050744e-01 -6.324221597652848748e-02
9.795764405861275836e-01 1.900218487387843325e-01 -6.573960273956354350e-02
9.771494106887633757e-01 2.012936764488451047e-01 -6.826336085437853529e-02
9.744955720955290612e-01 2.129415615565208864e-01 -7.081153056933174594e-02
9.715999166758625405e-01 2.249637132558365282e-01 -7.338209102747733636e-02
9.684469708289608070e-01 2.373574852003431934e-01 -7.597296021547736422e-02
9.650332608501702714e-01 2.500920108196594827e-01 -7.851619879438379024e-02
9.613467225014287187e-01 2.631535544599559184e-01 -8.101041866126354463e-02
9.573754637896405573e-01 2.765277695290791482e-01 -8.345427585889879374e-02
9.531078192032700347e-01 2.901997068961454374e-01 -8.584647554261766456e-02
9.485324036859461572e-01 3.041538266979357807e-01 -8.818577697505064483e-02
9.436381660347186173e-01 3.183740136306515423e-01 -9.047099850631504236e-02
9.384144414007468127e-01 3.328435957727169381e-01 -9.270102249561935903e-02
9.328510025636461700e-01 3.475453669497092779e-01 -9.487480012923632522e-02
9.269381096477450344e-01 3.624616126165788876e-01 -9.699135608925454899e-02
9.206665579493693574e-01 3.775741391955501070e-01 -9.904979302751393266e-02
9.140277235491421903e-01 3.928643067709697290e-01 -1.010492957996802360e-01
9.070136063922751291e-01 4.083130650054271338e-01 -1.029891354155329924e-01
8.996168705329762316e-01 4.239009921052588892e-01 -1.048686726632310356e-01
8.918308812563596755e-01 4.396083366286335226e-01 -1.066873613675736604e-01
8.836497388124939789e-01 4.554150618963483943e-01 -1.084447512450766177e-01
8.750683085222692448e-01 4.713008927348002475e-01 -1.101404903220006282e-01
8.660822470433127140e-01 4.872453642528351003e-01 -1.117743268852695177e-01
8.566880246158836698e-01 5.032278723298083678e-01 -1.133461109404456796e-01
8.468829431431073029e-01 5.192277254716238799e-01 -1.148557951555359835e-01
8.366651499965793715e-01 5.352241976751216379e-01 -1.163034352743166078e-01
8.260336474767521198e-01 5.511965819292464763e-01 -1.176891899880184722e-01
8.149882978970232061e-01 5.671242439741502883e-01 -1.190133202595298895e-01
8.035298243004970198e-01 5.829866759368946827e-01 -1.202761880996696814e-01
7.916598068583483583e-01 5.987635494647538525e-01 -1.214782548004801066e-01
7.793806750379924653e-01 6.144347679842224741e-01 -1.226200786358038891e-01
7.666956956672393853e-01 6.299805177255624056e-01 -1.237023120445631258e-01
7.536089570567287010e-01 6.453813171688572714e-01 -1.247256983170742795e-01
7.401253493766568603e-01 6.606180645877697266e-01 -1.256910678093424993e-01
7.262505415146591758e-01 6.756720833911494806e-01 -1.265993337145162878e-01
7.119909546692596569e-01 6.905251649898741517e-01 -1.274514874244945528e-01
6.973537329572160326e-01 7.051596089463392225e-01 -1.282485935180155412e-01
6.823467113330807798e-01 7.195582601963215197e-01 -1.289917844143854131e-01
6.669783811351838176e-01 7.337045431669685369e-01 -1.296822547342955656e-01
6.512578535838932092e-01 7.475824926498523260e-01 -1.303212554109181021e-01
6.351948215654007468e-01 7.611767813238059510e-01 -1.309100875956525079e-01
6.187995200374427629e-01 7.744727438580748524e-01 -1.314500964035278385e-01
6.020826853924210464e-01 7.874563975616395428e-01 -1.319426645433599277e-01
5.850555141085155286e-01 8.001144595788944880e-01 -1.323892058773444846e-01
5.677296210108203622e-01 8.124343606647492777e-01 -1.327911589538664505e-01
5.501169974525813577e-01 8.244042556032373792e-01 -1.331499805559614447e-01
5.322299697116014139e-01 8.360130303625248338e-01 -1.334671393061209743e-01
5.140811578791812941e-01 8.472503061055056683e-01 -1.337441093660362568e-01
4.956834354989673730e-01 8.581064401987175128e-01 -1.339823642674775883e-01
4.770498901911940370e-01 8.685725243829335307e-01 -1.341833709078601722e-01
4.581937854744472793e-01 8.786403802863689272e-01 -1.343485837412056183e-01
4.391285239726452905e-01 8.883025524759223801e-01 -1.344794391922243260e-01
4.198676121698309283e-01 8.975522992532546374e-01 -1.345773503181684483e-01
4.004246268499775940e-01 9.063835814108297528e-01 -1.346437017399862990e-01
3.808131833336805827e-01 9.147910491684023704e-01 -1.346798448611931098e-01
3.610469055986669784e-01 9.227700275129582241e-01 -1.346870933897995615e-01
3.411393983468075097e-01 9.303165001649662535e-01 -1.346667191756475424e-01
3.211042210570096422e-01 9.374270923911731668e-01 -1.346199483726233104e-01
3.009548640412432752e-01 9.440990528792742031e-01 -1.345479579324780073e-01
2.807047265001840208e-01 9.503302348828581714e-01 -1.344518724344097027e-01
2.603670965557100536e-01 9.561190768362858305e-01 -1.343327612521637848e-01
2.399551332198716358e-01 9.614645826288618080e-01 -1.341916360582053602e-01
2.194818502440571417e-01 9.663663017160413204e-01 -1.340294486625148163e-01
1.989601017779534520e-01 9.708243092327156765e-01 -1.338470891817604702e-01
1.784025697555720047e-01 9.748391862600708224e-01 -1.336453845330113077e-01
1.578217529150802989e-01 9.784120003833353119e-01 -1.334250972447633965e-01
1.372299573504199288e-01 9.815442866631304275e-01 -1.331869245768612653e-01
1.166392884856625456e-01 9.842380291283023830e-01 -1.329314979398903140e-01
9.606164435769437571e-02 9.864956428832271085e-01 -1.326593826037877899e-01
7.550871008905406245e-02 9.883199569077962821e-01 -1.323710776847561721e-01
5.499195343049285978e-02 9.897141976137593389e-01 -1.320670163990483315e-01
3.452262125198721221e-02 9.906819732069370721e-01 -1.317475665718163547e-01
1.411173686141287825e-02 9.912272588911497095e-01 -1.314130313889581014e-01
-6.229901968216988717e-03 9.913543829366101567e-01 -1.310636503797430741e-01
-2.649172437924389098e-02 9.910680136231007076e-01 -1.306996006179372005e-01
-4.666338733007309447e-02 9.903731470565451112e-01 -1.303209981291583164e-01
-6.673477612387970770e-02 9.892750958466631772e-01 -1.299278994922684616e-01
-8.669600466758792257e-02 9.877794786232881874e-01 -1.295203036227296212e-01
-1.065374155571991582e-01 9.858922103596798880e-01 -1.290981537260064427e-01
-1.262495800787438449e-01 9.836194934627879860e-01 -1.286613394092790685e-01
-1.458232982068239647e-01 9.809678095829365008e-01 -1.282096989399234555e-01
-1.652495986749870360e-01 9.779439120888135939e-01 -1.277430216394148943e-01
-1.845197391841130463e-01 9.745548191479581623e-01 -1.272610504015064536e-01
-2.036252068066841947e-01 9.708078073481412051e-01 -1.267634843237211983e-01
-2.225577186363205673e-01 9.667104057911262149e-01 -1.262499814413701182e-01
-2.413092227233763487e-01 9.622703905872528329e-01 -1.257201615534640771e-01
-2.598718993287710832e-01 9.574957796770996454e-01 -1.251736091300236497e-01
-2.782381625196444497e-01 9.523948279051281940e-01 -1.246098762904071094e-01
-2.964006621219356097e-01 9.469760222696669283e-01 -1.240284858423713749e-01
-3.143522860366601557e-01 9.412480772738310852e-01 -1.234289343716558074e-01
-3.320861629185448693e-01 9.352199303029700150e-01 -1.228106953719372840e-01
-3.495956652078421878e-01 9.289007369559464378e-01 -1.221732224050477572e-01
-3.668744124986305088e-01 9.222998662599564135e-01 -1.215159522813781950e-01
-3.839162752197684547e-01 9.154268957016503672e-01 -1.208383082504189965e-01
-4.007153785979541416e-01 9.082916060109768042e-01 -1.201397031914110403e-01
-4.172661068660923900e-01 9.009039756383966369e-01 -1.194195427941096843e-01
-4.335631076744348444e-01 8.932741748708634688e-01 -1.186772287197011694e-01
-4.496012966567681235e-01 8.854125595371784563e-01 -1.179121617319626447e-01
-4.653758620993196926e-01 8.773296642589624161e-01 -1.171237447888292815e-01
-4.808822696560606791e-01 8.690361952094808329e-01 -1.163113860846304165e-01
-4.961162670507383576e-01 8.605430223488567121e-01 -1.154745020333858979e-01
-5.110738887032887368e-01 8.518611711107457740e-01 -1.146125201837195212e-01
-5.257514602162806083e-01 8.430018135222716591e-01 -1.137248820561528873e-01
-5.401456026557406309e-01 8.339762587458546816e-01 -1.128110458937935240e-01
-5.542532365601066102e-01 8.247959430384574908e-01 -1.118704893177298459e-01
-5.680715856111591133e-01 8.154724191306408354e-01 -1.109027118787941218e-01
-5.815920756838827144e-01 8.060274118450903025e-01 -1.098657047034368173e-01
-5.948070743944517957e-01 7.964774791812726518e-01 -1.087574070512035834e-01
-6.077093554250824203e-01 7.868397390575851968e-01 -1.075758732880795626e-01
-6.202921248489664530e-01 7.771318389141462779e-01 -1.063192781293919309e-01
-6.325490443730004131e-01 7.673719220837443844e-01 -1.049859215478192026e-01
-6.444742512125796186e-01 7.575785911266879058e-01 -1.035742333175662527e-01
-6.560623743369199401e-01 7.477708683495278841e-01 -1.020827771692168345e-01
-6.673085468510173701e-01 7.379681537490704324e-01 -1.005102545336346298e-01
-6.782084143111625218e-01 7.281901806413479949e-01 -9.885550785749668001e-02
-6.887581388045507236e-01 7.184569692499108706e-01 -9.711752347755182868e-02
-6.989543986595697644e-01 7.087887785386365325e-01 -9.529543404543425189e-02
-7.087943836913780382e-01 6.992060565809949946e-01 -9.338852049975668312e-02
-7.182757859269365275e-01 6.897293897601947110e-01 -9.139621358718312549e-02
-7.273967857942538195e-01 6.803794510927821948e-01 -8.931809493915739140e-02
-7.361560338017537619e-01 6.711769479620796064e-01 -8.715389771586048995e-02
-7.445526277748926169e-01 6.621425695374039133e-01 -8.490350683370680163e-02
-7.525860857579762531e-01 6.532969341404789576e-01 -8.256695879718659037e-02
-7.602563147291034884e-01 6.446605368020799087e-01 -8.014444116004534879e-02
-7.675635753148886131e-01 6.362536972300592009e-01 -7.763629164458811516e-02
-7.745084427287284301e-01 6.280965083848812913e-01 -7.504299695124379277e-02
-7.810917641915570142e-01 6.202087858311046142e-01 -7.236519129336392575e-02
-7.873146131270224446e-01 6.126100180033964282e-01 -6.960365469451150477e-02
-7.931782404536198428e-01 6.053193174942096411e-01 -6.675931108717930718e-02
-7.986840233243823750e-01 5.983553734377816680e-01 -6.383322625293105790e-02
-8.038334116901915127e-01 5.917364050322505564e-01 -6.082660564436329076e-02
-8.086278730855878116e-01 5.854801162090640387e-01 -5.774079212902787084e-02
-8.130688360561776351e-01 5.796036514271128981e-01 -5.457726369453580473e-02
-8.171576326644103272e-01 5.741235525388009853e-01 -5.133763115248917569e-02
-8.208954405257553599e-01 5.690557166471871264e-01 -4.802363587667930062e-02
-8.242832248402804929e-01 5.644153548480095317e-01 -4.463714760817261845e-02
-8.273216808954784174e-01 5.602169517284093514e-01 -4.118016235651698193e-02
-8.300111775250701429e-01 5.564742254760454143e-01 -3.765480042238451841e-02
-8.323517020155973833e-01 5.532000884385492867e-01 -3.406330456257403161e-02
-8.343428069580341999e-01 5.504066079643563647e-01 -3.040803831348399752e-02
-8.359835595455241686e-01 5.481049673522783161e-01 -2.669148448400117737e-02
-8.372724938207518619e-01 5.463054267390989871e-01 -2.291624382329888673e-02
-8.382075663774123386e-01 5.450172837622773159e-01 -1.908503386337817576e-02
-8.387861160197150889e-01 5.442488338487417865e-01 -1.520068793039325294e-02
-8.390048278817444638e-01 5.440073300009234947e-01 -1.126615431296255042e-02
-8.388597025046240496e-01 5.442989419776742555e-01 -7.284495569865163077e-03
-8.383460303635438260e-01 5.451287148005461436e-01 -3.258887953847960928e-03
-8.374583723284757530e-01 5.465005265549834901e-01 8.073790771870427777e-04
-8.361905465314182218e-01 5.484170455011049272e-01 4.910903295489788337e-03
-8.345356220987895091e-01 5.508796865596462533e-01 9.048170123877595158e-03
-8.324859201895937755e-01 5.538885672948902217e-01 1.321555308411339648e-02
-8.300330227576041553e-01 5.574424635775140358e-01 1.740931431975124496e-02
-8.271677894284066301e-01 5.615387651755859855e-01 2.162560524292338193e-02
-8.238803828490621761e-01 5.661734315906727932e-01 2.586046735674769545e-02
-8.201603028287055563e-01 5.713409485272545885e-01 3.010983330639456154e-02
-8.159964295419634972e-01 5.770342854563349499e-01 3.436952821229684318e-02
-8.113935502942395406e-01 5.832255904228508259e-01 3.858006661579237856e-02
-8.063456653180599565e-01 5.898983987858011924e-01 4.273817617708086658e-02
-8.008464935073397184e-01 5.970350525572672984e-01 4.684063067362228411e-02
-7.948895613865613052e-01 6.046167239216616585e-01 5.088425537961718814e-02
-7.884682951668504636e-01 6.126234425089482905e-01 5.486593270373413961e-02
-7.815761152692682900e-01 6.210341268227880240e-01 5.878260804916021764e-02
-7.742065326593073893e-01 6.298266201909902273e-01 6.263129585307598834e-02
-7.663532463036606401e-01 6.389777315638494048e-01 6.640908575616892573e-02
-7.580102410317515194e-01 6.484632814363305853e-01 7.011314884694164196e-02
-7.491718850611975844e-01 6.582581531132326580e-01 7.374074392048093896e-02
-7.398330264292209968e-01 6.683363494731422438e-01 7.728922368715882008e-02
-7.299890875618403330e-01 6.786710553181045658e-01 8.075604086355397948e-02
-7.196361572102262238e-01 6.892347053225286180e-01 8.413875407581214438e-02
-7.087710789894829944e-01 6.999990575180957686e-01 8.743503350478792902e-02
-6.973915357698141637e-01 7.109352721726417412e-01 9.064266620268800201e-02
-6.854961291938312939e-01 7.220139958415162651e-01 9.375956101260018993e-02
-6.730844536267993616e-01 7.332054502912185301e-01 9.678375302525220325e-02
-6.601571638887826499e-01 7.444795259186194336e-01 9.971340751157599380e-02
-6.467160361686755676e-01 7.558058792162587469e-01 1.025468232751082370e-01
-6.327640215794690937e-01 7.671540337664376485e-01 1.052824353748547520e-01
-6.183052918811074994e-01 7.784934841854299625e-01 1.079188171768787757e-01
-6.033452769710430097e-01 7.897938023852919542e-01 1.104546817014070426e-01
-5.878906938220235245e-01 8.010247454755052843e-01 1.128888822415256704e-01
-5.719495666305499659e-01 8.121563645908872475e-01 1.152204122393845481e-01
-5.555312380264786354e-01 8.231591139065048690e-01 1.174484044160524071e-01
-5.386463712830215078e-01 8.340039590851570095e-01 1.195721291615625820e-01
-5.213069435554636977e-01 8.446624843985421904e-01 1.215909922020549927e-01
-5.035262302648156885e-01 8.551069977694617519e-01 1.235045315710461139e-01
-4.853187808279363913e-01 8.653106329990527534e-01 1.253124139215436861e-01
-4.667003860170529927e-01 8.752474484696023405e-01 1.270144302247774304e-01
-4.476880373078282460e-01 8.848925216492727897e-01 1.286104909095651949e-01
-4.282998786450871176e-01 8.942220387691841577e-01 1.301006205036225327e-01
-4.085551511180732787e-01 9.032133790947365348e-01 1.314849518443208243e-01
-3.884741310919092028e-01 9.118451932706584939e-01 1.327637199314017635e-01
-3.680780623882253799e-01 9.200974752818213975e-01 1.339372554978880414e-01
-3.473890831453435024e-01 9.279516276380793682e-01 1.350059783778466138e-01
-3.264301480167972058e-01 9.353905194600095063e-01 1.359703907507451015e-01
-3.052249463863874746e-01 9.423985372121663762e-01 1.368310703419088337e-01
-2.837978172886236883e-01 9.489616279001361621e-01 1.375886636570756438e-01
-2.621736617256835156e-01 9.550673346161493438e-01 1.382438793263255916e-01
-2.403778530664667790e-01 9.607048243842847279e-01 1.387974816288226054e-01
-2.184361462005688925e-01 9.658649083194772444e-01 1.392502842649537831e-01
-1.963745861008034388e-01 9.705400541738853359e-01 1.396031444367155649e-01
-1.742194164230670972e-01 9.747243913990798481e-01 1.398569572907099046e-01
-1.519969887427082278e-01 9.784137089025314316e-01 1.400126507710256485e-01
-1.297336729929924881e-01 9.816054457216953910e-01 1.400711809217383974e-01
-1.074557696345976865e-01 9.842986748784580131e-01 1.400335276709189503e-01
-8.518942404612926678e-02 9.864940807107777099e-01 1.399006911200431913e-01
-6.296054358518683725e-02 9.881939300071114207e-01 1.396736883546889907e-01
-4.079471772822667458e-02 9.894020372928390428e-01 1.393535507845224397e-01
-1.871714165597099938e-02 9.901237246366511036e-01 1.389413220129421533e-01
3.247456390052614467e-03 9.903657763590683061e-01 1.384380562294776351e-01
2.507488369465445469e-02 9.901363890352956609e-01 1.378448171112265364e-01
4.674154735388727500e-02 9.894451171908705822e-01 1.371626772133494043e-01
6.822451404965480803e-02 9.883028150914678900e-01 1.363927178229899229e-01
8.950156514223457649e-02 9.867215750281737030e-01 1.355360292460080496e-01
1.105512469434780654e-01 9.847146624969447259e-01 1.345937114916432864e-01
1.313529160662318673e-01 9.822964486661913686e-01 1.335668753166896483e-01
1.518867797765290073e-01 9.794823405198090915e-01 1.324566435879762083e-01
1.721339313043721286e-01 9.762887090548276747e-01 1.312641529199033985e-01
1.920763800965411272e-01 9.727328159034203114e-01 1.299905555424742398e-01
2.116970770209050667e-01 9.688327387385202716e-01 1.286370213546548791e-01
2.309799345563070261e-01 9.646072958109156437e-01 1.272047401179675630e-01
2.499098420253365038e-01 9.600759699535660330e-01 1.256949237459171476e-01
2.684726759493104020e-01 9.552588323761020961e-01 1.241088086461312606e-01
2.866553056256525567e-01 9.501764665591081460e-01 1.224476580738963760e-01
3.044455940476719080e-01 9.448498925438835183e-01 1.207127644580384962e-01
3.218323943055552694e-01 9.393004918989598107e-01 1.189054516627630620e-01
3.388055416252550023e-01 9.335499336297271578e-01 1.170270771520677960e-01
3.553558412188835280e-01 9.276201012820947112e-01 1.150790340266081846e-01
3.714750521362245039e-01 9.215330214751866755e-01 1.130627529063600589e-01
3.871558673220151792e-01 9.153107940816559429e-01 1.109797036360218453e-01
4.023918900977026536e-01 9.089755242573023253e-01 1.088313967937669380e-01
4.171776072993789719e-01 9.025492565043348181e-01 1.066193849876323207e-01
4.315083593154868669e-01 8.960539109348628628e-01 1.043452639274568827e-01
4.453803072785909034e-01 8.895112218830960593e-01 1.020106732638084990e-01
4.587903976749483914e-01 8.829426789963519262e-01 9.961729718871471795e-02
4.717363246437168978e-01 8.763694709164130403e-01 9.716686479619626726e-02
4.842164902443308883e-01 8.698124316441454562e-01 9.466115020355844734e-02
4.962299629758021302e-01 8.632919896617153865e-01 9.210197243709211667e-02
5.077764348353974722e-01 8.568281198683627142e-01 8.949119508825001401e-02
5.188561772062828537e-01 8.504402983676481176e-01 8.683072574847691683e-02
5.294699958642670179e-01 8.441474601265490652e-01 8.412251523267191833e-02
5.396191853927293502e-01 8.379679595098853406e-01 8.136855660274275315e-02
5.493054832921715480e-01 8.319195336774756200e-01 7.857088400387492177e-02
5.585310240666303550e-01 8.260192688163040531e-01 7.573157132698847549e-02
5.672982935634550694e-01 8.202835691659634554e-01 7.285273071140319079e-02
5.756100838357565141e-01 8.147281287828668228e-01 6.993651090199316800e-02
5.834694487882348124e-01 8.093679059773062345e-01 6.698509547510467232e-02
5.908796608571760256e-01 8.042171003474833935e-01 6.400070094725836267e-02
5.978441689642646217e-01 7.992891323262309999e-01 6.098557478018493128e-02
6.043665579715852276e-01 7.945966251493392640e-01 5.794199329507923601e-02
6.104505098518865358e-01 7.901513891492512043e-01 5.487225950813266750e-02
6.160997667739632755e-01 7.859644082743928450e-01 5.177870089844680696e-02
6.213180962879828462e-01 7.820458287325698921e-01 4.866366711837534498e-02
6.261092587798458009e-01 7.784049496566436410e-01 4.552952765521719319e-02
6.304769773473358763e-01 7.750502156920539010e-01 4.237866945202244107e-02
6.344249102339749591e-01 7.719892114085961099e-01 3.921349449410452964e-02
6.379566259392535077e-01 7.692286574430969859e-01 3.603641736670504941e-02
6.410755811063437726e-01 7.667744082851386533e-01 3.284986278815882343e-02
6.437851012706008458e-01 7.646314516246259796e-01 2.965626312188085825e-02
6.460883645341969350e-01 7.628039091876193112e-01 2.645805586956531327e-02
6.479883882141814766e-01 7.612950389953019315e-01 2.325768114716925128e-02
6.494880184931843825e-01 7.601072389900394022e-01 2.005757914456680543e-02
6.505899230839331526e-01 7.592420519820266556e-01 1.686018756921583983e-02
6.512965869008066067e-01 7.587001718798264127e-01 1.366793907378889041e-02
6.516103107138383477e-01 7.584814511779700563e-01 1.048325866749003424e-02
6.515332127429784848e-01 7.585849096845346251e-01 7.308561110712341082e-03
6.510672331330675799e-01 7.590087444810250661e-01 4.146248292786636896e-03
6.502141412329364156e-01 7.597503411157944253e-01 9.987065928280850456e-04
6.489755455853714050e-01 7.608062860404434247e-01 -2.131695775904222673e-03
6.473529065184508990e-01 7.621723803059783364e-01 -5.242611437167560284e-03
6.453475512130216751e-01 7.638436545418251233e-01 -8.331716536766184747e-03
6.429606911059358998e-01 7.658143852459403655e-01 -1.139671343900509198e-02
6.401934414741754509e-01 7.680781124181109698e-01 -1.443533343122480050e-02
6.370468430312540287e-01 7.706276585709858074e-01 -1.744533943210275356e-02
6.335218853543930217e-01 7.734551491543473212e-01 -2.042452869837917129e-02
6.296195319490199838e-01 7.765520344275516074e-01 -2.337073552360514547e-02
6.253407467462437364e-01 7.799091128129067574e-01 -2.628183392144310682e-02
6.206865218192217926e-01 7.835165557590093588e-01 -2.915574028499917647e-02
6.156579060958657923e-01 7.873639341377405287e-01 -3.199041601265906892e-02
6.102560348382338740e-01 7.914402461917723342e-01 -3.478387008995885432e-02
6.044821596533437313e-01 7.957339470411360915e-01 -3.753416161617357388e-02
5.983376787960993370e-01 8.002329797477437667e-01 -4.023940226357339972e-02
5.918241675226497689e-01 8.049248079258596311e-01 -4.289775865670049371e-02
5.849434082518726319e-01 8.097964498745452433e-01 -4.550745465857914535e-02
5.776974202938515157e-01 8.148345141952021420e-01 -4.806677355050412159e-02
5.700884889072536099e-01 8.200252368437173089e-01 -5.057406009197133040e-02
5.621191934524309985e-01 8.253545195525672229e-01 -5.302772244743177155e-02
5.537924344138791533e-01 8.308079695437848855e-01 -5.542623396687108850e-02
5.451114590743657562e-01 8.363709404391581614e-01 -5.776813480774652121e-02
5.360798856335611262e-01 8.420285742596462786e-01 -6.005203338654999112e-02
5.267017255762820316e-01 8.477658443919984244e-01 -6.227660764920562447e-02
5.169814041094209500e-01 8.535675993871690848e-01 -6.444060615064409192e-02
5.069237785021556419e-01 8.594186074425659294e-01 -6.654284893521172917e-02
4.965341541809743520e-01 8.653036014086455951e-01 -6.858222821105369738e-02
4.858182984492607770e-01 8.712073241500866150e-01 -7.055770881323757127e-02
4.747824517204642381e-01 8.771145740828864001e-01 -7.246832845213420360e-02
4.634333361740486934e-01 8.830102507014012669e-01 -7.431319774542090306e-02
4.517781617642488978e-01 8.888793999036986859e-01 -7.609150003399046958e-02
4.398246295329427125e-01 8.947072589197171411e-01 -7.780249098400948693e-02
4.275809321994459289e-01 9.004793006446929482e-01 -7.944549797933959934e-02
4.150557520215159002e-01 9.061812771801563970e-01 -8.101991931048668771e-02
4.022582559430830651e-01 9.117992623865225355e-01 -8.252522316814323022e-02
3.891980880649883456e-01 9.173196932548797200e-01 -8.396094645121006395e-02
3.758853594950737342e-01 9.227294099109611958e-01 -8.532669340089600596e-02
3.623306356531499905e-01 9.280156940713837344e-01 -8.662213407407208521e-02
3.485449211244611711e-01 9.331663057809495010e-01 -8.784700267047591826e-02
3.345396421721160141e-01 9.381695182700022784e-01 -8.900109572960200610e-02
3.203266270344112265e-01 9.430141507823576186e-01 -9.008427021415547908e-02
3.059328536431021872e-01 9.476866942435774321e-01 -9.107706065117941729e-02
2.913732307552773793e-01 9.521769964790620655e-01 -9.198162961967064344e-02
2.766626517766798132e-01 9.564757752415607994e-01 -9.280022060130981021e-02
2.618159546123086101e-01 9.605746166629987037e-01 -9.353514967993889484e-02
2.468478819322733331e-01 9.644659694159247731e-01 -9.418879735419333210e-02
2.317730421777526029e-01 9.681431348137045090e-01 -9.476360050208468278e-02
2.166058716063201106e-01 9.716002530996549202e-01 -9.526204453340846035e-02
2.013605976483406335e-01 9.748322861928069294e-01 -9.568665576266888184e-02
1.860512038171518168e-01 9.778349971718333089e-01 -9.603999403183406669e-02
1.706913963858639471e-01 9.806049267889143106e-01 -9.632464560872475157e-02
1.552945730133261371e-01 9.831393673120034649e-01 -9.654321638325882859e-02
1.398737934715884312e-01 9.854363339972356250e-01 -9.669832538017966717e-02
1.244417525974528399e-01 9.874945344932746227e-01 -9.679259860334084309e-02
1.090107555618297502e-01 9.893133364764439275e-01 -9.682866322315106244e-02
9.359269552292213967e-02 9.908927338097800464e-01 -9.680914211544185133e-02
7.819903370302586088e-02 9.922333115109653878e-01 -9.673664875684227782e-02
6.284078190418410093e-02 9.933362098037368249e-01 -9.661378247875875014e-02
4.752848745524422547e-02 9.942030875151193214e-01 -9.644312407928762321e-02
3.227222056216387525e-02 9.948360850670139310e-01 -9.622723178984959880e-02
1.708156401478548581e-02 9.952377872955706639e-01 -9.596863759104126701e-02
1.965605186786931885e-03 9.954111863156873685e-01 -9.566984387015566027e-02
-1.306706974887211943e-02 9.953596446311822055e-01 -9.533332041103295684e-02
-2.800837947898018182e-02 9.950868586739344268e-01 -9.496150170536198087e-02
-4.285074918380195330e-02 9.945968229378325809e-01 -9.455678457325644715e-02
-5.758711025401307138e-02 9.938937948559123381e-01 -9.412152607986887243e-02
-7.221089820577299145e-02 9.929822605518189294e-01 -9.365804173396662102e-02
-8.671604891354027511e-02 9.918669015798474708e-01 -9.316860395376651283e-02
-1.010969932832836149e-01 9.905525627514593090e-01 -9.265544078489046376e-02
-1.153486504903011162e-01 9.890442211304583120e-01 -9.212073485504874981e-02
-1.294664199060687748e-01 9.873469562640467823e-01 -9.156662254996320027e-02
-1.434461718375373562e-01 9.854659217028380880e-01 -9.099519339509182236e-02
-1.572842372002253297e-01 9.834063178496562641e-01 -9.040848962789299614e-02
-1.709773962434512351e-01 9.811733661646262483e-01 -8.980850594565312206e-02
-1.845228664422452203e-01 9.787722847426961748e-01 -8.919718941428206316e-02
-1.979182896660020563e-01 9.762082652693303553e-01 -8.857643952393821907e-02
-2.111617187289079045e-01 9.734864513506780170e-01 -8.794810837786687374e-02
-2.242516034216996412e-01 9.706119182060357620e-01 -8.731400100140673803e-02
-2.371867761185039725e-01 9.675896537028667588e-01 -8.667587575872806593e-02
-2.499664370464457219e-01 9.644245407079790056e-01 -8.603544486550022963e-02
-2.625901392994964278e-01 9.611213407226634198e-01 -8.539437498633657697e-02
-2.750577736717313426e-01 9.576846787646138282e-01 -8.475428790652048128e-02
-2.873695533788414025e-01 9.541190294552379658e-01 -8.411676126817112242e-02
-2.995259987304660920e-01 9.504287042674840480e-01 -8.348332936165316076e-02
-3.115279218097231073e-01 9.466178398864962817e-01 -8.285548396366554380e-02
-3.233764112102529564e-01 9.426903876332236587e-01 -8.223467521405562752e-02
-3.350728168752084568e-01 9.386501038994942148e-01 -8.162231252399224091e-02
-3.466187350769279196e-01 9.345005415419771477e-01 -8.101976550869102733e-02
-3.580159935705592988e-01 9.302450421818428961e-01 -8.042836493841531986e-02
-3.692666369496695467e-01 9.258867293567507595e-01 -7.984940370197410320e-02
-3.803729122268895146e-01 9.214285024720005879e-01 -7.928413777740311863e-02
-3.913372546579197975e-01 9.168730314982342922e-01 -7.873378720494637883e-02
-4.021622738227594862e-01 9.122227523639355740e-01 -7.819953705785137599e-02
-4.128507399738217676e-01 9.074798629921035920e-01 -7.768253840685369893e-02
-4.234055706566622890e-01 9.026463199318481845e-01 -7.718390927455455464e-02
-4.338298176053679844e-01 8.977238355372275658e-01 -7.670473557618945337e-02
-4.441266539112271872e-01 8.927138756474107817e-01 -7.624607204354873213e-02
-4.542993614601192331e-01 8.876176577241591259e-01 -7.580894312904142007e-02
-4.643513186311164498e-01 8.824361494046709664e-01 -7.539434388709483070e-02
-4.742859882460711551e-01 8.771700674299997003e-01 -7.500324083025451671e-02
-4.841069057574581280e-01 8.718198769115181879e-01 -7.463657275749405184e-02
-4.938176676594454029e-01 8.663857909002533608e-01 -7.429525155236352263e-02
-5.034219201050651460e-01 8.608677702263388687e-01 -7.398016294870080056e-02
-5.129233477104414574e-01 8.552655235783210852e-01 -7.369216726170246812e-02
-5.223256625252900021e-01 8.495785077945992025e-01 -7.343210008220341090e-02
-5.316325931473326882e-01 8.438059283418748446e-01 -7.320077293204720059e-02
-5.408478739568510774e-01 8.379467399581324027e-01 -7.299897387844511698e-02
-5.499752344463372244e-01 8.319996474403572595e-01 -7.282746810522178205e-02
-5.590183886190751572e-01 8.259631065599346567e-01 -7.268699843883187628e-02
-5.679810244294981603e-01 8.198353250914472978e-01 -7.257828582700655284e-02
-5.768667932373118257e-01 8.136142639434158497e-01 -7.250202976785201370e-02
-5.856792992466458569e-01 8.072976383824005397e-01 -7.245890868717842770e-02
-5.944220889008978714e-01 8.008829193448062655e-01 -7.244958026178596744e-02
-6.030986402034591576e-01 7.943673348337202400e-01 -7.247468168637885566e-02
-6.117123519341679527e-01 7.877478714011542094e-01 -7.253482988171974788e-02
-6.202665327311195353e-01 7.810212757191773436e-01 -7.263062164157715883e-02
-6.287643900073858205e-01 7.741840562466110187e-01 -7.276263371596078389e-02
-6.372090186722592087e-01 7.672324850012203212e-01 -7.293142282808497134e-02
-6.456033896268495997e-01 7.601625994506825412e-01 -7.313752562245220967e-02
-6.539503380042398506e-01 7.529702045390501697e-01 -7.338145854140845636e-02
-6.622525511249539587e-01 7.456508748689529842e-01 -7.366371762749315821e-02
-6.705125561392314415e-01 7.381999570634073526e-01 -7.398477824889165833e-02
-6.787327073285460699e-01 7.306125723348261269e-01 -7.434509474529935047e-02
-6.869151730399772893e-01 7.228836192926435533e-01 -7.474509999152861850e-02
-6.950619222284603049e-01 7.150077770248927100e-01 -7.518520487623428505e-02
-7.031747105836294587e-01 7.069795084930935447e-01 -7.566579769320519455e-02
-7.112550662199539353e-01 6.987930642839171869e-01 -7.618724344277161276e-02
-7.193042749111777656e-01 6.904424867652891873e-01 -7.674988304101493242e-02
-7.273233648527412942e-01 6.819216146988608118e-01 -7.735403243464128442e-02
-7.353130909389171688e-01 6.732240883651011698e-01 -7.799998161959917353e-02
-7.432739185448714592e-01 6.643433552616293536e-01 -7.868799356178667048e-02
-7.512060068077961450e-01 6.552726764397823755e-01 -7.941830301851145191e-02
-7.591091914056891099e-01 6.460051335487826396e-01 -8.019111525974159660e-02
-7.669829668373205900e-01 6.365336366611856755e-01 -8.100660468862086461e-02
-7.748264682124560432e-01 6.268509329575177036e-01 -8.186491336122471429e-02
-7.826384525675474935e-01 6.169496163521038801e-01 -8.276614940610683979e-02
-7.904172797288859798e-01 6.068221381459897312e-01 -8.371038534483493665e-02
-7.981608927526698816e-01 5.964608187965013686e-01 -8.469765631544369511e-02
-8.058667979796140246e-01 5.858578608963074252e-01 -8.572795820154577306e-02
-8.135320447506311226e-01 5.750053634577577677e-01 -8.680124567074183617e-02
-8.211532048397827133e-01 5.638953376006854423e-01 -8.791743012696101589e-02
-8.287263516711347311e-01 5.525197237436741959e-01 -8.907637758244538184e-02
-8.362470393973755467e-01 5.408704103999083523e-01 -9.027790645626694588e-02
-8.437102819300492662e-01 5.289392546790062655e-01 -9.152178530753329877e-02
-8.511105320240199834e-01 5.167181045955800966e-01 -9.280773051279581076e-02
-8.584416605322747751e-01 5.041988232835151740e-01 -9.413540389861918545e-02
-8.656969359613575499e-01 4.913733152119848513e-01 -9.550441034179735222e-02
-8.728690044725311292e-01 4.782335544948622119e-01 -9.691429535129972295e-02
-8.799498704891151046e-01 4.647716153792994520e-01 -9.836454264769449451e-02
-8.869308780862263930e-01 4.509797049916661749e-01 -9.985457175750679648e-02
-8.938026933552345454e-01 4.368501984096089807e-01 -1.013837356417145452e-01
-9.005552879514683307e-01 4.223756761175649355e-01 -1.029513183793422937e-01
-9.071779240498889507e-01 4.075489638894769784e-01 -1.045565329288608569e-01
-9.136591409493620697e-01 3.923631751265904133e-01 -1.061985189918104588e-01
-9.199867435815571870e-01 3.768117556599248075e-01 -1.078763410047060417e-01
-9.261477931951072051e-01 3.608885310062204810e-01 -1.095889862868208026e-01
-9.321286004991482521e-01 3.445877560427735853e-01 -1.113353633728383363e-01
-9.379147215623910849e-01 3.279041670405543618e-01 -1.131143005605726032e-01
-9.434909567740739078e-01 3.108330359663508125e-01 -1.149245447049314084e-01
-9.488413531811107360e-01 2.933702269334295121e-01 -1.167647602899947457e-01
-9.539492105210573003e-01 2.755122546464576216e-01 -1.186335288114412218e-01
-9.587970912727318273e-01 2.572563446503357554e-01 -1.205293485015311999e-01
-9.633668350450014239e-01 2.386004951543736485e-01 -1.224506344283895348e-01
-9.676395776189287146e-01 2.195435401631902761e-01 -1.243957190003701224e-01
-9.715957749487350581e-01 2.000852136042082507e-01 -1.263628529047764182e-01
-9.752152324124561122e-01 1.802262140990889272e-01 -1.283502065081087440e-01
-9.784771395833675722e-01 1.599682699834517052e-01 -1.303558717422662883e-01
-9.813601107679111868e-01 1.393142041363547023e-01 -1.323778644977124941e-01
-9.838422315246897476e-01 1.182679981389788970e-01 -1.344141275404910907e-01
-9.859011113419419159e-01 9.683485524152386781e-02 -1.364625339651378555e-01
-9.875139426076671167e-01 7.502126157932761941e-02 -1.385208911899696027e-01
-9.886575659572722774e-01 5.283504504455716760e-02 -1.405869454949587594e-01
-9.893085420284153386e-01 3.028543118941194254e-02 -1.426583870954488686e-01
-9.894432295919185494e-01 7.383095511593395360e-03 -1.447328557373848135e-01
-9.890378699616667602e-01 -1.585978854622598078e-02 -1.468079467915889003e-01
-9.880686775159022162e-01 -3.942950656312332880e-02 -1.488812178160052735e-01
-9.865119360880485466e-01 -6.331076575697347497e-02 -1.509501955458720790e-01
-9.843441009080734494e-01 -8.748666393114296058e-02 -1.530123832626008318e-01
-9.815419056965274391e-01 -1.119386654158806560e-01 -1.550652684829028072e-01
-9.780824744339986498e-01 -1.366465846452016852e-01 -1.571063309005794884e-01
-9.739434372501653003e-01 -1.615885779754591689e-01 -1.591330505045832622e-01
-9.691030498003562199e-01 -1.867411443066865351e-01 -1.611429157886617725e-01
-9.635403154250749003e-01 -2.120791350122370467e-01 -1.631334319603437444e-01
-9.572351093208570916e-01 -2.375757736165594047e-01 -1.651021290504262051e-01
-9.501683038906546530e-01 -2.632026855856960390e-01 -1.670465698187043324e-01
-9.423218943901673361e-01 -2.889299385111088192e-01 -1.689643573476590221e-01
-9.336791239445535462e-01 -3.147260928758184861e-01 -1.708531422133832967e-01
-9.242246069789732399e-01 -3.405582634939286479e-01 -1.727106291223654277e-01
-9.139444500874881472e-01 -3.663921916119596833e-01 -1.745345829040066687e-01
-9.028263693587386118e-01 -3.921923275547967158e-01 -1.763228337520517386e-01
-8.908598031840490039e-01 -4.179219236923695791e-01 -1.780732816135298657e-01
-8.780834740824454698e-01 -4.434968134472836443e-01 -1.796663741338684894e-01
-8.645029133810561150e-01 -4.688664977983622584e-01 -1.811047682986698659e-01
-8.501267531337717287e-01 -4.939816118701172432e-01 -1.823915785831280723e-01
-8.349666064628504802e-01 -5.187941687443942129e-01 -1.835303621847189648e-01
-8.190369228740697061e-01 -5.432577873705107807e-01 -1.845251006386909587e-01
-8.023548209562492151e-01 -5.673279018559597153e-01 -1.853801781320574271e-01
-7.849399011805734405e-01 -5.909619498040876717e-01 -1.861003568753482329e-01
-7.668140417538337195e-01 -6.141195377851776938e-01 -1.866907499258678438e-01
-7.480011806489204051e-01 -6.367625824707016102e-01 -1.871567918811233577e-01
-7.285270870343888427e-01 -6.588554264146619932e-01 -1.875042078762448328e-01
-7.084191253537778232e-01 -6.803649279187332644e-01 -1.877389813247478945e-01
-6.877060152677552107e-01 -7.012605248579310002e-01 -1.878673208382980742e-01
-6.664175905731289928e-01 -7.215142727605109441e-01 -1.878956267488940957e-01
-6.445845600588551161e-01 -7.411008578208763131e-01 -1.878304576369664858e-01
-6.222382730581298427e-01 -7.599975858702441300e-01 -1.876784972423262976e-01
-5.994104922159955162e-01 -7.781843486312298719e-01 -1.874465221028422668e-01
-5.761331757225670591e-01 -7.956435688356987557e-01 -1.871413702293812376e-01
-5.524382709720169204e-01 -8.123601259882856640e-01 -1.867699110861354983e-01
-5.283575213055928810e-01 -8.283212647106356075e-01 -1.863390171041712229e-01
-5.039222871914286195e-01 -8.435164877048786369e-01 -1.858555369139854585e-01
-4.791633828922222671e-01 -8.579374354316029461e-01 -1.853262704410781891e-01
-4.541109293805747904e-01 -8.715777546111733720e-01 -1.847579459679339897e-01
-4.287942239864542260e-01 -8.844329576319904795e-01 -1.841571992271326952e-01
-4.032416270063574615e-01 -8.965002748901130802e-01 -1.835305545541934813e-01
-3.774804652726669874e-01 -9.077785019968197533e-01 -1.828844080956832374e-01
-3.515369524767942844e-01 -9.182678436795419508e-01 -1.822250130384271694e-01
-3.254361258623215125e-01 -9.279697560724895489e-01 -1.815584667995561730e-01
-2.992017987549726588e-01 -9.368867889513250446e-01 -1.808907000947019561e-01
-2.728565282745580856e-01 -9.450224293162193812e-01 -1.802274677828927529e-01
-2.464215974790769370e-01 -9.523809475739002384e-01 -1.795743413715075731e-01
-2.199170111214302226e-01 -9.589672474157676652e-01 -1.789367030528432878e-01
-1.933615041527768363e-01 -9.647867203391625734e-01 -1.783197411352065442e-01
-1.667725620812407494e-01 -9.698451056152512795e-01 -1.777284467256970424e-01
-1.401664522880351205e-01 -9.741483563720390038e-01 -1.771676115187061085e-01
-1.135582654125927293e-01 -9.777025123365337134e-01 -1.766418265433135903e-01
-8.696196594143482117e-02 -9.805135796673800641e-01 -1.761554817239204263e-01
-6.039045116976806543e-02 -9.825874182092614317e-01 -1.757127661113100925e-01
-3.385561774775189270e-02 -9.839296364135468043e-01 -1.753176686456078548e-01
-7.368435072735074476e-03 -9.845454940962261592e-01 -1.749739793180459801e-01
1.906097515761859609e-02 -9.844398131440332822e-01 -1.746852906048114995e-01
4.542325386048237656e-02 -9.836168962324783882e-01 -1.744549990533484918e-01
7.170971452405296154e-02 -9.820804535847815764e-01 -1.742863069091355188e-01
9.791224872224363329e-02 -9.798335377777431798e-01 -1.741822236790159517e-01
1.240232276526504057e-01 -9.768784865886219748e-01 -1.741455675355150223e-01
1.500354001137236271e-01 -9.732168738752386972e-01 -1.741789664751455524e-01
1.759417872932636517e-01 -9.688494684888289132e-01 -1.742848591524313595e-01
2.017355747025803558e-01 -9.637762012346404727e-01 -1.744654953202321168e-01
2.274100015598097546e-01 -9.579961399178579251e-01 -1.747229358159284596e-01
2.529582479027584485e-01 -9.515074725410627154e-01 -1.750590520421365093e-01
2.783733196969478407e-01 -9.443074987529788134e-01 -1.754755248998975115e-01
3.036556769896449626e-01 -9.363990983770605903e-01 -1.759260512921011210e-01
3.287887396638770610e-01 -9.277818666445390994e-01 -1.764051861549964795e-01
3.537549359289132722e-01 -9.184559052875518326e-01 -1.769073554991802133e-01
3.785357168844513676e-01 -9.084219482933717504e-01 -1.774268636906917718e-01
4.031115826486141307e-01 -8.976814881303610827e-01 -1.779579018696841319e-01
4.274621203663329649e-01 -8.862369015008959572e-01 -1.784945575783772886e-01
4.515660543419712791e-01 -8.740915735938249442e-01 -1.790308256571231382e-01
4.754013084516091614e-01 -8.612500197311431238e-01 -1.795606204525444227e-01
4.989450808862798126e-01 -8.477180032331449455e-01 -1.800777893648789207e-01
5.221739311580358978e-01 -8.335026482661316294e-01 -1.805761277429416833e-01
5.450638791669012440e-01 -8.186125463896213317e-01 -1.810493951146451563e-01
5.675905159798898536e-01 -8.030578554887588538e-01 -1.814913327189889569e-01
5.897291258152231874e-01 -7.868503897649532508e-01 -1.818956822821090058e-01
6.114548185580334083e-01 -7.700036994662028400e-01 -1.822562059556941394e-01
6.327426719611043415e-01 -7.525331390703059453e-01 -1.825667073112310634e-01
6.535678825089515920e-01 -7.344559226910144512e-01 -1.828210532585869130e-01
6.739059237495685917e-01 -7.157911655604594081e-01 -1.830131967328948450e-01
6.937327107296282769e-01 -6.965599105515576372e-01 -1.831371999701317532e-01
7.130247690102162750e-01 -6.767851388415877523e-01 -1.831872581697565339e-01
7.317594065958278327e-01 -6.564917639819344286e-01 -1.831577233229194079e-01
7.499148869838969667e-01 -6.357066088275581395e-01 -1.830431279676583700e-01
7.674706014399267362e-01 -6.144583649906275591e-01 -1.828382086187474442e-01
7.844072385283876736e-01 -5.927775347127099970e-01 -1.825379286099881593e-01
8.007069488855292905e-01 -5.706963552949122498e-01 -1.821375000812065770e-01
8.163535032100227573e-01 -5.482487064806610411e-01 -1.816324048414157954e-01
8.313324414730723921e-01 -5.254700014460602642e-01 -1.810184138437999357e-01
8.456312114125299484e-01 -5.023970623121790657e-01 -1.802916050175230600e-01
8.592392944758440176e-01 -4.790679813461215519e-01 -1.794483792158777791e-01
8.721483175135427146e-01 -4.555219692571514933e-01 -1.784854740598379452e-01
8.843521486964470713e-01 -4.317991922144412964e-01 -1.773999754803897433e-01
8.958469763329528490e-01 -4.079405994084711606e-01 -1.761893267916717076e-01
9.066313694934950984e-01 -3.839877431435481103e-01 -1.748513351594010168e-01
9.167063196028341077e-01 -3.599825935798952048e-01 -1.733841753646337414e-01
9.260752624314229076e-01 -3.359673503367424097e-01 -1.717863908008276097e-01
9.347440801986367509e-01 -3.119842532203163654e-01 -1.700568916816043441e-01
9.427210837864797854e-01 -2.880753943512057713e-01 -1.681949504766521719e-01
9.500169753458324040e-01 -2.642825339340758029e-01 -1.662001946329589031e-01
9.566447918517411164e-01 -2.406469218401083576e-01 -1.640725966771280631e-01
9.626198304233626324e-01 -2.172091270609933789e-01 -1.618124618310513296e-01
9.679595564621767956e-01 -1.940088769459680784e-01 -1.594204133069129226e-01
9.726834958738774795e-01 -1.710849079544102258e-01 -1.568973754776982754e-01
9.768131128207118152e-01 -1.484748294506998967e-01 -1.542445551455068065e-01
9.803716745986966741e-01 -1.262150018409146923e-01 -1.514634211515866191e-01
9.833841053458685089e-01 -1.043404301082214297e-01 -1.485556825888260379e-01
9.858768303623612894e-01 -8.288467355153945892e-02 -1.455232658892990638e-01
9.878776128605470941e-01 -6.187977227609871289e-02 -1.423682910663628121e-01
9.894153849646118992e-01 -4.135619073058162398e-02 -1.390930473928694566e-01
9.905200747455731314e-01 -2.134277833889550516e-02 -1.356999687945330546e-01
9.912224310124869708e-01 -1.866747039989402612e-03 -1.321916092307380552e-01
9.915538474866938401e-01 1.704633466944382655e-02 -1.285706183245361733e-01
9.915461878671907314e-01 3.537253179375350609e-02 -1.248397174897622197e-01
9.912316131557240562e-01 5.308951778033092761e-02 -1.210016767866659015e-01
9.906424124542978493e-01 7.017653528034788202e-02 -1.170592927187885379e-01
9.898108382798826987e-01 8.661434379310919973e-02 -1.130153671635977936e-01
9.887689472654985767e-01 1.023851553636536682e-01 -1.088726876082045103e-01
9.875484469376661911e-01 1.174725595839520575e-01 -1.046340088398674539e-01
9.861805490813130293e-01 1.318614392058769236e-01 -1.003020362194434745e-01
9.846958300280791443e-01 1.455378777107264598e-01 -9.587941064490922149e-02
9.831240980356777959e-01 1.584890601975623425e-01 -9.136869529194822925e-02
9.814942677671883997e-01 1.707031689533698438e-01 -8.677236419968016590e-02
9.798342417321064257e-01 1.821692750546845818e-01 -8.209279275215271288e-02
9.781707984174417003e-01 1.928772273255874303e-01 -7.733225009039534914e-02
9.765294867185215777e-01 2.028175399436133730e-01 -7.249289347575470221e-02
9.749345261764466031e-01 2.119812799458688779e-01 -6.757676461293324333e-02
9.734087124430561566e-01 2.203599558451042051e-01 -6.258578793061582435e-02
9.719733273252306738e-01 2.279454085220673221e-01 -5.752177080871446330e-02
9.706480527086123189e-01 2.347297055183714953e-01 -5.238640573396394912e-02
9.694508876264374964e-01 2.407050398152734139e-01 -4.718127435968626215e-02
9.683980677221309952e-01 2.458636341498166011e-01 -4.190785344080037028e-02
9.675039863545406016e-01 2.501976518920596693e-01 -3.656752261134154497e-02
9.667811166121453859e-01 2.536991154865451681e-01 -3.116157396860017026e-02
9.662399335372240383e-01 2.563598334483781493e-01 -2.569122342520046773e-02
9.658888359128972034e-01 2.581713368994984492e-01 -2.015762378770398142e-02
9.657340670353027345e-01 2.591248266337768946e-01 -1.456187951731763124e-02
9.657796339802063867e-01 2.592111317098638734e-01 -8.905063124680100833e-03
9.660272249784522813e-01 2.584206805872562573e-01 -3.188233146158809400e-03
9.664761246382943538e-01 2.567434858423695565e-01 2.587546356720010765e-03
9.671231268953381921e-01 2.541691435255770681e-01 8.421184840488232792e-03
9.679624457331174048e-01 2.506868482447903168e-01 1.431154294068561622e-02
9.689856238997274218e-01 2.462854250832778036e-01 2.025740883712470394e-02
9.701814400488291135e-01 2.409533794755963632e-01 2.625747342399599449e-02
9.715358149568724677e-01 2.346789661717536002e-01 3.231030440194038872e-02
9.730317177124182537e-01 2.274502784115027265e-01 3.841431942863333948e-02
9.746490730373009725e-01 2.192553584029450775e-01 4.456775848674360274e-02
9.763646711818413371e-01 2.100823301468520699e-01 5.076865565334632430e-02
9.781520821353250073e-01 1.999195555643612510e-01 5.701481048287587727e-02
9.799815762055289481e-01 1.887558147646793416e-01 6.330375924626227557e-02
9.818200533430444521e-01 1.765805111246734616e-01 6.963274630162093193e-02
9.836309839120555010e-01 1.633839016372939656e-01 7.599869590620678128e-02
9.853743639321270731e-01 1.491573527144287037e-01 8.239818481455776777e-02
9.870066881268524384e-01 1.338936212963613148e-01 8.882741604289451365e-02
9.884809444045992155e-01 1.175871607197221391e-01 9.528219421375018483e-02
9.897466336519979979e-01 1.002344503252215191e-01 1.017579029260954476e-01
9.907498189284572598e-01 8.183434724388873038e-02 1.082494846233024582e-01
9.914332082944867786e-01 6.238845818665873788e-02 1.147514234523681759e-01
9.917362755713342581e-01 4.190152838047007250e-02 1.212577316209378087e-01
9.915954232968360316e-01 2.038184405146896763e-02 1.277619397617737185e-01
9.909441919946471167e-01 -2.158355936729347557e-03 1.342570918053045126e-01
