1.000000000000000000e+00 0.000000000000000000e+00 0.000000000000000000e+00
9.999999972242421542e-01 -2.919989816611129172e-05 6.854847463902187402e-05
9.999999740698353179e-01 -9.824584499826415529e-05 2.054462098583709944e-04
9.999998920513724077e-01 -2.177505184934326035e-04 4.104657600236322939e-04
9.999996871985187274e-01 -3.982887334708237964e-04 6.833515691752167342e-04
9.999992643907780199e-01 -6.503930572685091404e-04 1.023820090695302118e-03
9.999984906488972314e-01 -9.845494239291896401e-04 1.431559902006103707e-03
9.999971874048374509e-01 -1.411192736516065282e-03 1.906231810525895951e-03
9.999951217746919641e-01 -1.940702444404781516e-03 2.447468946759275097e-03
9.999919968613770749e-01 -2.583398079309190062e-03 3.054876840091124042e-03
9.999874411163673926e-01 -3.349534730444866850e-03 3.728033472593701107e-03
9.999809967922127507e-01 -4.249298435645148739e-03 4.466489305947092883e-03
9.999721075200682652e-01 -5.292801461452597243e-03 5.269767276418563240e-03
9.999601050490170007e-01 -6.490077441249417559e-03 6.137362752749477707e-03
9.999441951865859490e-01 -7.851076336401112063e-03 7.068743451762567187e-03
9.999234429825715198e-01 -9.385659181208616877e-03 8.063349306530230923e-03
9.998967572011323579e-01 -1.110359256823807879e-02 9.120592282038894258e-03
9.998628741290974675e-01 -1.301454282636945424e-02 1.023985613344751550e-02
9.998203407716107494e-01 -1.512806983972333347e-02 1.142049610227213567e-02
9.997674974896142430e-01 -1.745362045154050593e-02 1.266183854613472590e-02
9.997024601373027952e-01 -2.000052139315464800e-02 1.396318049809483833e-02
9.996231017615798686e-01 -2.277797167447187521e-02 1.532378915203785538e-02
9.995270339297531725e-01 -2.579503436891204121e-02 1.674290127112466539e-02
9.994115877562484984e-01 -2.906062772263905830e-02 1.821972251691467495e-02
9.992737947040221114e-01 -3.258351551517825462e-02 1.975342669745705493e-02
9.991103672416397075e-01 -3.637229659625872136e-02 2.134315493340337502e-02
9.989176794426805062e-01 -4.043539352200224007e-02 2.298801474202704503e-02
9.986917476202370469e-01 -4.478104021248584254e-02 2.468707903993941355e-02
9.984282110958142553e-01 -4.941726855231424326e-02 2.643938506626622095e-02
9.981223132088954397e-01 -5.435189385623682978e-02 2.824393322908809456e-02
9.977688826808182032e-01 -5.959249912311943148e-02 3.009968587905024334e-02
9.973623154543770353e-01 -6.514641800382560410e-02 3.200556601520416350e-02
9.968965571387061742e-01 -7.102071641186796791e-02 3.396045592935118679e-02
9.963650861974518991e-01 -7.722217271015212325e-02 3.596319579640613190e-02
9.957608980269603283e-01 -8.375725641284753609e-02 3.801258221957987127e-02
9.950764900801035706e-01 -9.063210534847507271e-02 4.010736674048099443e-02
9.943038482003598855e-01 -9.785250123878967698e-02 4.224625432554660054e-02
9.934344343397325527e-01 -1.054238436580438865e-01 4.442790184151601540e-02
9.924591758429156529e-01 -1.133511223488230801e-01 4.665091653394252275e-02
9.913684564886366957e-01 -1.216388878839145121e-01 4.891385452397910977e-02
9.901521094871625905e-01 -1.302912206786666360e-01 5.121521933985428987e-02
9.887994126403509831e-01 -1.393116983750548321e-01 5.355346050055187490e-02
9.872990858771633071e-01 -1.487033616372166744e-01 5.592697217019957506e-02
9.856392913829878921e-01 -1.584686784185557473e-01 5.833409190253090182e-02
9.838076365452244065e-01 -1.686095067826120231e-01 6.077309949548567042e-02
9.817911799400761419e-01 -1.791270563837050744e-01 6.324221597652848748e-02
9.795764405861275836e-01 -1.900218487387843325e-01 6.573960273956354350e-02
9.771494106887633757e-01 -2.012936764488451047e-01 6.826336085437853529e-02
9.744955720955290612e-01 -2.129415615565208864e-01 7.081153056933174594e-02
9.715999166758625405e-01 -2.249637132558365282e-01 7.338209102747733636e-02
9.684469708289608070e-01 -2.373574852003431934e-01 7.597296021547736422e-02
9.650208243106284112e-01 -2.501193326866539834e-01 7.858199516345336366e-02
9.613051635535464490e-01 -2.632447700214065045e-01 8.120699241236412069e-02
9.572833096352865168e-01 -2.767283284104918306e-01 8.384568876354583922e-02
9.529382610244114815e-01 -2.905635147395653761e-01 8.649576232270568543e-02
9.482527412070222983e-01 -3.047427716438965151e-01 8.915483384791790533e-02
9.432092512640667392e-01 -3.192574392929934946e-01 9.182046840803810561e-02
9.377901274336155613e-01 -3.340977193405907375e-01 9.449017735444004140e-02
9.319776036522102736e-01 -3.492526415129144635e-01 9.716142060511469281e-02
9.257538790254405958e-01 -3.647100333270479888e-01 9.983160923598770331e-02
9.191011901303700604e-01 -3.804564934460820114e-01 1.024981083698551371e-01
9.120018880016125262e-01 -3.964773691879594497e-01 1.051582403486656797e-01
9.044385195992109550e-01 -4.127567387099260743e-01 1.078092881700605243e-01
8.963939135004950209e-01 -4.292773983897354428e-01 1.104484991642003949e-01
8.878512695004158184e-01 -4.460208559177405441e-01 1.130730888820553198e-01
8.787942517461734271e-01 -4.629673296003188332e-01 1.156802451616080751e-01
8.692070849730518800e-01 -4.800957543543902251e-01 1.182671323339380826e-01
8.590746533501074644e-01 -4.973837948448691093e-01 1.208308955270253754e-01
8.483826013876216710e-01 -5.148078661816323232e-01 1.233686650214652070e-01
8.371174363039833866e-01 -5.323431625499944753e-01 1.258775606092364108e-01
8.252666311988586800e-01 -5.499636940989157674e-01 1.283546959043402602e-01
8.128187283331068658e-01 -5.676423323545147781e-01 1.307971825526385856e-01
7.997634417748389346e-01 -5.853508643633591468e-01 1.332021342876748282e-01
7.860917586361744203e-01 -6.030600557010343810e-01 1.355666707797559267e-01
7.717960380974425716e-01 -6.207397224073628594e-01 1.378879212271809929e-01
7.568701073955110825e-01 -6.383588118311912529e-01 1.401630276412836051e-01
7.413093539412050070e-01 -6.558854922858298186e-01 1.423891477809401118e-01
7.251108127278632631e-01 -6.732872513320415919e-01 1.445634576973930385e-01
7.082732481992862761e-01 -6.905310024200368435e-01 1.466831538566233939e-01
6.907972297608084844e-01 -7.075831995363552895e-01 1.487454548140246247e-01
6.726852001419773019e-01 -7.244099594169686185e-01 1.507476024246966473e-01
6.539415358531671663e-01 -7.409771908055212686e-01 1.526868625821735104e-01
6.345725990210749901e-01 -7.572507301564352922e-01 1.545605254886716906e-01
6.145867799389640451e-01 -7.731964831076376665e-01 1.563659054708190776e-01
5.939945297261458590e-01 -7.887805709778408225e-01 1.581003403660901363e-01
5.728083825568148768e-01 -8.039694814794136057e-01 1.597611905166020363e-01
5.510429669901846239e-01 -8.187302227805896004e-01 1.613458374182713817e-01
5.287150060110827887e-01 -8.330304800006076427e-01 1.628516820843312340e-01
5.058433054718699529e-01 -8.468387731787515582e-01 1.642761431925953419e-01
4.824487307118882073e-01 -8.601246157234149203e-01 1.656166550953636074e-01
4.585541712187682917e-01 -8.728586723203837217e-01 1.668706657792275172e-01
4.341844932860380313e-01 -8.850129152605350491e-01 1.680356348690089929e-01
4.093664807128361005e-01 -8.965607781360080963e-01 1.691090317754226358e-01
3.841287636834904706e-01 -9.074773058504856937e-01 1.700883340895889273e-01
3.585017360566895572e-01 -9.177392998933424639e-01 1.709710263290762644e-01
3.325174613854567918e-01 -9.273254578388684388e-01 1.717545991395841576e-01
3.062095680797146668e-01 -9.362165060503762071e-01 1.724365490536119150e-01
2.796131342125173225e-01 -9.443953245945796438e-01 1.730143789024486123e-01
2.527645625587191525e-01 -9.518470634040739897e-01 1.734855989705821333e-01
2.257014465406080861e-01 -9.585592487649909899e-01 1.738477289722219765e-01
1.984624278385438978e-01 -9.645218792529480778e-01 1.740983009181775176e-01
1.710870465055297218e-01 -9.697275102933122781e-01 1.742348629279989458e-01
1.436478992673103638e-01 -9.741689626594900453e-01 1.742415631592032776e-01
1.161848012530742325e-01 -9.778455965307720765e-01 1.741237787912293389e-01
8.873664693359162303e-02 -9.807594906025720594e-01 1.738868541421610958e-01
6.134126051658531781e-02 -9.829152999394218382e-01 1.735360820584481989e-01
3.403526198668811731e-02 -9.843201054790459148e-01 1.730766872526743050e-01
6.853948946501473016e-03 -9.849832571533692072e-01 1.725138115938237016e-01
-2.016880580558649827e-02 -9.849162124945479713e-01 1.718525013264545764e-01
-4.700064122043552672e-02 -9.841323724761569247e-01 1.710976961705049648e-01
-7.361077989445520553e-02 -9.826469162064231933e-01 1.702542202322698539e-01
-9.997008548783693771e-02 -9.804766359465117986e-01 1.693267746394303552e-01
-1.260511063516596142e-01 -9.776397737765967211e-01 1.683199317988230415e-01
-1.518281061422772638e-01 -9.741558610796309248e-01 1.672381311647707647e-01
-1.772770822696290993e-01 -9.700455618606803609e-01 1.660856763980540773e-01
-2.023757730730245119e-01 -9.653305207712457037e-01 1.648667337907357699e-01
-2.271036546456701166e-01 -9.600332165654684724e-01 1.635853318297797732e-01
-2.514419282399739664e-01 -9.541768215803277942e-01 1.622453617724293196e-01
-2.753734991817641253e-01 -9.477850677062414908e-01 1.608505791083199854e-01
-2.988829482052527964e-01 -9.408821191988255839e-01 1.594046057869931143e-01
-3.219564960940235476e-01 -9.334924525774965787e-01 1.579109330945475953e-01
-3.445819624785609880e-01 -9.256407437623620504e-01 1.563729250693391137e-01
-3.667487195997460869e-01 -9.173517625173914780e-01 1.547938223536439173e-01
-3.884476418020055832e-01 -9.086502741949279427e-01 1.531767463858093870e-01
-4.096710514709275275e-01 -8.995609487137476989e-01 1.515247038453997885e-01
-4.304126620794433977e-01 -8.901082766495227450e-01 1.498405912720258415e-01
-4.506675189552434846e-01 -8.803164922720178032e-01 1.481271997867550927e-01
-4.704319383308643854e-01 -8.702095033269249269e-01 1.463872198531002422e-01
-4.897034451876239869e-01 -8.598108273311422245e-01 1.446232460224583516e-01
-5.084807103558780517e-01 -8.491435341277684401e-01 1.428377816164339009e-01
-5.267634872873933061e-01 -8.382301944303505170e-01 1.410332433056491197e-01
-5.445525488713047757e-01 -8.270928340742644824e-01 1.392119655513744114e-01
-5.618496246233799507e-01 -8.157528936858328139e-01 1.373762048825588888e-01
-5.786573385392757007e-01 -8.042311934762524928e-01 1.355281439865859971e-01
-5.949791478662094235e-01 -7.925479028670318060e-01 1.336698955973072145e-01
-6.108192830139622664e-01 -7.807225146558829376e-01 1.318035061686196885e-01
-6.261826887953401144e-01 -7.687738234364154266e-01 1.299309593260560280e-01
-6.410749671580392439e-01 -7.567199079911044457e-01 1.280541790925628365e-01
-6.555023215441859730e-01 -7.445781173844978618e-01 1.261750328878781802e-01
-6.694715029904936276e-01 -7.323650604921677632e-01 1.242953343036999753e-01
-6.829897580608679242e-01 -7.200965987102270205e-01 1.224168456591965687e-01
-6.960647786842230067e-01 -7.077878416001055495e-01 1.205412803433755509e-01
-7.087046539531007827e-01 -6.954531452335086517e-01 1.186703049524276687e-01
-7.209178239232482133e-01 -6.831061130129236769e-01 1.168055412314320390e-01
-7.327130354404650658e-01 -6.707595987535596160e-01 1.149485678307767128e-01
-7.440993000086318920e-01 -6.584257118231076067e-01 1.131009218883466949e-01
-7.550858537017494099e-01 -6.461158241461144591e-01 1.112641004489894475e-01
-7.656821191129263848e-01 -6.338405788900047799e-01 1.094395617330140985e-01
-7.758976693244463707e-01 -6.216099006598305721e-01 1.076287262655432897e-01
-7.857421938752113810e-01 -6.094330070386272391e-01 1.058329778784408287e-01
-7.952254666949190032e-01 -5.973184213197968440e-01 1.040536645963082013e-01
-8.043573159681892681e-01 -5.852739862872019527e-01 1.022920994177015097e-01
-8.131475958864522458e-01 -5.733068789076302130e-01 1.005495610022871383e-01
-8.216061602406657949e-01 -5.614236258089709830e-01 9.882729427414871370e-02
-8.297428378038017582e-01 -5.496301194258342848e-01 9.712651095089612496e-02
-8.375674094484617527e-01 -5.379316347024354350e-01 9.544839000762495029e-02
-8.450895869419216000e-01 -5.263328462503689131e-01 9.379407808414490233e-02
-8.523189933583105171e-01 -5.148378458664063517e-01 9.216468984325029701e-02
-8.592651450454723561e-01 -5.034501603226783084e-01 9.056130828715491798e-02
-8.659374350823016986e-01 -4.921727693485405397e-01 8.898498503856629160e-02
-8.723451181609664928e-01 -4.810081237300910528e-01 8.743674059223807693e-02
-8.784972968273919713e-01 -4.699581634596911028e-01 8.591756454221977091e-02
-8.844029090126691584e-01 -4.590243358739636848e-01 8.442841578942619774e-02
-8.900707167876380499e-01 -4.482076137245935010e-01 8.297022273357824995e-02
-8.955092962727616568e-01 -4.375085131318405818e-01 8.154388345302485130e-02
-9.007270286355313349e-01 -4.269271113760104708e-01 8.015026587544639425e-02
-9.057320921080115328e-01 -4.164630644871959442e-01 7.879020794196306410e-02
-9.105324549577177295e-01 -4.061156245984304247e-01 7.746451776672877432e-02
-9.151358693458192528e-01 -3.958836570319682613e-01 7.617397379368319454e-02
-9.195498660076396602e-01 -3.857656570927433526e-01 7.491932495175972206e-02
-9.237817496915892157e-01 -3.757597665471553716e-01 7.370129080950701961e-02
-9.278385952939811609e-01 -3.658637897692001428e-01 7.252056172977343340e-02
-9.317272446286467558e-01 -3.560752095396045869e-01 7.137779902482703498e-02
-9.354543037718626719e-01 -3.463912024870500206e-01 7.027363511203776891e-02
-9.390261409248179536e-01 -3.368086541637814180e-01 6.920867367003018245e-02
-9.424488847376709666e-01 -3.273241737509089422e-01 6.818348979502412976e-02
-9.457284230411664439e-01 -3.179341083915211419e-01 6.719863015691518449e-02
-9.488704019337853568e-01 -3.086345571523544939e-01 6.625461315450420496e-02
-9.518802251744804543e-01 -2.994213846172090188e-01 6.535192906916463540e-02
-9.547630538331953742e-01 -2.902902341175743195e-01 6.449104021613595583e-02
-9.575238061535688017e-01 -2.812365406080433172e-01 6.367238109254932943e-02
-9.601671575844786810e-01 -2.722555431960498873e-01 6.289635852122653359e-02
-9.626975409393788707e-01 -2.633422973372822606e-01 6.216335178924334987e-02
-9.651191466447165412e-01 -2.544916867098039326e-01 6.147371278021317165e-02
-9.674359230410860544e-01 -2.456984347814674396e-01 6.082776609922379424e-02
-9.696515767031708144e-01 -2.369571160866413007e-01 6.022580918934972161e-02
-9.717695727469477518e-01 -2.282621672295956361e-01 5.966811243866226855e-02
-9.737931350950708165e-01 -2.196078976331145294e-01 5.915491927667012456e-02
-9.757252466738146612e-01 -2.109885000520305698e-01 5.868644625914248847e-02
-9.775686495174419344e-01 -2.023980608724146590e-01 5.826288314029557519e-02
-9.793258447583578219e-01 -1.938305702181102042e-01 5.788439293136002362e-02
-9.809990924839345761e-01 -1.852799318871771461e-01 5.755111194459198998e-02
-9.825904114434255154e-01 -1.767399731416148256e-01 5.726314982184354391e-02
-9.841015785909449365e-01 -1.682044543744653231e-01 5.702058954686888004e-02
-9.855341284530673152e-01 -1.596670786790631291e-01 5.682348744061146290e-02
-9.868893523121983202e-01 -1.511215013457943845e-01 5.667187313879371718e-02
-9.881682971994963927e-01 -1.425613393122599215e-01 5.656574955121548148e-02
-9.893717646937723043e-01 -1.339801805931984668e-01 5.650509280226003600e-02
-9.905003095254754086e-01 -1.253715937169204431e-01 5.648985215220776734e-02
-9.915542379875867951e-01 -1.167291371953220053e-01 5.651994989906724415e-02
-9.925336061579836944e-01 -1.080463690547921324e-01 5.659528126075223653e-02
-9.934382179406202606e-01 -9.931685645548420094e-02 5.671571423756088803e-02
-9.942688914600631422e-01 -9.056310841265545475e-02 5.681283265629610141e-02
-9.950248350002047770e-01 -8.178936368125824807e-02 5.688656087531615557e-02
-9.957053859060923662e-01 -7.299988937189914873e-02 5.693683972013219990e-02
-9.963100119186244497e-01 -6.419897566533355748e-02 5.696362666606114705e-02
-9.968383122026458487e-01 -5.539093044805158683e-02 5.696689598305629265e-02
-9.972900180637982448e-01 -4.658007388748083150e-02 5.694663884208581855e-02
-9.976649933507825141e-01 -3.777073296565516825e-02 5.690286338260479998e-02
-9.979632345410121008e-01 -2.896723599041518826e-02 5.683559474084524943e-02
-9.981848705089719775e-01 -2.017390710331343900e-02 5.674487503882918310e-02
-9.983301619779432201e-01 -1.139506080339575816e-02 5.663076333419116842e-02
-9.983995006570891562e-01 -2.634996505917978210e-03 5.649333553107725725e-02
-9.983934080672234312e-01 6.102006845163293614e-03 5.633268425256603845e-02
-9.983125340598830721e-01 1.481169609241471743e-02 5.614891867523302132e-02
-9.981576550355965027e-01 2.348984908978588027e-02 5.594216432665070904e-02
-9.979296718684640410e-01 3.213227981955768531e-02 5.571256284678231807e-02
-9.976296075453471301e-01 4.073484338446109465e-02 5.546027171438606962e-02
-9.972586045290824375e-01 4.929344085876710690e-02 5.518546393969812197e-02
-9.968179218561912247e-01 5.780402398295304833e-02 5.488832772480468220e-02
-9.963089319805409350e-01 6.626259968743257456e-02 5.456906609324693042e-02
-9.957331173753205533e-01 7.466523443179039210e-02 5.422789649052470184e-02
-9.950920669065168589e-01 8.300805834697955188e-02 5.386505035727660873e-02
-9.943874719918159855e-01 9.128726916901140631e-02 5.348077267701399629e-02
-9.936211225595025232e-01 9.949913595378767628e-02 5.307532150037382740e-02
-9.927949028224802852e-01 1.076400025638816482e-01 5.264896744793098882e-02
-9.919107868830019381e-01 1.157062909192631689e-01 5.220199319367286456e-02
-9.909708341840541834e-01 1.236945040051702638e-01 5.173469293128871854e-02
-9.899771848236157412e-01 1.316012286315510205e-01 5.124737182546312830e-02
-9.889320547481754708e-01 1.394231379397241066e-01 5.074034545038663691e-02
-9.878377308419774572e-01 1.471569936531258727e-01 5.021393921770801044e-02
-9.866965659284459012e-01 1.547996480702198419e-01 4.966848779615133658e-02
-9.855109737001404024e-01 1.623480457988312198e-01 4.910433452500818224e-02
-9.842834235934058151e-01 1.697992252323294871e-01 4.852183082369029843e-02
-9.830164356236106293e-01 1.771503197692070042e-01 4.792133559949268706e-02
-9.817125751965249947e-01 1.843985587786877434e-01 4.730321465567090961e-02
-9.803744479109711696e-01 1.915412683160389873e-01 4.666784010188056858e-02
-9.790046943673990087e-01 1.985758715922474882e-01 4.601558976896220204e-02
-9.776059849964952031e-01 2.054998892036543900e-01 4.534684662998163945e-02
-9.761810149213405730e-01 2.123109391280167402e-01 4.466199822935536246e-02
-9.747324988659845646e-01 2.190067364942749617e-01 4.396143612180312271e-02
-9.732631661226216480e-01 2.255850931340518950e-01 4.324555532277697678e-02
-9.717757555888342225e-01 2.320439169235886112e-01 4.251475377191777510e-02
-9.702730108856176816e-01 2.383812109254343226e-01 4.176943181098786984e-02
-9.687576755661326811e-01 2.445950723397500859e-01 4.100999167762302278e-02
-9.672324884243426180e-01 2.506836912755607272e-01 4.023683701613833819e-02
-9.657001789118975221e-01 2.566453493526951735e-01 3.945037240651295962e-02
-9.641634626708232014e-01 2.624784181454937748e-01 3.865100291256706039e-02
-9.626250371887770108e-01 2.681813574796337307e-01 3.783913365023336417e-02
-9.610875775828353618e-01 2.737527135936321243e-01 3.701516937671414653e-02
-9.595537325169974929e-01 2.791911171767317290e-01 3.617951410120457539e-02
-9.580261202578240765e-01 2.844952812949627097e-01 3.533257071775461333e-02
-9.565073248718827248e-01 2.896639992172013733e-01 3.447474066073506760e-02
-9.549998925679505923e-01 2.946961421530253089e-01 3.360642358326944301e-02
-9.535063281862301565e-01 2.995906569140889819e-01 3.272801705889212542e-02
-9.520290918361686838e-01 3.043465635106223921e-01 3.183991630659580019e-02
-9.505705956838433890e-01 3.089629526944915883e-01 3.094251393933702271e-02
-9.491332008892753302e-01 3.134389834600534441e-01 3.003619973597877399e-02
-9.477192146934789729e-01 3.177738805137967915e-01 2.912136043656306239e-02
-9.463308876545324377e-01 3.219669317234871708e-01 2.819837956072515292e-02
-9.449704110314743888e-01 3.260174855572290364e-01 2.726763724898398703e-02
-9.436399143143945345e-01 3.299249485225293488e-01 2.632951012657109430e-02
-9.423414628986833685e-01 3.336887826150953251e-01 2.538437118939249407e-02
-9.410770559010532832e-01 3.373085027867265273e-01 2.443258971165504154e-02
-9.398486241146244424e-01 3.407836744412758301e-01 2.347453117463024416e-02
-9.386580281000943549e-01 3.441139109672522456e-01 2.251055721597471082e-02
-9.375070564097756076e-01 3.472988713152276863e-01 2.154102559897702607e-02
-9.363974239410896017e-01 3.503382576277926930e-01 2.056629020105582226e-02
-9.353307704159475877e-01 3.532318129293804954e-01 1.958670102079311526e-02
-9.343086589823296206e-01 3.559793188828535015e-01 1.860260420275031829e-02
-9.333325749342885613e-01 3.585805936193174337e-01 1.761434207928156900e-02
-9.324039245465552961e-01 3.610354896472020569e-01 1.662225322853014275e-02
-9.315240340199052449e-01 3.633438918462215672e-01 1.562667254776818615e-02
-9.306941485334597752e-01 3.655057155514078171e-01 1.462793134121806449e-02
-9.299154314001388810e-01 3.675209047319931144e-01 1.362635742147464898e-02
-9.291889633215534294e-01 3.693894302695086562e-01 1.262227522363198844e-02
-9.285157417387207568e-01 3.711112883390625949e-01 1.161600593120460691e-02
-9.278966802751077436e-01 3.726864988973651593e-01 1.060786761292306299e-02
-9.273326082686477179e-01 3.741151042806803995e-01 9.598175369475140176e-03
-9.268242703895381851e-01 3.753971679155050367e-01 8.587241489257957730e-03
-9.263723263408076836e-01 3.765327731444030324e-01 7.575375612202208710e-03
-9.259773506388326858e-01 3.775220221690629430e-01 6.562884900727443752e-03
-9.256398324711984094e-01 3.783650351122890276e-01 5.550074216886738063e-03
-9.253601756295147807e-01 3.790619492002931801e-01 4.537246304759985464e-03
-9.251386985150334974e-01 3.796129180663143088e-01 3.524701977157348835e-03
-9.249756342151495003e-01 3.800181111762630515e-01 2.512740305697986308e-03
-9.248711306491176343e-01 3.802777133767646367e-01 1.501658813333861531e-03
-9.248252507815639678e-01 3.803919245656563475e-01 4.917536683942576314e-04
-9.248379729026263707e-01 3.803609594846850128e-01 -5.166801207666187577e-04
-9.249091909738114126e-01 3.801850476338437534e-01 -1.523348511428833200e-03
-9.250387150389078883e-01 3.798644333064874479e-01 -2.527958233374017448e-03
-9.252262716995489633e-01 3.793993757440685122e-01 -3.530216597852582627e-03
-9.254715046552600688e-01 3.787901494090425425e-01 -4.529831309532375214e-03
-9.257739753080712619e-01 3.780370443742033237e-01 -5.526510282299133825e-03
-9.261331634320048023e-01 3.771403668264184939e-01 -6.519961459767078041e-03
-9.265484679079732944e-01 3.761004396824528806e-01 -7.509892641345056706e-03
-9.270192075248366859e-01 3.749176033142809228e-01 -8.496011314689815366e-03
-9.275446218475684734e-01 3.735922163810082575e-01 -9.478024495363106261e-03
-9.281238721536679837e-01 3.721246567642390590e-01 -1.045563857449345255e-02
-9.287560424391282377e-01 3.705153226034446634e-01 -1.142855917522635906e-02
-9.294401404954268919e-01 3.687646334276078464e-01 -1.239649101872847790e-02
-9.301750990591439727e-01 3.668730313791354058e-01 -1.335913780049167998e-02
-9.309687098380639014e-01 3.648156740609691528e-01 -1.438012146648031536e-02
-9.318229917849522037e-01 3.625836876076678483e-01 -1.545911057339512291e-02
-9.327397621254692739e-01 3.601681820553571667e-01 -1.659576543157864278e-02
-9.337206202600831784e-01 3.575602483216492322e-01 -1.778973790061858656e-02
-9.347669309318944464e-01 3.547509553817290717e-01 -1.904067105429176412e-02
-9.358798066600688692e-01 3.517313477179216386e-01 -2.034819870867616773e-02
-9.370600894395728631e-01 3.484924431252540700e-01 -2.171194480752883238e-02
-9.383083317093575682e-01 3.450252309608514145e-01 -2.313152265935170676e-02
-9.396247765931176055e-01 3.413206709304325015e-01 -2.460653402095165296e-02
-9.410093374193166937e-01 3.373696925106828837e-01 -2.613656802274936380e-02
-9.424615765303963055e-01 3.331631951118414481e-01 -2.772119993161105758e-02
-9.439806833950344922e-01 3.286920490904118863e-01 -2.935998974757241670e-02
-9.455654520420713194e-01 3.239470977274527264e-01 -3.105248063150295099e-02
-9.472142578403340840e-01 3.189191602933560965e-01 -3.279819716152738984e-02
-9.489250336551517950e-01 3.135990363253312596e-01 -3.459664341688588329e-02
-9.506952454199114610e-01 3.079775112488892241e-01 -3.644730088888364916e-02
-9.525218671696500383e-01 3.020453634793873188e-01 -3.834962621966015589e-02
-9.544013555934472981e-01 2.957933731440413605e-01 -4.030304877070457759e-02
-9.563296241733528769e-01 2.892123325686248303e-01 -4.230696802436425402e-02
-9.583020169897872309e-01 2.822930586762237848e-01 -4.436075082304190287e-02
-9.603132822868409857e-01 2.750264074477501430e-01 -4.646372845235930554e-02
-9.623575459056817882e-01 2.674032905952734573e-01 -4.861519357628396598e-02
-9.644282847103794465e-01 2.594146945994309506e-01 -5.081439703407158309e-02
-9.665183001478581115e-01 2.510517022610182503e-01 -5.306054451087111740e-02
-9.686196921023575435e-01 2.423055169141382359e-01 -5.535279309596706498e-02
-9.707238332246671542e-01 2.331674894437632539e-01 -5.769024774488999696e-02
-9.728213439374060467e-01 2.236291482440056488e-01 -6.007195766400106468e-02
-9.749020683396324438e-01 2.136822322445419975e-01 -6.249691263863658280e-02
-9.769550512569185052e-01 2.033187271212383296e-01 -6.496403932846625540e-02
-9.789685167065240723e-01 1.925309047928141781e-01 -6.747219755635086580e-02
-9.809298480711865498e-01 1.813113662881019605e-01 -7.002017661965363737e-02
-9.828255702990291720e-01 1.696530880478515357e-01 -7.260669165563032879e-02
-9.846413344708127013e-01 1.575494717008593670e-01 -7.523038009515511937e-02
-9.863619050988227110e-01 1.449943973262519670e-01 -7.788979824158717702e-02
-9.879711505436195029e-01 1.319822801818406888e-01 -8.058341801399079851e-02
-9.894520369551750294e-01 1.185081308424491414e-01 -8.330962389613207064e-02
-9.907866261629937332e-01 1.045676186519077511e-01 -8.606671013461882069e-02
-9.919560779550415930e-01 9.015713834799231330e-02 -8.885287823115661787e-02
-9.929406571970121886e-01 7.527387967101040189e-02 -9.166623477508308027e-02
-9.937197462509240742e-01 5.991589971416140525e-02 -9.450478966303420270e-02
-9.942718631545284236e-01 4.408219771746364757e-02 -9.736645475270415406e-02
-9.945746860197447470e-01 2.777279194732514347e-02 -1.002490429970980257e-01
-9.946050840985747321e-01 1.098879824122704629e-02 -1.031502681043601072e-01
-9.943391559479238806e-01 -6.267490267876582588e-03 -1.060677447661059758e-01
-9.937522750997833665e-01 -2.399252279918946684e-02 -1.089989894941198328e-01
-9.928191436096471811e-01 -4.218141056239502890e-02 -1.119414221012323962e-01
-9.915138538133114743e-01 -6.082784707174199168e-02 -1.148923678571162899e-01
-9.898099585698947322e-01 -7.992402988566807420e-02 -1.178490603435884548e-01
-9.876805502067433906e-01 -9.946058458339036845e-02 -1.208086450267763512e-01
-9.850983483097446314e-01 -1.194264918470453185e-01 -1.237681835551948661e-01
-9.820357964205621570e-01 -1.398090185690725462e-01 -1.267246587834304772e-01
-9.784651676107729568e-01 -1.605936539479980718e-01 -1.296749805108046438e-01
-9.743586788024164447e-01 -1.817640515699519010e-01 -1.326159919131926490e-01
-9.696886135959291719e-01 -2.033019784965358345e-01 -1.355444766342438767e-01
-9.644274532509923281e-01 -2.251872723904837503e-01 -1.384571664897606413e-01
-9.585480153448974194e-01 -2.473978077074921178e-01 -1.413507497261576040e-01
-9.520235995083634606e-01 -2.699094719643720386e-01 -1.442218797609912950e-01
-9.448281395122996029e-01 -2.926961530592445682e-01 -1.470671843208017637e-01
-9.369363608530155707e-01 -3.157297385681070434e-01 -1.498832748792558178e-01
-9.283239428602483301e-01 -3.389801278733122758e-01 -1.526667562871593109e-01
-9.189676842346453656e-01 -3.624152578932769986e-01 -1.554142364756625760e-01
-9.088456708116438021e-01 -3.860011430794370590e-01 -1.581223361052738474e-01
-8.979374442496417252e-01 -4.097019302269045427e-01 -1.607876980264722200e-01
-8.862241702545169408e-01 -4.334799685107154077e-01 -1.634069964131092956e-01
-8.736888048823013841e-01 -4.572958950116955412e-01 -1.659769454277136291e-01
-8.603162574093025095e-01 -4.811087358369508515e-01 -1.684943072785318741e-01
-8.460935482259929197e-01 -5.048760227723227967e-01 -1.709558995318687935e-01
-8.310099601989646700e-01 -5.285539252306927782e-01 -1.733586015501727973e-01
-8.150571819551019059e-01 -5.520973970838660705e-01 -1.756993599364314318e-01
-7.982294415742782201e-01 -5.754603377901805761e-01 -1.779751928787819681e-01
-7.805236292311851232e-01 -5.985957670582985335e-01 -1.801831933057110036e-01
-7.619394074026418773e-01 -6.214560121231271772e-01 -1.823205307816221643e-01
-7.424793073526556597e-01 -6.439929065556052601e-01 -1.843844520946147370e-01
-7.221488107218113628e-01 -6.661579993870477834e-01 -1.863722805126656334e-01
-7.009564151780209862e-01 -6.879027732033543563e-01 -1.882814137105901786e-01
-6.789136832296158719e-01 -7.091788697567016353e-01 -1.901093203976487178e-01
-6.560352734562991950e-01 -7.299383215538765013e-01 -1.918535357038780031e-01
-6.323389535754824209e-01 -7.501337878121077107e-01 -1.935116554115256238e-01
-6.078455949278465109e-01 -7.697187931254773074e-01 -1.950813291456913456e-01
-5.825791481334919863e-01 -7.886479671574990746e-01 -1.965602526647561854e-01
-5.565665998358554356e-01 -8.068772836674381610e-01 -1.979461594157432558e-01
-5.298379106120438831e-01 -8.243642971881188775e-01 -1.992368115417636754e-01
-5.024259342831352004e-01 -8.410683756995979143e-01 -2.004299905475600274e-01
-4.743663190045356304e-01 -8.569509276841267287e-01 -2.015234878443337152e-01
-4.456973906534122953e-01 -8.719756220010331793e-01 -2.025150954060718489e-01
-4.164600191568015308e-01 -8.861085990831902848e-01 -2.034025967761009801e-01
-3.866974685200412210e-01 -8.993186720273145252e-01 -2.041837586643168168e-01
-3.564552314209877282e-01 -9.115775162263239917e-01 -2.048563233723023347e-01
-3.257808493317933540e-01 -9.228598462715366102e-01 -2.054180022752925550e-01
-2.947237192179310017e-01 -9.331435789341252507e-01 -2.058664705767298264e-01
-2.633348879449908253e-01 -9.424099811179224018e-01 -2.061993635331416941e-01
-2.316668355989994765e-01 -9.506438017588343392e-01 -2.064142743245429845e-01
-1.997732489970910907e-01 -9.578333867297246229e-01 -2.065087537188907141e-01
-1.677087867336159999e-01 -9.639707758940855298e-01 -2.064803116487848866e-01
-1.355288371732936703e-01 -9.690517815380028654e-01 -2.063264207851715770e-01
-1.032892708685180655e-01 -9.730760474990635123e-01 -2.060445221569135454e-01
-7.104618894267830664e-02 -9.760470884044470941e-01 -2.056320328274544029e-01
-3.885566904511841835e-02 -9.779723085301177399e-01 -2.050863556011815469e-01
-6.773510545329139432e-03 -9.788629999004389015e-01 -2.044048906932891263e-01
2.514501930721291245e-02 -9.787343193641773187e-01 -2.035850492587833738e-01
5.684543647735237903e-02 -9.776052445099823185e-01 -2.026242686395869630e-01
8.827428666609107855e-02 -9.754985084228426917e-01 -2.015200291543088051e-01
1.193793853970293029e-01 -9.724405134330347256e-01 -2.002698722239370788e-01
1.501100497812632162e-01 -9.684612241703466351e-01 -1.988714195992268841e-01
1.804173200675301125e-01 -9.635940404078706667e-01 -1.973223934325585016e-01
2.102541690965412657e-01 -9.578756503596388416e-01 -1.956206369191186845e-01
2.395756978126188375e-01 -9.513458652823609807e-01 -1.937641352198813394e-01
2.683393150444074449e-01 -9.440474364203333968e-01 -1.917510363723866351e-01
2.965048998514693834e-01 -9.360258555204566955e-01 -1.895796718949552262e-01
3.240349448462369053e-01 -9.273291403269663391e-01 -1.872485767957967895e-01
3.508946790415330419e-01 -9.180076066383364708e-01 -1.847565087103928416e-01
3.770521689422816625e-01 -9.081136286670934421e-01 -1.821024659083141650e-01
4.024783967947855867e-01 -8.977013895822153478e-01 -1.792857039338786318e-01
4.271473151258502465e-01 -8.868266242288572743e-01 -1.763057506732269020e-01
4.510358769439867799e-01 -8.755463561072052148e-01 -1.731624196728189513e-01
4.741240412320925635e-01 -8.639186307477942917e-01 -1.698558215702484775e-01
4.963947536308750963e-01 -8.520022476418641633e-01 -1.663863735367532015e-01
5.178339024898490628e-01 -8.398564928703888821e-01 -1.627548066709208763e-01
5.384302507426739215e-01 -8.275408745234474894e-01 -1.589621713238658363e-01
5.581753443404592341e-01 -8.151148629127610290e-01 -1.550098403765805266e-01
5.770633982450724675e-01 -8.026376374557812055e-01 -1.508995105292744443e-01
5.950911612393340322e-01 -7.901678419519623242e-01 -1.466332016993661114e-01
6.122577610476314103e-01 -7.777633497840705790e-01 -1.422132546585374580e-01
6.285645314748929957e-01 -7.654810403637276606e-01 -1.376423270691339573e-01
6.440148234607501188e-01 -7.533765879057469084e-01 -1.329233881055553457e-01
6.586138021066310078e-01 -7.415042633656754312e-01 -1.280597118666176037e-01
6.723682318649382150e-01 -7.299167501151766491e-01 -1.230548697998045948e-01
6.852862521807129292e-01 -7.186649736665993160e-01 -1.179127223676379316e-01
6.973771459475512913e-01 -7.077979454974294704e-01 -1.126374101899891844e-01
7.086511031820752482e-01 -6.973626207733559790e-01 -1.072333448940912953e-01
7.191189823367866163e-01 -6.874037695311738805e-01 -1.017051998964533244e-01
7.287920716620437389e-01 -6.779638606650554289e-01 -9.605790132813923909e-02
7.376818529970622373e-01 -6.690829578667036870e-01 -9.029661929733115433e-02
7.457997703204044537e-01 -6.607986265058110043e-01 -8.442675966123945608e-02
7.531570053256566588e-01 -6.531458503056862819e-01 -7.845395645379266147e-02
7.597642622111400179e-01 -6.461569565727954823e-01 -7.238406508673773943e-02
7.656315637865649393e-01 -6.398615486804941632e-01 -6.622315641044115853e-02
7.707680609071887456e-01 -6.342864444879207086e-01 -5.997751168746127265e-02
7.751818571494312193e-01 -6.294556193956797330e-01 -5.365361849753293860e-02
7.788798505425961194e-01 -6.253901528007259625e-01 -4.725816755763855709e-02
7.818675940702068949e-01 -6.221081768132467049e-01 -4.079805040600333055e-02
7.841491765515993251e-01 -6.196248262372010540e-01 -3.428035786480365665e-02
7.857271254091591217e-01 -6.179521889917416466e-01 -2.771237916376023333e-02
7.866023327175152291e-01 -6.170992563606336745e-01 -2.110160157622687979e-02
7.867740058159236050e-01 -6.170718726979850244e-01 -1.445571039149031768e-02
7.862396436411848155e-01 -6.178726844874430357e-01 -7.782589022348656259e-03
7.849950398023501918e-01 -6.195010889441605606e-01 -1.090319026195961383e-03
7.830343132664077110e-01 -6.219531826592414880e-01 5.612820198666594596e-03
7.803499673520944979e-01 -6.252217111092644997e-01 1.231835229145834126e-02
7.769329775329197885e-01 -6.292960201823134536e-01 1.901760563847782262e-02
7.728050586055281723e-01 -6.341270923804703807e-01 2.559637838569010782e-02
7.679679625833065737e-01 -6.396859629373345957e-01 3.204809427455997117e-02
7.624225036188767568e-01 -6.459411320195032058e-01 3.836643905470689397e-02
7.561687809079910005e-01 -6.528587053720094069e-01 4.454536961448742061e-02
7.492064079802449594e-01 -6.604025404667650534e-01 5.057912424776569993e-02
7.415347455247738306e-01 -6.685343992909155153e-01 5.646223386298355323e-02
7.331531348952362581e-01 -6.772141087356636779e-01 6.218953391201729325e-02
7.240611294557164346e-01 -6.863997293326006277e-01 6.775617679207344979e-02
7.142587209716455554e-01 -6.960477328399371499e-01 7.315764445470181176e-02
7.037465583210045228e-01 -7.061131889120423333e-01 7.838976094246130621e-02
6.925261559038493608e-01 -7.165499607998072618e-01 8.344870456630446021e-02
6.806000892646884015e-01 -7.273109097344635510e-01 8.833101943564745928e-02
6.679721756135134081e-01 -7.383481073518283200e-01 9.303362605849822831e-02
6.546476371373001202e-01 -7.496130552258036817e-01 9.755383074088255779e-02
6.406332452332641481e-01 -7.610569103074831254e-01 1.018893335329157934e-01
6.259374440655856020e-01 -7.726307148171382977e-01 1.060382344928112175e-01
6.105704521449640820e-01 -7.842856289177702056e-01 1.099990380693190717e-01
5.945443409504117538e-01 -7.959731643169906112e-01 1.137706554368191764e-01
5.778730899493150774e-01 -8.076454168038572634e-01 1.173524046546750577e-01
5.605726177184251480e-01 -8.192552956327169289e-01 1.207440085625210296e-01
5.426607892179421411e-01 -8.307567476195349965e-01 1.239455903648441909e-01
5.241573996158456206e-01 -8.421049738185202305e-01 1.269576669004494618e-01
5.050841353926807109e-01 -8.532566366975211647e-01 1.297811396340677048e-01
4.854645137710107416e-01 -8.641700558276490529e-01 1.324172834474302562e-01
4.653238018020913747e-01 -8.748053902424811623e-01 1.348677333446080262e-01
4.446889166991753739e-01 -8.851248058004451691e-01 1.371344692204263804e-01
4.235883092273647899e-01 -8.950926260949890745e-01 1.392197988705747569e-01
4.020518321403349637e-01 -9.046754656945529272e-01 1.411263394470469723e-01
3.801105957920376532e-01 -9.138423447513048803e-01 1.428569975823530402e-01
3.577968131453765910e-01 -9.225647842869582060e-01 1.444149484202897071e-01
3.351436364498208698e-01 -9.308168817386315297e-01 1.458036137998734993e-01
3.121849878671494327e-01 -9.385753666207696799e-01 1.470266398424171506e-01
2.889553862912627724e-01 -9.458196364242011933e-01 1.480878741899150641e-01
2.654897725374570361e-01 -9.525317731247071595e-01 1.489913431362688279e-01
2.418233349727068049e-01 -9.586965409060381749e-01 1.497412288819216786e-01
2.179913375259151243e-01 -9.643013659120702741e-01 1.503418471277489232e-01
1.940289518607268004e-01 -9.693362990266014556e-01 1.507976252062049050e-01
1.699710953185328832e-01 -9.737939628350009702e-01 1.511130809274175701e-01
1.458522760509180227e-01 -9.776694840483143301e-01 1.512928022958245911e-01
1.217064465640753934e-01 -9.809604127671744944e-01 1.513414282297169122e-01
9.756686669741460038e-02 -9.836666300304490740e-01 1.512636303923242387e-01
7.346597685910263853e-02 -9.857902451331559401e-01 1.510640962194161885e-01
4.943528214650826785e-02 -9.873354842115764640e-01 1.507475132053190114e-01
2.550524779282738880e-02 -9.883085715829288409e-01 1.503185544872013280e-01
1.705206205337646969e-03 -9.887176052950198413e-01 1.497818657468344694e-01
-2.193672430203584892e-02 -9.885724282907771832e-01 1.491420534300711975e-01
-4.539370912723528217e-02 -9.878844965264029776e-01 1.484036742672259490e-01
-6.864025552735246449e-02 -9.866667453030114610e-01 1.475712260625225702e-01
-9.165225958829721631e-02 -9.849334549828915319e-01 1.466491397078732439e-01
-1.144070424098962008e-01 -9.827001171656866152e-01 1.456417723654817864e-01
-1.368833759826326157e-01 -9.799833022993408305e-01 1.445534017550846873e-01
-1.590614992997114729e-01 -9.768005295979080849e-01 1.433882214749729045e-01
-1.809231253007434759e-01 -9.731701400352935627e-01 1.421503372811578347e-01
-2.024514392821102626e-01 -9.691111730824416570e-01 1.408437642460111661e-01
-2.236310894351683787e-01 -9.646432477568771535e-01 1.394724247162557329e-01
-2.444481701881267566e-01 -9.597864484590448164e-01 1.380401469901357814e-01
-2.648901990319885713e-01 -9.545612159805187957e-01 1.365506646347680875e-01
-2.849460875066864851e-01 -9.489882439855671370e-01 1.350076163668867957e-01
-3.046061070117345726e-01 -9.430883811902377456e-01 1.334145464232654177e-01
-3.238618500875911632e-01 -9.368825393923730926e-01 1.317749053508589230e-01
-3.427061877906197873e-01 -9.303916074418778770e-01 1.300920511509961186e-01
-3.611332237571110992e-01 -9.236363711831424572e-01 1.283692507166213359e-01
-3.791382455212508606e-01 -9.166374393506243612e-01 1.266096815064999548e-01
-3.967176736190488051e-01 -9.094151753539845284e-01 1.248164334053487728e-01
-4.138690089758426671e-01 -9.019896348505607175e-01 1.229925107239241283e-01
-4.305907790397225932e-01 -8.943805089699906619e-01 1.211408342981120795e-01
-4.468824830876486076e-01 -8.866070730280756207e-01 1.192642436509415982e-01
-4.627445370956352888e-01 -8.786881405441037129e-01 1.173654991861242392e-01
-4.781782185295454513e-01 -8.706420223574061756e-01 1.154472843861652359e-01
-4.931856113790899498e-01 -8.624864906244883445e-01 1.135122079922561422e-01
-5.077695517248214108e-01 -8.542387474672529235e-01 1.115628061470234772e-01
-5.219335740964329284e-01 -8.459153980352260849e-01 1.096015444847552728e-01
-5.356818588506683243e-01 -8.375324277399353035e-01 1.076308201569514122e-01
-5.490191807687112568e-01 -8.291051834173250867e-01 1.056529637839420388e-01
-5.619508590461187447e-01 -8.206483581740070532e-01 1.036702413258980965e-01
-5.744827088232137280e-01 -8.121759796749288274e-01 1.016848558688270010e-01
-5.866209943803718518e-01 -8.037014016334351751e-01 9.969894932311987312e-02
-5.983723841007998479e-01 -7.952372982694417836e-01 9.771460403390955229e-02
-6.097439072831846163e-01 -7.867956615073213866e-01 9.573384430393035160e-02
-6.207429128679428088e-01 -7.783878006919106030e-01 9.375863783076025804e-02
-6.313770301236689697e-01 -7.700243446086114663e-01 9.179089706129525683e-02
-6.416541313247068334e-01 -7.617152456017155515e-01 8.983248046707413559e-02
-6.515822964364846870e-01 -7.534697855936908217e-01 8.788519374466202683e-02
-6.611697798122990744e-01 -7.452965838171075053e-01 8.595079094573147838e-02
-6.704249788935290333e-01 -7.372036060800362112e-01 8.403097554177153816e-02
-6.793564048947460243e-01 -7.291981753950330658e-01 8.212740142852656411e-02
-6.879726554457903376e-01 -7.212869838111474197e-01 8.024167387533390206e-02
-6.962823891545347754e-01 -7.134761052976771323e-01 7.837535042451114486e-02
-7.042943020466975179e-01 -7.057710095375925308e-01 7.652994174585225906e-02
-7.120171058326238978e-01 -6.981765764975984556e-01 7.470691245114280399e-02
-7.194595079453774966e-01 -6.906971116506587238e-01 7.290768187340863904e-02
-7.266301932897005766e-01 -6.833363617354314412e-01 7.113362481538113014e-02
-7.335378076373679779e-01 -6.760975309454254623e-01 6.938607227140486389e-02
-7.401909426011133997e-01 -6.689832974487568418e-01 6.766631212673850093e-02
-7.465981221165955972e-01 -6.619958301471469131e-01 6.597558983791347587e-02
-7.527677903597544962e-01 -6.551368055902341281e-01 6.431510909752445604e-02
-7.587083010253238280e-01 -6.484074249683651203e-01 6.268603248653427384e-02
-7.644279078911839775e-01 -6.418084311137770559e-01 6.108948211688898511e-02
-7.699347565926061288e-01 -6.353401254464724479e-01 5.952654026695855527e-02
-7.752368775302177495e-01 -6.290023848071262247e-01 5.799825001204746144e-02
-7.803318757419883678e-01 -6.228124996036958905e-01 5.645146049203753069e-02
-7.852222805551664075e-01 -6.167766478544545183e-01 5.488670246963102406e-02
-7.899106535277958807e-01 -6.109008101477779729e-01 5.330452987350375871e-02
-7.943995789885205383e-01 -6.051907645392915480e-01 5.170551899909615196e-02
-7.986916546056153088e-01 -5.996520817925843350e-01 5.009026768197376994e-02
-8.027894820216652239e-01 -5.942901209618082214e-01 4.845939444725708839e-02
-8.066956575900000592e-01 -5.891100253127495856e-01 4.681353763848707106e-02
-8.104127632484886545e-01 -5.841167185773543657e-01 4.515335452914057135e-02
-8.139433575656266351e-01 -5.793149015352198061e-01 4.347952041983923349e-02
-8.172899669930072664e-01 -5.747090489142460124e-01 4.179272772410991960e-02
-8.204550773572764077e-01 -5.703034066014806003e-01 4.009368504535589656e-02
-8.234411256235356635e-01 -5.661019891541950733e-01 3.838311624748878131e-02
-8.262504919608949505e-01 -5.621085776004086654e-01 3.666175952145374339e-02
-8.288854921394922526e-01 -5.583267175174289054e-01 3.493036644965752391e-02
-8.313483702868093017e-01 -5.547597173765060896e-01 3.318970107008261533e-02
-8.336412920295273032e-01 -5.514106471414060850e-01 3.144053894164429430e-02
-8.357663380454978252e-01 -5.482823371085840947e-01 2.968366621212219572e-02
-8.377254980486614766e-01 -5.453773769766949719e-01 2.791987868977730686e-02
-8.395206652279413317e-01 -5.426981151333871711e-01 2.614998091955100454e-02
-8.411536311592767712e-01 -5.402466581477027852e-01 2.437478526453681904e-02
-8.426260812080582641e-01 -5.380248704569238205e-01 2.259511099322039640e-02
-8.439395904372799517e-01 -5.360343742373653297e-01 2.081178337280039509e-02
-8.450956200347534697e-01 -5.342765494494011724e-01 1.902563276873431644e-02
-8.460955142707292653e-01 -5.327525340479083438e-01 1.723749375050035240e-02
-8.469404979952579460e-01 -5.314632243503160103e-01 1.544820420343042018e-02
-8.476316746825973691e-01 -5.304092755555339656e-01 1.365860444635182483e-02
-8.481700250279385900e-01 -5.295911024081927376e-01 1.186953635467652250e-02
-8.485564060996871882e-01 -5.290088800038441619e-01 1.008184248849832397e-02
-8.487915510485021242e-01 -5.286625447320233429e-01 8.296365225200380902e-03
-8.488760693722650075e-01 -5.285517953553539039e-01 6.513945896038068548e-03
-8.488104477341302800e-01 -5.286760942241616190e-01 4.735423926146204755e-03
-8.485950513288000874e-01 -5.290346686273389443e-01 2.961635977424301874e-03
-8.482301257901709857e-01 -5.296265122814528548e-01 1.193415093778947686e-03
-8.477157996315261013e-01 -5.304503869612985367e-01 -5.684101517519704605e-04
-8.470520872074926988e-01 -5.315048242762520081e-01 -2.323016508403396435e-03
-8.462388921850581003e-01 -5.327881275978564313e-01 -4.069586897942059286e-03
-8.452760115090407478e-01 -5.342983741450703095e-01 -5.807311264005430261e-03
-8.441631398455509139e-01 -5.360334172344981551e-01 -7.535387420628263284e-03
-8.428998744851540215e-01 -5.379908887037080367e-01 -9.253021899931797647e-03
-8.414857206856733995e-01 -5.401682015163967732e-01 -1.095943079880488946e-02
-8.399200974328442371e-01 -5.425625525586864617e-01 -1.265384062424890731e-02
-8.382023435953640522e-01 -5.451709256362183842e-01 -1.433548913689109208e-02
-8.363317244492847191e-01 -5.479900946819366014e-01 -1.600362619199614117e-02
-8.343074385451614283e-01 -5.510166271845285957e-01 -1.765751457712521483e-02
-8.321286248899285587e-01 -5.542468878474000604e-01 -1.929643084540742445e-02
-8.297943704141150789e-01 -5.576770424878052523e-01 -2.091966614320350110e-02
-8.273037176937537707e-01 -5.613030621853369873e-01 -2.252652703075691543e-02
-8.246556728951883741e-01 -5.651207276883932762e-01 -2.411633629424663264e-02
-8.218492139099490279e-01 -5.691256340864895291e-01 -2.568843374748019937e-02
-8.188832986459615437e-01 -5.733131957553760927e-01 -2.724217702129816399e-02
-8.157726114028828190e-01 -5.776591949944430704e-01 -2.872132290916155906e-02
-8.125216206877731162e-01 -5.821520900295564793e-01 -3.012596028473406296e-02
-8.091348839791454584e-01 -5.867804167854641095e-01 -3.145624779264134807e-02
-8.056170589061154574e-01 -5.915328106140361752e-01 -3.271241218800897965e-02
-8.019729128162729204e-01 -5.963980271881040851e-01 -3.389474653609855781e-02
-7.982073307464087053e-01 -6.013649625141149757e-01 -3.500360827221616483e-02
-7.943253218213306432e-01 -6.064226720164289652e-01 -3.603941712327170949e-02
-7.903320241164820681e-01 -6.115603886465519334e-01 -3.700265289355260390e-02
-7.862327080298739945e-01 -6.167675399718932638e-01 -3.789385311842503185e-02
-7.820327782178938536e-01 -6.220337642007197632e-01 -3.871361059077708250e-02
-7.777377741578123116e-01 -6.273489251027913882e-01 -3.946257076605704656e-02
-7.733533694072257658e-01 -6.327031257886511773e-01 -4.014142905272585771e-02
-7.688853696372111024e-01 -6.380867213146222960e-01 -4.075092799582465813e-02
-7.643397095216020176e-01 -6.434903300851682051e-01 -4.129185436214837662e-02
-7.597224485695079910e-01 -6.489048440293075926e-01 -4.176503613620684285e-02
-7.550397659919739768e-01 -6.543214375331594113e-01 -4.217133943674142987e-02
-7.502979546965310442e-01 -6.597315751163358444e-01 -4.251166536404340363e-02
-7.455034145053178740e-01 -6.651270178457114879e-01 -4.278694678868880108e-02
-7.406626446934887475e-01 -6.704998284859865487e-01 -4.299814509256270206e-02
-7.357822359447904192e-01 -6.758423753923475941e-01 -4.314624687319529306e-02
-7.308688618205264609e-01 -6.811473351563255285e-01 -4.323226062247498280e-02
-7.259292698366826002e-01 -6.864076940215837475e-01 -4.325721339074480726e-02
-7.209702722418032117e-01 -6.916167480917672084e-01 -4.322214744713204215e-02
-7.159987365853556218e-01 -6.967681023576408617e-01 -4.312811694671409013e-02
-7.110215761628461140e-01 -7.018556685754884228e-01 -4.297618461479308510e-02
-7.060457404199326215e-01 -7.068736620330826614e-01 -4.276741845814549525e-02
-7.010782053932745894e-01 -7.118165972434298272e-01 -4.250288851263953060e-02
-6.961259642609437526e-01 -7.166792826099083191e-01 -4.218366363608126030e-02
-6.911960180699557865e-01 -7.214568141093371523e-01 -4.181080835456951056e-02
-6.862953667029382254e-01 -7.261445680419076343e-01 -4.138537977001848639e-02
-6.814310001401959749e-01 -7.307381928987838338e-01 -4.090842453585547683e-02
-6.766098900675272532e-01 -7.352336003995244562e-01 -4.038097590722768138e-02
-6.718389818741468122e-01 -7.396269557523027505e-01 -3.980405087136612563e-02
-6.671251870790387839e-01 -7.439146671902177044e-01 -3.917864736306408968e-02
-6.624753762180467520e-01 -7.480933748368143732e-01 -3.850574156954095911e-02
-6.578963722180519724e-01 -7.521599389532864777e-01 -3.778628532828665065e-02
-6.533949442787402306e-01 -7.561114276187462790e-01 -3.702120362082483157e-02
-6.489778022767419552e-01 -7.599451038934470493e-01 -3.621139216470024152e-02
-6.446515917013865282e-01 -7.636584125129625145e-01 -3.535771510539346962e-02
-6.404228891259559076e-01 -7.672489661591019861e-01 -3.446100280929981219e-02
-6.362981982131794556e-01 -7.707145313508042550e-01 -3.352204975838245921e-02
-6.322839462487920281e-01 -7.740530139954486799e-01 -3.254161254662801817e-02
-6.283864811922857951e-01 -7.772624446379803320e-01 -3.152040797799759292e-02
-6.246120692295329402e-01 -7.803409634420102048e-01 -3.045911126518241821e-02
-6.209668928077279881e-01 -7.832868049336568772e-01 -2.935835432814147203e-02
-6.174570491290994889e-01 -7.860982825353801662e-01 -2.821872419112185157e-02
-6.140885490760507048e-01 -7.887737729134508546e-01 -2.704076147664213545e-02
-6.108673165368004865e-01 -7.913117001590480593e-01 -2.582495899475600182e-02
-6.077991880971820304e-01 -7.937105198192997424e-01 -2.457176042580882722e-02
-6.048899130610073671e-01 -7.959687027909202461e-01 -2.328155909485439545e-02
-6.021296045081099280e-01 -7.980953225106073301e-01 -2.199566563341174424e-02
-5.995190316238665496e-01 -8.000924161461294704e-01 -2.071400725924077424e-02
-5.970588860534906672e-01 -8.019619210152983957e-01 -1.943650127577978282e-02
-5.947497855173377035e-01 -8.037056736104649657e-01 -1.816305575723717661e-02
-5.925922772321031706e-01 -8.053254087734641464e-01 -1.689357021985278540e-02
-5.905868411359095349e-01 -8.068227590094892987e-01 -1.562793627957221460e-02
-5.887338929157986955e-01 -8.081992539290860922e-01 -1.436603829645926103e-02
-5.870337868366134471e-01 -8.094563198081717870e-01 -1.310775400624463773e-02
-5.854868183706625206e-01 -8.105952792567024945e-01 -1.185295513947481373e-02
-5.840932266279244001e-01 -8.116173509873267911e-01 -1.060150802878277211e-02
-5.828531965868626319e-01 -8.125236496760745997e-01 -9.353274204853625345e-03
-5.817668611261990197e-01 -8.133151859078415757e-01 -8.108110981702484898e-03
-5.808343028582289014e-01 -8.139928662001272297e-01 -6.865872031920249724e-03
-5.800555557644681004e-01 -8.145574930991831275e-01 -5.626407952575316306e-03
-5.794306066345920048e-01 -8.150097653434115186e-01 -4.389566822486002176e-03
-5.789593963097805496e-01 -8.153502780895349744e-01 -3.155194751599973285e-03
-5.786418207317051143e-01 -8.155795231977259752e-01 -1.923136423233426807e-03
-5.784777317985038136e-01 -8.156978895725449652e-01 -6.932356299344764883e-04
-5.784669380291836971e-01 -8.157056635571886538e-01 5.346641962577145229e-04
-5.786092050379691987e-01 -8.156030293791882713e-01 1.760719458383802052e-03
-5.789042558201902278e-01 -8.153900696463336484e-01 2.985085873192434326e-03
-5.793517708513702402e-01 -8.150667658922190473e-01 4.207917953058721607e-03
-5.799513880012407974e-01 -8.146329991714230667e-01 5.429368490435717599e-03
-5.807027022644769554e-01 -8.140885507049395731e-01 6.649588044095332967e-03
-5.816052653100195480e-01 -8.134331025770734636e-01 7.868724426432733426e-03
-5.826585848509282517e-01 -8.126662384856031540e-01 9.086922191129847073e-03
-5.838621238368002508e-01 -8.117874445475923295e-01 1.030432212049910146e-02
-5.852152994708906819e-01 -8.107961101638029300e-01 1.152106071185796977e-02
-5.867174820541893876e-01 -8.096915289452248921e-01 1.273726966231842304e-02
-5.883679936588465109e-01 -8.084728997057919475e-01 1.395307535141298433e-02
-5.901661066334978889e-01 -8.071393275258941236e-01 1.516859832102090445e-02
-5.921110419432231708e-01 -8.056898248918338279e-01 1.638395275210411187e-02
-5.942019673470811947e-01 -8.041233129168944282e-01 1.759924593781319810e-02
-5.964379954164055198e-01 -8.024386226501994956e-01 1.881457775257888709e-02
-5.988181813973136869e-01 -8.006344964800412578e-01 2.003004011686439559e-02
-6.013415209211909751e-01 -7.987095896388379801e-01 2.124571645731897218e-02
-6.040069475672510402e-01 -7.966624718173473951e-01 2.246168116214285887e-02
-6.068133302816564045e-01 -7.944916288962124984e-01 2.367799903154914690e-02
-6.097594706581066504e-01 -7.921954648033431301e-01 2.489472472328867203e-02
-6.128441000852659082e-01 -7.897723035060414398e-01 2.611190219329031711e-02
-6.160658767669126012e-01 -7.872203911471583604e-01 2.732956413156112374e-02
-6.194233826212525162e-01 -7.845378983349172719e-01 2.854773139358847758e-02
-6.229151200664394539e-01 -7.817229225963560069e-01 2.976641242759058698e-02
-6.265395087000056318e-01 -7.787734910046186787e-01 3.098560269807140027e-02
-6.302948818806038966e-01 -7.756875629905652936e-01 3.220528410625238258e-02
-6.341794832212227506e-01 -7.724630333493593959e-01 3.342542440807586002e-02
-6.381914630038388880e-01 -7.690977354528331089e-01 3.464597663060330068e-02
-6.423288745263274757e-01 -7.655894446785148633e-01 3.586687848776649173e-02
-6.465896703933569079e-01 -7.619358820662246456e-01 3.708805179657028578e-02
-6.509716987639477814e-01 -7.581347182130958595e-01 3.830940189499212889e-02
-6.554609875844156219e-01 -7.541961399382558495e-01 3.948531477023962954e-02
-6.600501357352327458e-01 -7.501228218768966061e-01 4.061507406597388015e-02
-6.647316816724527788e-01 -7.459176146226679238e-01 4.169793044811725274e-02
-6.694981108459027164e-01 -7.415835591534934990e-01 4.273310421218559640e-02
-6.743418636745132089e-01 -7.371239006197716215e-01 4.371978798630578311e-02
-6.792553440651805108e-01 -7.325421014439014167e-01 4.465714952596192694e-02
-6.842309284550741610e-01 -7.278418536791045890e-01 4.554433459589891930e-02
-6.892609753507638048e-01 -7.230270905750234567e-01 4.638046993398003276e-02
-6.943378353309725970e-01 -7.181019972975967169e-01 4.716466629115384501e-02
-6.994538614732289661e-01 -7.130710207512648280e-01 4.789602154104234677e-02
-7.046014201582229131e-01 -7.079388784526579048e-01 4.857362385202598776e-02
-7.097729021993486320e-01 -7.027105664065793622e-01 4.919655491408063408e-02
-7.149607342387754860e-01 -6.973913659373242035e-01 4.976389321202568522e-02
-7.201573903455102954e-01 -6.919868494311545160e-01 5.027471733628069428e-02
-7.253554037453495695e-01 -6.865028849490953933e-01 5.072810932170926379e-02
-7.305473786074440090e-01 -6.809456396730774186e-01 5.112315800466249449e-02
-7.357260018074697205e-01 -6.753215821528288920e-01 5.145896238792924127e-02
-7.408840545831872904e-01 -6.696374833257592307e-01 5.173463500296479611e-02
-7.460144239945368794e-01 -6.639004162873416437e-01 5.194930525851174097e-02
-7.511101140974184576e-01 -6.581177547951440054e-01 5.210212276455365027e-02
-7.561642567380036928e-01 -6.522971704956082029e-01 5.219226062046054826e-02
-7.611701218728661456e-01 -6.464466288688782702e-01 5.221891865620000711e-02
-7.661211273194415972e-01 -6.405743838933536383e-01 5.218132661560388047e-02
-7.710108478413872923e-01 -6.346889714381102054e-01 5.207874727090087280e-02
-7.758330234743116005e-01 -6.287992013978155326e-01 5.191047945805149499e-02
-7.805815669991329475e-01 -6.229141485911726672e-01 5.167586102285440935e-02
-7.852505704729921820e-01 -6.170431424501700013e-01 5.137427166833081343e-02
-7.898343107312041367e-01 -6.111957555334118775e-01 5.100513569453349327e-02
-7.943272537781728149e-01 -6.053817909024565846e-01 5.056792462266519739e-02
-7.987240579904982818e-01 -5.996112684053196418e-01 5.006215969622097861e-02
-8.030195760616454237e-01 -5.938944099160212708e-01 4.948741425278405798e-02
-8.072088556244857438e-01 -5.882416235831963158e-01 4.884331596109495188e-02
-8.112871384957227594e-01 -5.826634871442724073e-01 4.812954891906955079e-02
-8.152498584946127336e-01 -5.771707303644906251e-01 4.734585560955105465e-02
-8.190926377974391270e-01 -5.717742166620545241e-01 4.649203871173095831e-02
-8.228112817988231242e-01 -5.664849239818908755e-01 4.556796276735160245e-02
-8.264017724610857041e-01 -5.613139249808751785e-01 4.457355570199227762e-02
-8.298602601434413861e-01 -5.562723665868934964e-01 4.350881020292791945e-02
-8.331830539137310421e-01 -5.513714489927763474e-01 4.237378495621756114e-02
-8.363666103566024246e-01 -5.466224041439718961e-01 4.116860574681388552e-02
-8.394075209034591589e-01 -5.420364737758371909e-01 3.989346642656895620e-02
-8.423024977210347153e-01 -5.376248870526720847e-01 3.854862975602964259e-02
-8.450483582070427158e-01 -5.333988378561462795e-01 3.713442812685370520e-02
-8.476420081529384420e-01 -5.293694617656505841e-01 3.565126417252022228e-02
-8.500804236453326501e-01 -5.255478127674169109e-01 3.409961127574225037e-02
-8.523606317889738104e-01 -5.219448397231000181e-01 3.248001398160325903e-02
-8.544796903454026094e-01 -5.185713626219952133e-01 3.079308832592090109e-02
-8.564346663923410041e-01 -5.154380486343070888e-01 2.903952208868268783e-02
-8.582226141195626878e-01 -5.125553879760055276e-01 2.722007498259005828e-02
-8.598405518873742936e-01 -5.099336695889470361e-01 2.533557878678435044e-02
-8.612854386838862952e-01 -5.075829566332417109e-01 2.338693743570571804e-02
-8.625541501269423650e-01 -5.055130617824572514e-01 2.137512707275199958e-02
-8.636434541658957187e-01 -5.037335223063245104e-01 1.930119607795849346e-02
-8.645499866473417283e-01 -5.022535749202985400e-01 1.716626507831331416e-02
-8.652702269174314953e-01 -5.010821303767865054e-01 1.497152694856044956e-02
-8.658004736414774971e-01 -5.002277477692367302e-01 1.271824680942962131e-02
-8.661368210292038627e-01 -4.996986085177428372e-01 1.040776202917683205e-02
-8.662751356611653186e-01 -4.995024900034936155e-01 8.041482233132238311e-03
-8.662110341185312867e-01 -4.996467388194429371e-01 5.620889324644994488e-03
-8.659398616245642666e-01 -5.001382436061051484e-01 3.147537519402381946e-03
-8.654566719116706386e-01 -5.009834074445309593e-01 6.230533935992340830e-04
-8.647562085327995529e-01 -5.021881197833867327e-01 -1.950864055138310654e-03
-8.638328878401480004e-01 -5.037577278837479522e-01 -4.572443336793201654e-03
-8.626807838574966913e-01 -5.056970077737941160e-01 -7.239840392331632450e-03
-8.612936152749585128e-01 -5.080101347161203318e-01 -9.951138517436841635e-03
-8.596647347963369823e-01 -5.107006532028932622e-01 -1.270434829426490483e-02
-8.577871210695389159e-01 -5.137714465085845283e-01 -1.549740754047528035e-02
-8.556533734293968463e-01 -5.172247058464956027e-01 -1.832818128630605073e-02
-8.532557096796715701e-01 -5.210618991937013833e-01 -2.119446179187970541e-02
-8.505859671367359542e-01 -5.252837398692945525e-01 -2.409396861821158642e-02
-8.476356071512868295e-01 -5.298901549728031179e-01 -2.702434876652122855e-02
-8.443957233161965004e-01 -5.348802538132173545e-01 -2.998317690138874170e-02
-8.408570535580806027e-01 -5.402522964840044128e-01 -3.296795567402686228e-02
-8.370099962971199181e-01 -5.460036627655745489e-01 -3.597611616242860771e-02
-8.328446308439211299e-01 -5.521308215636073768e-01 -3.900501844537668933e-02
-8.283507421835472062e-01 -5.586293011191221236e-01 -4.205195232724334709e-02
-8.235178502751060448e-01 -5.654936602538137569e-01 -4.511413823014977231e-02
-8.183352439703167613e-01 -5.727174609415596196e-01 -4.818872826937996984e-02
-8.127920196261497754e-01 -5.802932425236722036e-01 -5.127280752694582389e-02
-8.068771244548863519e-01 -5.882124979109349949e-01 -5.436339553687530995e-02
-8.005794046197394209e-01 -5.964656521391845656e-01 -5.745744799414803650e-02
-7.938876580455489496e-01 -6.050420436666240631e-01 -6.055185869724171582e-02
-7.867906918721051523e-01 -6.139299088196032983e-01 -6.364346173199818268e-02
-7.792773844325363575e-01 -6.231163698086739089e-01 -6.672903390199450002e-02
-7.713367515911617733e-01 -6.325874267477362700e-01 -6.980529740784764681e-02
-7.629580172245903347e-01 -6.423279541154507388e-01 -7.286892277493416115e-02
-7.541306875770567020e-01 -6.523217020992213566e-01 -7.591653202591970573e-02
-7.448446291665282715e-01 -6.625513032574540384e-01 -7.894470209132747884e-02
-7.350901498625825869e-01 -6.729982849249576127e-01 -8.194996844819585347e-02
-7.248580827011177341e-01 -6.836430877688909336e-01 -8.492882897375653162e-02
-7.141398719453706523e-01 -6.944650908782208365e-01 -8.787774799808378834e-02
-7.029276608482969424e-01 -7.054426437380144632e-01 -9.079316053690374144e-02
-6.912143805189957524e-01 -7.165531054009106615e-01 -9.367147668329221799e-02
-6.789938392464637262e-01 -7.277728911217885566e-01 -9.650908613491275545e-02
-6.662608115884852689e-01 -7.390775266680994493e-01 -9.930236283183031809e-02
-6.530111264928776249e-01 -7.504417104578058328e-01 -1.020476696788535920e-01
-6.392417536835574010e-01 -7.618393836097783201e-01 -1.047413633258720972e-01
-6.249508875159054400e-01 -7.732438079183798774e-01 -1.073797989798158242e-01
