[simulation]
end = 0.8
dt = 0.001
steps = 799
m0 = [ 1.0, 0.0, 0.0,]
T = 0
current = 13.0

[material]
alphaG = 0.015
beta = -3
theta = -0.25
M = 1750000
d_Pt = 5e-9
e_y = [ 0.0, 1.0, 0.0,]
thermal_stability = nan

[geometry]
size = [ 1e-7, 5e-8, 1e-9,]
V = 5e-24

[fields]
H_appl = [ 0.0, 0.0, 0.0,]
H_ani = [ 0.0, 0.0, 0.0,]
H_shape = [ 0.03406674814159203, 0.06966491904295821, 2.0953831903283175,]
H_s = "np.float64(-0.0004701513975340053)"
H_rf = [ 0.0, -3.1415926535897935e-5, 0.0,]
h_th = 0.0

[constants]
gamma = 176085977000.0
planck = 1.054571817e-34
mu0 = 1.2566370614359173e-6
e = 1.602176634e-19
g = 176.04636656752234
kB = 1.380649e-23

[hyperparameters]
epsilon = 0
gamma = 0.999
lr = 0.0005

[training]
episodes = 1000
da = 0.02
a_step = 20
