1.000000000000000000e+00 0.000000000000000000e+00 0.000000000000000000e+00
9.999999999715096788e-01 -3.268807400166340010e-06 6.804127730710621897e-06
9.999999997255248907e-01 -1.156560199813537758e-05 2.037621389365739682e-05
9.999999988180640065e-01 -2.663910271832891936e-05 4.067233993227463667e-05
9.999999964510603023e-01 -5.022556825947613757e-05 6.764090932310846580e-05
9.999999913450665634e-01 -8.404681741547667022e-05 1.012227275597715043e-04
9.999999815848773510e-01 -1.298082712875128547e-04 1.413510907073762981e-04
9.999999644393480214e-01 -1.891970195653701282e-04 1.879518823947401516e-04
9.999999361568576717e-01 -2.638799130123833199e-04 2.409436791016119402e-04
9.999998917380187313e-01 -3.555016842415759256e-04 3.002378635885577800e-04
9.999998246873875729e-01 -4.656830988207073070e-04 3.657387463079881740e-04
9.999997267460668526e-01 -5.960191386914191758e-04 4.373436946261398416e-04
9.999995876072206302e-01 -7.480772198328247821e-04 5.149432696776628160e-04
9.999993946166382264e-01 -9.233954460430712167e-04 5.984213706668234291e-04
9.999991324605890242e-01 -1.123480900653996964e-03 6.876553864222230113e-04
9.999987828433043457e-01 -1.349807977934368427e-03 7.825163540053619443e-04
9.999983241564993630e-01 -1.603816755876685774e-03 8.828691241673391641e-04
9.999977311434194993e-01 -1.886911412001561787e-03 9.885725334424688617e-04
9.999969745599460724e-01 -2.200458683752540019e-03 1.099479582662601321e-03
9.999960208353376734e-01 -2.545786374993280754e-03 1.215437621671439572e-03
9.999948317352103100e-01 -2.924181910058604519e-03 1.336288540014122540e-03
9.999933640293707793e-01 -3.336890936751242889e-03 1.461868963373774916e-03
9.999915691671182882e-01 -3.785115979617573612e-03 1.592010455523562703e-03
9.999893929626125777e-01 -4.270015144778310269e-03 1.726539725560025497e-03
9.999867752928778275e-01 -4.792700877534325152e-03 1.865278840181018019e-03
9.999836498109703209e-01 -5.354238773913614496e-03 2.008045440769463431e-03
9.999799436767811134e-01 -5.955646447273002693e-03 2.154652965042243989e-03
9.999755773078751186e-01 -6.597892451017630527e-03 2.304910873021892050e-03
9.999704641526871995e-01 -7.281895258452559735e-03 2.458624877087244379e-03
9.999645104883007063e-01 -8.008522300733995555e-03 2.615597175857835559e-03
9.999576152449278776e-01 -8.778589063842601181e-03 2.775626691665508509e-03
9.999496698590935040e-01 -9.592858245458040292e-03 2.938509311365420165e-03
9.999405581573939106e-01 -1.045203897257214812e-02 3.104038130237333441e-03
9.999301562725650960e-01 -1.135678608063774193e-02 3.272003698726713098e-03
9.999183325934440925e-01 -1.230769945501090055e-02 3.442194271773693377e-03
9.999049477502492955e-01 -1.330532343540624662e-02 3.614396060476385807e-03
9.998898546364399786e-01 -1.435014628404708385e-02 3.788393485833245304e-03
9.998728984682409004e-01 -1.544259971815489449e-02 3.963969434307259773e-03
9.998539168827368373e-01 -1.658305850738527043e-02 4.140905514952576520e-03
9.998327400752549110e-01 -1.777184013677951882e-02 4.318982317841784865e-03
9.998091909765616236e-01 -1.900920453576258190e-02 4.497979673529455338e-03
9.997830854702047798e-01 -2.029535387367799315e-02 4.677676913284671383e-03
9.997542326501300813e-01 -2.163043242230928281e-02 4.857853129822178699e-03
9.997224351185026725e-01 -2.301452648579365573e-02 5.038287438258449297e-03
9.996874893234575232e-01 -2.444766439828797988e-02 5.218759237015403729e-03
9.996491859363011434e-01 -2.592981658969839912e-02 5.399048468390801880e-03
9.996073102674820632e-01 -2.746089571973299795e-02 5.578935878510402589e-03
9.995616427204465637e-01 -2.904075688048152887e-02 5.758203276372965244e-03
9.995119592822954147e-01 -3.066919786766684336e-02 5.936633791695063861e-03
9.994580320499616422e-01 -3.234595952064917707e-02 6.114012131258504332e-03
9.993996297904375048e-01 -3.407072613119644516e-02 6.290124833459029459e-03
9.993365185333921152e-01 -3.584312592096103312e-02 6.464760520750913696e-03
9.992684621943397349e-01 -3.766273158752602573e-02 6.637710149678125587e-03
9.991952232263472400e-01 -3.952906091880128980e-02 6.808767258179021856e-03
9.991165632981025002e-01 -4.144157747546225318e-02 6.977728209848070226e-03
9.990322439960093170e-01 -4.339969134103141557e-02 7.144392434835011158e-03
9.989420275478292366e-01 -4.540275993910507235e-02 7.308562667059174608e-03
9.988456775652532205e-01 -4.745008891712477334e-02 7.470045177414480486e-03
9.987429598026619226e-01 -4.954093309598579103e-02 7.628650002639045073e-03
9.986336429292215211e-01 -5.167449748466260151e-02 7.784191169522333871e-03
9.985174993113613562e-01 -5.384993835891519615e-02 7.936486914122568848e-03
9.983943058025938067e-01 -5.606636440301963203e-02 8.085359895667637575e-03
9.982638445375637826e-01 -5.832283791334261225e-02 8.230637404814158606e-03
9.981259037271571488e-01 -6.061837606245291943e-02 8.372151565941690632e-03
9.979802784514545388e-01 -6.295195222233331001e-02 8.509739533162405389e-03
9.978267714472870420e-01 -6.532249734512511619e-02 8.643243679730868920e-03
9.976651938871397007e-01 -6.772890139970536016e-02 8.772511780544056670e-03
9.974953661461485321e-01 -7.017001486226291662e-02 8.897397187428266949e-03
9.973171185539569938e-01 -7.264465025890724792e-02 9.017758996917341063e-03
9.971302921282308995e-01 -7.515158375821089087e-02 9.133462210235497591e-03
9.969347392866793056e-01 -7.768955681145633951e-02 9.244377885208208620e-03
9.967303245344956153e-01 -8.025727783822969585e-02 9.350383279835835365e-03
9.965169251242108617e-01 -8.285342395487850509e-02 9.451361987277270491e-03
9.962944316850466109e-01 -8.547664274322999689e-02 9.547204062004526620e-03
9.960627488189645051e-01 -8.812555405685025545e-02 9.637806136904052828e-03
9.958217956607315902e-01 -9.079875186201372128e-02 9.723071531116570659e-03
9.955715063994564629e-01 -9.349480611044902467e-02 9.802910348424282230e-03
9.953118307592012659e-01 -9.621226464082965890e-02 9.877239566012415220e-03
9.950427344364329851e-01 -9.894965510588944746e-02 9.945983113451139362e-03
9.947641994922507003e-01 -1.017054869219621988e-01 1.000907194176386961e-02
9.944762246975067388e-01 -1.044782532376737905e-01 1.006644408246876871e-02
9.941788258291290870e-01 -1.072664329184538079e-01 1.011804469650177431e-02
9.938720359161531404e-01 -1.100684925434826378e-01 1.016382611295164884e-02
9.935559054341754903e-01 -1.128828884116500203e-01 1.020374785756023896e-02
9.932305024471541621e-01 -1.157080685530722380e-01 1.023777667096423608e-02
9.928959126956981018e-01 -1.185424747426974124e-01 1.026588651667819686e-02
9.925522396312068674e-01 -1.213845445125231737e-01 1.028805857884216787e-02
9.921996043954461886e-01 -1.242327131589572309e-01 1.030428124978099817e-02
9.918381457453677719e-01 -1.270854157418696562e-01 1.031455010744607333e-02
9.914680199232076552e-01 -1.299410890719163436e-01 1.031886788283370437e-02
9.910894004721187978e-01 -1.327981736827551773e-01 1.031724441749760392e-02
9.907024779978161888e-01 -1.356551157848309985e-01 1.030969661129571904e-02
9.903074598769292525e-01 -1.385103691974707840e-01 1.029624836053391786e-02
9.899045699129703779e-01 -1.413623972561072195e-01 1.027693048669069652e-02
9.894940479410347933e-01 -1.442096746915369487e-01 1.025178065592795631e-02
9.890761493825488415e-01 -1.470506894782171448e-01 1.022084328961290339e-02
9.886511447515766715e-01 -1.498839446487121307e-01 1.018416946609521957e-02
9.882193191143797684e-01 -1.527079600715181840e-01 1.014181681400165742e-02
9.877809715041003802e-01 -1.555212741896203066e-01 1.009384939732710894e-02
9.873364142926035480e-01 -1.583224457172671962e-01 1.004033759261686864e-02
9.868859725216676537e-01 -1.611100552925912865e-01 9.981357958549211956e-03
9.864299831958571740e-01 -1.638827070838458633e-01 9.916993098240487609e-03
9.859687945395400055e-01 -1.666390303471834422e-01 9.847331514606563058e-03
9.855027652206322930e-01 -1.693776809340548917e-01 9.772467459124764208e-03
9.850322635437570584e-01 -1.720973427464682071e-01 9.692500774349218154e-03
9.845576666155968493e-01 -1.747967291385077171e-01 9.607536730539852424e-03
9.840793594852973447e-01 -1.774745842626785919e-01 9.517685856771160649e-03
9.835977342628463571e-01 -1.801296843598052810e-01 9.423063766891209142e-03
9.831131892184008514e-01 -1.827608389913777664e-01 9.323790980704302692e-03
9.826261278655757936e-01 -1.853668922134027452e-01 9.219992740752157301e-03
9.821369580317304004e-01 -1.879467236909786731e-01 9.111798825068524732e-03
9.816460909182986860e-01 -1.904992497529729434e-01 8.999343356280900541e-03
9.811539401542103134e-01 -1.930234243863357679e-01 8.882764607430282747e-03
9.806609208454312165e-01 -1.955182401697365679e-01 8.762204804876097194e-03
9.801674486236261474e-01 -1.979827291463566175e-01 8.637809928648270894e-03
9.796739386969074426e-01 -2.004159636358130991e-01 8.509729510602200009e-03
9.791808049055809038e-01 -2.028170569853257055e-01 8.378116430725097638e-03
9.786884587857401785e-01 -2.051851642603665093e-01 8.243126711933876360e-03
9.781973086434867515e-01 -2.075194828751562859e-01 8.104919313695625391e-03
9.777077586424727240e-01 -2.098192531634856806e-01 7.963655924791696386e-03
9.772202079073702974e-01 -2.120837588904475601e-01 7.819500755535795447e-03
9.767350496457734010e-01 -2.143123277057659704e-01 7.672620329745105140e-03
9.762526702909294363e-01 -2.165043315394996615e-01 7.523183276751668584e-03
9.757734486675838648e-01 -2.186591869409806599e-01 7.371360123728966721e-03
9.752977551831009118e-01 -2.207763553619240815e-01 7.217323088596009316e-03
9.748259510458955335e-01 -2.228553433847119403e-01 7.061245873748388593e-03
9.743583875130812366e-01 -2.248957028969118255e-01 6.903303460852718357e-03
9.738954051691028901e-01 -2.268970312131424749e-01 6.743671906927782567e-03
9.734373332369833376e-01 -2.288589711454394604e-01 6.582528141922623643e-03
9.729844889236726191e-01 -2.307812110233094516e-01 6.420049767988810288e-03
9.725371768008417295e-01 -2.326634846646881138e-01 6.256414860631310214e-03
9.720956882223205087e-01 -2.345055712990359309e-01 6.091801771909793016e-03
9.716603007792296021e-01 -2.363072954438195927e-01 5.926388935849955138e-03
9.712312777937116559e-01 -2.380685267356318635e-01 5.760354676212537002e-03
9.708088678520211401e-01 -2.397891797172032879e-01 5.593877016756266217e-03
9.703933043775838652e-01 -2.414692135815529883e-01 5.427133494119974755e-03
9.699848052444972613e-01 -2.431086318745147024e-01 5.260300973438699311e-03
9.695835724317978244e-01 -2.447074821568582803e-01 5.093555466798693060e-03
9.691897917186830247e-01 -2.462658556272065702e-01 4.927071954627008400e-03
9.688036324207398575e-01 -2.477838867069234452e-01 4.761024210102667888e-03
9.684252471670974360e-01 -2.492617525881214435e-01 4.595584626668446082e-03
9.680547717182922396e-01 -2.506996727459069874e-01 4.430924048714964501e-03
9.676923248245093978e-01 -2.520979084159489236e-01 4.267211605502160485e-03
9.673380081237415995e-01 -2.534567620384214903e-01 4.104614548377212048e-03
9.669919060792924181e-01 -2.547765766693368406e-01 3.943298091342733319e-03
9.666540859559372700e-01 -2.560577353602467854e-01 3.783425255024428207e-03
9.663245978339521924e-01 -2.573006605072549746e-01 3.625156714083441721e-03
9.660034746601169342e-01 -2.585058131702449580e-01 3.468650648115345885e-03
9.656907323347062588e-01 -2.596736923631933203e-01 3.314062596075001421e-03
9.653863698333932097e-01 -2.608048343164005023e-01 3.161545314264457753e-03
9.650903693629057090e-01 -2.618998117114391122e-01 3.011248637919532092e-03
9.648026965491991458e-01 -2.629592328895860032e-01 2.863319346429718699e-03
9.645233006568393330e-01 -2.639837410344743063e-01 2.717901032225610199e-03
9.642521148382239282e-01 -2.649740133296735189e-01 2.575133973367975046e-03
9.639890564112125748e-01 -2.659307600918788816e-01 2.435155009873048171e-03
9.637340271636849476e-01 -2.668547238803697930e-01 2.298097423809362851e-03
9.634869136834997017e-01 -2.677466785833756968e-01 2.164090823202566901e-03
9.632475877122891328e-01 -2.686074284819713887e-01 2.033261029786063556e-03
9.630159065214913827e-01 -2.694378072921103096e-01 1.905729970636964353e-03
9.627917133089965995e-01 -2.702386771853932945e-01 1.781615573738674690e-03
9.625748376147628127e-01 -2.710109277891645796e-01 1.661031667513416816e-03
9.623650957537450701e-01 -2.717554751665218205e-01 1.544087884370083652e-03
9.621622912644729464e-01 -2.724732607768292625e-01 1.430889568314957019e-03
9.619662153716118658e-01 -2.731652504173243678e-01 1.321537686674968855e-03
9.617766474608473448e-01 -2.738324331464170869e-01 1.216128745985299272e-03
9.615933555644429198e-01 -2.744758201892908978e-01 1.114754712095142753e-03
9.614160968558396192e-01 -2.750964438264276724e-01 1.017502934547381312e-03
9.612446181516854926e-01 -2.756953562656963563e-01 9.244560752896614818e-04
9.610786564197136839e-01 -2.762736284986646584e-01 8.356920417759321814e-04
9.609179392909193984e-01 -2.768323491418154259e-01 7.512839245188177809e-04
9.607621855745234196e-01 -2.773726232633751954e-01 6.712999391542661667e-04
9.606111057742553472e-01 -2.778955711964896658e-01 5.958033730806793068e-04
9.604644026045352501e-01 -2.784023273395109244e-01 5.248525367351671847e-04
9.603217715051849401e-01 -2.788940389441930678e-01 4.585007195696759030e-04
9.601829011533578040e-01 -2.793718648926266090e-01 3.967961507894602778e-04
9.600474739714344175e-01 -2.798369744637768108e-01 3.397819649157208838e-04
9.599151666296967811e-01 -2.802905460905278368e-01 2.874961722331672762e-04
9.597856505426600737e-01 -2.807337661081713565e-01 2.399716341817947083e-04
9.596585923580113198e-01 -2.811678274953164913e-01 1.972360437502799493e-04
9.595336544371781962e-01 -2.815939286082359549e-01 1.593119109260668429e-04
9.594104953266254787e-01 -2.820132719097021012e-01 1.262165532544736325e-04
9.592887702190547872e-01 -2.824270626934041184e-01 9.796209155596161881e-05
9.591681314037628914e-01 -2.828365078050761316e-01 7.455545084709958286e-05
9.590482287054931110e-01 -2.832428143615028371e-01 5.599836650671857123e-05
9.589287099111973856e-01 -2.836471884686050382e-01 4.228739572430338639e-05
9.588092211842085266e-01 -2.840508339398433724e-01 3.341393426281510102e-05
9.586894074654040976e-01 -2.844549510162111550e-01 2.936423856288801655e-05
9.585689128610264120e-01 -2.848607350891197987e-01 3.011945320972596757e-05
9.584473810169059638e-01 -2.852693754275100191e-01 3.565564377803549556e-05
9.583244554789144276e-01 -2.856820539105498491e-01 4.594383506401608831e-05
9.581997800395568587e-01 -2.860999437673069079e-01 6.095005470677961767e-05
9.580729990706876587e-01 -2.865242083248042415e-01 8.063538219462806737e-05
9.579437578424145894e-01 -2.869559997658913675e-01 1.049560032444091657e-04
9.578117028283268386e-01 -2.873964578983786988e-01 1.338632695346915111e-04
9.576764819972566345e-01 -2.878467089368991205e-01 1.673037637658155330e-04
9.575377450918517441e-01 -2.883078642989724827e-01 2.052193700119783607e-04
9.573951438943018033e-01 -2.887810194167576561e-01 2.475473493224503944e-04
9.572483324796232651e-01 -2.892672525659824578e-01 2.942204205208012171e-04
9.570969674569665964e-01 -2.897676237135439203e-01 3.451668461426871072e-04
9.569407081994615316e-01 -2.902831733852713758e-01 4.003105234443266416e-04
9.567792170631672644e-01 -2.908149215553398892e-01 4.595710804053005087e-04
9.566121595957388646e-01 -2.913638665588137444e-01 5.228639766407867278e-04
9.564392047354608462e-01 -2.919309840287899749e-01 5.901006091298008306e-04
9.562600250013344461e-01 -2.925172258595957198e-01 6.611884226574902233e-04
9.560742966749344873e-01 -2.931235191974773113e-01 7.360310248610406900e-04
9.558816999747767884e-01 -2.937507654601957952e-01 8.145283057603360140e-04
9.556819192239559557e-01 -2.943998393869209917e-01 8.965765616461842617e-04
9.554746430118270517e-01 -2.950715881197866208e-01 9.820686231906937142e-04
9.552595643505124023e-01 -2.957668303184391445e-01 1.070893987636310904e-03
9.550363808270184718e-01 -2.964863553088780135e-01 1.162938954912093054e-03
9.548047947517436240e-01 -2.972309222678471419e-01 1.258086767518050040e-03
9.545645133041497088e-01 -2.980012594439976348e-01 1.356217754010829307e-03
9.543152486763558651e-01 -2.987980634169976057e-01 1.457209475916695050e-03
9.540567182153947279e-01 -2.996219983957179589e-01 1.560936877890645559e-03
9.537886445648461331e-01 -3.004736955565745493e-01 1.667272440933685856e-03
9.535107558065334388e-01 -3.013537524230536779e-01 1.776086338473685565e-03
9.532227856029346080e-01 -3.022627322873938649e-01 1.887246595108990708e-03
9.529244733409195645e-01 -3.032011636753385031e-01 2.000619247807965042e-03
9.526155642773835863e-01 -3.041695398548147078e-01 2.116068509351990735e-03
9.522958096872975453e-01 -3.051683183893305062e-01 2.233456933804132960e-03
9.519649670146458353e-01 -3.061979207368180078e-01 2.352645583780701728e-03
9.516228000266662157e-01 -3.072587318945834145e-01 2.473494199298328401e-03
9.512690789717501705e-01 -3.083511000909552324e-01 2.595861367964949831e-03
9.509035807412988817e-01 -3.094753365241516008e-01 2.719604696279237423e-03
9.505260890357687398e-01 -3.106317151488138806e-01 2.844580981799575432e-03
9.501363945350733697e-01 -3.118204725105800934e-01 2.970646385940647026e-03
9.497342950734432021e-01 -3.130418076289949170e-01 3.097656607153101080e-03
9.493195958187743422e-01 -3.142958819289752292e-01 3.225467054239586871e-03
9.488921094564297665e-01 -3.155828192209712557e-01 3.353933019558729550e-03
9.484516563773864872e-01 -3.169027057298833272e-01 3.482909851867365021e-03
9.479980648705521595e-01 -3.182555901727129322e-01 3.612253128550540603e-03
9.475311713190054386e-01 -3.196414838848436468e-01 3.741818826988490328e-03
9.470508203998465602e-01 -3.210603609947663695e-01 3.871463494809957665e-03
9.465568652872772271e-01 -3.225121586469778534e-01 4.001044418781896789e-03
9.460491678584630471e-01 -3.239967772726988215e-01 4.130419792086775267e-03
9.455275989016701521e-01 -3.255140809079732911e-01 4.259448879740358566e-03
9.449920383261042334e-01 -3.270638975586269148e-01 4.387992181905072883e-03
9.444423753728244941e-01 -3.286460196114774912e-01 4.515911594856755924e-03
9.438785088260501777e-01 -3.302602042911079172e-01 4.643070569365841810e-03
9.433003472241244802e-01 -3.319061741614277583e-01 4.769334266257821420e-03
9.427078090693560286e-01 -3.335836176711685641e-01 4.894569708922104703e-03
9.421008230359122493e-01 -3.352921897423753461e-01 5.018645932543254820e-03
9.414793281749038734e-01 -3.370315124008776420e-01 5.141434129833929480e-03
9.408432741157621848e-01 -3.388011754476442094e-01 5.262807793054751632e-03
9.401926212629854174e-01 -3.406007371698488995e-01 5.382642852112746665e-03
9.395273409873046155e-01 -3.424297250904003165e-01 5.500817808536899618e-03
9.388474158103014000e-01 -3.442876367546139349e-01 5.617213865136829604e-03
9.381528395814979771e-01 -3.461739405526370050e-01 5.731715051158497651e-03
9.374436176469312931e-01 -3.480880765761665274e-01 5.844208342759266324e-03
9.367197670082219041e-01 -3.500294575079371251e-01 5.954583778633522513e-03
9.359813164711519029e-01 -3.519974695423938038e-01 6.062734570629374660e-03
9.352283067827743546e-01 -3.539914733359051935e-01 6.168557209206715179e-03
9.344607907560947835e-01 -3.560108049848196288e-01 6.271951563597082634e-03
9.336788333813812457e-01 -3.580547770296138022e-01 6.372820976536316614e-03
9.328825119231894947e-01 -3.601226794833378708e-01 6.471072353451908822e-03
9.320719160022176153e-01 -3.622137808825181549e-01 6.566616245998174034e-03
9.312471476611430266e-01 -3.643273293586390960e-01 6.659366929843915303e-03
9.304083214136343871e-01 -3.664625537282938383e-01 6.749242476629059920e-03
9.295555642757764581e-01 -3.686186646000626510e-01 6.836164820018771245e-03
9.286890157791976019e-01 -3.707948554961550403e-01 6.920059815795779126e-03
9.278088279652418890e-01 -3.729903039868314174e-01 7.000857295944071419e-03
9.269151653595869567e-01 -3.752041728356070860e-01 7.078491116689583466e-03
9.260082049267708282e-01 -3.774356111532317093e-01 7.152899200476145122e-03
9.250881360041535162e-01 -3.796837555584341439e-01 7.224023571867540724e-03
9.241551602149093991e-01 -3.819477313434243015e-01 7.291810387379203499e-03
9.232094913597137520e-01 -3.842266536421505840e-01 7.356209959255620087e-03
9.222513552868614184e-01 -3.865196285993234282e-01 7.417176773222029958e-03
9.212809897406264437e-01 -3.888257545382342584e-01 7.474669500251368733e-03
9.202986441877488710e-01 -3.911441231254202400e-01 7.528651002399574382e-03
9.193045796220092880e-01 -3.934738205302546477e-01 7.579088332774375214e-03
9.182990683469285376e-01 -3.958139285775753580e-01 7.625952729714354991e-03
9.172823937367053926e-01 -3.981635258915010578e-01 7.669219605266531896e-03
9.162548499755831521e-01 -4.005216890286291131e-01 7.708868528061735628e-03
9.152167417759082824e-01 -4.028874935988543404e-01 7.744883200697773654e-03
9.141683840752213852e-01 -4.052600153721019338e-01 7.777251431750652373e-03
9.131101017127913888e-01 -4.076383313693214272e-01 7.805965102543937530e-03
9.120422290860760173e-01 -4.100215209361504631e-01 7.831020128815703932e-03
9.109651097876597658e-01 -4.124086667977194254e-01 7.852416417431324833e-03
9.098790962232871093e-01 -4.147988560931357704e-01 7.870157818298691849e-03
9.087845492116717327e-01 -4.171911813882566711e-01 7.884252071650122914e-03
9.076818375668246341e-01 -4.195847416654324702e-01 7.894710750862409671e-03
9.065713376636985732e-01 -4.219786432889778838e-01 7.901549200992955685e-03
9.054534329880030707e-01 -4.243720009452071618e-01 7.904786473215859310e-03
9.043285136710911276e-01 -4.267639385559484078e-01 7.904445255347090221e-03
9.031969760108673473e-01 -4.291535901645341378e-01 7.900551798652497015e-03
9.020592219797078926e-01 -4.315401007933477029e-01 7.893135841136378339e-03
9.009156587204203426e-01 -4.339226272720891897e-01 7.882230527511633819e-03
8.997666980313060447e-01 -4.363003390360081779e-01 7.867872326055168689e-03
8.986127558414153116e-01 -4.386724188934360003e-01 7.850100942554210509e-03
8.974542516771119027e-01 -4.410380637620340827e-01 7.828959231550544282e-03
8.962916081210827723e-01 -4.433964853732591527e-01 7.804493105090356576e-03
8.951252502649440501e-01 -4.457469109446303146e-01 7.776751439187436568e-03
8.939556051566077688e-01 -4.480885838194639259e-01 7.745785978206944089e-03
8.927831012435787361e-01 -4.504207640738251972e-01 7.711651237375786484e-03
8.916081678133542798e-01 -4.527427290905235435e-01 7.674404403623907855e-03
8.904312344320990391e-01 -4.550537741000574843e-01 7.634105234958499242e-03
8.892527303827596485e-01 -4.573532126884899962e-01 7.590815958570308088e-03
8.880730841037763890e-01 -4.596403772723089420e-01 7.544601167867870384e-03
8.868927226295331145e-01 -4.619146195403981969e-01 7.495527718631675093e-03
8.857120710336723324e-01 -4.641753108633125402e-01 7.443664624475972678e-03
8.845315518763795515e-01 -4.664218426701156051e-01 7.389082951801254073e-03
8.833515846567181473e-01 -4.686536267931011301e-01 7.331855714415312468e-03
8.821725852710678994e-01 -4.708700957807781529e-01 7.272057767995357587e-03
8.809949654786927153e-01 -4.730707031795546302e-01 7.209765704557863364e-03
8.798191323754263049e-01 -4.752549237846077079e-01 7.145057747096758387e-03
8.786454878764345944e-01 -4.774222538604765975e-01 7.078013644544241083e-03
8.774744282089707026e-01 -4.795722113319589308e-01 7.008714567201937418e-03
8.763063434160042187e-01 -4.817043359459337593e-01 6.937243002783382954e-03
8.751416168715603350e-01 -4.838181894047706710e-01 6.863682653201906049e-03
8.739806248085657536e-01 -4.859133554720201920e-01 6.788118332230959860e-03
8.728237358599504336e-01 -4.879894400511095576e-01 6.710635864156854098e-03
8.716713106137120581e-01 -4.900460712377957551e-01 6.631321983536641804e-03
8.705237011826014726e-01 -4.920828993471502155e-01 6.550264236166744233e-03
8.693812507890411601e-01 -4.940995969158696322e-01 6.467550881360686552e-03
8.682442933658420792e-01 -4.960958586807232007e-01 6.383270795627156088e-03
8.671131531732348963e-01 -4.980714015339599565e-01 6.297513377832499037e-03
8.659881444326851252e-01 -5.000259644565085981e-01 6.210368455924751910e-03
8.648695709779125051e-01 -5.019593084298092922e-01 6.121926195289395523e-03
8.637577259234887617e-01 -5.038712163271196198e-01 6.032277008800245206e-03
8.626528913513393793e-01 -5.057614927851383779e-01 5.941511468622285956e-03
8.615553380154290508e-01 -5.076299640567869531e-01 5.849720219816803742e-03
8.604653250648647278e-01 -5.094764778459843768e-01 5.756993895792924393e-03
8.593830997856036769e-01 -5.113009031252438996e-01 5.663423035643636375e-03
8.583088973609122041e-01 -5.131031299369098742e-01 5.569098003398546826e-03
8.572429406506754113e-01 -5.148830691788406355e-01 5.474108909220063920e-03
8.561854399896168255e-01 -5.166406523753304114e-01 5.378545532564349592e-03
8.551365930044474428e-01 -5.183758314340461970e-01 5.282497247323350749e-03
8.540965844499228687e-01 -5.200885783897395420e-01 5.186052948959380716e-03
8.530655860637501586e-01 -5.217788851354724367e-01 5.089300983639230558e-03
8.520437564402486563e-01 -5.234467631420774980e-01 4.992329079370519049e-03
8.510312409226358232e-01 -5.250922431665508983e-01 4.895224279139043580e-03
8.500281715137740779e-01 -5.267153749500537163e-01 4.798072876042204504e-03
8.490346668051834689e-01 -5.283162269061735250e-01 4.700960350410176257e-03
8.480508319240954718e-01 -5.298948858000752660e-01 4.603971308903399492e-03
8.470767584982940024e-01 -5.314514564191441526e-01 4.507189425572127872e-03
8.461125246384627596e-01 -5.329860612357000260e-01 4.410697384861223501e-03
8.451581949377343639e-01 -5.344988400623358338e-01 4.314576826541099107e-03
8.442138204881106667e-01 -5.359899497004080304e-01 4.218908292543719664e-03
8.432794389134045110e-01 -5.374595635821811657e-01 4.123771175680813680e-03
8.423550744183306849e-01 -5.389078714071042775e-01 4.029243670219963790e-03
8.414407378533563797e-01 -5.403350787726697302e-01 3.935402724292997277e-03
8.405364267949044788e-01 -5.417414068002831540e-01 3.842323994110086703e-03
8.396421256404869027e-01 -5.431270917565458323e-01 3.750081799952202297e-03
8.387578057183309177e-01 -5.444923846703300097e-01 3.658749083913996614e-03
8.378834254110502089e-01 -5.458375509460019481e-01 3.568397369368837228e-03
8.370189302928999764e-01 -5.471628699731271306e-01 3.479096722127562272e-03
8.361642532801463190e-01 -5.484686347329693623e-01 3.390915713262555777e-03
8.353193147940711771e-01 -5.497551514020752039e-01 3.303921383568936190e-03
8.344840229361289996e-01 -5.510227389532152964e-01 3.218179209635017076e-03
8.336582736747621958e-01 -5.522717287539348208e-01 3.133753071494713768e-03
8.328419510433814343e-01 -5.535024641629489039e-01 3.050705221835205930e-03
8.320349273490110775e-01 -5.547153001246002413e-01 2.969096256733941026e-03
8.312370633910985962e-01 -5.559106027615822176e-01 2.888985087899940529e-03
8.304482086899862558e-01 -5.570887489661154879e-01 2.810428916395356965e-03
8.296682017245413654e-01 -5.582501259897520995e-01 2.733483207814278899e-03
8.288968701784449333e-01 -5.593951310319705827e-01 2.658201668896935897e-03
8.281340311946374655e-01 -5.605241708277133306e-01 2.584636225558645077e-03
8.273794916374254127e-01 -5.616376612340070462e-01 2.512837002314091163e-03
8.266330483617545521e-01 -5.627360268158007051e-01 2.442852303078821286e-03
8.258944884891600280e-01 -5.638197004311452654e-01 2.374728593331154602e-03
8.251635896899092160e-01 -5.648891228158349209e-01 2.308510483619026932e-03
8.244401204708587949e-01 -5.659447421676229162e-01 2.244240714397633708e-03
8.237238404685525150e-01 -5.669870137301228352e-01 2.181960142185065087e-03
8.230145007470957008e-01 -5.680163993765002806e-01 2.121707727024435899e-03
8.223118441003475221e-01 -5.690333671930615234e-01 2.063520521242315046e-03
8.216156053579816154e-01 -5.700383910628403772e-01 2.007433659494500550e-03
8.209255116949742970e-01 -5.710319502492890997e-01 1.953480350091422492e-03
8.202412829440877129e-01 -5.720145289801757960e-01 1.901691867596602041e-03
8.195626319109258207e-01 -5.729866160317955703e-01 1.852097546692715001e-03
8.188892646911504203e-01 -5.739487043136037858e-01 1.804724777310849756e-03
8.182208809894543355e-01 -5.749012904533837842e-01 1.759599001019517949e-03
8.175571744399002805e-01 -5.758448743830653083e-01 1.716743708670876714e-03
8.168978329272443828e-01 -5.767799589253147508e-01 1.676180439302425804e-03
8.162425389088739935e-01 -5.777070493810233520e-01 1.637928780293178245e-03
8.155909697370017364e-01 -5.786266531178270167e-01 1.602006368773929148e-03
8.149427979807672973e-01 -5.795392791597957505e-01 1.568428894291780569e-03
8.142976917479133325e-01 -5.804454377784391550e-01 1.537210102729528885e-03
8.136553150057100892e-01 -5.813456400851820804e-01 1.508361801480845397e-03
8.130153279008176526e-01 -5.822403976254703073e-01 1.481893865882415000e-03
8.123773870777860617e-01 -5.831302219746767879e-01 1.457814246904324661e-03
8.117411459959048559e-01 -5.840156243359847510e-01 1.436128980100007937e-03
8.111062552441269391e-01 -5.848971151404340763e-01 1.416842195816956805e-03
8.104723628538023084e-01 -5.857752036493241166e-01 1.399956130669219312e-03
8.098391146089699566e-01 -5.866503975591765840e-01 1.385471140272383651e-03
8.092061543539683655e-01 -5.875232026094683313e-01 1.373385713241341609e-03
8.085731242981359923e-01 -5.883941221933544075e-01 1.363696486450594395e-03
8.079396653173861464e-01 -5.892636569716079853e-01 1.356398261556242572e-03
8.073054172524503080e-01 -5.901323044900128600e-01 1.351484022778061140e-03
8.066700192035979322e-01 -5.910005588004518806e-01 1.348944955939243703e-03
8.060331098216497736e-01 -5.918689100859417795e-01 1.348770468760458405e-03
8.053943275951136460e-01 -5.927378442898719735e-01 1.350948212403842380e-03
8.047533111332833000e-01 -5.936078427497115673e-01 1.355464104261446066e-03
8.041096994451499835e-01 -5.944793818354552339e-01 1.362302351981443038e-03
8.034631322139875742e-01 -5.953529325930844163e-01 1.371445478724133684e-03
8.028132500674824978e-01 -5.962289603933240700e-01 1.382874349638412706e-03
8.021596948432879737e-01 -5.971079245859823859e-01 1.396568199547946251e-03
8.015021098498941177e-01 -5.979902781601624806e-01 1.412504661834793757e-03
8.008401401227109861e-01 -5.988764674106388242e-01 1.430659798506658288e-03
8.001734326752741877e-01 -5.997669316106954973e-01 1.451008131432331974e-03
7.995016367454877981e-01 -6.006621026917223771e-01 1.473522674728228914e-03
7.988244040368294163e-01 -6.015624049298694542e-01 1.498174968277196824e-03
7.981413889544494156e-01 -6.024682546400575989e-01 1.524935112359044860e-03
7.974522488361031058e-01 -6.033800598776450919e-01 1.553771803370445270e-03
7.967566441778616282e-01 -6.042982201480470161e-01 1.584652370610068655e-03
7.960542388545540637e-01 -6.052231261246040495e-01 1.617542814102985570e-03
7.953447003349000122e-01 -6.061551593749924249e-01 1.652407843436529220e-03
7.946276998912947809e-01 -6.070946920964648275e-01 1.689210917577990603e-03
7.939029128042188743e-01 -6.080420868602065543e-01 1.727914285642669122e-03
7.931700185612436949e-01 -6.089976963650862718e-01 1.768479028578979562e-03
7.924287010506132489e-01 -6.099618632010745944e-01 1.810865101735507866e-03
7.916786487493839841e-01 -6.109349196225958289e-01 1.855031378273119032e-03
7.909195549061087682e-01 -6.119171873320718991e-01 1.900935693383459888e-03
7.901511177180544632e-01 -6.129089772739073627e-01 1.948534889273483657e-03
7.893730405029446562e-01 -6.139105894391557738e-01 1.997784860873935350e-03
7.885850318652233293e-01 -6.149223126810964279e-01 2.048640602228108971e-03
7.877868058568343601e-01 -6.159444245419414266e-01 2.101056253515616069e-03
7.869780821325170761e-01 -6.169771910908785628e-01 2.154985148664378871e-03
7.861585860996167519e-01 -6.180208667736448724e-01 2.210379863502624168e-03
7.853280490624106047e-01 -6.190756942738128155e-01 2.267192264401272483e-03
7.844862083609522863e-01 -6.201419043859542901e-01 2.325373557355814649e-03
7.836328075044363128e-01 -6.212197159008376879e-01 2.384874337455565162e-03
7.827675962990851000e-01 -6.223093355027932150e-01 2.445644638687038009e-03
7.818903309705614868e-01 -6.234109576793701590e-01 2.507633984017173297e-03
7.810007742809099707e-01 -6.245247646433907951e-01 2.570791435701188458e-03
7.800986956400272065e-01 -6.256509262674901928e-01 2.635065645759004233e-03
7.791838712116657684e-01 -6.267896000312138671e-01 2.700404906563454079e-03
7.782560840139702840e-01 -6.279409309807272299e-01 2.766757201482868481e-03
7.773151240145479424e-01 -6.291050517011738119e-01 2.834070255520105240e-03
7.763607882200724841e-01 -6.302820823016997975e-01 2.902291585889702191e-03
7.753928807604202333e-01 -6.314721304131446500e-01 2.971368552474544684e-03
7.744112129673369482e-01 -6.326752911983798411e-01 3.041248408103273265e-03
7.734156034476320496e-01 -6.338916473752561620e-01 3.111878348589607046e-03
7.724058781508968963e-01 -6.351212692521043257e-01 3.183205562474845495e-03
7.713818704317423336e-01 -6.363642147757124778e-01 3.255177280414993900e-03
7.703434211065511850e-01 -6.376205295916855809e-01 3.327740824154283919e-03
7.692903785047386922e-01 -6.388902471170732067e-01 3.400843655027300377e-03
7.682225985145164637e-01 -6.401733886251329553e-01 3.474433421932487075e-03
7.671399446231517150e-01 -6.414699633420780644e-01 3.548458008720490903e-03
7.660422879517165828e-01 -6.427799685556386811e-01 3.622865580941600668e-03
7.649295072843204091e-01 -6.441033897352494986e-01 3.697604631897470715e-03
7.638014890918187749e-01 -6.454402006636565936e-01 3.772624027943343849e-03
7.626581275499937362e-01 -6.467903635797191964e-01 3.847873052988155448e-03
7.614993245522002629e-01 -6.481538293321661426e-01 3.923301452141159280e-03
7.603249897164748861e-01 -6.495305375440482143e-01 3.998859474455087638e-03
7.591350403871039987e-01 -6.509204167876114777e-01 4.074497914717346847e-03
7.579294016306505899e-01 -6.523233847693017395e-01 4.150168154242318656e-03
7.567080062264405216e-01 -6.537393485245951430e-01 4.225822200619538949e-03
7.554707946515107908e-01 -6.551682046223329392e-01 4.301412726374271613e-03
7.542177150600258839e-01 -6.566098393782283660e-01 4.376893106498887590e-03
7.529487232571697719e-01 -6.580641290771956919e-01 4.452217454815382905e-03
7.516637826675252043e-01 -6.595309402041438229e-01 4.527340659131420808e-03
7.503628642979552898e-01 -6.610101296828599926e-01 4.602218415154362210e-03
7.490476011187310323e-01 -6.624997105136051223e-01 4.671713151635280802e-03
7.477188590867878126e-01 -6.639985540661079710e-01 4.735825279559250679e-03
7.463775110766223131e-01 -6.655055395981251953e-01 4.794559531456881428e-03
7.450244362501717843e-01 -6.670195552553881413e-01 4.847924873415649684e-03
7.436605194162891896e-01 -6.685394990327270248e-01 4.895934413042727848e-03
7.422866503808546179e-01 -6.700642796954672242e-01 4.938605303676292003e-03
7.409037232885932189e-01 -6.715928176603198629e-01 4.975958645144429142e-03
7.395126359577023356e-01 -6.731240458351177569e-01 5.008019381371886167e-03
7.381142892084098239e-01 -6.746569104168732567e-01 5.034816195135061873e-03
7.367095861866075346e-01 -6.761903716477588588e-01 5.056381400264840786e-03
7.352994316837124789e-01 -6.777234045287355846e-01 5.072750831595150382e-03
7.338847314539194144e-01 -6.792549994906724731e-01 5.083963732952517627e-03
7.324663915300074768e-01 -6.807841630229194418e-01 5.090062643478404474e-03
7.310453175388625935e-01 -6.823099182594083434e-01 5.091093282571827576e-03
7.296224140178687589e-01 -6.838313055224688464e-01 5.087104433734684732e-03
7.281985837333089240e-01 -6.853473828246521293e-01 5.078147827596386256e-03
7.267747270018996009e-01 -6.868572263289565161e-01 5.064278024387877317e-03
7.253517410165608581e-01 -6.883599307679489909e-01 5.045552296127985004e-03
7.239305191774992876e-01 -6.898546098223691247e-01 5.022030508777243669e-03
7.225119504296516615e-01 -6.913403964598905382e-01 4.993775004606043622e-03
7.210969186075040227e-01 -6.928164432347975188e-01 4.960850485015123705e-03
7.196863017882659808e-01 -6.942819225494154534e-01 4.923323894037159691e-03
7.182809716543391287e-01 -6.957360268782034618e-01 4.881264302738505013e-03
7.168817928659796390e-01 -6.971779689554877812e-01 4.834742794730136246e-03
7.154896224450087994e-01 -6.986069819278759585e-01 4.783832352986494216e-03
7.141053091703800648e-01 -7.000223194724479736e-01 4.728607748160346298e-03
7.127296929863636832e-01 -7.014232558818739305e-01 4.669145428570995945e-03
7.113636044240604361e-01 -7.028090861176508053e-01 4.605523412032209822e-03
7.100078640369059668e-01 -7.041791258326952629e-01 4.537821179675182760e-03
7.086632818507752063e-01 -7.055327113645605275e-01 4.466119571910731612e-03
7.073306568292455632e-01 -7.068691997005797090e-01 4.390500686663745267e-03
7.060107763545245829e-01 -7.081879684162591948e-01 4.311047780001806343e-03
7.047044157244961582e-01 -7.094884155882681398e-01 4.227845169268794334e-03
7.034123376662870797e-01 -7.107699596833843003e-01 4.140978138823326118e-03
7.021352918667045362e-01 -7.120320394247667828e-01 4.050532848471001708e-03
7.008740145198442129e-01 -7.132741136369322721e-01 3.956596244668756333e-03
6.996292278921177887e-01 -7.144956610708136369e-01 3.859255974569089295e-03
6.984016399049021162e-01 -7.156961802102754788e-01 3.758600302961671337e-03
6.971919437349616278e-01 -7.168751890614568634e-01 3.654718032159786495e-03
6.960008174327527719e-01 -7.180322249262984791e-01 3.547698424869275349e-03
6.948289235586713186e-01 -7.191668441616009266e-01 3.437631130068184541e-03
6.936769088372631842e-01 -7.202786219249404098e-01 3.324606111916119516e-03
6.925454038293776815e-01 -7.213671519087497819e-01 3.208713581703459029e-03
6.914350226222023554e-01 -7.224320460638494756e-01 3.090043932842052952e-03
6.903463625370821477e-01 -7.234729343136864221e-01 2.968687678890856527e-03
6.892800038549913300e-01 -7.244894642605109736e-01 2.844735394602132365e-03
6.882365095594925597e-01 -7.254813008846914268e-01 2.718277659966396483e-03
6.872164250969889920e-01 -7.264481262383336579e-01 2.589405007227194456e-03
6.862202781540447383e-01 -7.273896391343369627e-01 2.458207870830093813e-03
6.852485784515249811e-01 -7.283055548319841144e-01 2.324776540263920159e-03
6.843001711681381272e-01 -7.291971357484472449e-01 2.193857258127981675e-03
6.833746532622398950e-01 -7.300649402725524206e-01 2.065506467262825593e-03
6.824716065660092479e-01 -7.309095317087638266e-01 1.939778649016961776e-03
6.815905982826278020e-01 -7.317314779959973592e-01 1.816726336500795605e-03
6.807311814832984753e-01 -7.325313514344558019e-01 1.696400127454669249e-03
6.798928956037219029e-01 -7.333097284198626387e-01 1.578848696702619958e-03
6.790752669396724617e-01 -7.340671891844746666e-01 1.464118808168924724e-03
6.782778091413353971e-01 -7.348043175442648955e-01 1.352255326439792205e-03
6.775000237060867514e-01 -7.355217006516741041e-01 1.243301227857670490e-03
6.767414004694171092e-01 -7.362199287533424119e-01 1.137297611140566543e-03
6.760014180937162775e-01 -7.368995949522446631e-01 1.034283707523508738e-03
6.752795445546545539e-01 -7.375612949736675139e-01 9.342968904238364847e-04
6.745752376249095628e-01 -7.382056269344816624e-01 8.373726846363487714e-04
6.738879453550046250e-01 -7.388331911151801989e-01 7.435447750685050990e-04
6.732171065510358376e-01 -7.394445897341714868e-01 6.528450150298380390e-04
6.725621512490798093e-01 -7.400404267238340772e-01 5.653034340934876825e-04
6.719225011860847641e-01 -7.406213075078621477e-01 4.809482455513363480e-04
6.712975702670592737e-01 -7.411878387794500478e-01 3.998058534875861998e-04
6.706867650283832027e-01 -7.417406282798876260e-01 3.219008594987672069e-04
6.700894850970742223e-01 -7.422802845771589997e-01 2.472560690911255674e-04
6.695051236458544608e-01 -7.428074168441636260e-01 1.758924977891002800e-04
6.689330678438666355e-01 -7.433226346361997416e-01 1.078293769911261966e-04
6.683726993029008856e-01 -7.438265476673774357e-01 4.308415961136929711e-05
6.678233945189968601e-01 -7.443197655856516048e-01 -1.832747445187647077e-05
6.672845253092950513e-01 -7.448028977461933486e-01 -7.639161297844844381e-05
6.667554592440168015e-01 -7.452765529828410118e-01 -1.310961061748136037e-04
6.662355600734570782e-01 -7.457413393774022792e-01 -1.824305614628480838e-04
6.657241881498821012e-01 -7.461978640266018203e-01 -2.303863382616080815e-04
6.652207008442261316e-01 -7.466467328064979592e-01 -2.749565427136455367e-04
6.647244529574899419e-01 -7.470885501342184876e-01 -3.161360223064982929e-04
6.642347971267441586e-01 -7.475239187268913899e-01 -3.539213603392158108e-04
6.637510842256491017e-01 -7.479534393576751095e-01 -3.883108701832400813e-04
6.632726637594039687e-01 -7.483777106088184139e-01 -4.193045892865930016e-04
6.627988842540435410e-01 -7.487973286217071145e-01 -4.469042728701378645e-04
6.623290936400048068e-01 -7.492128868438823197e-01 -4.711133872647077698e-04
6.618626396298888936e-01 -7.496249757730394370e-01 -4.919371028380795400e-04
6.613988700903472573e-01 -7.500341826980454485e-01 -5.093822864611496784e-04
6.609371334080262894e-01 -7.504410914370360786e-01 -5.234574934632227165e-04
6.604767788495066183e-01 -7.508462820726798936e-01 -5.341729590270531593e-04
6.600171569151769280e-01 -7.512503306847221340e-01 -5.415405889751787093e-04
6.595576196869864516e-01 -7.516538090799446126e-01 -5.455739499001469733e-04
6.590975211700240699e-01 -7.520572845197019962e-01 -5.462882585924679936e-04
6.586362176278738323e-01 -7.524613194452173248e-01 -5.437003707215165701e-04
6.581730679117021587e-01 -7.528664712008430460e-01 -5.378287687261290454e-04
6.577074337830338679e-01 -7.532732917555149399e-01 -5.286935488733556215e-04
6.572386802301792841e-01 -7.536823274226470692e-01 -5.163164074456342602e-04
6.567661757782767840e-01 -7.540941185787356504e-01 -5.007206260186369568e-04
6.562892927929189213e-01 -7.545091993809601716e-01 -4.819310557941268100e-04
6.558074077773351496e-01 -7.549280974840867353e-01 -4.599741009544022654e-04
6.553199016631058305e-01 -7.553513337569973674e-01 -4.348777010072381148e-04
6.548261600943859895e-01 -7.557794219991833540e-01 -4.066713120926953250e-04
6.543255737056226096e-01 -7.562128686575585457e-01 -3.753858872257300025e-04
6.538175383927496975e-01 -7.566521725439597779e-01 -3.410538554511959529e-04
6.533014555778514643e-01 -7.570978245537169915e-01 -3.037090998905800083e-04
6.527767324672850702e-01 -7.575503073856857394e-01 -2.633869346626512052e-04
6.522427823032597161e-01 -7.580100952641461998e-01 -2.201240806631074955e-04
6.516990246088690819e-01 -7.584776536629830312e-01 -1.739586401912776386e-04
6.511448854265813324e-01 -7.589534390325659574e-01 -1.249300704149859469e-04
6.505797975501889097e-01 -7.594378985297615126e-01 -7.307915566775194599e-05
6.500032007502279940e-01 -7.599314697515091588e-01 -1.844797857564584411e-05
6.494145419928757379e-01 -7.604345804724004232e-01 3.892010998573423820e-05
6.488132756523398159e-01 -7.609476483867029240e-01 9.898052210050253840e-05
6.481988637167541700e-01 -7.614710808552730414e-01 1.616874651810859922e-04
6.475707759875987124e-01 -7.620052746578005465e-01 2.269939754861141266e-04
6.469284902726621933e-01 -7.625506157508283867e-01 2.948519527743295385e-04
6.462714925725695503e-01 -7.631074790319883894e-01 3.652121960780485045e-04
6.455992772608960539e-01 -7.636762281108899764e-01 4.380244405765340424e-04
6.449113472578932305e-01 -7.642572150870950987e-01 5.132373955464949100e-04
6.442072141978505417e-01 -7.648507803356043855e-01 5.907987833638177330e-04
6.434863985901210226e-01 -7.654572523002741713e-01 6.706553795275834416e-04
6.427484299738368545e-01 -7.660769472955751835e-01 7.527530536744180944e-04
6.419928470663426312e-01 -7.667101693170919052e-01 8.370368115482758331e-04
6.412191979053759594e-01 -7.673572098611534109e-01 9.234508378879043803e-04
6.404270399850215956e-01 -7.680183477539711534e-01 1.011938540191449284e-03
6.396159403854696501e-01 -7.686938489906489647e-01 1.102442593314953293e-03
6.387854758966042823e-01 -7.693839665844126596e-01 1.194904984858919349e-03
6.379352331354519734e-01 -7.700889404263939753e-01 1.289267061294600012e-03
6.370648086575159130e-01 -7.708089971562850362e-01 1.385469574779306899e-03
6.361738090620232544e-01 -7.715443500441632185e-01 1.483452730607754538e-03
6.352618510911103300e-01 -7.722951988837658543e-01 1.583156235244329284e-03
6.343285617229718065e-01 -7.730617298974781226e-01 1.684519344879153871e-03
6.333735782589955399e-01 -7.738441156532731569e-01 1.787480914448960493e-03
6.323965484049073327e-01 -7.746425149938259702e-01 1.891979447062044515e-03
6.313971303459450235e-01 -7.754570729779985960e-01 1.997953143765009675e-03
6.303749928160825577e-01 -7.762879208348731908e-01 2.105339953587570360e-03
6.293298151613226921e-01 -7.771351759304859774e-01 2.214077623800417196e-03
6.282612873970742084e-01 -7.779989417473914814e-01 2.324103750320041881e-03
6.271691102596306244e-01 -7.788793078771629741e-01 2.435355828193465789e-03
6.260529952517636110e-01 -7.797763500259107250e-01 2.547771302095040713e-03
6.249126646824447739e-01 -7.806901300328743520e-01 2.661287616766875013e-03
6.237478517007076784e-01 -7.816206959021225753e-01 2.775842267334004913e-03
6.225583003236608848e-01 -7.825680818473657041e-01 2.891372849425143630e-03
6.213437654586612124e-01 -7.835323083498639818e-01 3.007817109029762084e-03
6.201040129196578876e-01 -7.845133822293880455e-01 3.125112992022312589e-03
6.188388194377141271e-01 -7.855112967281631109e-01 3.243198693284659370e-03
6.175479726657157054e-01 -7.865260316077038460e-01 3.362012705358199093e-03
6.162312711772740537e-01 -7.875575532584211391e-01 3.481493866557728786e-03
6.148885244598308875e-01 -7.886058148218588748e-01 3.601581408479880963e-03
6.135195529019743521e-01 -7.896707563253929640e-01 3.722215002839860797e-03
6.121241877749740157e-01 -7.907523048292022239e-01 3.843334807571294025e-03
6.107022712085452554e-01 -7.918503745852969455e-01 3.964881512125241481e-03
6.092536561608538070e-01 -7.929648672083682293e-01 4.086796381905819647e-03
6.077782063827726899e-01 -7.940956718581979601e-01 4.209021301781412649e-03
6.062757963764063840e-01 -7.952426654333500933e-01 4.331498818612152489e-03
6.047463113478980246e-01 -7.964057127758394916e-01 4.454172182736157101e-03
6.031896471545390437e-01 -7.975846668864579048e-01 4.576985388358999901e-03
6.016057102462031292e-01 -7.987793691504153637e-01 4.699883212792949246e-03
5.999944176011293706e-01 -7.999896495729362789e-01 4.822811254494744487e-03
5.983556966560832358e-01 -8.012153270244344316e-01 4.945715969852991153e-03
5.966894852309281294e-01 -8.024562094948718416e-01 5.068544708678698538e-03
5.949957314476442827e-01 -8.037120943568929476e-01 5.191245748354998343e-03
5.932743936438361620e-01 -8.049827686373089985e-01 5.313768326604731071e-03
5.915254402807748058e-01 -8.062680092964964462e-01 5.436062672837277399e-03
5.897488498460264905e-01 -8.075675835152584803e-01 5.558080038038802108e-03
5.879446107507250163e-01 -8.088812489886898494e-01 5.679772723172930859e-03
5.861127212215498927e-01 -8.102087542265727915e-01 5.801094106061786652e-03
5.842531891874794825e-01 -8.115498388598249013e-01 5.921998666720284382e-03
5.823660321613945978e-01 -8.129042339525115457e-01 6.042442011119566504e-03
5.804512771166129292e-01 -8.142716623189276692e-01 6.162380893358515056e-03
5.785089603584443463e-01 -8.156518388452512758e-01 6.281773236225325803e-03
5.765391273908605507e-01 -8.170444708152639901e-01 6.400578150134204197e-03
5.745418327783822221e-01 -8.184492582396333260e-01 6.518755950425319384e-03
5.725171400032927904e-01 -8.198658941882485118e-01 6.636268173019242884e-03
5.704651213182946323e-01 -8.212940651251019464e-01 6.753077588420148235e-03
5.683858575947321468e-01 -8.227334512452086912e-01 6.869148214065102717e-03
5.662794381665127164e-01 -8.241837268130591809e-01 6.984445325019798118e-03
5.641459606698627782e-01 -8.256445605021022205e-01 7.098935463024054655e-03
5.619855308790658865e-01 -8.271156157347610005e-01 7.212586443893356965e-03
5.597982625383343125e-01 -8.285965510224886366e-01 7.325367363285584937e-03
5.575842771899742756e-01 -8.300870203053779539e-01 7.437248600844911621e-03
5.553437039990115620e-01 -8.315866732908466785e-01 7.548201822737617660e-03
5.530766795744506137e-01 -8.330951557909270777e-01 7.658199982597239767e-03
5.507833477873470551e-01 -8.346121100577007512e-01 7.767217320899104036e-03
5.484638595858800647e-01 -8.361371751164271560e-01 7.875229362786789408e-03
5.461183728076167698e-01 -8.376699870959273264e-01 7.982212914375527366e-03
5.437470519891672849e-01 -8.392101795557964650e-01 8.088146057559851901e-03
5.413500681734332298e-01 -8.407573838100307340e-01 8.193008143355070758e-03
5.389275987146592284e-01 -8.423112292466683471e-01 8.296779783804239181e-03
5.364798270815006598e-01 -8.438713436430597126e-01 8.399442842484354868e-03
5.340069426583262668e-01 -8.454373534763950371e-01 8.500980423647370651e-03
5.315091405449767770e-01 -8.470088842291347841e-01 8.601376860033448091e-03
5.289866213552064655e-01 -8.485855606890035929e-01 8.700617699395505819e-03
5.264395910140353685e-01 -8.501670072432259140e-01 8.798689689775695058e-03
5.238682605542449577e-01 -8.517528481666971629e-01 8.895580763575843333e-03
5.212728459122503155e-01 -8.533427079038036212e-01 8.991280020465210188e-03
5.186535677235849517e-01 -8.549362113436195232e-01 9.085777709170088715e-03
5.160106511182356304e-01 -8.565329840882310863e-01 9.179065208190813688e-03
5.133443255160645702e-01 -8.581326527139513383e-01 9.271135005492675552e-03
5.106548244225578292e-01 -8.597348450252122465e-01 9.361980677218044444e-03
5.079423852251377935e-01 -8.613391903009358641e-01 9.451596865467660688e-03
5.052072489902774688e-01 -8.629453195332061899e-01 9.539979255199624100e-03
5.024496602616531638e-01 -8.645528656580818705e-01 9.627124550295013475e-03
4.996698668595697113e-01 -8.661614637784079695e-01 9.713030448839423195e-03
4.968681196818921508e-01 -8.677707513785034577e-01 9.797695617669835780e-03
4.940446725067130784e-01 -8.693803685306192852e-01 9.881119666236375804e-03
4.911997817969834812e-01 -8.709899580930806628e-01 9.963303119828431642e-03
4.883337065073306560e-01 -8.725991659000431611e-01 1.004424739221448232e-02
4.854467078932829249e-01 -8.742076409428117811e-01 1.012395475774474467e-02
4.825390493231170308e-01 -8.758150355426873590e-01 1.020242832296536575e-02
4.796109960925385440e-01 -8.774210055153240928e-01 1.027967199779247602e-02
4.766628152424012832e-01 -8.790252103265948636e-01 1.035569046629383587e-02
4.736947753796659777e-01 -8.806273132399804471e-01 1.043048915712522888e-02
4.707071465017920731e-01 -8.822269814555120382e-01 1.050407421366797434e-02
4.677001998247511394e-01 -8.838238862403128282e-01 1.057645246391320480e-02
4.646742076148434597e-01 -8.854177030507983659e-01 1.064763139013762128e-02
4.616294430244923253e-01 -8.870081116466090876e-01 1.071761909841454675e-02
4.585661799321842369e-01 -8.885947961963638342e-01 1.078642428800306342e-02
4.554846927867151063e-01 -8.901774453753330540e-01 1.085405622065695706e-02
4.523852564558951683e-01 -8.917557524551458226e-01 1.092052468989408200e-02
4.492681460798584880e-01 -8.933294153856546904e-01 1.098583999026557685e-02
4.461336369291131754e-01 -8.948981368690940297e-01 1.105001288666314536e-02
4.429820042674627589e-01 -8.964616244266786493e-01 1.111305458370136570e-02
4.398135232199184008e-01 -8.980195904577983335e-01 1.117497669521068382e-02
4.366284686457155284e-01 -8.995717522919751685e-01 1.123579121387545572e-02
4.334271150165387998e-01 -9.011178322337564106e-01 1.129551048105000184e-02
4.302097363000510488e-01 -9.026575576007265234e-01 1.135414715678432877e-02
4.269766058488138616e-01 -9.041906607548285679e-01 1.141171419008973897e-02
4.237279962946782774e-01 -9.057168791271904551e-01 1.146822478947318730e-02
4.204641794487161688e-01 -9.072359552366607849e-01 1.152369239376779819e-02
4.171854262067539731e-01 -9.087476367022619961e-01 1.157813064328560779e-02
4.138920064605619564e-01 -9.102516762497749880e-01 1.163155335131713097e-02
4.105841890147445272e-01 -9.117478317126735954e-01 1.168397447600099358e-02
4.072622415093677950e-01 -9.132358660276308493e-01 1.173540809258545072e-02
4.039264303483529606e-01 -9.147155472248232888e-01 1.178586836610225411e-02
4.005770206336561889e-01 -9.161866484132610289e-01 1.183536952447195034e-02
3.972142761052470661e-01 -9.176489477613746226e-01 1.188392583205836323e-02
3.938384590868904689e-01 -9.191022284730908654e-01 1.193155156368867070e-02
3.904498304377285733e-01 -9.205462787596315755e-01 1.197826097915421530e-02
3.870486495096527313e-01 -9.219808918072694981e-01 1.202406829820588073e-02
3.836351741104467861e-01 -9.234058657412763660e-01 1.206898767605668263e-02
3.802096604726772355e-01 -9.248210035862979295e-01 1.211303317940294090e-02
3.767723632282982127e-01 -9.262261132233891026e-01 1.215621876297431382e-02
3.733235353889319819e-01 -9.276210073439434822e-01 1.219855824662174557e-02
3.698634283317802640e-01 -9.290055034007485002e-01 1.224006529295137806e-02
3.663922917911144328e-01 -9.303794235563961346e-01 1.228075338551132961e-02
3.629103738552866831e-01 -9.317425946292769989e-01 1.232063580753729043e-02
3.594179209691988897e-01 -9.330948480373839615e-01 1.235972562126188765e-02
3.559151779421594330e-01 -9.344360197401476720e-01 1.239803564779183055e-02
3.524023879610534427e-01 -9.357659501785231537e-01 1.243557844755598281e-02
3.488797926087465195e-01 -9.370844842135453989e-01 1.247236630132664628e-02
3.453476318876366746e-01 -9.383914710635652412e-01 1.250841119181556396e-02
3.418061442482648871e-01 -9.396867642403760046e-01 1.254372478584538445e-02
3.382555666228901914e-01 -9.409702214844347656e-01 1.257831841709662266e-02
3.346961344639302616e-01 -9.422417046993804002e-01 1.261220306942952354e-02
3.311280817871650739e-01 -9.435010798860437031e-01 1.264538936077957976e-02
3.275516412195971228e-01 -9.447482170761419829e-01 1.267788752762491825e-02
3.239670440518573891e-01 -9.459829902658449807e-01 1.270970741002325731e-02
3.203745202950440407e-01 -9.472052773493951916e-01 1.274085843721562035e-02
3.167742987418764034e-01 -9.484149600529582225e-01 1.277134961379360924e-02
3.131666070320439643e-01 -9.496119238688766062e-01 1.280118950642663254e-02
3.095516717216278968e-01 -9.507960579904932708e-01 1.283038623114512999e-02
3.059297183564692046e-01 -9.519672552477062011e-01 1.285894744117556561e-02
3.023009715493551464e-01 -9.531254120434109467e-01 1.288688031532267061e-02
2.986656550608936533e-01 -9.542704282909805213e-01 1.291419154689423671e-02
2.950239918839427378e-01 -9.554022073529286896e-01 1.294088733316354003e-02
2.913762043314605532e-01 -9.565206559808957509e-01 1.296697336536438427e-02
2.877225141276387732e-01 -9.576256842570909367e-01 1.299245481921360891e-02
2.840631425021815648e-01 -9.587172055373193169e-01 1.301733634595587767e-02
2.803983102875896027e-01 -9.597951363957161197e-01 1.304162206392551690e-02
2.767282380193079594e-01 -9.608593965713047025e-01 1.306531555062017021e-02
2.730531460385949294e-01 -9.619099089164906413e-01 1.308841983528109473e-02
2.693732545979673487e-01 -9.629465993475953001e-01 1.311093739197498158e-02
2.656887839690775244e-01 -9.639693967975306865e-01 1.313287013317227317e-02
2.619999545528753360e-01 -9.649782331707080774e-01 1.315421940381709259e-02
2.583069869919078498e-01 -9.659730433002693406e-01 1.317498597588403521e-02
2.546101022846086193e-01 -9.669537649077236674e-01 1.319517004341727237e-02
2.509095219014275124e-01 -9.679203385650655411e-01 1.321477121804759229e-02
2.472054679026512436e-01 -9.688727076594464416e-01 1.323378852498325632e-02
2.434981630577644218e-01 -9.698108183604648991e-01 1.325222039947076755e-02
2.397878309661996832e-01 -9.707346195901350727e-01 1.327006468372192612e-02
2.360746961793256382e-01 -9.716440629955876984e-01 1.328731862430382327e-02
2.323589843235204233e-01 -9.725391029245521457e-01 1.330397886998872098e-02
2.286409222241780337e-01 -9.734196964036626598e-01 1.332004147006107808e-02
2.249207380304948656e-01 -9.742858031196258706e-01 1.333550187307930464e-02
2.211986613408826741e-01 -9.751373854032813204e-01 1.335035492609014732e-02
2.174749233288543748e-01 -9.759744082165807688e-01 1.336459487429399184e-02
2.137497568692284244e-01 -9.767968391425078112e-01 1.337821536115966353e-02
2.100233966644977357e-01 -9.776046483779518015e-01 1.339120942898770240e-02
2.062960793712079466e-01 -9.783978087295458481e-01 1.340356951992145024e-02
2.025680437261906108e-01 -9.791762956124727690e-01 1.341528747740562341e-02
1.988395306724958789e-01 -9.799400870522375628e-01 1.342635454809243400e-02
1.951107834848693490e-01 -9.806891636893987352e-01 1.343676138419568067e-02
1.913820478946177683e-01 -9.814235087872457131e-01 1.344649804629358646e-02
1.876535722137075979e-01 -9.821431082424043613e-01 1.345555400658152503e-02
1.839256074579407874e-01 -9.828479505983466202e-01 1.346391815257612021e-02
1.801984074690519411e-01 -9.835380270617744003e-01 1.347157879127256104e-02
1.764722290355706102e-01 -9.842133315218435374e-01 1.347852365375730270e-02
1.727473320122928924e-01 -9.848738605721860662e-01 1.348473990027865103e-02
1.690239794382061289e-01 -9.855196135356854015e-01 1.349021412577803940e-02
1.653024376527106321e-01 -9.861505924919526933e-01 1.349493236588510982e-02
1.615829764099825372e-01 -9.867668023074468442e-01 1.349888010337999683e-02
1.578658689913217950e-01 -9.873682506681744631e-01 1.350204227512647945e-02
1.541513923153295662e-01 -9.879549481149024759e-01 1.350440327947990092e-02
1.504398270457593390e-01 -9.885269080808077868e-01 1.350594698417401443e-02
1.467314576968866968e-01 -9.890841469314850531e-01 1.350665673469109845e-02
1.430265727362423356e-01 -9.896266840072261983e-01 1.350651536311986770e-02
1.393254646845541733e-01 -9.901545416674814026e-01 1.350550519750587548e-02
1.356284302127439279e-01 -9.906677453374035380e-01 1.350360807169925272e-02
1.319357702358248396e-01 -9.911663235563745733e-01 1.350080533570468047e-02
1.282477900035473850e-01 -9.916503080284049254e-01 1.349707786653863567e-02
1.245647991876405181e-01 -9.921197336742922923e-01 1.349240607959895435e-02
1.208871119654973680e-01 -9.925746386854206182e-01 1.348676994055177623e-02
1.172150471001543320e-01 -9.930150645790738473e-01 1.348014897774092204e-02
1.135489280164143078e-01 -9.934410562551340140e-01 1.347252229512471526e-02
1.098890828729656433e-01 -9.938526620540267809e-01 1.346386858574512464e-02
1.062358446303496434e-01 -9.942499338157742006e-01 1.345416614573404293e-02
1.025895511146309724e-01 -9.946329269400057127e-01 1.344339288886128511e-02
9.895054507662690013e-02 -9.950017004467758275e-01 1.343152636162873483e-02
9.531917424655295124e-02 -9.953563170380304026e-01 1.341854375891480752e-02
9.169579138394447215e-02 -9.956968431595584201e-01 1.340442194017309359e-02
8.808075432271564309e-02 -9.960233490632603992e-01 1.338913744618875322e-02
8.447442601121976646e-02 -9.963359088695601384e-01 1.337266651639583068e-02
8.087717454717681387e-02 -9.966346006297824855e-01 1.335498510675825652e-02
7.728937320733722527e-02 -9.969195063883117269e-01 1.333606890821685195e-02
7.371140047175327170e-02 -9.971907122443448568e-01 1.331589336570413069e-02
7.014364004253259566e-02 -9.974483084130462140e-01 1.329443369772814569e-02
6.658648085695162422e-02 -9.976923892859064225e-01 1.327166491652605022e-02
6.304031709480985290e-02 -9.979230534901056826e-01 1.324756184878738557e-02
5.950554817990983542e-02 -9.981404039466751366e-01 1.322209915694641524e-02
5.598257877555126716e-02 -9.983445479272488043e-01 1.319525136104210579e-02
5.247181877393185256e-02 -9.985355971091935956e-01 1.316699286114358242e-02
4.897368327935169852e-02 -9.987136676289011250e-01 1.313729796033802355e-02
4.548859258512268772e-02 -9.988788801330237277e-01 1.310614088827714678e-02
4.201697214408889325e-02 -9.990313598274335183e-01 1.307349582527746537e-02
3.855925253266908465e-02 -9.991712365236806725e-01 1.303933692696859076e-02
3.511586940833758691e-02 -9.992986446827255564e-01 1.300363834948281387e-02
3.168726346046521480e-02 -9.994137234557175509e-01 1.296637427517817812e-02
2.827388035444759057e-02 -9.995166167215916442e-01 1.292751893888616742e-02
2.487617066905408597e-02 -9.996074731212540865e-01 1.288704665467402602e-02
2.149458982693676357e-02 -9.996864460881267345e-01 1.284493184311054012e-02
1.812959801824496481e-02 -9.997536938748197155e-01 1.280114905902294750e-02
1.478166011729775686e-02 -9.998093795757038160e-01 1.275567301973139570e-02
1.145124559227326394e-02 -9.998536711451526671e-01 1.270847863374612030e-02
8.138828407880768084e-03 -9.998867414112281304e-01 1.265954102991122786e-02
4.844886920988714617e-03 -9.999087680845828441e-01 1.260883558697764757e-02
1.569903769189045020e-03 -9.999199337623568828e-01 1.255633796358649606e-02
-1.685634247714183458e-03 -9.999204259268485995e-01 1.250202412864272021e-02
-4.921236293296235229e-03 -9.999104369387422642e-01 1.244587039205753871e-02
