1.000000000000000000e+00 0.000000000000000000e+00 0.000000000000000000e+00
9.999999999715096788e-01 -3.268807400166340010e-06 6.804127730710621897e-06
9.999999997255248907e-01 -1.156560199813537758e-05 2.037621389365739682e-05
9.999999988180640065e-01 -2.663910271832891936e-05 4.067233993227463667e-05
9.999999964510603023e-01 -5.022556825947613757e-05 6.764090932310846580e-05
9.999999913450665634e-01 -8.404681741547667022e-05 1.012227275597715043e-04
9.999999815848773510e-01 -1.298082712875128547e-04 1.413510907073762981e-04
9.999999644393480214e-01 -1.891970195653701282e-04 1.879518823947401516e-04
9.999999361568576717e-01 -2.638799130123833199e-04 2.409436791016119402e-04
9.999998917380187313e-01 -3.555016842415759256e-04 3.002378635885577800e-04
9.999998246873875729e-01 -4.656830988207073070e-04 3.657387463079881740e-04
9.999997267460668526e-01 -5.960191386914191758e-04 4.373436946261398416e-04
9.999995876072206302e-01 -7.480772198328247821e-04 5.149432696776628160e-04
9.999993946166382264e-01 -9.233954460430712167e-04 5.984213706668234291e-04
9.999991324605890242e-01 -1.123480900653996964e-03 6.876553864222230113e-04
9.999987828433043457e-01 -1.349807977934368427e-03 7.825163540053619443e-04
9.999983241564993630e-01 -1.603816755876685774e-03 8.828691241673391641e-04
9.999977311434194993e-01 -1.886911412001561787e-03 9.885725334424688617e-04
9.999969745599460724e-01 -2.200458683752540019e-03 1.099479582662601321e-03
9.999960208353376734e-01 -2.545786374993280754e-03 1.215437621671439572e-03
9.999948317352103100e-01 -2.924181910058604519e-03 1.336288540014122540e-03
9.999933640293707793e-01 -3.336890936751242889e-03 1.461868963373774916e-03
9.999915691671182882e-01 -3.785115979617573612e-03 1.592010455523562703e-03
9.999893929626125777e-01 -4.270015144778310269e-03 1.726539725560025497e-03
9.999867752928778275e-01 -4.792700877534325152e-03 1.865278840181018019e-03
9.999836498109703209e-01 -5.354238773913614496e-03 2.008045440769463431e-03
9.999799436767811134e-01 -5.955646447273002693e-03 2.154652965042243989e-03
9.999755773078751186e-01 -6.597892451017630527e-03 2.304910873021892050e-03
9.999704641526871995e-01 -7.281895258452559735e-03 2.458624877087244379e-03
9.999645104883007063e-01 -8.008522300733995555e-03 2.615597175857835559e-03
9.999576152449278776e-01 -8.778589063842601181e-03 2.775626691665508509e-03
9.999496698590935040e-01 -9.592858245458040292e-03 2.938509311365420165e-03
9.999405581573939106e-01 -1.045203897257214812e-02 3.104038130237333441e-03
9.999301562725650960e-01 -1.135678608063774193e-02 3.272003698726713098e-03
9.999183325934440925e-01 -1.230769945501090055e-02 3.442194271773693377e-03
9.999049477502492955e-01 -1.330532343540624662e-02 3.614396060476385807e-03
9.998898546364399786e-01 -1.435014628404708385e-02 3.788393485833245304e-03
9.998728984682409004e-01 -1.544259971815489449e-02 3.963969434307259773e-03
9.998539168827368373e-01 -1.658305850738527043e-02 4.140905514952576520e-03
9.998327400752549110e-01 -1.777184013677951882e-02 4.318982317841784865e-03
9.998091909765616236e-01 -1.900920453576258190e-02 4.497979673529455338e-03
9.997830854702047798e-01 -2.029535387367799315e-02 4.677676913284671383e-03
9.997542326501300813e-01 -2.163043242230928281e-02 4.857853129822178699e-03
9.997224351185026725e-01 -2.301452648579365573e-02 5.038287438258449297e-03
9.996874893234575232e-01 -2.444766439828797988e-02 5.218759237015403729e-03
9.996491859363011434e-01 -2.592981658969839912e-02 5.399048468390801880e-03
9.996073102674820632e-01 -2.746089571973299795e-02 5.578935878510402589e-03
9.995616427204465637e-01 -2.904075688048152887e-02 5.758203276372965244e-03
9.995119592822954147e-01 -3.066919786766684336e-02 5.936633791695063861e-03
9.994580320499616422e-01 -3.234595952064917707e-02 6.114012131258504332e-03
9.993996297904375048e-01 -3.407072613119644516e-02 6.290124833459029459e-03
9.993365185333921152e-01 -3.584312592096103312e-02 6.464760520750913696e-03
9.992684621943397349e-01 -3.766273158752602573e-02 6.637710149678125587e-03
9.991952232263472400e-01 -3.952906091880128980e-02 6.808767258179021856e-03
9.991165632981025002e-01 -4.144157747546225318e-02 6.977728209848070226e-03
9.990322439960093170e-01 -4.339969134103141557e-02 7.144392434835011158e-03
9.989420275478292366e-01 -4.540275993910507235e-02 7.308562667059174608e-03
9.988456775652532205e-01 -4.745008891712477334e-02 7.470045177414480486e-03
9.987429598026619226e-01 -4.954093309598579103e-02 7.628650002639045073e-03
9.986336429292215211e-01 -5.167449748466260151e-02 7.784191169522333871e-03
9.985174993113613562e-01 -5.384993835891519615e-02 7.936486914122568848e-03
9.983943058025938067e-01 -5.606636440301963203e-02 8.085359895667637575e-03
9.982638445375637826e-01 -5.832283791334261225e-02 8.230637404814158606e-03
9.981259037271571488e-01 -6.061837606245291943e-02 8.372151565941690632e-03
9.979802784514545388e-01 -6.295195222233331001e-02 8.509739533162405389e-03
9.978267714472870420e-01 -6.532249734512511619e-02 8.643243679730868920e-03
9.976651938871397007e-01 -6.772890139970536016e-02 8.772511780544056670e-03
9.974953661461485321e-01 -7.017001486226291662e-02 8.897397187428266949e-03
9.973171185539569938e-01 -7.264465025890724792e-02 9.017758996917341063e-03
9.971302921282308995e-01 -7.515158375821089087e-02 9.133462210235497591e-03
9.969347392866793056e-01 -7.768955681145633951e-02 9.244377885208208620e-03
9.967303245344956153e-01 -8.025727783822969585e-02 9.350383279835835365e-03
9.965169251242108617e-01 -8.285342395487850509e-02 9.451361987277270491e-03
9.962944316850466109e-01 -8.547664274322999689e-02 9.547204062004526620e-03
9.960627488189645051e-01 -8.812555405685025545e-02 9.637806136904052828e-03
9.958217956607315902e-01 -9.079875186201372128e-02 9.723071531116570659e-03
9.955715063994564629e-01 -9.349480611044902467e-02 9.802910348424282230e-03
9.953118307592012659e-01 -9.621226464082965890e-02 9.877239566012415220e-03
9.950427344364329851e-01 -9.894965510588944746e-02 9.945983113451139362e-03
9.947641994922507003e-01 -1.017054869219621988e-01 1.000907194176386961e-02
9.944762246975067388e-01 -1.044782532376737905e-01 1.006644408246876871e-02
9.941788258291290870e-01 -1.072664329184538079e-01 1.011804469650177431e-02
9.938720359161531404e-01 -1.100684925434826378e-01 1.016382611295164884e-02
9.935559054341754903e-01 -1.128828884116500203e-01 1.020374785756023896e-02
9.932305024471541621e-01 -1.157080685530722380e-01 1.023777667096423608e-02
9.928959126956981018e-01 -1.185424747426974124e-01 1.026588651667819686e-02
9.925522396312068674e-01 -1.213845445125231737e-01 1.028805857884216787e-02
9.921996043954461886e-01 -1.242327131589572309e-01 1.030428124978099817e-02
9.918381457453677719e-01 -1.270854157418696562e-01 1.031455010744607333e-02
9.914680199232076552e-01 -1.299410890719163436e-01 1.031886788283370437e-02
9.910894004721187978e-01 -1.327981736827551773e-01 1.031724441749760392e-02
9.907024779978161888e-01 -1.356551157848309985e-01 1.030969661129571904e-02
9.903074598769292525e-01 -1.385103691974707840e-01 1.029624836053391786e-02
9.899045699129703779e-01 -1.413623972561072195e-01 1.027693048669069652e-02
9.894940479410347933e-01 -1.442096746915369487e-01 1.025178065592795631e-02
9.890761493825488415e-01 -1.470506894782171448e-01 1.022084328961290339e-02
9.886511447515766715e-01 -1.498839446487121307e-01 1.018416946609521957e-02
9.882193191143797684e-01 -1.527079600715181840e-01 1.014181681400165742e-02
9.877809715041003802e-01 -1.555212741896203066e-01 1.009384939732710894e-02
9.873364142926035480e-01 -1.583224457172671962e-01 1.004033759261686864e-02
9.868859725216676537e-01 -1.611100552925912865e-01 9.981357958549211956e-03
9.864299831958571740e-01 -1.638827070838458633e-01 9.916993098240487609e-03
9.859700026722700850e-01 -1.666326740218225799e-01 9.833918705801540996e-03
9.855070244148587122e-01 -1.693552098366398195e-01 9.732312430228181113e-03
9.850420828077451896e-01 -1.720456264186642492e-01 9.612372198710540314e-03
9.845762502058622578e-01 -1.746992989060472679e-01 9.474315770317718113e-03
9.841106337342261368e-01 -1.773116705766717427e-01 9.318380267208291323e-03
9.836463718525043642e-01 -1.798782575378687631e-01 9.144821685307145259e-03
9.831846307025370324e-01 -1.823946532084895211e-01 8.953914386438758047e-03
9.827266002573454839e-01 -1.848565325891676492e-01 8.745950573941027248e-03
9.822734902909157073e-01 -1.872596563178741125e-01 8.521239753801909678e-03
9.818265261886722772e-01 -1.895998745091348470e-01 8.280108183363285926e-03
9.813869446190678358e-01 -1.918731303765413565e-01 8.022898309622852192e-03
9.809559890871002441e-01 -1.940754636394223520e-01 7.749968199135526953e-03
9.805349053908416490e-01 -1.962030137157511622e-01 7.461690961471434576e-03
9.801249370022198093e-01 -1.982520227045257988e-01 7.158454168128410358e-03
9.797273203933430930e-01 -2.002188381619684487e-01 6.840659268723964757e-03
9.793432803296042710e-01 -2.020999156769363314e-01 6.508721006205468729e-03
9.789740251506473534e-01 -2.038918212519104378e-01 6.163066832718988412e-03
9.786207420600386842e-01 -2.055912334968217625e-01 5.804136327667697333e-03
9.782845924441562202e-01 -2.071949456437816861e-01 5.432380619371272694e-03
9.779667072404050199e-01 -2.086998673914956248e-01 5.048261811609311075e-03
9.776681823743930133e-01 -2.101030265887536830e-01 4.652252416195853772e-03
9.773900742851621137e-01 -2.114015707669028021e-01 4.244834792589883762e-03
9.771333955569745378e-01 -2.125927685316101323e-01 3.826500595399484964e-03
9.768991106755108289e-01 -2.136740108245231140e-01 3.397750230486587877e-03
9.766881319256485172e-01 -2.146428120656181104e-01 2.959092320226226584e-03
9.765013154472679258e-01 -2.154968111871049807e-01 2.511043178320371619e-03
9.763394574647759061e-01 -2.162337725697207891e-01 2.054126294413007297e-03
9.762032907052600184e-01 -2.168515868921030154e-01 1.588871828601516991e-03
9.760934810193844235e-01 -2.173482719036832767e-01 1.115816115790926486e-03
9.760106242183219649e-01 -2.177219731311907658e-01 6.355011796933432260e-04
9.759552431391866900e-01 -2.179709645284020614e-01 1.484742561362659532e-04
9.759277849505917368e-01 -2.180936490782278414e-01 -3.447126747885963672e-04
9.759286187091088527e-01 -2.180885593555898505e-01 -8.435033483286286408e-04
9.759580331765529415e-01 -2.179543580588216289e-01 -1.347337667133907679e-03
9.760162349071558330e-01 -2.176898385165279559e-01 -1.855652146595102763e-03
9.761033466128303804e-01 -2.172939251759690715e-01 -2.367880354364963313e-03
9.762194058138593533e-01 -2.167656740781042368e-01 -2.883453345056620661e-03
9.763643637814706233e-01 -2.161042733234406488e-01 -3.401800091183798756e-03
9.765380847778826201e-01 -2.153090435317994711e-01 -3.922347911467231191e-03
9.767403455985189664e-01 -2.143794382980364899e-01 -4.444522897677571395e-03
9.769708354201981360e-01 -2.133150446446512305e-01 -4.967750341217398030e-03
9.772291559582003684e-01 -2.121155834710937993e-01 -5.491455160663229369e-03
9.775148219341986966e-01 -2.107809099984424561e-01 -6.015062331492476537e-03
9.778272618561104634e-01 -2.093110142069866675e-01 -6.537997319209856717e-03
9.781658191099816824e-01 -2.077060212631197111e-01 -7.059686517062838639e-03
9.785297533630538114e-01 -2.059661919308316269e-01 -7.579557689496282773e-03
9.789182422761797397e-01 -2.040919229620070108e-01 -8.097040422442676119e-03
9.793303835227546994e-01 -2.020837474586822113e-01 -8.611566581476486071e-03
9.797651971103062962e-01 -1.999423351994140119e-01 -9.122570778779521758e-03
9.802216279998419157e-01 -1.976684929209642505e-01 -9.629490849769257663e-03
9.806974349893675669e-01 -1.952694519422590591e-01 -1.011841613400438732e-02
9.811908229933546943e-01 -1.927496962282560788e-01 -1.058884764773195160e-02
9.816999745908973063e-01 -1.901138390146499824e-01 -1.104030505207484990e-02
9.822230580730945126e-01 -1.873666196098873749e-01 -1.147232727139472878e-02
9.827582354350041793e-01 -1.845128999447116502e-01 -1.188447311459852641e-02
9.833036702779792693e-01 -1.815576608568837125e-01 -1.227632189672024990e-02
9.838575355881984397e-01 -1.785059981006839047e-01 -1.264747405793232270e-02
9.844180213573557880e-01 -1.753631180728878192e-01 -1.299755177699013324e-02
9.849833420117903859e-01 -1.721343332491019340e-01 -1.332619957599084047e-02
9.855517436168292900e-01 -1.688250573266232846e-01 -1.363308491323435290e-02
9.861215108237887383e-01 -1.654408000723293914e-01 -1.391789876091167714e-02
9.866909735279431048e-01 -1.619871618764857912e-01 -1.418035616431434671e-02
9.872585132068252278e-01 -1.584698280157559869e-01 -1.442019677925874405e-02
9.878225689094751738e-01 -1.548945626310872237e-01 -1.463718538445090735e-02
9.883816428687023370e-01 -1.512672024285018069e-01 -1.483111236558072241e-02
9.889343057100710155e-01 -1.475936501131218936e-01 -1.500179416802848928e-02
9.894792012331516950e-01 -1.438798675689739459e-01 -1.514907371519095408e-02
9.900150507426010993e-01 -1.401318687992317846e-01 -1.527282078958660735e-02
9.905406569088229807e-01 -1.363557126435445688e-01 -1.537293237407986318e-02
9.910549071403224053e-01 -1.325574952909356896e-01 -1.544933295076864575e-02
9.915567764523671723e-01 -1.287433426084323707e-01 -1.550197475530776074e-02
9.920453298192152269e-01 -1.249194023070751836e-01 -1.553083798468869216e-02
9.925197239999190568e-01 -1.210918359682486567e-01 -1.553593095676240529e-02
9.929792088305753328e-01 -1.172668109543533177e-01 -1.551729022007241991e-02
9.934231279788174884e-01 -1.134504922286979911e-01 -1.547498061285765454e-02
9.938509191593347669e-01 -1.096490341101199611e-01 -1.540909527038519279e-02
9.942621138122190727e-01 -1.058685719882355297e-01 -1.531975558007865265e-02
9.946563362489674320e-01 -1.021152140253828722e-01 -1.520711108421504178e-02
9.950333022739809019e-01 -9.839503287124370945e-02 -1.507133933026829319e-02
9.953928172923727224e-01 -9.471405741582465676e-02 -1.491264566927782281e-02
9.957347739178125101e-01 -9.107826460594926898e-02 -1.473126300291212852e-02
9.960591490969615824e-01 -8.749357134966849470e-02 -1.452745148017755769e-02
9.963660007697763277e-01 -8.396582653205163227e-02 -1.430149814498788557e-02
9.966554640875571192e-01 -8.050080316468735675e-02 -1.405371653605860111e-02
9.969277472130707585e-01 -7.710419068992148406e-02 -1.378444624081823569e-02
9.971831267293673751e-01 -7.378158745940334440e-02 -1.349405240523552860e-02
9.974219426860279070e-01 -7.053849340492739095e-02 -1.318292520164376924e-02
9.976445933135024147e-01 -6.738030291786142878e-02 -1.285147925680074632e-02
9.978515294379227685e-01 -6.431229795167196783e-02 -1.250015304255314846e-02
9.980432486302867057e-01 -6.133964136021279046e-02 -1.212940823157716320e-02
9.982202891252062171e-01 -5.846737048256046149e-02 -1.173972902074184484e-02
9.983832235454863646e-01 -5.570039098328306848e-02 -1.133162142468859337e-02
9.985326524696513939e-01 -5.304347095514024002e-02 -1.090561254223890685e-02
9.986691978801596203e-01 -5.050123528935693967e-02 -1.046224979823413490e-02
9.987934965304492430e-01 -4.807816031681282076e-02 -1.000210016337614062e-02
9.989061932691402079e-01 -4.577856872176416098e-02 -9.525749354577931274e-03
9.990079343596828254e-01 -4.360662472808687212e-02 -9.033801018249855777e-03
9.990993608335013709e-01 -4.156632955651463207e-02 -8.526875898841891274e-03
9.991811019142381456e-01 -3.966151714996238309e-02 -8.005610994837770999e-03
9.992537685500670896e-01 -3.789585016278657070e-02 -7.470658704254642263e-03
9.993179470902280315e-01 -3.627281620875197343e-02 -6.922685961544972587e-03
9.993741931409395596e-01 -3.479572436156047610e-02 -6.362373367628222295e-03
9.994230256346982033e-01 -3.346770190105765458e-02 -5.790414314601022988e-03
9.994649211456638760e-01 -3.229169129767348045e-02 -5.207514106489102151e-03
9.995003084823891326e-01 -3.127044742727692200e-02 -4.614389077214781434e-03
9.995295635875746099e-01 -3.040653500843104942e-02 -4.011765706763368786e-03
9.995530047728422574e-01 -2.970232625402360188e-02 -3.400379736343026298e-03
9.995708883147147450e-01 -2.915999872941338333e-02 -2.780975283148443694e-03
9.995834044360942805e-01 -2.878153340956933828e-02 -2.154303955161547286e-03
9.995906736955423311e-01 -2.856871292817765584e-02 -1.521123966255079297e-03
9.995927438045982827e-01 -2.852312001234260166e-02 -8.821992517095877040e-04
9.995895868912325621e-01 -2.864613609729623964e-02 -2.382985841133857668e-04
9.995810972253292848e-01 -2.893894011644695952e-02 4.098053105095817621e-04
9.995670894198332990e-01 -2.940250746312081387e-02 1.061336636605488340e-03
9.995472971188880118e-01 -3.003760912146625009e-02 1.715517413378227435e-03
9.995213721819387054e-01 -3.084481096518357918e-02 2.371568359872728952e-03
9.994888843703865211e-01 -3.182447322398627987e-02 3.028709781311346872e-03
9.994493215409611109e-01 -3.297675011898206637e-02 3.686162457161219676e-03
9.994020903475326900e-01 -3.430158966945681676e-02 4.343148531407612159e-03
9.993465174506240833e-01 -3.579873367483342450e-02 4.998892405481687728e-03
9.992818512314055601e-01 -3.746771787683886301e-02 5.652621634241050338e-03
9.992072640044744603e-01 -3.930787230812581717e-02 6.303567825328035452e-03
9.991218547212421530e-01 -4.131832183473908154e-02 6.950967542134919158e-03
9.990246521532765156e-01 -4.349798690087189335e-02 7.594063210487796318e-03
9.989146185424947477e-01 -4.584558448530369479e-02 8.232104029023216626e-03
9.987906537026710607e-01 -4.835962927973063569e-02 8.864346883075233108e-03
9.986515995543288060e-01 -5.103843509987620458e-02 9.490057261717170164e-03
9.984962450727404848e-01 -5.388011654078604662e-02 1.010851017741418514e-02
9.983233316264662482e-01 -5.688259088805446007e-02 1.071899108754188062e-02
9.981315586816418284e-01 -6.004358029688813131e-02 1.132079681681537504e-02
9.979195898450891056e-01 -6.336061425087538557e-02 1.191323647945498158e-02
9.976860592172801523e-01 -6.683103231208878392e-02 1.249563239969196660e-02
9.974295780242575793e-01 -7.045198717369986763e-02 1.306732102899358511e-02
9.971487414958085660e-01 -7.422044802562451082e-02 1.362765385816403808e-02
9.968421359555289518e-01 -7.813320424284514454e-02 1.417599832226013219e-02
9.965083460869096355e-01 -8.218686940497502147e-02 1.471173869605055078e-02
9.961459623382435957e-01 -8.637788565434444121e-02 1.523427697754894082e-02
9.957535884280093175e-01 -9.070252839840782511e-02 1.574303375696654850e-02
9.953298489114436043e-01 -9.515691136060436262e-02 1.623744906826300391e-02
9.948733967682908963e-01 -9.973699198196717131e-02 1.671698322032688644e-02
9.943829209712202744e-01 -1.044385771737828122e-01 1.718111760469366936e-02
9.938571539941454258e-01 -1.092573294194726791e-01 1.762935547660996263e-02
9.932948792196752974e-01 -1.141887732216217144e-01 1.806122270618195844e-02
9.926949382051779569e-01 -1.192283018877404732e-01 1.847626849630447030e-02
9.920562377674545518e-01 -1.243711846459389231e-01 1.887406606405656398e-02
9.913777568468047363e-01 -1.296125740792405112e-01 1.925421328227184398e-02
9.906585531123165422e-01 -1.349475138648004169e-01 1.961633327804652993e-02
9.898977692715342780e-01 -1.403709468018409512e-01 1.996007498503735156e-02
9.890946390492352247e-01 -1.458777231097082294e-01 2.028511364652359900e-02
9.882484928018862025e-01 -1.514626089751168747e-01 2.059115126636327023e-02
9.873587627364256436e-01 -1.571202953254106638e-01 2.087791700516108961e-02
9.864249877043327341e-01 -1.628454068025565471e-01 2.114516751918497223e-02
9.854468175444669464e-01 -1.686325109106315279e-01 2.139268723981553252e-02
9.844240169508865490e-01 -1.744761273077829189e-01 2.162028859158846364e-02
9.833564688447510305e-01 -1.803707372120649521e-01 2.182781214718926971e-02
9.822441772324614906e-01 -1.863107928891994669e-01 2.201512671808134730e-02
9.810872695353696216e-01 -1.922907271891929337e-01 2.218212937978850108e-02
9.798859983796597284e-01 -1.983049630978824251e-01 2.232874543120809060e-02
9.786407428383527840e-01 -2.043479232688912017e-01 2.245492828769784718e-02
9.773520091207700267e-01 -2.104140395011577236e-01 2.256065930805370434e-02
9.760204307081875585e-01 -2.164977621271683417e-01 2.264594755587433575e-02
9.746467679377931459e-01 -2.225935692772718355e-01 2.271082949618611138e-02
9.732319070403840922e-01 -2.286959759859851782e-01 2.275536862857624118e-02
9.717768586404933462e-01 -2.347995431070064865e-01 2.277965505844783967e-02
9.702827557307741602e-01 -2.408988860047262814e-01 2.278380500836492059e-02
9.687508511354803176e-01 -2.469886829913589821e-01 2.276796027179426793e-02
9.671825144807277841e-01 -2.530636834803896007e-01 2.273228761187127620e-02
9.655792286918891687e-01 -2.591187158288265069e-01 2.267697810811521511e-02
9.639425860409336355e-01 -2.651486948427518309e-01 2.260224645429314422e-02
9.622742837687693340e-01 -2.711486289228429158e-01 2.250833021087822461e-02
9.605761193096460371e-01 -2.771136268288785787e-01 2.239548901576568149e-02
9.588499851464360457e-01 -2.830389040447157112e-01 2.226400375709611593e-02
9.570978633271063352e-01 -2.889197887278017740e-01 2.211417571219024408e-02
9.553218196739320378e-01 -2.947517272299459701e-01 2.194632565672021904e-02
9.535239977179676973e-01 -3.005302891787824948e-01 2.176079294833040828e-02
9.517066123919943887e-01 -3.062511721120951269e-01 2.155793458897431111e-02
9.498719435155987822e-01 -3.119102056599064587e-01 2.133812427025490524e-02
9.480223291062193081e-01 -3.175033552719422891e-01 2.110175140604350630e-02
9.461601585499268552e-01 -3.230267254907384089e-01 2.084922015660840844e-02
9.442878656653982405e-01 -3.284765627732372795e-01 2.058094844841041812e-02
9.424079216940104420e-01 -3.338492578662100030e-01 2.029736699361952071e-02
9.405228282482381852e-01 -3.391413477432077550e-01 1.999891831327729741e-02
9.386351102496036658e-01 -3.443495171129868360e-01 1.968605576787531286e-02
9.367473088863121911e-01 -3.494705995114420483e-01 1.935924259894297034e-02
9.348619746194404279e-01 -3.545015779910132281e-01 1.901895098504152032e-02
9.329816602651354041e-01 -3.594395854232895759e-01 1.866566111534672182e-02
9.311089141787595169e-01 -3.642819044321166100e-01 1.829986028377350235e-02
9.292462735652931016e-01 -3.690259669759063388e-01 1.792204200635457920e-02
9.273962579386093585e-01 -3.736693535990565640e-01 1.753270516433397264e-02
9.255613627504765129e-01 -3.782097923734020761e-01 1.713235317517810066e-02
9.237440532083486255e-01 -3.826451575514462355e-01 1.672149319344445190e-02
9.219467582991879295e-01 -3.869734679537595867e-01 1.630063534318274693e-02
9.201718650347424644e-01 -3.911928851133872342e-01 1.587029198327861990e-02
9.184217129318936745e-01 -3.953017112003837652e-01 1.543097700688702417e-02
9.166985887399103916e-01 -3.992983867496996964e-01 1.498320517584410261e-02
9.150047214247033489e-01 -4.031814882155875246e-01 1.452749149069363158e-02
9.133422774184899451e-01 -4.069497253754838506e-01 1.406435059671927792e-02
9.117133561416540521e-01 -4.106019386059708287e-01 1.359429622613810180e-02
9.101199858020364575e-01 -4.141370960529324741e-01 1.311784067638537693e-02
9.085641194754188188e-01 -4.175542907174121798e-01 1.263549432420688068e-02
9.070476314695826714e-01 -4.208527374779584829e-01 1.214776517507336513e-02
9.055723139730291749e-01 -4.240317700694272718e-01 1.165515844724360033e-02
9.041398739882487989e-01 -4.270908380373024671e-01 1.115817618962783829e-02
9.027519305483273637e-01 -4.300295036856145448e-01 1.065731693244314701e-02
9.014100122146709859e-01 -4.328474390354904999e-01 1.015307536950612634e-02
9.001155548527246530e-01 -4.355444228102655080e-01 9.645942070877129917e-03
8.988698996817496845e-01 -4.381203374619438429e-01 9.136403224453314847e-03
8.976742915940062462e-01 -4.405751662526167789e-01 8.624940405005535396e-03
8.965298777380630302e-01 -4.429089904032429414e-01 8.112030369066044327e-03
8.954377063604154197e-01 -4.451219863209779914e-01 7.598144873999881400e-03
8.943987258991364930e-01 -4.472144229150157302e-01 7.083750519532404713e-03
8.934137843229089659e-01 -4.491866590096770251e-01 6.569308609958088643e-03
8.924836287084769726e-01 -4.510391408622650422e-01 6.055275035221177257e-03
8.916089050493186674e-01 -4.527723997920025112e-01 5.542100169036315652e-03
8.907901582881621039e-01 -4.543870499251805306e-01 5.030228782206470906e-03
8.900278325658422807e-01 -4.558837860604895709e-01 4.520099969295671150e-03
8.893222716789224158e-01 -4.572633816573727916e-01 4.012147086824694765e-03
8.886737197384706466e-01 -4.585266869491430586e-01 3.506797701178309291e-03
8.880823220223863501e-01 -4.596746271815459473e-01 3.004473544442315576e-03
8.875481260137053630e-01 -4.607082009764291164e-01 2.505590476426927237e-03
8.870710826173723307e-01 -4.616284788192013266e-01 2.010558451179324767e-03
8.866510475480471332e-01 -4.624366016678299607e-01 1.519781486341949782e-03
8.862877828816042580e-01 -4.631337796802412754e-01 1.033657633773726967e-03
8.859809587630859129e-01 -4.637212910561476220e-01 5.525789499183269074e-04
8.857301552639752495e-01 -4.642004809885401095e-01 7.693146447631474955e-05
8.855348643817614329e-01 -4.645727607193462783e-01 -3.929048539839723143e-04
8.853944921748709840e-01 -4.648396066930687298e-01 -8.565561367591945346e-04
8.853083610261350822e-01 -4.650025598015872785e-01 -1.313654659282717865e-03
8.852757120280464465e-01 -4.650632247127288732e-01 -1.763838892039629007e-03
8.852957074831322437e-01 -4.650232692746840701e-01 -2.206753559135117213e-03
8.853674335128263184e-01 -4.648844239878775486e-01 -2.642049705429013861e-03
8.854899027682656687e-01 -4.646484815354841591e-01 -3.069384773049466542e-03
8.856620572364575228e-01 -4.643172963634196737e-01 -3.488422687996821977e-03
8.858827711352698087e-01 -4.638927843003283202e-01 -3.898833957445137915e-03
8.861508538906816002e-01 -4.633769222078379935e-01 -4.300295778243803588e-03
8.864650531896982599e-01 -4.627717476511549743e-01 -4.692492157015887635e-03
8.868240581022845959e-01 -4.620793585799298220e-01 -5.075114042143444477e-03
8.872265022655996258e-01 -4.613019130092359532e-01 -5.447859467823512776e-03
8.876709671237325017e-01 -4.604416286904711164e-01 -5.810433710272305645e-03
8.881559852160402224e-01 -4.595007827620112839e-01 -6.162549456049545155e-03
8.886800435070753013e-01 -4.584817113695215385e-01 -6.503926982370402191e-03
8.892415867509704253e-01 -4.573868092459552614e-01 -6.834294349169527799e-03
8.898390208830179171e-01 -4.562185292414533966e-01 -7.153387602580545991e-03
8.904707164310471379e-01 -4.549793817935858797e-01 -7.460950989395578534e-03
8.911350119390696323e-01 -4.536719343286593764e-01 -7.756737181973298936e-03
8.918302173955247047e-01 -4.522988105851460938e-01 -8.040507512971049875e-03
8.925546176583331048e-01 -4.508626898506665204e-01 -8.312032219187156720e-03
8.933064758688438189e-01 -4.493663061043842721e-01 -8.571090693714094808e-03
8.940840368466521637e-01 -4.478124470571392401e-01 -8.817471745522092313e-03
8.948855304571757818e-01 -4.462039530821566014e-01 -9.050973865516358588e-03
8.957104131452410245e-01 -4.445410938687785474e-01 -9.277507488075686579e-03
8.965575764346386256e-01 -4.428253855078433388e-01 -9.496872743054475541e-03
8.974258927106991690e-01 -4.410583922178879512e-01 -9.708875080197557420e-03
8.983142172008949933e-01 -4.392417257797560648e-01 -9.913325465608219256e-03
8.992213899718628500e-01 -4.373770449094742663e-01 -1.011004058150114827e-02
9.001462379383701196e-01 -4.354660545657154658e-01 -1.029884302883634327e-02
9.010875768796402507e-01 -4.335105051883617611e-01 -1.047956153239040442e-02
9.020442134583601668e-01 -4.315121918648940902e-01 -1.065203114778361278e-02
9.030149472376072239e-01 -4.294729534215716571e-01 -1.081609346994512506e-02
9.039985726908622565e-01 -4.273946714366211319e-01 -1.097159684246458433e-02
9.049938812002201738e-01 -4.252792691729321284e-01 -1.111839656724671228e-02
9.059996630378699400e-01 -4.231287104280491707e-01 -1.125635511385627251e-02
9.070147093258901227e-01 -4.209449982995623896e-01 -1.138534232791417987e-02
9.080378139694058603e-01 -4.187301738643258719e-01 -1.150523563788189221e-02
9.090677755581648700e-01 -4.164863147702731472e-01 -1.161592025955049401e-02
9.101033992316265309e-01 -4.142155337399531234e-01 -1.171728939753338521e-02
9.111434985027172528e-01 -4.119199769852731063e-01 -1.180924444304722910e-02
9.121868970354825024e-01 -4.096018225333084573e-01 -1.189169516725500919e-02
9.132324303719692171e-01 -4.072632784634173664e-01 -1.196455990943767929e-02
9.142789476037986862e-01 -4.049065810562837431e-01 -1.202776575925714082e-02
9.153253129840392965e-01 -4.025339928558976932e-01 -1.208124873237313539e-02
9.163704074751609641e-01 -4.001478006458711878e-01 -1.212495393868012056e-02
9.174131302290515766e-01 -3.977503133418716641e-01 -1.215883574243737872e-02
9.184523999952943774e-01 -3.953438598023395478e-01 -1.218285791357638821e-02
9.194871564541506892e-01 -3.929307865600318861e-01 -1.219699376948387218e-02
9.205163614709562792e-01 -3.905134554773028732e-01 -1.220122630657687751e-02
9.215390002689272109e-01 -3.880942413283916537e-01 -1.219554832100756998e-02
9.225540825176787862e-01 -3.856755293123338979e-01 -1.217996251786016351e-02
9.235606433350872502e-01 -3.832597125004474914e-01 -1.215448160823024044e-02
9.245577442004668800e-01 -3.808491892226594233e-01 -1.211912839360768795e-02
9.255444737773970143e-01 -3.784463603972417212e-01 -1.207393583701821781e-02
9.265199486449049449e-01 -3.760536268088048861e-01 -1.201894712041493354e-02
9.274833139360988410e-01 -3.736733863396576316e-01 -1.195421568785026527e-02
9.284337438837387824e-01 -3.713080311598814798e-01 -1.187980527399975020e-02
9.293704422726399850e-01 -3.689599448816834326e-01 -1.179578991765223295e-02
9.302926427992090908e-01 -3.666314996837833351e-01 -1.170225395982588991e-02
9.311996093388285045e-01 -3.643250534117583039e-01 -1.159929202621579232e-02
9.320906361222142111e-01 -3.620429466604103141e-01 -1.148700899372620023e-02
9.329650478222847321e-01 -3.597874998443379990e-01 -1.136551994088922518e-02
9.338221995534828901e-01 -3.575610102629847575e-01 -1.123495008202054363e-02
9.346614767858907324e-01 -3.553657491664997115e-01 -1.109543468501228945e-02
9.354822951768658745e-01 -3.532039588287858578e-01 -1.094711897271281702e-02
9.362841003233031145e-01 -3.510778496341234733e-01 -1.079015800789237707e-02
9.370663674379859920e-01 -3.489895971837445043e-01 -1.062471656184276608e-02
9.378286009538343571e-01 -3.469413394286967045e-01 -1.045096896670727471e-02
9.385703340601794231e-01 -3.449351738352771091e-01 -1.026909895168470060e-02
9.392911281754965369e-01 -3.429731545892308886e-01 -1.007929946329749055e-02
9.399905723613047881e-01 -3.410572898448081536e-01 -9.881772469959058253e-03
9.406682826821918253e-01 -3.391895390246459363e-01 -9.676728751118810271e-03
9.413239015171469548e-01 -3.373718101762998578e-01 -9.464387671305257363e-03
9.419580670898721753e-01 -3.356030573439048315e-01 -9.251391499859273199e-03
9.425710159414829592e-01 -3.338835064108929829e-01 -9.037950471629474514e-03
9.431629960229538367e-01 -3.322133284285072596e-01 -8.824275520828234187e-03
9.437342662136575244e-01 -3.305926393729138324e-01 -8.610578020108984598e-03
9.442850958568910213e-01 -3.290214999807620222e-01 -8.397069519136143856e-03
9.448157643134157402e-01 -3.274999156630780117e-01 -8.183961483088969882e-03
9.453265605338773137e-01 -3.260278364972267751e-01 -7.971465031536284496e-03
9.458177826508029629e-01 -3.246051572965286680e-01 -7.759790678113766445e-03
9.462897375907093345e-01 -3.232317177569732913e-01 -7.549148071429454682e-03
9.467427407066854039e-01 -3.219073026803327409e-01 -7.339745737616211983e-03
9.471771154316489527e-01 -3.206316422728405224e-01 -7.131790824942277514e-03
9.475931929523110364e-01 -3.194044125184708482e-01 -6.925488850882687702e-03
9.479913119037188807e-01 -3.182252356257251336e-01 -6.721043452045338124e-03
9.483718180840912115e-01 -3.170936805467109432e-01 -6.518656137335765433e-03
9.487350641895039294e-01 -3.160092635671788996e-01 -6.318526044734478798e-03
9.490814095678372642e-01 -3.149714489660715988e-01 -6.120849702049808300e-03
9.494112199912515537e-01 -3.139796497430279443e-01 -5.925820791997867508e-03
9.497248674463241169e-01 -3.130332284121845610e-01 -5.733629921949301260e-03
9.500227299408519066e-01 -3.121314978605153057e-01 -5.544464398670132313e-03
9.503051913262047234e-01 -3.112737222688574112e-01 -5.358508008371179292e-03
9.505726411340046367e-01 -3.104591180936830952e-01 -5.175940802367250300e-03
9.508254744258046731e-01 -3.096868551075923626e-01 -4.996938888633663430e-03
9.510640916543515733e-01 -3.089560574964231865e-01 -4.821674229533608018e-03
9.512888985349349236e-01 -3.082658050108032510e-01 -4.650314445975483116e-03
9.515003059252568063e-01 -3.076151341698976083e-01 -4.483022628244627897e-03
9.516987297121973777e-01 -3.070030395150456504e-01 -4.319957153738879403e-03
9.518845907038059329e-01 -3.064284749109214001e-01 -4.161271511822089292e-03
9.520583145248097123e-01 -3.058903548918008308e-01 -4.007114135994233224e-03
9.522203315139102786e-01 -3.053875560504727416e-01 -3.857628243560996990e-03
9.523710766211243017e-01 -3.049189184672886910e-01 -3.712951682969799997e-03
9.525109893034250375e-01 -3.044832471768130766e-01 -3.573216788963120682e-03
9.526405134169507738e-01 -3.040793136695045251e-01 -3.438550245683785235e-03
9.527600971040688371e-01 -3.037058574258360566e-01 -3.309072957850555090e-03
9.528701926736153904e-01 -3.033615874802444434e-01 -3.184899930105981967e-03
9.529712564726758872e-01 -3.030451840122865281e-01 -3.066140154622092225e-03
9.530637487483222259e-01 -3.027552999623754348e-01 -2.952896507033067868e-03
9.531481334977883746e-01 -3.024905626694685545e-01 -2.845265650747760833e-03
9.532248783056365138e-01 -3.022495755280865115e-01 -2.743337949678610697e-03
9.532944541665484550e-01 -3.020309196620536984e-01 -2.647197389407423412e-03
9.533573352924659128e-01 -3.018331556123695636e-01 -2.556921506792524806e-03
9.534139989029011275e-01 -3.016548250366434258e-01 -2.472581328006072995e-03
9.534649249973423668e-01 -3.014944524175566243e-01 -2.394241314974858773e-03
9.535105961087909643e-01 -3.013505467778500591e-01 -2.321959320182772398e-03
9.535514970375815746e-01 -3.012216033993784237e-01 -2.255786549778325805e-03
9.535881145647594481e-01 -3.011061055438181699e-01 -2.195767534916238852e-03
9.536209371444135385e-01 -3.010025261726693713e-01 -2.141940111248161020e-03
9.536504545744933781e-01 -3.009093296642496029e-01 -2.094335406464172770e-03
9.536771576457698796e-01 -3.008249735254402424e-01 -2.052977835773813972e-03
9.537015377687346751e-01 -3.007479100960132046e-01 -2.017885105203090675e-03
9.537240865783664923e-01 -3.006765882434386805e-01 -1.989068222572238937e-03
9.537452955168306268e-01 -3.006094550461502757e-01 -1.966531516008023298e-03
9.537656553943132387e-01 -3.005449574633242138e-01 -1.950272659834061378e-03
9.537856559283269808e-01 -3.004815439893130935e-01 -1.940282707673118444e-03
9.538057852619590271e-01 -3.004176662909614492e-01 -1.936546132586556461e-03
9.538265294616637968e-01 -3.003517808261203514e-01 -1.939040874068156993e-03
9.538483719953326778e-01 -3.002823504417699296e-01 -1.947738391702422524e-03
9.538717931914980630e-01 -3.002078459502531271e-01 -1.962603725291185881e-03
9.538972696806524709e-01 -3.001267476822190305e-01 -1.983595561246968061e-03
9.539252738197800952e-01 -3.000375470149711510e-01 -2.010666305047012752e-03
9.539562731013115915e-01 -2.999387478750125680e-01 -2.043762159538315467e-03
9.539907295478219362e-01 -2.998288682136774908e-01 -2.082823208881245339e-03
9.540290990938905535e-01 -2.997064414548351596e-01 -2.127783507917546408e-03
9.540718309566424971e-01 -2.995700179137479879e-01 -2.178571176747572547e-03
9.541193669965756241e-01 -2.994181661862602706e-01 -2.235108500301566208e-03
9.541721410703644102e-01 -2.992494745075865992e-01 -2.297312032690602100e-03
9.542305783774054362e-01 -2.990625520800591075e-01 -2.365092706124477962e-03
9.542950948019391921e-01 -2.988560303692801012e-01 -2.438355944186304351e-03
9.543660962526440139e-01 -2.986285643682113355e-01 -2.517001779256793689e-03
9.544439780016513719e-01 -2.983788338288113628e-01 -2.600924973885256845e-03
9.545291240249794695e-01 -2.981055444609088112e-01 -2.690015145909014499e-03
9.546219063464183030e-01 -2.978074290980721184e-01 -2.784156897128300771e-03
9.547226843869328627e-01 -2.974832488303028044e-01 -2.883229945349706676e-03
9.548318043216714734e-01 -2.971317941034419263e-01 -2.987109259617746516e-03
9.549495984466834786e-01 -2.967518857852359804e-01 -3.095665198461162917e-03
9.550763845574558042e-01 -2.963423761980595317e-01 -3.208763650988055889e-03
9.552124653413796018e-01 -2.959021501183367042e-01 -3.326266180671767509e-03
9.553581277862482901e-01 -2.954301257427434102e-01 -3.448030171677617800e-03
9.555136426068742139e-01 -2.949252556213039500e-01 -3.573908977588978290e-03
9.556792636918860495e-01 -2.943865275575228146e-01 -3.703752072399752251e-03
9.558552275727414393e-01 -2.938129654757124509e-01 -3.837405203648999036e-03
9.560417529169491502e-01 -2.932036302556907947e-01 -3.974710547582154321e-03
9.562390400474515273e-01 -2.925576205350302605e-01 -4.115506866231949563e-03
9.564472704900667255e-01 -2.918740734790401525e-01 -4.259629666320698289e-03
9.566666065508320216e-01 -2.911521655186592450e-01 -4.406911359893977802e-03
9.568971909250235663e-01 -2.903911130564237331e-01 -4.557181426603834282e-03
9.571391463395588772e-01 -2.895901731406585466e-01 -4.710266577567440334e-03
9.573925752304099923e-01 -2.887486441080164279e-01 -4.865990920734514398e-03
9.576575594565719385e-01 -2.878658661944614727e-01 -5.024176127703749474e-03
9.579341600520436817e-01 -2.869412221147596420e-01 -5.184641601934916223e-03
9.582224170171835809e-01 -2.859741376105009447e-01 -5.347204648309135042e-03
9.585223491507023352e-01 -2.849640819666354741e-01 -5.511680643995017607e-03
9.588339539234510545e-01 -2.839105684964589593e-01 -5.677883210582899964e-03
9.591572073950547228e-01 -2.828131549949335355e-01 -5.845624387453152680e-03
9.594920641743253098e-01 -2.816714441601772534e-01 -6.014714806347580718e-03
9.598384574242722067e-01 -2.804850839828999520e-01 -6.184963867115099261e-03
9.601962989124047665e-01 -2.792537681035065500e-01 -6.356179914604232623e-03
9.605654791068961584e-01 -2.779772361365305255e-01 -6.528170416675442220e-03
9.609458673190478528e-01 -2.766552739620009582e-01 -6.700742143305877564e-03
9.613373118923622673e-01 -2.752877139832877740e-01 -6.873701346757813725e-03
9.617396404383945496e-01 -2.738744353509104945e-01 -7.046853942779787890e-03
9.621518525285369661e-01 -2.724183900123977597e-01 -7.213455609223206298e-03
9.625732930552514111e-01 -2.709211875012695336e-01 -7.373340187225310705e-03
9.630033004515904382e-01 -2.693844796705065492e-01 -7.526348434422571246e-03
9.634412081766157154e-01 -2.678099592224454373e-01 -7.672328203445786220e-03
9.638863461913457220e-01 -2.661993581815559340e-01 -7.811134616155907505e-03
9.643380424206412505e-01 -2.645544463098964960e-01 -7.942630233243236360e-03
9.647956241964947832e-01 -2.628770294652409967e-01 -8.066685218800804386e-03
9.652584196782595383e-01 -2.611689479020762317e-01 -8.183177499472886474e-03
9.657257592454453476e-01 -2.594320745158820718e-01 -8.291992917771943278e-03
9.661969768588141161e-01 -2.576683130313279224e-01 -8.393025379151724044e-03
9.666714113856347268e-01 -2.558795961352415271e-01 -8.486176992421066989e-03
9.671484078850975941e-01 -2.540678835554354142e-01 -8.571358203081956909e-03
9.676273188500499334e-01 -2.522351600867050458e-01 -8.648487919176826508e-03
9.681075054013910108e-01 -2.503834335655433230e-01 -8.717493629233819333e-03
9.685883384316568145e-01 -2.485147327953440843e-01 -8.778311511904840145e-03
9.690691996945373088e-01 -2.466311054240942213e-01 -8.830886536899628519e-03
9.695494828372905882e-01 -2.447346157767757158e-01 -8.875172556829801634e-03
9.700285943732600558e-01 -2.428273426449153172e-01 -8.911132389589763655e-03
9.705059545919541009e-01 -2.409113770359301854e-01 -8.938737890916460815e-03
9.709809984044116549e-01 -2.389888198851181644e-01 -8.957970016787157597e-03
9.714531761218571093e-01 -2.370617797333348375e-01 -8.968818875333565976e-03
9.719219541659345207e-01 -2.351323703735797022e-01 -8.971283767971648115e-03
9.723868157091081210e-01 -2.332027084698847230e-01 -8.965373219469210606e-03
9.728472612441222411e-01 -2.312749111520549794e-01 -8.951104996697696256e-03
9.733028090817227307e-01 -2.293510935899547853e-01 -8.928506115840426777e-03
9.737529957761595911e-01 -2.274333665511618641e-01 -8.897612837856576709e-03
9.741973764783082856e-01 -2.255238339459262886e-01 -8.858470652028401990e-03
9.746355252165677108e-01 -2.236245903634692112e-01 -8.811134247448363863e-03
9.750670351060123364e-01 -2.217377186037391146e-01 -8.755667472332728449e-03
9.754915184865954325e-01 -2.198652872088093513e-01 -8.692143281078730868e-03
9.759086069915130501e-01 -2.180093479981506099e-01 -8.620643669013347207e-03
9.763179515471485104e-01 -2.161719336120448420e-01 -8.541259594812843775e-03
9.767192223063191348e-01 -2.143550550674241939e-01 -8.454090890603548417e-03
9.771121085168387177e-01 -2.125606993304189618e-01 -8.359246159785364491e-03
9.774963183276945689e-01 -2.107908269098828224e-01 -8.256842662650374157e-03
9.778715785354057388e-01 -2.090473694761331158e-01 -8.147006189899297715e-03
9.782376342733885011e-01 -2.073322275090976607e-01 -8.029870924188303727e-03
9.785942486473960811e-01 -2.056472679799994929e-01 -7.905579289867747245e-03
9.789412023203265534e-01 -2.039943220706368354e-01 -7.774281791102560270e-03
9.792782930498997729e-01 -2.023751829342292086e-01 -7.636136838591173898e-03
9.796053351828947209e-01 -2.007916035017014711e-01 -7.491310565125935787e-03
9.799221591098078443e-01 -1.992452943371679219e-01 -7.339976630262816555e-03
9.802286106839419588e-01 -1.977379215462587714e-01 -7.182316014391764043e-03
9.805245506090618512e-01 -1.962711047408023102e-01 -7.018516802521288823e-03
9.808098537998581889e-01 -1.948464150632386593e-01 -6.848773958111634141e-03
9.810844087195439434e-01 -1.934653732739972654e-01 -6.673289087310248224e-03
9.813481166989648230e-01 -1.921294479049198978e-01 -6.492270193961115904e-03
9.816008912416418486e-01 -1.908400534816556415e-01 -6.305931425775883163e-03
9.818426573191751938e-01 -1.895985488177953648e-01 -6.114492812069577399e-03
9.820733506614272024e-01 -1.884062353833506898e-01 -5.918179993477106979e-03
9.822929170458655213e-01 -1.872643557500181244e-01 -5.717223944078656840e-03
9.825013115903907801e-01 -1.861740921155037032e-01 -5.511860686372607558e-03
9.826984980538892023e-01 -1.851365649090167542e-01 -5.302330999543715222e-03
9.828844481486489482e-01 -1.841528314798764054e-01 -5.088880121482109581e-03
9.830591408686529808e-01 -1.832238848710089629e-01 -4.871757445015184422e-03
9.832225618376142506e-01 -1.823506526789516746e-01 -4.651216208819819627e-03
9.833747026804547930e-01 -1.815339960018169663e-01 -4.427513183486564592e-03
9.835155604217431513e-01 -1.807747084765129741e-01 -4.200908353210613261e-03
9.836451369144043611e-01 -1.800735154063605736e-01 -3.971664593586584149e-03
9.837634383017951345e-01 -1.794310729800945026e-01 -3.740047345985458849e-03
9.838704745160045118e-01 -1.788479675830878246e-01 -3.506324288992537265e-03
9.839662588149892253e-01 -1.783247152014930115e-01 -3.270765007385064479e-03
9.840508073608944528e-01 -1.778617609198515082e-01 -3.033640659127324977e-03
9.841241388416369640e-01 -1.774594785125849228e-01 -2.795223640859579271e-03
9.841862741375457801e-01 -1.771181701296469790e-01 -2.555787252355267661e-03
9.842372360345676974e-01 -1.768380660764830303e-01 -2.315605360418541026e-03
9.842770489852464832e-01 -1.766193246883161760e-01 -2.074952062691407320e-03
9.843057389183860195e-01 -1.764620322986533429e-01 -1.834101351836691382e-03
9.843233330980024620e-01 -1.763662033017817932e-01 -1.593326780559605393e-03
9.843298600318660663e-01 -1.763317803089060332e-01 -1.352901127927086345e-03
9.843253494296275719e-01 -1.763586343974561377e-01 -1.113096067440166783e-03
9.843098322102211695e-01 -1.764465654529817074e-01 -8.741818373105461181e-04
9.842833405579365369e-01 -1.765953026029296047e-01 -6.364269133882229611e-04
9.842459080262568882e-01 -1.768045047414887327e-01 -4.000976851825283108e-04
9.841975696882721003e-01 -1.770737611445706294e-01 -1.654581354141668593e-04
9.841383623321966478e-01 -1.774025921738805467e-01 6.723047646909572359e-05
9.840683247002501854e-01 -1.777904500689193312e-01 2.977099263856903860e-04
9.839874977688997104e-01 -1.782367198256422369e-01 5.257253329005548859e-04
9.838959250682151048e-01 -1.787407201603854745e-01 7.510254592764458673e-04
9.837936530378561528e-01 -1.793017045575561186e-01 9.733630098864201174e-04
9.836807314169893068e-01 -1.799188623994643077e-01 1.192494920584276667e-03
9.835572136652304120e-01 -1.805913201765600162e-01 1.408182642636857584e-03
9.834231574115236407e-01 -1.813181427762187992e-01 1.620192419829715597e-03
9.832786249276964652e-01 -1.820983348481023945e-01 1.828295558365859589e-03
9.831236836232841725e-01 -1.829308422440016069e-01 2.032268689186106890e-03
9.829584065580837526e-01 -1.838145535299494093e-01 2.231894022349086883e-03
9.827828729687897447e-01 -1.847483015682736263e-01 2.426959593119184209e-03
9.825971688059718101e-01 -1.857308651671396860e-01 2.617259499421745531e-03
9.824013872775880785e-01 -1.867609707950162734e-01 2.802594130336730389e-03
9.821956293951789041e-01 -1.878372943573805021e-01 2.982770385314736754e-03
9.819800045188585846e-01 -1.889584630328643433e-01 3.157601883812952408e-03
9.817546308972208147e-01 -1.901230571659322521e-01 3.326909165063172621e-03
9.815196361982863049e-01 -1.913296122130704324e-01 3.490519877699532932e-03
9.812751580276617425e-01 -1.925766207393634355e-01 3.648268958990094884e-03
9.810213444301352226e-01 -1.938625344622322832e-01 3.799998803433864321e-03
9.807583543710142182e-01 -1.951857663390126896e-01 3.945559420503215974e-03
9.804863581936080763e-01 -1.965446926949620809e-01 4.084808581331033327e-03
9.802055380493776005e-01 -1.979376553882004897e-01 4.217611954162099608e-03
9.799160882974078390e-01 -1.993629640080141208e-01 4.343843228409392104e-03
9.796182158700156295e-01 -2.008188981028824482e-01 4.463384227177825958e-03
9.793121406014717589e-01 -2.023037094345298270e-01 4.576125008140691577e-03
9.789980955170048960e-01 -2.038156242542526475e-01 4.681963952677364871e-03
9.786763270794537339e-01 -2.053528455977321754e-01 4.780807843204850326e-03
9.783470953911462820e-01 -2.069135555945136318e-01 4.872571928660179158e-03
9.780106743488105048e-01 -2.084959177883129455e-01 4.957179978115607531e-03
9.776673517495565457e-01 -2.100980794643047822e-01 5.034564322533748026e-03
9.773174293462140172e-01 -2.117181739795494233e-01 5.104665884695214206e-03
9.769612228505608620e-01 -2.133543230927326118e-01 5.167434197356841202e-03
9.765990618832385284e-01 -2.150046392894197911e-01 5.222827409724032678e-03
9.762312898694103236e-01 -2.166672280990676047e-01 5.270812282346081998e-03
9.758582638794880415e-01 -2.183401904000877858e-01 5.311364170568354422e-03
9.754803544145175254e-01 -2.200216247093237931e-01 5.344466996699806863e-03
9.750979451360838324e-01 -2.217096294523780986e-01 5.370113211078393622e-03
9.747114325408638980e-01 -2.234023052113165708e-01 5.388303742240292335e-03
9.743212255802171651e-01 -2.250977569463775696e-01 5.399047936421461774e-03
9.739277452254671008e-01 -2.267940961884247209e-01 5.402363486641734158e-03
9.735314239797805413e-01 -2.284894431990045771e-01 5.398276351642248769e-03
9.731327053378004965e-01 -2.301819290950030683e-01 5.386820664966535457e-03
9.727320431944288526e-01 -2.318696979350355070e-01 5.368038634493786827e-03
9.723299012043860046e-01 -2.335509087648557636e-01 5.341980432749734130e-03
9.719267520943980498e-01 -2.352237376192276297e-01 5.308704078336000040e-03
9.715230769300700064e-01 -2.368863794778661713e-01 5.268275308832733039e-03
9.711193643397049158e-01 -2.385370501732277937e-01 5.220767445541697575e-03
9.707161096975116532e-01 -2.401739882481033206e-01 5.166261250447707828e-03
9.703138142688195744e-01 -2.417954567611479699e-01 5.104844775785349897e-03
9.699129843200745560e-01 -2.433997450386650163e-01 5.036613206605258623e-03
9.695141301965353176e-01 -2.449851703711441731e-01 4.961668696739834038e-03
9.691177653707184758e-01 -2.465500796532415495e-01 4.880120198572122231e-03
9.687244054647541347e-01 -2.480928509660730863e-01 4.792083287013720883e-03
9.683345672499112933e-01 -2.496118951008772791e-01 4.697679978097967814e-03
9.679487676266368412e-01 -2.511056570232851892e-01 4.597038542593372482e-03
9.675675225885169706e-01 -2.525726172776139866e-01 4.490293315039303908e-03
9.671913461736225681e-01 -2.540112933307744347e-01 4.377584498601387944e-03
9.668207494067366792e-01 -2.554202408555523718e-01 4.259057966137972696e-03
9.664562392359818954e-01 -2.567980549531866941e-01 4.134865057861438452e-03
9.660983174673725138e-01 -2.581433713153234999e-01 4.005162375969168603e-03
9.657474797008079870e-01 -2.594548673255736015e-01 3.870111576608708560e-03
9.654042142710014263e-01 -2.607312631010416104e-01 3.729879159530170938e-03
9.650690011968017235e-01 -2.619713224743262514e-01 3.584636255766338216e-03
9.647423111423172326e-01 -2.631738539166126323e-01 3.434558413667337246e-03
9.644246043931901102e-01 -2.643377114025898811e-01 3.279825383602275046e-03
9.641163298512936963e-01 -2.654617952180277629e-01 3.120620901624996616e-03
9.638179240510447165e-01 -2.665450527109379797e-01 2.957132472385235432e-03
9.635298102004233867e-01 -2.675864789873240168e-01 2.789551151550028092e-03
9.632523972496914721e-01 -2.685851175525927337e-01 2.618071327983465067e-03
9.629860789906850016e-01 -2.695400608997578495e-01 2.442890505915778967e-03
9.627312331894335440e-01 -2.704504510456112731e-01 2.264209087315558096e-03
9.624882207547292845e-01 -2.713154800160729740e-01 2.082230154661636815e-03
9.622573849451319106e-01 -2.721343902819542970e-01 1.897159254294072169e-03
9.620390506167503242e-01 -2.729064751463816108e-01 1.709204180506695070e-03
9.618335235139940931e-01 -2.736310790851306241e-01 1.518574760527133857e-03
9.616410896053322332e-01 -2.743075980411129322e-01 1.325482640514048490e-03
9.614620144659388190e-01 -2.749354796742399243e-01 1.130141072685710187e-03
9.612965427089417147e-01 -2.755142235678611495e-01 9.327647036790903548e-04
9.611448974668254097e-01 -2.760433813929403235e-01 7.335693642243873002e-04
9.610072799243706276e-01 -2.765225570310870240e-01 5.327718602065067456e-04
9.608838689043435188e-01 -2.769514066575126665e-01 3.305897651724925895e-04
9.607748205069741587e-01 -2.773296387849199518e-01 1.272412143323484158e-04
9.606802678040935461e-01 -2.776570142692723064e-01 -7.705529990982627579e-05
9.606003205886232132e-01 -2.779333462783199482e-01 -2.820811308669090504e-04
9.605350651799392514e-01 -2.781585002236852677e-01 -4.876176789028717766e-04
9.604845642854604737e-01 -2.783323936572331125e-01 -6.934465911779223854e-04
9.604488569186366842e-01 -2.784549961323698475e-01 -8.993499597986160440e-04
9.604279583733444925e-01 -2.785263290308335749e-01 -1.105110518371619794e-03
9.604218602545282479e-01 -2.785464653554524661e-01 -1.310511836963339661e-03
9.604305305647556912e-01 -2.785155294892638911e-01 -1.515338515469917373e-03
9.604539138461952730e-01 -2.784336969213024315e-01 -1.719376375403193014e-03
9.604919313773582212e-01 -2.783011939392810996e-01 -1.922412650098097612e-03
9.605444814237911189e-01 -2.781182972893085359e-01 -2.124236173345658407e-03
9.606114395417473251e-01 -2.778853338027056363e-01 -2.324637566453340454e-03
9.606926589337156930e-01 -2.776026799899090070e-01 -2.523409423730909196e-03
9.607879708545349340e-01 -2.772707616013770360e-01 -2.720346496395374247e-03
9.608971850666803149e-01 -2.768900531553468158e-01 -2.915245874882967190e-03
9.610200903431683761e-01 -2.764610774322282527e-01 -3.107907169549526793e-03
9.611564550163926857e-01 -2.759844049353653017e-01 -3.298132689733233262e-03
9.613060275710730851e-01 -2.754606533178450833e-01 -3.485727621145361371e-03
9.614685372793790874e-01 -2.748904867749921710e-01 -3.670500201545752895e-03
9.616436948761686310e-01 -2.742746154021503124e-01 -3.852261894650065889e-03
9.618311932721732571e-01 -2.736137945173255925e-01 -4.030827562205670754e-03
9.620307083028547535e-01 -2.729088239482462264e-01 -4.206015634162399257e-03
9.622418995105601613e-01 -2.721605472833817374e-01 -4.377648276853302045e-03
9.624644109575116735e-01 -2.713698510864622770e-01 -4.545551559089268910e-03
9.626978720670822387e-01 -2.705376640740448368e-01 -4.709555616059838377e-03
9.629418984907336387e-01 -2.696649562556869828e-01 -4.869494810920954771e-03
9.631960929979243025e-01 -2.687527380363139984e-01 -5.025207893938845108e-03
9.634600463862348363e-01 -2.678020592803959099e-01 -5.176538159047745086e-03
9.637333384089081800e-01 -2.668140083375933891e-01 -5.323333597667951125e-03
9.640155387169591084e-01 -2.657897110295813214e-01 -5.465447049619757101e-03
9.643062078129742698e-01 -2.647303295978158943e-01 -5.602736350958315015e-03
9.646048980137006401e-01 -2.636370616120787269e-01 -5.735064478544437370e-03
9.649111544185065004e-01 -2.625111388397045609e-01 -5.862299691156937741e-03
9.652245158807941650e-01 -2.613538260754811882e-01 -5.984315666943360382e-03
9.655445159794506793e-01 -2.601664199322984428e-01 -6.100991636997960509e-03
9.658706839874364736e-01 -2.589502475927176195e-01 -6.212212514848644562e-03
9.662025458346416018e-01 -2.577066655217343238e-01 -6.317869021628333935e-03
9.665396250621721697e-01 -2.564370581411131167e-01 -6.417857806700940325e-03
9.668814437652795135e-01 -2.551428364657839509e-01 -6.512081563507901225e-03
9.672275235221998724e-01 -2.538254367029046388e-01 -6.600449140398053846e-03
9.675773863062410163e-01 -2.524863188143131043e-01 -6.682875646201581407e-03
9.679305553785298999e-01 -2.511269650432133016e-01 -6.759282550307901816e-03
9.682858121760862247e-01 -2.497519429963641902e-01 -6.823006442337302586e-03
9.686422755275199137e-01 -2.483644309052469301e-01 -6.874011326856555026e-03
9.689990796296132913e-01 -2.469676186119474370e-01 -6.912274915030880429e-03
9.693553753256418659e-01 -2.455647041537714348e-01 -6.937788695901842516e-03
9.697103312558548183e-01 -2.441588902954715257e-01 -6.950557992158417492e-03
9.700631348779323870e-01 -2.427533810139528014e-01 -6.950601999852786331e-03
9.704129933558813814e-01 -2.413513779406521176e-01 -6.937953811553920595e-03
9.707591343164817532e-01 -2.399560767670879946e-01 -6.912660422476670126e-03
9.711008064730608513e-01 -2.385706636193498931e-01 -6.874782719171398070e-03
9.714372801170362282e-01 -2.371983114075370824e-01 -6.824395450408859108e-03
9.717678474783373321e-01 -2.358421761563677110e-01 -6.761587179946605686e-03
9.720918229564792234e-01 -2.345053933233558763e-01 -6.686460220916248809e-03
9.724085432247215888e-01 -2.331910741110999885e-01 -6.599130551625067599e-03
9.727173672103928137e-01 -2.319023017803375220e-01 -6.499727712620260826e-03
9.730176759550949184e-01 -2.306421279705016814e-01 -6.388394684919221529e-03
9.733088723591195590e-01 -2.294135690345625589e-01 -6.265287749364166665e-03
9.735903808150018213e-01 -2.282196023949528696e-01 -6.130576327113889355e-03
9.738616467357079642e-01 -2.270631629273646424e-01 -5.984442801338978220e-03
9.741221359834940641e-01 -2.259471393791613880e-01 -5.827082320239236959e-03
9.743713342059828753e-01 -2.248743708290812937e-01 -5.658702581552882069e-03
9.746087460864787388e-01 -2.238476431948127621e-01 -5.479523598776205734e-03
9.748338945159786828e-01 -2.228696857949056809e-01 -5.289777449359420181e-03
9.750463196947306566e-01 -2.219431679713433359e-01 -5.089708005189205048e-03
9.752455781715435590e-01 -2.210706957789415339e-01 -4.879570645710880339e-03
9.754312418293581421e-01 -2.202548087475671434e-01 -4.659631954082925527e-03
9.756028968258482204e-01 -2.194979767229789935e-01 -4.430169396793757867e-03
9.757601424980282268e-01 -2.188025967918930115e-01 -4.191470987205092071e-03
9.759025902400042529e-01 -2.181709902966627868e-01 -3.943834933517912505e-03
9.760298623631101789e-01 -2.176053999447479792e-01 -3.687569271686024722e-03
9.761415909477250130e-01 -2.171079870179201399e-01 -3.422991483828402917e-03
9.762374166960698929e-01 -2.166808286859281674e-01 -3.150428102715180367e-03
9.763169877952286857e-01 -2.163259154291179154e-01 -2.870214302923246655e-03
9.763799587995332097e-01 -2.160451485742731215e-01 -2.582693479276160047e-03
9.764259895412950030e-01 -2.158403379477193129e-01 -2.288216813199605779e-03
9.764547440786568444e-01 -2.157131996495107173e-01 -1.987142827638135878e-03
9.764658896890779927e-01 -2.156653539523028240e-01 -1.679836931191574893e-03
9.764590959166571382e-01 -2.156983233283018830e-01 -1.366670952140526096e-03
9.764340336811412335e-01 -2.158135306074769055e-01 -1.048022663040048229e-03
9.763903744560659126e-01 -2.160122972700213584e-01 -7.242752965690469084e-04
9.763277895230288994e-01 -2.162958418758595125e-01 -3.958170533304492368e-04
9.762459493086098616e-01 -2.166652786338073844e-01 -6.304060230404696192e-05
9.761445228099264737e-01 -2.171216161128191879e-01 2.736574253398025625e-04
9.760231771142573454e-01 -2.176657560975777395e-01 6.138769483514029028e-04
9.758815770175687243e-01 -2.182984925905186446e-01 9.572149527177454750e-04
9.757193847461606007e-01 -2.190205109622153923e-01 1.303266013457220337e-03
9.755362597850026907e-01 -2.198323872518904709e-01 1.651622820160683668e-03
9.753318588156595359e-01 -2.207345876196595280e-01 2.001876705540005415e-03
9.751058357660178366e-01 -2.217274679519560809e-01 2.353618176238217192e-03
9.748578419733271438e-01 -2.228112736214240552e-01 2.706437445147876365e-03
9.745875264613514943e-01 -2.239861394024022512e-01 3.059924964476201485e-03
9.742945363317123686e-01 -2.252520895429572234e-01 3.413671958786937063e-03
9.739785172687789316e-01 -2.266090379942463928e-01 3.767270957239772771e-03
9.736391141567443119e-01 -2.280567887978116604e-01 4.120316324238565420e-03
9.732759718068094701e-01 -2.295950366312119184e-01 4.472404787689667101e-03
9.728887357916937706e-01 -2.312233675122006560e-01 4.823135964061510406e-03
9.724770533839988129e-01 -2.329412596614394704e-01 5.172112879426340321e-03
9.720405745942801712e-01 -2.347480845235102587e-01 5.518942485654895411e-03
9.715789533040318782e-01 -2.366431079457456677e-01 5.863236170925050991e-03
9.710918484881609913e-01 -2.386254915141385879e-01 6.204610263696241218e-03
9.705789255209372746e-01 -2.406942940453172253e-01 6.542686529293142116e-03
9.700398575588402572e-01 -2.428484732332812923e-01 6.877092658234849019e-03
9.694743269932007967e-01 -2.450868874492873051e-01 7.207462745439968850e-03
9.688820269650503247e-01 -2.474082976929476152e-01 7.533437759433952823e-03
9.682626629341504199e-01 -2.498113696922683591e-01 7.854666000682894444e-03
9.676159542937802227e-01 -2.522946761499973989e-01 8.170803548178269191e-03
9.669416360225132623e-01 -2.548566991332853471e-01 8.481514693399931984e-03
9.662394603639217205e-01 -2.574958326032827371e-01 8.786472360790489530e-03
9.655091985249049102e-01 -2.602103850809046603e-01 9.085358513883088835e-03
9.647506423831521127e-01 -2.629985824445960074e-01 9.377864546237074314e-03
9.639636061941221357e-01 -2.658585708555233906e-01 9.663691656352038986e-03
9.631479282878490089e-01 -2.687884198052102880e-01 9.942551205750722876e-03
9.623034727458692483e-01 -2.717861252802216687e-01 1.021416505944518389e-02
9.614301310486123020e-01 -2.748496130380946867e-01 1.047826590802883664e-02
9.605278236836973793e-01 -2.779767419883076851e-01 1.073459757066935229e-02
9.595965017057408453e-01 -2.811653076716846278e-01 1.098291527831417140e-02
9.586361482384964106e-01 -2.844130458312460474e-01 1.122298593646140451e-02
9.576467799104217971e-01 -2.877176360671489519e-01 1.145458836689427183e-02
9.566284482150925195e-01 -2.910767055680050786e-01 1.167751352782675153e-02
9.555812407882612325e-01 -2.944878329105379278e-01 1.189156471196171037e-02
9.545052825937864194e-01 -2.979485519192319187e-01 1.209655772202026212e-02
9.534007370111267088e-01 -3.014563555773504544e-01 1.229232102336226887e-02
9.522678068176121391e-01 -3.050086999804519361e-01 1.247869587338235227e-02
9.511067350592565806e-01 -3.086030083233201604e-01 1.265553642743341700e-02
9.499178058044643880e-01 -3.122366749110477846e-01 1.282270982109993615e-02
9.487013447756041939e-01 -3.159070691848738788e-01 1.298009622871586916e-02
9.474577198540673484e-01 -3.196115397532776625e-01 1.312758889809657013e-02
9.461873414550981964e-01 -3.233474184187753453e-01 1.326509416152997847e-02
9.448906627693669513e-01 -3.271120241908548332e-01 1.339253142314928043e-02
9.435681798689542488e-01 -3.309026672755141507e-01 1.350983312288659734e-02
9.422204316761205733e-01 -3.347166530319484190e-01 1.361694467728456932e-02
9.408479997939424022e-01 -3.385512858870507458e-01 1.371382439751947686e-02
9.394515081986011262e-01 -3.424038731985614703e-01 1.380044338506524436e-02
9.380316227938101381e-01 -3.462717290579112039e-01 1.387678540550175629e-02
9.365890508285515947e-01 -3.501521780240587356e-01 1.394284674104291979e-02
9.351245401799643808e-01 -3.540425587799216345e-01 1.399863602242937093e-02
9.336388785038759464e-01 -3.579402277033358337e-01 1.404417404089703704e-02
9.321328922560953023e-01 -3.618425623448551787e-01 1.407949354099569464e-02
9.306074455881807594e-01 -3.657469648051139277e-01 1.410463899509055603e-02
