1.000000000000000000e+00 0.000000000000000000e+00 0.000000000000000000e+00
9.999999999715096788e-01 -3.268807400166340010e-06 6.804127730710621897e-06
9.999999997255248907e-01 -1.156560199813537758e-05 2.037621389365739682e-05
9.999999988180640065e-01 -2.663910271832891936e-05 4.067233993227463667e-05
9.999999964510603023e-01 -5.022556825947613757e-05 6.764090932310846580e-05
9.999999913450665634e-01 -8.404681741547667022e-05 1.012227275597715043e-04
9.999999815848773510e-01 -1.298082712875128547e-04 1.413510907073762981e-04
9.999999644393480214e-01 -1.891970195653701282e-04 1.879518823947401516e-04
9.999999361568576717e-01 -2.638799130123833199e-04 2.409436791016119402e-04
9.999998917380187313e-01 -3.555016842415759256e-04 3.002378635885577800e-04
9.999998246873875729e-01 -4.656830988207073070e-04 3.657387463079881740e-04
9.999997267460668526e-01 -5.960191386914191758e-04 4.373436946261398416e-04
9.999995876072206302e-01 -7.480772198328247821e-04 5.149432696776628160e-04
9.999993946166382264e-01 -9.233954460430712167e-04 5.984213706668234291e-04
9.999991324605890242e-01 -1.123480900653996964e-03 6.876553864222230113e-04
9.999987828433043457e-01 -1.349807977934368427e-03 7.825163540053619443e-04
9.999983241564993630e-01 -1.603816755876685774e-03 8.828691241673391641e-04
9.999977311434194993e-01 -1.886911412001561787e-03 9.885725334424688617e-04
9.999969745599460724e-01 -2.200458683752540019e-03 1.099479582662601321e-03
9.999960208353376734e-01 -2.545786374993280754e-03 1.215437621671439572e-03
9.999948317352103100e-01 -2.924181910058604519e-03 1.336288540014122540e-03
9.999933640293707793e-01 -3.336890936751242889e-03 1.461868963373774916e-03
9.999915691671182882e-01 -3.785115979617573612e-03 1.592010455523562703e-03
9.999893929626125777e-01 -4.270015144778310269e-03 1.726539725560025497e-03
9.999867752928778275e-01 -4.792700877534325152e-03 1.865278840181018019e-03
9.999836498109703209e-01 -5.354238773913614496e-03 2.008045440769463431e-03
9.999799436767811134e-01 -5.955646447273002693e-03 2.154652965042243989e-03
9.999755773078751186e-01 -6.597892451017630527e-03 2.304910873021892050e-03
9.999704641526871995e-01 -7.281895258452559735e-03 2.458624877087244379e-03
9.999645104883007063e-01 -8.008522300733995555e-03 2.615597175857835559e-03
9.999576152449278776e-01 -8.778589063842601181e-03 2.775626691665508509e-03
9.999496698590935040e-01 -9.592858245458040292e-03 2.938509311365420165e-03
9.999405581573939106e-01 -1.045203897257214812e-02 3.104038130237333441e-03
9.999301562725650960e-01 -1.135678608063774193e-02 3.272003698726713098e-03
9.999183325934440925e-01 -1.230769945501090055e-02 3.442194271773693377e-03
9.999049477502492955e-01 -1.330532343540624662e-02 3.614396060476385807e-03
9.998898546364399786e-01 -1.435014628404708385e-02 3.788393485833245304e-03
9.998728984682409004e-01 -1.544259971815489449e-02 3.963969434307259773e-03
9.998539168827368373e-01 -1.658305850738527043e-02 4.140905514952576520e-03
9.998327400752549110e-01 -1.777184013677951882e-02 4.318982317841784865e-03
9.998091909765616236e-01 -1.900920453576258190e-02 4.497979673529455338e-03
9.997830854702047798e-01 -2.029535387367799315e-02 4.677676913284671383e-03
9.997542326501300813e-01 -2.163043242230928281e-02 4.857853129822178699e-03
9.997224351185026725e-01 -2.301452648579365573e-02 5.038287438258449297e-03
9.996874893234575232e-01 -2.444766439828797988e-02 5.218759237015403729e-03
9.996491859363011434e-01 -2.592981658969839912e-02 5.399048468390801880e-03
9.996073102674820632e-01 -2.746089571973299795e-02 5.578935878510402589e-03
9.995616427204465637e-01 -2.904075688048152887e-02 5.758203276372965244e-03
9.995119592822954147e-01 -3.066919786766684336e-02 5.936633791695063861e-03
9.994580320499616422e-01 -3.234595952064917707e-02 6.114012131258504332e-03
9.993996297904375048e-01 -3.407072613119644516e-02 6.290124833459029459e-03
9.993365185333921152e-01 -3.584312592096103312e-02 6.464760520750913696e-03
9.992684621943397349e-01 -3.766273158752602573e-02 6.637710149678125587e-03
9.991952232263472400e-01 -3.952906091880128980e-02 6.808767258179021856e-03
9.991165632981025002e-01 -4.144157747546225318e-02 6.977728209848070226e-03
9.990322439960093170e-01 -4.339969134103141557e-02 7.144392434835011158e-03
9.989420275478292366e-01 -4.540275993910507235e-02 7.308562667059174608e-03
9.988456775652532205e-01 -4.745008891712477334e-02 7.470045177414480486e-03
9.987429598026619226e-01 -4.954093309598579103e-02 7.628650002639045073e-03
9.986336429292215211e-01 -5.167449748466260151e-02 7.784191169522333871e-03
9.985174993113613562e-01 -5.384993835891519615e-02 7.936486914122568848e-03
9.983943058025938067e-01 -5.606636440301963203e-02 8.085359895667637575e-03
9.982638445375637826e-01 -5.832283791334261225e-02 8.230637404814158606e-03
9.981259037271571488e-01 -6.061837606245291943e-02 8.372151565941690632e-03
9.979802784514545388e-01 -6.295195222233331001e-02 8.509739533162405389e-03
9.978267714472870420e-01 -6.532249734512511619e-02 8.643243679730868920e-03
9.976651938871397007e-01 -6.772890139970536016e-02 8.772511780544056670e-03
9.974953661461485321e-01 -7.017001486226291662e-02 8.897397187428266949e-03
9.973171185539569938e-01 -7.264465025890724792e-02 9.017758996917341063e-03
9.971302921282308995e-01 -7.515158375821089087e-02 9.133462210235497591e-03
9.969347392866793056e-01 -7.768955681145633951e-02 9.244377885208208620e-03
9.967303245344956153e-01 -8.025727783822969585e-02 9.350383279835835365e-03
9.965169251242108617e-01 -8.285342395487850509e-02 9.451361987277270491e-03
9.962944316850466109e-01 -8.547664274322999689e-02 9.547204062004526620e-03
9.960627488189645051e-01 -8.812555405685025545e-02 9.637806136904052828e-03
9.958217956607315902e-01 -9.079875186201372128e-02 9.723071531116570659e-03
9.955715063994564629e-01 -9.349480611044902467e-02 9.802910348424282230e-03
9.953118307592012659e-01 -9.621226464082965890e-02 9.877239566012415220e-03
9.950427344364329851e-01 -9.894965510588944746e-02 9.945983113451139362e-03
9.947641994922507003e-01 -1.017054869219621988e-01 1.000907194176386961e-02
9.944762246975067388e-01 -1.044782532376737905e-01 1.006644408246876871e-02
9.941788258291290870e-01 -1.072664329184538079e-01 1.011804469650177431e-02
9.938720359161531404e-01 -1.100684925434826378e-01 1.016382611295164884e-02
9.935559054341754903e-01 -1.128828884116500203e-01 1.020374785756023896e-02
9.932305024471541621e-01 -1.157080685530722380e-01 1.023777667096423608e-02
9.928959126956981018e-01 -1.185424747426974124e-01 1.026588651667819686e-02
9.925522396312068674e-01 -1.213845445125231737e-01 1.028805857884216787e-02
9.921996043954461886e-01 -1.242327131589572309e-01 1.030428124978099817e-02
9.918381457453677719e-01 -1.270854157418696562e-01 1.031455010744607333e-02
9.914680199232076552e-01 -1.299410890719163436e-01 1.031886788283370437e-02
9.910894004721187978e-01 -1.327981736827551773e-01 1.031724441749760392e-02
9.907024779978161888e-01 -1.356551157848309985e-01 1.030969661129571904e-02
9.903074598769292525e-01 -1.385103691974707840e-01 1.029624836053391786e-02
9.899045699129703779e-01 -1.413623972561072195e-01 1.027693048669069652e-02
9.894940479410347933e-01 -1.442096746915369487e-01 1.025178065592795631e-02
9.890761493825488415e-01 -1.470506894782171448e-01 1.022084328961290339e-02
9.886511447515766715e-01 -1.498839446487121307e-01 1.018416946609521957e-02
9.882193191143797684e-01 -1.527079600715181840e-01 1.014181681400165742e-02
9.877809715041003802e-01 -1.555212741896203066e-01 1.009384939732710894e-02
9.873364142926035480e-01 -1.583224457172671962e-01 1.004033759261686864e-02
9.868859725216676537e-01 -1.611100552925912865e-01 9.981357958549211956e-03
9.864299831958571740e-01 -1.638827070838458633e-01 9.916993098240487609e-03
9.859687945395400055e-01 -1.666390303471834422e-01 9.847331514606563058e-03
9.855027652206322930e-01 -1.693776809340548917e-01 9.772467459124764208e-03
9.850322635437570584e-01 -1.720973427464682071e-01 9.692500774349218154e-03
9.845576666155968493e-01 -1.747967291385077171e-01 9.607536730539852424e-03
9.840793594852973447e-01 -1.774745842626785919e-01 9.517685856771160649e-03
9.835977342628463571e-01 -1.801296843598052810e-01 9.423063766891209142e-03
9.831131892184008514e-01 -1.827608389913777664e-01 9.323790980704302692e-03
9.826261278655757936e-01 -1.853668922134027452e-01 9.219992740752157301e-03
9.821369580317304004e-01 -1.879467236909786731e-01 9.111798825068524732e-03
9.816460909182986860e-01 -1.904992497529729434e-01 8.999343356280900541e-03
9.811539401542103134e-01 -1.930234243863357679e-01 8.882764607430282747e-03
9.806609208454312165e-01 -1.955182401697365679e-01 8.762204804876097194e-03
9.801674486236261474e-01 -1.979827291463566175e-01 8.637809928648270894e-03
9.796739386969074426e-01 -2.004159636358130991e-01 8.509729510602200009e-03
9.791808049055809038e-01 -2.028170569853257055e-01 8.378116430725097638e-03
9.786884587857401785e-01 -2.051851642603665093e-01 8.243126711933876360e-03
9.781973086434867515e-01 -2.075194828751562859e-01 8.104919313695625391e-03
9.777077586424727240e-01 -2.098192531634856806e-01 7.963655924791696386e-03
9.772202079073702974e-01 -2.120837588904475601e-01 7.819500755535795447e-03
9.767350496457734010e-01 -2.143123277057659704e-01 7.672620329745105140e-03
9.762526702909294363e-01 -2.165043315394996615e-01 7.523183276751668584e-03
9.757734486675838648e-01 -2.186591869409806599e-01 7.371360123728966721e-03
9.752977551831009118e-01 -2.207763553619240815e-01 7.217323088596009316e-03
9.748259510458955335e-01 -2.228553433847119403e-01 7.061245873748388593e-03
9.743583875130812366e-01 -2.248957028969118255e-01 6.903303460852718357e-03
9.738954051691028901e-01 -2.268970312131424749e-01 6.743671906927782567e-03
9.734373332369833376e-01 -2.288589711454394604e-01 6.582528141922623643e-03
9.729844889236726191e-01 -2.307812110233094516e-01 6.420049767988810288e-03
9.725371768008417295e-01 -2.326634846646881138e-01 6.256414860631310214e-03
9.720956882223205087e-01 -2.345055712990359309e-01 6.091801771909793016e-03
9.716603007792296021e-01 -2.363072954438195927e-01 5.926388935849955138e-03
9.712312777937116559e-01 -2.380685267356318635e-01 5.760354676212537002e-03
9.708088678520211401e-01 -2.397891797172032879e-01 5.593877016756266217e-03
9.703933043775838652e-01 -2.414692135815529883e-01 5.427133494119974755e-03
9.699848052444972613e-01 -2.431086318745147024e-01 5.260300973438699311e-03
9.695835724317978244e-01 -2.447074821568582803e-01 5.093555466798693060e-03
9.691897917186830247e-01 -2.462658556272065702e-01 4.927071954627008400e-03
9.688036324207398575e-01 -2.477838867069234452e-01 4.761024210102667888e-03
9.684252471670974360e-01 -2.492617525881214435e-01 4.595584626668446082e-03
9.680547717182922396e-01 -2.506996727459069874e-01 4.430924048714964501e-03
9.676923248245093978e-01 -2.520979084159489236e-01 4.267211605502160485e-03
9.673380081237415995e-01 -2.534567620384214903e-01 4.104614548377212048e-03
9.669919060792924181e-01 -2.547765766693368406e-01 3.943298091342733319e-03
9.666540859559372700e-01 -2.560577353602467854e-01 3.783425255024428207e-03
9.663245978339521924e-01 -2.573006605072549746e-01 3.625156714083441721e-03
9.660034746601169342e-01 -2.585058131702449580e-01 3.468650648115345885e-03
9.656907323347062588e-01 -2.596736923631933203e-01 3.314062596075001421e-03
9.653863698333932097e-01 -2.608048343164005023e-01 3.161545314264457753e-03
9.650903693629057090e-01 -2.618998117114391122e-01 3.011248637919532092e-03
9.648026965491991458e-01 -2.629592328895860032e-01 2.863319346429718699e-03
9.645241514668217997e-01 -2.639806998723007170e-01 2.711338897624921643e-03
9.642551224750126604e-01 -2.649632583979587008e-01 2.555485210899775209e-03
9.639959849560657545e-01 -2.659059993420846979e-01 2.395939416723343041e-03
9.637471005053795947e-01 -2.668080593062890915e-01 2.232885652687290057e-03
9.635088161508076343e-01 -2.676686211581011943e-01 2.066510859426036115e-03
9.632814636036690636e-01 -2.684869145226655429e-01 1.897004576599189496e-03
9.630653585436594888e-01 -2.692622162272959030e-01 1.724558739112135161e-03
9.628607999397768014e-01 -2.699938506998976750e-01 1.549367473736351208e-03
9.626680694092484281e-01 -2.706811903222793303e-01 1.371626896276990698e-03
9.624874306163099247e-01 -2.713236557393726156e-01 1.191534909421537811e-03
9.623191287125464344e-01 -2.719207161253738292e-01 1.009291001390058475e-03
9.621633898203659774e-01 -2.724718894078013154e-01 8.250960454947755792e-04
9.620204205610259907e-01 -2.729767424504415674e-01 6.391521007044964273e-04
9.618904076284879867e-01 -2.734348911961247408e-01 4.516622132978807954e-04
9.617735174102215456e-01 -2.738460007702341326e-01 2.628302196787186051e-04
9.616698956559284195e-01 -2.742097855458097699e-01 7.286055041636524030e-05
9.615796671950025409e-01 -2.745260091710592376e-01 -1.180419644346987322e-04
9.615029357033879620e-01 -2.747944845600346908e-01 -3.096722886905118027e-04
9.614397835203403186e-01 -2.750150738471782152e-01 -5.018253720301610321e-04
9.613902715154447609e-01 -2.751876883063766877e-01 -6.942963405932757589e-04
9.613544390060875244e-01 -2.753122882351047296e-01 -8.868806861559641250e-04
9.613323037254247749e-01 -2.753888828041677339e-01 -1.079374453863066402e-03
9.613238618407420333e-01 -2.754175298734913291e-01 -1.271574428497967719e-03
9.613290880219442780e-01 -2.753983357743353122e-01 -1.463278319273569753e-03
9.613479355597713827e-01 -2.753314550582429132e-01 -1.654284943129339606e-03
9.613803365331845541e-01 -2.752170902129699170e-01 -1.844394406519682785e-03
9.614262020252276608e-01 -2.750554913455716122e-01 -2.033408285678210258e-03
9.614854223865261229e-01 -2.748469558327633622e-01 -2.221129805340836191e-03
9.615578675454485857e-01 -2.745918279386087013e-01 -2.407364015908069945e-03
9.616433873638230434e-01 -2.742904983995316237e-01 -2.591917969023402758e-03
9.617418120369688461e-01 -2.739434039765961670e-01 -2.774600891540362265e-03
9.618529525366802391e-01 -2.735510269749458767e-01 -2.955224357845700339e-03
9.619766010956766200e-01 -2.731138947302521602e-01 -3.133602460500299440e-03
9.621125317319167980e-01 -2.726325790619799072e-01 -3.309551979152837355e-03
9.622605008110639568e-01 -2.721076956932461099e-01 -3.482892547674074080e-03
9.624202476452811128e-01 -2.715399036370184094e-01 -3.653446819451897695e-03
9.625914951264376018e-01 -2.709299045483803958e-01 -3.821040630779056965e-03
9.627739503917104313e-01 -2.702784420425752288e-01 -3.985503162256909780e-03
9.629673055194781783e-01 -2.695863009785315900e-01 -4.146667098129574493e-03
9.631712382533204053e-01 -2.688543067075763737e-01 -4.304368783453696272e-03
9.633854127518632904e-01 -2.680833242870445110e-01 -4.458448378999713829e-03
9.636094803621416682e-01 -2.672742576585112606e-01 -4.608750013771086701e-03
9.638430804140872832e-01 -2.664280487903937789e-01 -4.755121935018550607e-03
9.640858410337002082e-01 -2.655456767846982591e-01 -4.897416655617145564e-03
9.643373799724144213e-01 -2.646281569477249573e-01 -5.035491098664632466e-03
9.645973054501303379e-01 -2.636765398245876635e-01 -5.169206739151042430e-03
9.648652170093587888e-01 -2.626919101974546367e-01 -5.298429742540546744e-03
9.651407063778989492e-01 -2.616753860474756999e-01 -5.423031100098745297e-03
9.654233583374611793e-01 -2.606281174804244150e-01 -5.542886760790831716e-03
9.657127515956412944e-01 -2.595512856161549253e-01 -5.657877759569044339e-03
9.660092364234373896e-01 -2.584430512319146334e-01 -5.774465891203827209e-03
9.663128070354373156e-01 -2.573030067774880192e-01 -5.892512708901142572e-03
9.666234435748071174e-01 -2.561307785006398663e-01 -6.011878363219915963e-03
9.669411121153476119e-01 -2.549260268229708304e-01 -6.132421741824490603e-03
9.672657646909736950e-01 -2.536884466862064369e-01 -6.254000610448213690e-03
9.675973393530190592e-01 -2.524177678686034265e-01 -6.376471754992303793e-03
9.679357602556912799e-01 -2.511137552711451004e-01 -6.499691124683681064e-03
9.682809377699228559e-01 -2.497762091731835499e-01 -6.623513976214625773e-03
9.686327686257819591e-01 -2.484049654571747479e-01 -6.747795018785940693e-03
9.689911360835227194e-01 -2.469998958021393520e-01 -6.872388559973706401e-03
9.693559101332712702e-01 -2.455609078454704108e-01 -6.997148652337765312e-03
9.697269477232540735e-01 -2.440879453126990895e-01 -7.121929240687750913e-03
9.701040930163915554e-01 -2.425809881148192904e-01 -7.246584309919761220e-03
9.704871776749878221e-01 -2.410400524127649102e-01 -7.370968033333741461e-03
9.708760211731602974e-01 -2.394651906486270077e-01 -7.494934921338215761e-03
9.712704311365638610e-01 -2.378564915431948257e-01 -7.618339970445292715e-03
9.716702037088741362e-01 -2.362140800594026979e-01 -7.741038812454823469e-03
9.720751239444057612e-01 -2.345381173312665046e-01 -7.862887863722252402e-03
9.724849662261543237e-01 -2.328288005578972031e-01 -7.983744474400132976e-03
9.728994947084624867e-01 -2.310863628621863675e-01 -8.103467077538444030e-03
9.733184637834250141e-01 -2.293110731137690539e-01 -8.221915337923824119e-03
9.737416185700643600e-01 -2.275032357158838503e-01 -8.338950300532655541e-03
9.741686954252249953e-01 -2.256631903557670404e-01 -8.454434538467621441e-03
9.745994224750548218e-01 -2.237913117182401823e-01 -8.568232300241942698e-03
9.750335201658664186e-01 -2.218880091621753536e-01 -8.680209656270039542e-03
9.754707018330945889e-01 -2.199537263595524317e-01 -8.790234644417922738e-03
9.759106742869968487e-01 -2.179889408968561648e-01 -8.898177414461161741e-03
9.763531384136762137e-01 -2.159941638385987073e-01 -9.003910371292970713e-03
9.767977897899420281e-01 -2.139699392527958655e-01 -9.107308316719704006e-03
9.772443193104664028e-01 -2.119168436982706294e-01 -9.208248589676035906e-03
9.776924138256379848e-01 -2.098354856737087160e-01 -9.306611204687287309e-03
9.781417567884678199e-01 -2.077265050284449188e-01 -9.402278988401790993e-03
9.785920289088543278e-01 -2.055905723350171521e-01 -9.495137714011992608e-03
9.790429088134798841e-01 -2.034283882235872476e-01 -9.585076233379103902e-03
9.794940737095748640e-01 -2.012406826783934566e-01 -9.671986606672643150e-03
9.799452000507598015e-01 -1.990282142964681644e-01 -9.755764229333240001e-03
9.803959642031555566e-01 -1.967917695089270447e-01 -9.836307956164518085e-03
9.808460431099366161e-01 -1.945321617652106538e-01 -9.913520222357903242e-03
9.812951149524934413e-01 -1.922502306807372940e-01 -9.987307161252789722e-03
9.817428598063715484e-01 -1.899468411485062402e-01 -1.005757871863367098e-02
9.821889602901578975e-01 -1.876228824152722519e-01 -1.012424876336567164e-02
9.826331022054990427e-01 -1.852792671229958332e-01 -1.018723519417036490e-02
9.830749751664544789e-01 -1.829169303163592497e-01 -1.024646004234495283e-02
9.835142732164157131e-01 -1.805368284172231830e-01 -1.030184957022972810e-02
9.839506954308540054e-01 -1.781399381669860060e-01 -1.035333436523131444e-02
9.843839465042013570e-01 -1.757272555378931733e-01 -1.040084942921250602e-02
9.848137373192156208e-01 -1.732997946144306800e-01 -1.044433426306356529e-02
9.852397854972343438e-01 -1.708585864460211157e-01 -1.048373294627463412e-02
9.856618159277829028e-01 -1.684046778723251314e-01 -1.051899421133442418e-02
9.860795612760702156e-01 -1.659391303225325187e-01 -1.055007151278662854e-02
9.864927624669759254e-01 -1.634630185901076727e-01 -1.057692309078244949e-02
9.869011691442136636e-01 -1.609774295845313452e-01 -1.059951202897534139e-02
9.873045401034398205e-01 -1.584834610616549233e-01 -1.061780630661238699e-02
9.877026436981644064e-01 -1.559822203343547709e-01 -1.063177884468579672e-02
9.880952582174183929e-01 -1.534748229652411755e-01 -1.064140754601761163e-02
9.884821722342284067e-01 -1.509623914432398351e-01 -1.064667532916096365e-02
9.888631849240543392e-01 -1.484460538459224099e-01 -1.064757015601202998e-02
9.892381063524504636e-01 -1.459269424895165701e-01 -1.064408505303813222e-02
9.896067577313232277e-01 -1.434061925685748973e-01 -1.063621812603919234e-02
9.899689716432685804e-01 -1.408849407873251358e-01 -1.062397256837200807e-02
9.903245922335878193e-01 -1.383643239847626161e-01 -1.060735666257932829e-02
9.906734753696968543e-01 -1.358454777555772874e-01 -1.058638377537866361e-02
9.910154887677613544e-01 -1.333295350690343051e-01 -1.056107234597889605e-02
9.913505120865079290e-01 -1.308176248879466541e-01 -1.053144586770613997e-02
9.916784369882785111e-01 -1.283108707898926171e-01 -1.049753286293384109e-02
9.919991671675132405e-01 -1.258103895928378846e-01 -1.045936685132572118e-02
9.923126183469636041e-01 -1.233172899873239692e-01 -1.041698631141383356e-02
9.926187182420496136e-01 -1.208326711773786977e-01 -1.037043463554765226e-02
9.929174064938890432e-01 -1.183576215322942465e-01 -1.031976007826366538e-02
9.932086345716358844e-01 -1.158932172513999631e-01 -1.026501569813839145e-02
9.934923656448685358e-01 -1.134405210439341921e-01 -1.020625929320097269e-02
9.937685744268740518e-01 -1.110005808260896565e-01 -1.014355332999449660e-02
9.940372469897694740e-01 -1.085744284372721497e-01 -1.007696486638791529e-02
9.942983805524963081e-01 -1.061630783775714959e-01 -1.000656546825279269e-02
9.945519832428101337e-01 -1.037675265683977860e-01 -9.932431120131087615e-03
9.947980738344723850e-01 -1.013887491381854078e-01 -9.854642130031732172e-03
9.950366814609247212e-01 -9.902770123501124233e-02 -9.773283028504836309e-03
9.952678453067987929e-01 -9.668531586791387356e-02 -9.688442462152941151e-03
9.954916142786760513e-01 -9.436250277863619806e-02 -9.600213081748746463e-03
9.957080466565706445e-01 -9.206014734544611111e-02 -9.508691425138233316e-03
9.959172097276566271e-01 -8.977910952061853023e-02 -9.413977795116969249e-03
9.961191794038041225e-01 -8.752022280308777158e-02 -9.316176132475637028e-03
9.963140398245236007e-01 -8.528429324770214759e-02 -9.215393884418488640e-03
9.965018829469454165e-01 -8.307209851243334275e-02 -9.111741868565392810e-03
9.966828081244825110e-01 -8.088438694481180080e-02 -9.005334132754510765e-03
9.968569216758349505e-01 -7.872187670877636712e-02 -8.896287810868333534e-03
9.970243364460026347e-01 -7.658525495304231712e-02 -8.784722974910830900e-03
9.971851713609680701e-01 -7.447517702200689982e-02 -8.670762483567870035e-03
9.973395509777029933e-01 -7.239226571012591371e-02 -8.554531827486805406e-03
9.974876050311344278e-01 -7.033711056060906741e-02 -8.436158971514251884e-03
9.976294679796835485e-01 -6.831026720919618211e-02 -8.315774194133535371e-03
9.977652785509592004e-01 -6.631225677369115279e-02 -8.193509924345225223e-03
9.978951792891502803e-01 -6.434356528984586099e-02 -8.069500576235417305e-03
9.980193161056193363e-01 -6.240464319410277128e-02 -7.943882381477218937e-03
9.981378378341493329e-01 -6.049590485362241199e-02 -7.816793220011039600e-03
9.982508957922395787e-01 -5.861772814394113768e-02 -7.688372449148983372e-03
9.983586433497896317e-01 -5.677045407452500914e-02 -7.558760731347849773e-03
9.984612355064411693e-01 -5.495438646240827923e-02 -7.428099860893929568e-03
9.985588284787807467e-01 -5.316979165402918595e-02 -7.296532589741104580e-03
9.986515792985317663e-01 -5.141689829530242395e-02 -7.164202452741643377e-03
9.987396454227860376e-01 -4.969589714989628565e-02 -7.031253592506570178e-03
9.988231843572461521e-01 -4.800694096561344826e-02 -6.897830584129678415e-03
9.989023532933645200e-01 -4.635014438870779796e-02 -6.764078260006072853e-03
9.989773087601817592e-01 -4.472558392590542803e-02 -6.630141534972708479e-03
9.990482062915770900e-01 -4.313329795383615689e-02 -6.496165231994670795e-03
9.991152001095564561e-01 -4.157328677552257767e-02 -6.362293908617010392e-03
9.991784428241128335e-01 -4.004551272351676572e-02 -6.228671684397803915e-03
9.992380851501042605e-01 -3.854990030922031408e-02 -6.095442069533778436e-03
9.992942756415035266e-01 -3.708633641787120738e-02 -5.962747794885351130e-03
9.993471604432846433e-01 -3.565467054863144525e-02 -5.830730643603320926e-03
9.993968830611213994e-01 -3.425471509916166307e-02 -5.699531284554685238e-03
9.994435841489863748e-01 -3.288624569402394393e-02 -5.569289107740249718e-03
9.994874013146519687e-01 -3.154900155621070262e-02 -5.440142061891739371e-03
9.995284689430113945e-01 -3.024268592105656267e-02 -5.312226494431158963e-03
9.995669180370567730e-01 -2.896696649175099433e-02 -5.185676993970098243e-03
9.996028760762716292e-01 -2.772147593563218868e-02 -5.060626235521593907e-03
9.996364668921203789e-01 -2.650581242040721958e-02 -4.937204828592043661e-03
9.996678105602451181e-01 -2.531954018940971163e-02 -4.815541168315527754e-03
9.996970233089125246e-01 -2.416219017497406307e-02 -4.695761289787739497e-03
9.997242174431878459e-01 -2.303326064897452327e-02 -4.577988725751542913e-03
9.997495012842551043e-01 -2.193221790954819408e-02 -4.462344367781006203e-03
9.997729791232460306e-01 -2.085849700299301571e-02 -4.348946331105558137e-03
9.997947511888890526e-01 -1.981150247980514520e-02 -4.237909823210734596e-03
9.998149136282463711e-01 -1.879060918379461126e-02 -4.129347016346754037e-03
9.998335584997634085e-01 -1.779516307319373852e-02 -4.023366924070979032e-03
9.998507737778218329e-01 -1.682448207264956516e-02 -3.920075281945077823e-03
9.998666433679547216e-01 -1.587785695496913424e-02 -3.819574432502470529e-03
9.998812471318605510e-01 -1.495455225146528899e-02 -3.721963214596405323e-03
9.998946609213297254e-01 -1.405380718973021047e-02 -3.627336857233731584e-03
9.999069566201854720e-01 -1.317483665764454873e-02 -3.535786877994153907e-03
9.999182021933309406e-01 -1.231683219241145807e-02 -3.447400986129433957e-03
9.999284617419910148e-01 -1.147896299338727576e-02 -3.362262990431660707e-03
9.999377955642396731e-01 -1.066037695746384871e-02 -3.280452711954341509e-03
9.999462602199089556e-01 -9.860201735741758178e-03 -3.202045901664644142e-03
9.999539085989890275e-01 -9.077545810218828892e-03 -3.127114163099682480e-03
9.999607899926454824e-01 -8.311499589204364088e-03 -3.055724880094241955e-03
9.999669501660005677e-01 -7.561136520156643004e-03 -2.987941149641817201e-03
9.999724314318519935e-01 -6.825514218629238385e-03 -2.923821719945261886e-03
9.999772727245332948e-01 -6.103675612000782763e-03 -2.863420933707737197e-03
9.999815096731548003e-01 -5.394650096652984193e-03 -2.806788676708998898e-03
9.999851746735016755e-01 -4.697454707252894483e-03 -2.753970331706362580e-03
9.999882969579095837e-01 -4.011095296787837473e-03 -2.705006737693969529e-03
9.999909026624815844e-01 -3.334567725994938298e-03 -2.659934154548203311e-03
9.999930148910617378e-01 -2.666859060821967845e-03 -2.618784233081327545e-03
9.999946537754298426e-01 -2.006948776552225453e-03 -2.581583990519589668e-03
9.999958365312371367e-01 -1.353809967223475880e-03 -2.548355791416214225e-03
9.999965775092584108e-01 -7.064105589695644088e-04 -2.519117334003849289e-03
9.999968882415948279e-01 -6.371452591328533987e-05 -2.493881641985190578e-03
9.999967774825199163e-01 5.753168927596155613e-04 -2.472657061754647469e-03
9.999962512437241546e-01 1.211723975912721131e-03 -2.455447265038080383e-03
9.999953580165087397e-01 1.840009731865187466e-03 -2.428643075355960915e-03
9.999941182710837539e-01 2.457695575319891312e-03 -2.392311224947405585e-03
9.999925579635247086e-01 3.062321778962606884e-03 -2.346529322713758036e-03
9.999907081862504654e-01 3.651450283429020800e-03 -2.291385733941752809e-03
9.999886047541330925e-01 4.222667472942588131e-03 -2.226979447619531309e-03
9.999862877291257890e-01 4.773586913264282576e-03 -2.153419931580087109e-03
9.999838008866398509e-01 5.301852048698213991e-03 -2.070826975725710735e-03
9.999811911272302734e-01 5.805138855008627752e-03 -1.979330523604727349e-03
9.999785078374541225e-01 6.281158445222934268e-03 -1.879070492628139933e-03
9.999758022040541316e-01 6.727659625420984515e-03 -1.770196583228657132e-03
9.999731264858805480e-01 7.142431397741690578e-03 -1.652868077277914365e-03
9.999705332482048403e-01 7.523305407973027853e-03 -1.527253626089449933e-03
9.999680745642918200e-01 7.868158335229248970e-03 -1.393531028345133685e-03
9.999658011892843534e-01 8.174914221358492439e-03 -1.251886998291274313e-03
9.999637617116178268e-01 8.441546737863694916e-03 -1.102516924557542504e-03
9.999620016873145278e-01 8.666081388258521645e-03 -9.456246199571712637e-04
9.999605627626142468e-01 8.846597643916785658e-03 -7.814220626306870275e-04
9.999594817904778887e-01 8.981231011607342801e-03 -6.101291288977301079e-04
9.999587899465487428e-01 9.068175031035685674e-03 -4.319733181824340061e-04
9.999585118501799208e-01 9.105683200837372607e-03 -2.471894703774366346e-04
9.999586646961289294e-01 9.092070831586182567e-03 -5.601947600999865025e-05
9.999592574024875891e-01 9.025716824490536208e-03 1.412880204289678095e-04
9.999602897803522294e-01 8.905065374554734653e-03 3.444779236357763032e-04
9.999617517306499392e-01 8.728627597076203670e-03 5.532889967719878442e-04
9.999636224734215206e-01 8.494983076435837915e-03 7.674541765218916012e-04
9.999658698147199098e-01 8.202781336215329150e-03 9.867008935873348464e-04
9.999684494561129622e-01 7.850743229742870866e-03 1.210751398283702604e-03
9.999713043515918720e-01 7.437662250226809157e-03 1.439323090906936874e-03
9.999743641164661190e-01 6.962405759685731492e-03 1.672128856547583885e-03
9.999775444925920187e-01 6.423916135923354170e-03 1.908877404033814014e-03
9.999807468740198324e-01 5.821211836827818592e-03 2.149273608691003572e-03
9.999838578968659464e-01 5.153388381298062634e-03 2.393018858610661964e-03
9.999867490969166495e-01 4.419619246115431485e-03 2.639811404126082145e-03
9.999892766381549558e-01 3.619156678087441341e-03 2.889346710195946858e-03
9.999912811150681868e-01 2.751332420793376268e-03 3.141317811400128317e-03
9.999925874312453056e-01 1.815558355259227303e-03 3.395415669253957526e-03
9.999930047564136171e-01 8.113270538833876940e-04 3.651329531548202622e-03
9.999923265636896375e-01 -2.617877530743297626e-04 3.908747293421835182e-03
9.999903307484356851e-01 -1.404130799138206959e-03 4.167355859873279542e-03
9.999867798297220611e-01 -2.615964992105206284e-03 4.426841509413213804e-03
9.999814212349938947e-01 -3.897471214094850363e-03 4.686890258558079440e-03
9.999739876681384976e-01 -5.248748211885919529e-03 4.947188226858270817e-03
9.999641975607391764e-01 -6.669812578269103398e-03 5.207422002148488598e-03
9.999517556058924450e-01 -8.160598825143292046e-03 5.467279005700052645e-03
9.999363533735543541e-01 -9.720959549075380152e-03 5.726447856946052274e-03
9.999176700059733136e-01 -1.135066569002796816e-02 5.984618737440198892e-03
9.998953729913616639e-01 -1.304940688393503058e-02 6.241483753699208006e-03
9.998691190135594598e-01 -1.481679190977116221e-02 6.496737298566566260e-03
9.998385548750509111e-01 -1.665234923171454023e-02 6.750076410722811483e-03
9.998033184903101223e-01 -1.855552763694610571e-02 7.001201131954040875e-03
9.997631563254871789e-01 -2.052242960387896595e-02 7.243012557593891260e-03
9.997177559598998675e-01 -2.255058947773297406e-02 7.475254679877133511e-03
9.996668147795007009e-01 -2.463747560865601691e-02 7.697683425354997187e-03
9.996100420260656261e-01 -2.678049352718517295e-02 7.910066933132920211e-03
9.995471607959607319e-01 -2.897698920780037921e-02 8.112185818003006532e-03
9.994779099783667187e-01 -3.122425241669984225e-02 8.303833417859875221e-03
9.994020461231525321e-01 -3.351952013954964671e-02 8.484816024804713031e-03
9.993193452289510503e-01 -3.585998008458647635e-02 8.654953099363257157e-03
9.992296044424010537e-01 -3.824277425608553493e-02 8.814077467269101906e-03
9.991326436599766714e-01 -4.066500259284975410e-02 8.962035498294079749e-03
9.990283070243258789e-01 -4.312372666603467297e-02 9.098687266642428023e-03
9.989164643075855166e-01 -4.561597343029984153e-02 9.223906692464790835e-03
9.987970121747186125e-01 -4.813873902197555316e-02 9.337581664091654243e-03
9.986698753205409673e-01 -5.068899259765659304e-02 9.439614140633304298e-03
9.985350074747517679e-01 -5.326368020638550665e-02 9.529920234644427904e-03
9.983923922699626807e-01 -5.585972868836955318e-02 9.608430274605853083e-03
9.982420439684220881e-01 -5.847404959299052490e-02 9.675088847033098266e-03
9.980840080438563300e-01 -6.110354310871717043e-02 9.729854818081008772e-03
9.979183616155877790e-01 -6.374510199741802163e-02 9.772701334575388185e-03
9.977452137328445270e-01 -6.639561552549942680e-02 9.803615804465596467e-03
9.975647055079326364e-01 -6.905197338426069531e-02 9.822599856756189865e-03
9.973770100977076281e-01 -7.171106959186598906e-02 9.829669281040245843e-03
9.971823325335408272e-01 -7.436980636938181344e-02 9.824853946821549694e-03
9.969809094007322514e-01 -7.702509798341869440e-02 9.808197702876778751e-03
9.967730083690661269e-01 -7.967387454804621127e-02 9.779758256971750677e-03
9.965589275769352051e-01 -8.231308577882051614e-02 9.739607036307097038e-03
9.963389948721704803e-01 -8.493970469197184570e-02 9.687829029127962427e-03
9.961135669134030257e-01 -8.755073124204426627e-02 9.624522607989073955e-03
9.958830281364426940e-01 -9.014319589155952994e-02 9.549799335220201732e-03
9.956477895907938080e-01 -9.271416310658828208e-02 9.463783751187379578e-03
9.954082876520230494e-01 -9.526073477245332322e-02 9.366613145991816922e-03
9.951649826162560775e-01 -9.778005352415723717e-02 9.258437315290831207e-03
9.949183571836039963e-01 -1.002693059865179259e-01 9.139418300963212533e-03
9.946689148377979572e-01 -1.027257259194070405e-01 9.009730117374757999e-03
9.944171781297503898e-01 -1.051465972639142182e-01 8.869558464028245992e-03
9.941636868731513754e-01 -1.075292570857007413e-01 8.719100425405605301e-03
9.939089962605547335e-01 -1.098710984122566597e-01 8.558564158828394289e-03
9.936536749087057085e-01 -1.121695729612306736e-01 8.388168571175877095e-03
9.933983028421139450e-01 -1.144221937574598225e-01 8.208142985308005193e-03
9.931434694240730554e-01 -1.166265376367811579e-01 8.018726797043429846e-03
9.928897712444855195e-01 -1.187802476351574738e-01 7.820169123540490416e-03
9.926378099739536776e-01 -1.208810352620900003e-01 7.612728443921991210e-03
9.923881901936568717e-01 -1.229266826577191107e-01 7.396672232972719210e-03
9.921415172105455538e-01 -1.249150446334267861e-01 7.172276588722275789e-03
9.918983948673509854e-01 -1.268440505961486164e-01 6.939825854705164443e-03
9.916594233568294392e-01 -1.287117063569755415e-01 6.699612237665461718e-03
9.914251970495431276e-01 -1.305160958249748093e-01 6.451935421445171084e-03
9.911963023443182141e-01 -1.322553825874817068e-01 6.197102177763811823e-03
9.909733155503237523e-01 -1.339278113784090063e-01 5.935425974562353810e-03
9.907568008094805867e-01 -1.355317094363855945e-01 5.667226582547626491e-03
9.905468275208308970e-01 -1.370686952359672084e-01 5.399568528013940286e-03
9.903436798029969790e-01 -1.385389868056489671e-01 5.132744914034413110e-03
9.901476169385552417e-01 -1.399428761476037841e-01 4.867046698381907732e-03
9.899588730800016334e-01 -1.412807284869101454e-01 4.602762392169380996e-03
9.897776570441946253e-01 -1.425529814584817756e-01 4.340177763735173812e-03
9.896041521939552554e-01 -1.437601442335180724e-01 4.079575547853548333e-03
9.894385164051836545e-01 -1.449027965871854673e-01 3.821235160341612466e-03
9.892808821175478329e-01 -1.459815879091315716e-01 3.565432418126528516e-03
9.891313564665057401e-01 -1.469972361583255505e-01 3.312439264831601882e-03
9.889900214941464984e-01 -1.479505267636130050e-01 3.062523501936371961e-03
9.888569344360735869e-01 -1.488423114712715545e-01 2.815948525564113472e-03
9.887321280813088364e-01 -1.496735071407560846e-01 2.572973068950102672e-03
9.886156112019673925e-01 -1.504450944897320619e-01 2.333850950645490439e-03
9.885073690492407472e-01 -1.511581167894111288e-01 2.098830828514537238e-03
9.884073639120322108e-01 -1.518136785111271758e-01 1.868155959587164535e-03
9.883155357344136638e-01 -1.524129439250241358e-01 1.642063965834123646e-03
9.882318027879128941e-01 -1.529571356516690184e-01 1.420786605938433814e-03
9.881560623945028210e-01 -1.534475331673559317e-01 1.204549553143923965e-03
9.880881916960433387e-01 -1.538854712638301758e-01 9.935721792695990234e-04
9.880280484658235940e-01 -1.542723384631347339e-01 7.880673449869519172e-04
9.879754719577711342e-01 -1.546095753882666679e-01 5.882411964661157094e-04
9.879302837888299660e-01 -1.548986730903269826e-01 3.942929685057329947e-04
9.878922888499659383e-01 -1.551411713328541275e-01 2.064147942704474062e-04
9.878612762412312120e-01 -1.553386568340499596e-01 2.479152176884769185e-05
9.878370202263142552e-01 -1.554927614676353820e-01 -1.503994627866321848e-04
9.878192812020146762e-01 -1.556051604231123153e-01 -3.189884045880755827e-04
9.878078066781127431e-01 -1.556775703262575083e-01 -4.808133426511862528e-04
9.878023322631540593e-01 -1.557117473207327851e-01 -6.357202648805202871e-04
9.878025826517380370e-01 -1.557094851117627188e-01 -7.835632556099350523e-04
9.878082726089855159e-01 -1.556726129729069930e-01 -9.242046354419119559e-04
9.878191079479626824e-01 -1.556029937170369526e-01 -1.057515093204983636e-03
9.878347864959631242e-01 -1.555025216327148574e-01 -1.183373809845114947e-03
9.878549990456829688e-01 -1.553731203872696642e-01 -1.301668574064667079e-03
9.878794302874807087e-01 -1.552167408979620578e-01 -1.412295889521545224e-03
9.879077597190811799e-01 -1.550353591727351432e-01 -1.515161073401358888e-03
9.879396625292655720e-01 -1.548309741221531310e-01 -1.610178346176938981e-03
9.879748104522887431e-01 -1.546056053442380063e-01 -1.697270912372372169e-03
9.880128725899730568e-01 -1.543612908840232834e-01 -1.776371032152863384e-03
9.880535161986531145e-01 -1.541000849697522768e-01 -1.847420083567191586e-03
9.880964074383761231e-01 -1.538240557277561760e-01 -1.910368615276275637e-03
9.881412120820090017e-01 -1.535352828781523238e-01 -1.965176389609412343e-03
9.881875961821550147e-01 -1.532358554136065421e-01 -2.011812415798999807e-03
9.882352266940425123e-01 -1.529278692635016035e-01 -2.050254973255023934e-03
9.882837720528168113e-01 -1.526134249459492609e-01 -2.080491624752152206e-03
9.883329027039381431e-01 -1.522946252101719244e-01 -2.102519219414929110e-03
9.883822915856653735e-01 -1.519735726718638713e-01 -2.116343885400177351e-03
9.884316145628858630e-01 -1.516523674442186442e-01 -2.121981012190230810e-03
9.884805508118317263e-01 -1.513331047673793228e-01 -2.119455222425956249e-03
9.885287831555048532e-01 -1.510178726391303017e-01 -2.108800333224565646e-03
9.885759983499138315e-01 -1.507087494497044156e-01 -2.090059306943880483e-03
9.886223593085351480e-01 -1.504046068097511513e-01 -2.070011518706913432e-03
9.886678202213086131e-01 -1.501057766332507259e-01 -2.048683030157384330e-03
9.887123366338003150e-01 -1.498125839960826877e-01 -2.026101293946439442e-03
9.887558654725661089e-01 -1.495253467799951830e-01 -2.002295119436313994e-03
9.887983650681149150e-01 -1.492443753254592831e-01 -1.977294636899329383e-03
9.888397951755564241e-01 -1.489699720938095218e-01 -1.951131260255451784e-03
9.888801169930213630e-01 -1.487024313390609698e-01 -1.923837648393471149e-03
9.889192931779489104e-01 -1.484420387897809612e-01 -1.895447665122624919e-03
9.889572878613377416e-01 -1.481890713413815952e-01 -1.865996337803209641e-03
9.889940666600621766e-01 -1.479437967591862302e-01 -1.835519814706365604e-03
9.890295966873552391e-01 -1.477064733926094775e-01 -1.804055321154809932e-03
9.890638465615639863e-01 -1.474773499007769606e-01 -1.771641114497803831e-03
9.890967864132830245e-01 -1.472566649898962299e-01 -1.738316437975086269e-03
9.891283878909727934e-01 -1.470446471626760399e-01 -1.704121473525880897e-03
9.891586241651689759e-01 -1.468415144800755689e-01 -1.669097293600373859e-03
9.891874699313885078e-01 -1.466474743356498689e-01 -1.633285812032286193e-03
9.892149014118379879e-01 -1.464627232427421488e-01 -1.596729734032300511e-03
9.892408963560254120e-01 -1.462874466347567348e-01 -1.559472505363162457e-03
9.892654340403770341e-01 -1.461218186787304751e-01 -1.521558260758256462e-03
9.892884952669555032e-01 -1.459660021024034582e-01 -1.483031771646346536e-03
9.893100623613743094e-01 -1.458201480349724799e-01 -1.443938393245980997e-03
9.893301191699966912e-01 -1.456843958616938495e-01 -1.404324011093786677e-03
9.893486510565063785e-01 -1.455588730924841367e-01 -1.364234987071506972e-03
9.893656448979291085e-01 -1.454436952446501730e-01 -1.323718104997191050e-03
9.893810890801806313e-01 -1.453389657398613255e-01 -1.282820515846396685e-03
9.893949734932112605e-01 -1.452447758154591928e-01 -1.241589682669642144e-03
9.894072895258096967e-01 -1.451612044501821297e-01 -1.200073325272618370e-03
9.894180300601244094e-01 -1.450883183043630564e-01 -1.158319364725870267e-03
9.894271894659525390e-01 -1.450261716746414908e-01 -1.116375867770749101e-03
9.894347635948410602e-01 -1.449748064632121469e-01 -1.074290991188456713e-03
9.894407497740373980e-01 -1.449342521616140689e-01 -1.032112926198918952e-03
9.894451468003191419e-01 -1.449045258490464227e-01 -9.898898429560624643e-04
9.894479549337262814e-01 -1.448856322051784440e-01 -9.476698352058102702e-04
9.894491758912122847e-01 -1.448775635374032200e-01 -9.055008651727697441e-04
9.894488128402223470e-01 -1.448802998224670568e-01 -8.634307087411549489e-04
9.894468703922002506e-01 -1.448938087623880544e-01 -8.215069009949664113e-04
9.894433545960190646e-01 -1.449180458545599182e-01 -7.797766821818489158e-04
9.894382729313232483e-01 -1.449529544759197430e-01 -7.382869441643605170e-04
9.894316343017627302e-01 -1.449984659810408250e-01 -6.970841774216117405e-04
9.894234490280938710e-01 -1.450544998139947084e-01 -6.562144186633837081e-04
9.894137288411151143e-01 -1.451209636338098019e-01 -6.157231991178972871e-04
9.894024868743998002e-01 -1.451977534533372693e-01 -5.756554935533911939e-04
9.893897376567820645e-01 -1.452847537913187492e-01 -5.360556700925781220e-04
9.893754971045470858e-01 -1.453818378374345521e-01 -4.969674408778782188e-04
9.893597825132712797e-01 -1.454888676300950257e-01 -4.584338136440899354e-04
9.893426125492545964e-01 -1.456056942467233717e-01 -4.204970442538410796e-04
9.893240072404809737e-01 -1.457321580062622413e-01 -3.831985902497857472e-04
9.893039879670413317e-01 -1.458680886836231372e-01 -3.465790654760540117e-04
9.892825774509489412e-01 -1.460133057357828334e-01 -3.106781958199488478e-04
9.892597997452741154e-01 -1.461676185392178362e-01 -2.755347761233034511e-04
9.892352086562861135e-01 -1.463340254566247445e-01 -2.344555539542393088e-04
9.892085734039171019e-01 -1.465140374299990222e-01 -1.875133525321666448e-04
9.891796644066472854e-01 -1.467091455156643021e-01 -1.347874930855098776e-04
9.891482533349739148e-01 -1.469208191999379909e-01 -7.636369012874958534e-05
9.891141131458168756e-01 -1.471505047401005517e-01 -1.233393930107358591e-05
9.890770180992093374e-01 -1.473996235327403870e-01 5.720360212181205999e-05
9.890367437587238575e-01 -1.476695705115249335e-01 1.321447419203443342e-04
9.889930669771777039e-01 -1.479617125764234598e-01 2.123793866952047545e-04
9.889457658692396569e-01 -1.482773870563790786e-01 2.977916825593655229e-04
9.888946197726369292e-01 -1.486179002073943767e-01 3.882601626043260265e-04
9.888394091997195767e-01 -1.489845257479603113e-01 4.836579009767687449e-04
9.887799157811928419e-01 -1.493785034337183348e-01 5.838526733921048199e-04
9.887159222038666151e-01 -1.498010376732044346e-01 6.887071239018889568e-04
9.886472121443016237e-01 -1.502532961864786187e-01 7.980789377228840681e-04
9.885735702002492742e-01 -1.507364087083958026e-01 9.118210199266497907e-04
9.884947818217879600e-01 -1.512514657382240113e-01 1.029781679779924420e-03
9.884106332440546483e-01 -1.517995173372634898e-01 1.151804820517781736e-03
9.883209114234536852e-01 -1.523815719760651666e-01 1.277730134323553724e-03
9.882254039791977807e-01 -1.529985954327907072e-01 1.407393302281843492e-03
9.881238991419961648e-01 -1.536515097441966682e-01 1.540626199063582693e-03
9.880161857116571689e-01 -1.543411922106657785e-01 1.677257102095035040e-03
9.879020530253106447e-01 -1.550684744566446227e-01 1.817110904955881534e-03
9.877812909378859141e-01 -1.558341415477840775e-01 1.960009334745068006e-03
9.876536898163997824e-01 -1.566389311660122408e-01 2.105771173146912378e-03
9.875190405495204438e-01 -1.574835328437026172e-01 2.254212480924081604e-03
9.873771345737711869e-01 -1.583685872580314069e-01 2.405146825558433180e-03
9.872277639176340047e-01 -1.592946855865473299e-01 2.558385511755367075e-03
9.870707212646934181e-01 -1.602623689249051686e-01 2.713737814522255119e-03
9.869058000368411410e-01 -1.612721277676411324e-01 2.871011214526701660e-03
9.867327944984306543e-01 -1.623244015527925410e-01 3.030011635435824174e-03
9.865514998821357517e-01 -1.634195782710876899e-01 3.190543682933456859e-03
9.863617125371259009e-01 -1.645579941403534363e-01 3.352410885108130997e-03
9.861632301000252676e-01 -1.657399333457075519e-01 3.515415933900929712e-03
9.859558516889741497e-01 -1.669656278460209253e-01 3.679360927298804592e-03
9.857393781209583539e-01 -1.682352572470508789e-01 3.844047611955737995e-03
9.855136121524176174e-01 -1.695489487415607066e-01 4.009277625921198879e-03
9.852783587429891909e-01 -1.709067771166530303e-01 4.174852741152733533e-03
9.850334253420862662e-01 -1.723087648284544471e-01 4.340575105487238898e-03
9.847786221978548360e-01 -1.737548821441969316e-01 4.506247483743509342e-03
9.845137626878994741e-01 -1.752450473516474483e-01 4.671673497627084823e-03
9.842386636710142023e-01 -1.767791270357410294e-01 4.836657864107224425e-03
9.839531458590077273e-01 -1.783569364221742337e-01 5.001006631935052578e-03
9.836570342075645623e-01 -1.799782397876154572e-01 5.164527415971624687e-03
9.833501583249447675e-01 -1.816427509360863668e-01 5.327029628994781225e-03
9.830323528971876001e-01 -1.833501337409641774e-01 5.488324710654336747e-03
9.827034581283566883e-01 -1.851000027519487667e-01 5.648226353246351555e-03
9.823633201942414406e-01 -1.868919238662302418e-01 5.806550723979007553e-03
9.820117917078142744e-01 -1.887254150629841531e-01 5.963116683404987191e-03
9.816487321946379963e-01 -1.905999472002102013e-01 6.117745999698294586e-03
9.812740085763193010e-01 -1.925149448728193380e-01 6.270263558457139785e-03
9.808881629001067193e-01 -1.944666419858140649e-01 6.413825122590067172e-03
9.804914385090975903e-01 -1.964526885864637806e-01 6.548303321779024543e-03
9.800840995867493577e-01 -1.984707060559324221e-01 6.673582020107181496e-03
9.796664316586420895e-01 -2.005182902637584197e-01 6.789556392967641477e-03
9.792387420125669983e-01 -2.025930147348326549e-01 6.896132987166752118e-03
9.788013600335383479e-01 -2.046924338230522722e-01 6.993229764218900947e-03
9.783546374507733345e-01 -2.068140858858093512e-01 7.080776126872148635e-03
9.778989484941423838e-01 -2.089554964534762471e-01 7.158712928947086156e-03
9.774346899580618198e-01 -2.111141813880758333e-01 7.226992468614575754e-03
9.769622811712753707e-01 -2.132876500253752250e-01 7.285578465281396764e-03
9.764821638714514807e-01 -2.154734082947148965e-01 7.334446020295869693e-03
9.759948019840034572e-01 -2.176689618109836910e-01 7.373581561728103848e-03
9.755006813050192127e-01 -2.198718189332713457e-01 7.402982773521264194e-03
9.750003090886618651e-01 -2.220794937848753481e-01 7.422658509350925533e-03
9.744942135398703131e-01 -2.242895092295065229e-01 7.432628691568910796e-03
9.739829432136476450e-01 -2.264993997987274077e-01 7.432924195645752678e-03
9.734670663226701048e-01 -2.287067145658679690e-01 7.423586720561747669e-03
9.729471699553817743e-01 -2.309090199618935302e-01 7.404668645630368279e-03
9.724238592071545728e-01 -2.331039025289484146e-01 7.376232874269224651e-03
9.718977562274893067e-01 -2.352889716075642346e-01 7.338352665262688930e-03
9.713694991866084205e-01 -2.374618619538027553e-01 7.291111452086505677e-03
9.708397411651454867e-01 -2.396202362828968035e-01 7.234602650888038479e-03
9.703091489709630979e-01 -2.417617877362591428e-01 7.168929457736126012e-03
9.697784018874382461e-01 -2.438842422690437328e-01 7.094204635771705902e-03
9.692481903578294977e-01 -2.459853609557665077e-01 7.010550292904315327e-03
9.687192146105928492e-01 -2.480629422118212912e-01 6.918097650710275381e-03
9.681921832307345266e-01 -2.501148239290569841e-01 6.816986805195689343e-03
9.676678116824858344e-01 -2.521388855239147242e-01 6.707366480091411266e-03
9.671468207887502500e-01 -2.541330498969549545e-01 6.589393773347817021e-03
9.666299351729104039e-01 -2.560952853029320742e-01 6.463233897494606063e-03
9.661178816686937232e-01 -2.580236071308971146e-01 6.329059914525038757e-03
9.656113877038753346e-01 -2.599160795941242719e-01 6.187052465955043823e-03
9.651111796636502316e-01 -2.617708173299628793e-01 6.037399498695660872e-03
9.646179812395351272e-01 -2.635859869100127817e-01 5.880295987362390425e-03
9.641325117696588620e-01 -2.653598082613016218e-01 5.715943653627420656e-03
9.636554845762768107e-01 -2.670905559994120049e-01 5.544550683200514911e-03
9.631876053062942145e-01 -2.687765606747583580e-01 5.366331441001772652e-03
9.627295702805122035e-01 -2.704162099334482816e-01 5.181506185064744564e-03
9.622820648572150137e-01 -2.720079495943794612e-01 4.990300779681661712e-03
9.618457618156018851e-01 -2.735502846444221037e-01 4.792946408274102212e-03
9.614213197644341236e-01 -2.750417801537127227e-01 4.589679286442448040e-03
9.610093815811129314e-01 -2.764810621132421375e-01 4.380740375616266544e-03
9.606105728862368576e-01 -2.778668181970562756e-01 4.166375097695505271e-03
9.602255005585030867e-01 -2.791977984515005562e-01 3.946833051039350115e-03
9.598547512946181692e-01 -2.804728159140312260e-01 3.722367728126048034e-03
9.594988902186744051e-01 -2.816907471641857397e-01 3.493236235173151176e-03
9.591584595452263828e-01 -2.828505328093527393e-01 3.259699013973741885e-03
9.588339773000723598e-01 -2.839511779080076681e-01 3.022019566170511002e-03
9.585259361025049163e-01 -2.849917523330857128e-01 2.780464180156286009e-03
9.582348020125490695e-01 -2.859713910781477297e-01 2.535301660756985806e-03
9.579619273906367916e-01 -2.868862945906883177e-01 2.280285388726098136e-03
9.577082089815857069e-01 -2.877341192048452068e-01 2.015725167075187781e-03
9.574745147422979441e-01 -2.885125981993707511e-01 1.741938721097960807e-03
9.572616813328371776e-01 -2.892195430582216731e-01 1.459251340330665293e-03
9.570705116580029426e-01 -2.898528446453477181e-01 1.167995523778082119e-03
9.569017724684288906e-01 -2.904104742989835897e-01 8.685106288071004280e-04
9.567561920299746392e-01 -2.908904848508443441e-01 5.611425240376938153e-04
9.566344578699051970e-01 -2.912910115756734974e-01 2.462432464883884502e-04
9.565372146080577398e-01 -2.916102730765938733e-01 -7.582933683942551500e-05
9.564650618808846483e-01 -2.918465721116658695e-01 -4.047118628262005510e-04
9.564185523659376464e-01 -2.919982963669652820e-01 -7.400358015070287142e-04
9.563981899140212573e-01 -2.920639191813552693e-01 -1.081427780781258046e-03
9.564044277958950735e-01 -2.920420002279445204e-01 -1.428509906655306937e-03
9.564376670700486249e-01 -2.919311861569987010e-01 -1.780900079180218996e-03
9.564982550777059167e-01 -2.917302112048061336e-01 -2.138212304307692338e-03
9.565864840708441230e-01 -2.914378977726936326e-01 -2.500057001947144242e-03
9.567025899786303356e-01 -2.910531569800455243e-01 -2.866041310561387532e-03
9.568467513172954630e-01 -2.905749891948028463e-01 -3.235769388689328872e-03
9.570190882480704708e-01 -2.900024845445112187e-01 -3.608842713830363001e-03
9.572196617874139113e-01 -2.893348234105488914e-01 -3.984860379166538236e-03
9.574484731733536869e-01 -2.885712769077027340e-01 -4.363419388634747105e-03
9.577054633913575366e-01 -2.877112073507754331e-01 -4.744114950891898871e-03
9.579905128627308475e-01 -2.867540687094012331e-01 -5.126540772741036700e-03
9.583034412981136230e-01 -2.856994070517277495e-01 -5.510289352605390011e-03
9.586440077182228903e-01 -2.845468609770883672e-01 -5.894952274650289668e-03
9.590119106435434082e-01 -2.832961620372491662e-01 -6.280120504159530243e-03
9.594067884542258895e-01 -2.819471351452683683e-01 -6.665384684773054992e-03
9.598282199209940968e-01 -2.804996989704607313e-01 -7.050335438186647145e-03
9.602757249073972101e-01 -2.789538663174166433e-01 -7.434563666901685720e-03
9.607487652432675773e-01 -2.773097444864903727e-01 -7.817660860593851971e-03
9.612467457687583483e-01 -2.755675356126486286e-01 -8.199219406644100983e-03
9.617690155478374470e-01 -2.737275369790618251e-01 -8.578832905343261941e-03
9.623148692496078516e-01 -2.717901413013333323e-01 -8.956096490243450198e-03
9.628835486953041256e-01 -2.697558369777956488e-01 -9.330607154085221455e-03
9.634742445682872303e-01 -2.676252083008666127e-01 -9.701964080679288324e-03
9.640860982838190818e-01 -2.653989356240520348e-01 -1.006976898306591317e-02
9.647182040148519766e-01 -2.630777954788115491e-01 -1.043362644821406622e-02
9.653696108695088984e-01 -2.606626606351726272e-01 -1.079314428845643513e-02
9.660393252153692822e-01 -2.581545000996885442e-01 -1.114793389978582794e-02
9.667263131451050429e-01 -2.555543790440927832e-01 -1.149761062706374654e-02
9.674295030774388016e-01 -2.528634586578075161e-01 -1.184179413611350512e-02
9.681477884868244788e-01 -2.500829959173211381e-01 -1.218010879258865121e-02
9.688800307546759916e-01 -2.472143432653596262e-01 -1.251218404742321030e-02
9.696250621344042475e-01 -2.442589481927451289e-01 -1.283765482858396402e-02
9.703816888219590764e-01 -2.412183527158588414e-01 -1.315616193875724683e-02
9.711486941230244030e-01 -2.380941927427113192e-01 -1.346735245851418510e-02
9.719248417074785040e-01 -2.348881973207679053e-01 -1.377088015440967005e-02
9.727088789412118297e-01 -2.316021877598838652e-01 -1.406640589138224116e-02
9.734995402849007107e-01 -2.282380766239720249e-01 -1.435359804873524714e-02
9.742955507488628708e-01 -2.247978665853542501e-01 -1.463213293889484637e-02
9.750944216722119418e-01 -2.212898648246012234e-01 -1.488841514166309998e-02
9.758941974441245337e-01 -2.177196253728308495e-01 -1.512218530748695236e-02
9.766929776223866044e-01 -2.140927849674068573e-01 -1.533320786772606262e-02
9.774889227706209383e-01 -2.104150573822333170e-01 -1.552127158385347913e-02
9.782802599173663349e-01 -2.066922274510322177e-01 -1.568619007030450097e-02
9.790652876120791159e-01 -2.029301447936471825e-01 -1.582780228760869226e-02
9.798423805548449605e-01 -1.991347172577005442e-01 -1.594597300256558187e-02
9.806099937784946707e-01 -1.953119040901124537e-01 -1.604059321237851291e-02
9.813666663639030174e-01 -1.914677088550458262e-01 -1.611158052984195191e-02
9.821110246715092362e-01 -1.876081721167500715e-01 -1.615887952688321166e-02
9.828417850745100326e-01 -1.837393639075223517e-01 -1.618246203398825828e-02
9.835577561817339109e-01 -1.798673760025678858e-01 -1.618232739329010170e-02
9.842578405408868303e-01 -1.759983140249085642e-01 -1.615850266336509716e-02
9.849410358156487355e-01 -1.721382894046475931e-01 -1.611104277406398902e-02
9.856064354329724386e-01 -1.682934112178366137e-01 -1.604003062999796031e-02
9.862532286998774156e-01 -1.644697779309050034e-01 -1.594557716160192179e-02
9.868807003920072596e-01 -1.606734690770919571e-01 -1.582782132300463926e-02
9.874882298192200203e-01 -1.569105368915699183e-01 -1.568693003624460972e-02
9.880752893764693789e-01 -1.531869979319633035e-01 -1.552309808167861432e-02
9.886414425911994597e-01 -1.495088247107534962e-01 -1.533654793473321343e-02
9.891863416813803100e-01 -1.458819373656256302e-01 -1.512752954944488089e-02
9.897097246411465932e-01 -1.423121953931643646e-01 -1.489632008951900267e-02
9.902114118737316284e-01 -1.388053894704575908e-01 -1.464322360790857279e-02
9.906913023940036034e-01 -1.353672333881308365e-01 -1.436857067616740397e-02
9.911493696253824703e-01 -1.320033561171297110e-01 -1.407271796506763713e-02
9.915856568182311870e-01 -1.287192940302107347e-01 -1.375604777818500817e-02
9.920002721189554729e-01 -1.255204832976114793e-01 -1.341896754034589689e-02
9.923933833209969135e-01 -1.224122524747726370e-01 -1.306190924299606600e-02
9.927652123306551779e-01 -1.193998152982978511e-01 -1.268532884869099514e-02
9.931160293822121066e-01 -1.164882637045863839e-01 -1.228970565702100504e-02
9.934461470381495962e-01 -1.136825610837828848e-01 -1.187554163437046575e-02
9.937559140113437772e-01 -1.109875357798801587e-01 -1.144336070996917337e-02
9.940457088469827340e-01 -1.084078748460094999e-01 -1.099370804072576091e-02
9.943159335025829604e-01 -1.059481180621816565e-01 -1.052714924733835072e-02
9.945670068648806428e-01 -1.036126522210211454e-01 -1.004426962415754659e-02
9.947993582425436188e-01 -1.014057056853890082e-01 -9.545673325232591905e-03
9.950134208735920138e-01 -9.933134322023333407e-02 -9.031982528904610244e-03
9.952096254861416691e-01 -9.739346109956042996e-02 -8.503836583223208304e-03
9.953883939505919765e-01 -9.559578248809888490e-02 -7.961891134356437888e-03
9.955501330606845167e-01 -9.394185309604685674e-02 -7.406817240041453296e-03
9.956952284799654995e-01 -9.243503710426206887e-02 -6.839300469986681064e-03
9.958240388891022032e-01 -9.107851335638278423e-02 -6.260039994988557920e-03
9.959368903682479512e-01 -8.987527181366374018e-02 -5.669747666369611555e-03
9.960340710472214143e-01 -8.882811026777785723e-02 -5.069147087182621775e-03
9.961158260546881804e-01 -8.793963130647376725e-02 -4.458972676460689830e-03
9.961823527958028057e-01 -8.721223952679148239e-02 -3.839968727628019062e-03
9.962337965859136002e-01 -8.664813899051938828e-02 -3.212888462023870233e-03
9.962702466659467682e-01 -8.624933091672068453e-02 -2.578493078335191910e-03
9.962917326229931980e-01 -8.601761160645843285e-02 -1.937550798584421153e-03
9.962982212374241753e-01 -8.595457059529573729e-02 -1.290835911180347262e-03
9.962896137755754555e-01 -8.606158902972918523e-02 -6.391278114140052898e-04
9.962657437446683639e-01 -8.633983826441628262e-02 1.678996032960914687e-05
9.962263751241979826e-01 -8.679027867786542894e-02 6.761306824677768912e-04
9.961712010855114929e-01 -8.741365870515344083e-02 1.338105418124372172e-03
9.960998432087466714e-01 -8.821051408720236020e-02 2.001923982999164776e-03
9.960118512036967298e-01 -8.918116733716546785e-02 2.666795915195162292e-03
9.959067031385324675e-01 -9.032572742552172351e-02 3.331931447011775467e-03
9.957838061776500549e-01 -9.164408968653800502e-02 3.996542478704421218e-03
9.956424978272322424e-01 -9.313593594980834611e-02 4.659843554181966260e-03
9.954820476844242760e-01 -9.480073490159823812e-02 5.321052838562264492e-03
9.953016596833381691e-01 -9.663774268168864867e-02 5.979393097433472262e-03
9.951004748284271173e-01 -9.864600372230922232e-02 6.634092677575553244e-03
9.948775744031177481e-01 -1.008243518365521674e-01 7.284386488783550426e-03
9.946319836389722058e-01 -1.031714115643503071e-01 7.929516986303121809e-03
9.943626758280772471e-01 -1.056855997846660317e-01 8.568735153241259159e-03
9.940685768588429783e-01 -1.083651276029568011e-01 9.201301482152859576e-03
9.937485701529487070e-01 -1.112080025232427133e-01 9.826486954829250983e-03
9.934015019788121625e-01 -1.142120309141903683e-01 1.044357401913007834e-02
9.930261871146962571e-01 -1.173748207785335895e-01 1.105185756150800676e-02
9.926214148324165043e-01 -1.206937848348678538e-01 1.165064587367906773e-02
9.921859551705920488e-01 -1.241661439203756295e-01 1.223926161169325462e-02
9.917185654645012116e-01 -1.277889307223608606e-01 1.281704274546307913e-02
9.912179970978868271e-01 -1.315589938455922481e-01 1.338334349661548378e-02
9.906830024405058888e-01 -1.354730022213785912e-01 1.393753526234771736e-02
9.901123419338635490e-01 -1.395274498630311999e-01 1.447900752279384674e-02
9.895047912864177730e-01 -1.437186609709146801e-01 1.500716872924839039e-02
9.888591487386039214e-01 -1.480427953886609138e-01 1.552144717045020675e-02
9.881742423573238732e-01 -1.524958544103323932e-01 1.602129181400599803e-02
9.874489373190794561e-01 -1.570736869363895949e-01 1.650617311993127223e-02
9.866821431407201137e-01 -1.617719959742578706e-01 1.697558382320977707e-02
9.858728208168211493e-01 -1.665863454771252528e-01 1.742903968222231023e-02
9.850199898230261875e-01 -1.715121675123558731e-01 1.786608018987438998e-02
9.841227349452724704e-01 -1.765447697485978684e-01 1.828626924426095257e-02
9.831802128956781406e-01 -1.816793432483266857e-01 1.868919577574614660e-02
9.821916586769997570e-01 -1.869109705502212393e-01 1.907447432740820570e-02
9.811563916589685075e-01 -1.922346340234485640e-01 1.944174558590354776e-02
9.800738213314746927e-01 -1.976452244736614516e-01 1.979067685994063963e-02
9.789434527014835297e-01 -2.031375499783202032e-01 2.012096250372218467e-02
9.777648913027198185e-01 -2.087063449268620752e-01 2.043232428291287539e-02
9.765378477895405585e-01 -2.143462792392869243e-01 2.072451168091797233e-02
9.752621420890040804e-01 -2.200519677349302983e-01 2.099730214351339455e-02
9.739377070879200460e-01 -2.258179796215791790e-01 2.125050126014880331e-02
9.725645918346121910e-01 -2.316388480736735200e-01 2.148394288054858783e-02
9.711429642382080063e-01 -2.375090798671464776e-01 2.169748916555905294e-02
9.696731132514729845e-01 -2.434231650375062728e-01 2.189103057153009985e-02
9.681554505264940991e-01 -2.493755865270654015e-01 2.206448576787296487e-02
9.665905115358656152e-01 -2.553608297867892563e-01 2.221780148779856079e-02
9.649789561554059647e-01 -2.613733922980751578e-01 2.235095231260983070e-02
