1.000000000000000000e+00 0.000000000000000000e+00 0.000000000000000000e+00
9.999999990167393049e-01 -2.007437584265214407e-05 3.954203098569603942e-05
9.999999903683094438e-01 -7.248336718626985093e-05 1.183626600190975926e-04
9.999999577734479672e-01 -1.693945229978837275e-04 2.361337461170078553e-04
9.999998708668007552e-01 -3.228626862908685760e-04 3.924631873750488668e-04
9.999996793688168406e-01 -5.448102209468068131e-04 5.868957681085414362e-04
9.999993059810230456e-01 -8.470075057395308644e-04 8.189141025891262266e-04
9.999986380892842419e-01 -1.241053717450240268e-03 1.087939671615262760e-03
9.999975183688377678e-01 -1.738357921370478013e-03 1.393333947899875200e-03
9.999957343953214117e-01 -2.350120483640772643e-03 1.734399606098309529e-03
9.999930073756408966e-01 -3.087314815882498138e-03 2.110381813241046702e-03
9.999889801212896723e-01 -3.960669458571526233e-03 2.520469595382483340e-03
9.999832043945977578e-01 -4.980650505701450861e-03 2.963797276431227520e-03
9.999751277653141646e-01 -6.157444369620193592e-03 3.439445985387804949e-03
9.999640801208850016e-01 -7.500940881624272930e-03 3.946445228578918628e-03
9.999492599787587199e-01 -9.020716721083919809e-03 4.483774523937254092e-03
9.999297207530045695e-01 -1.072601916366723064e-02 5.050365094923606538e-03
9.999043571304648825e-01 -1.262575013774138062e-02 5.645101622312707901e-03
9.998718917135545059e-01 -1.472845057735108244e-02 6.266824052752163580e-03
9.998308620876671382e-01 -1.704228506039274019e-02 6.914329463739864526e-03
9.997796084709341669e-01 -1.957502672178512010e-02 7.586373985431822502e-03
9.997162621027971818e-01 -2.233404243363409578e-02 8.281674780470602362e-03
9.996387345254881263e-01 -2.532627824763079155e-02 8.998912083794144770e-03
9.995447079090465925e-01 -2.855824509921904911e-02 9.736731305124500524e-03
9.994316265659233256e-01 -3.203600477840678334e-02 1.049374519752395603e-02
9.992966897955101180e-01 -3.576515617844067824e-02 1.126853609601993940e-02
9.991368461920733246e-01 -3.975082184085462073e-02 1.205965823081795937e-02
9.989487895415317675e-01 -4.399763482355507904e-02 1.286564012002197610e-02
9.987289564232979533e-01 -4.850972592751226498e-02 1.368498704704347591e-02
9.984735256229648748e-01 -5.329071132715162279e-02 1.451618362798488999e-02
9.981784194499695451e-01 -5.834368065952950932e-02 1.535769647421248059e-02
9.978393070414849353e-01 -6.367118563765195027e-02 1.620797695507340819e-02
9.974516097196943765e-01 -6.927522926365706213e-02 1.706546406524907245e-02
9.970105084542997265e-01 -7.515725572781362107e-02 1.792858740056300568e-02
9.965109534656443335e-01 -8.131814108915869088e-02 1.879577024517112976e-02
9.959476759862397888e-01 -8.775818484286157517e-02 1.966543277195379955e-02
9.953152021798524762e-01 -9.447710248780892550e-02 2.053599535660574973e-02
9.946078691977218167e-01 -1.014740192151998843e-01 2.140588200438964944e-02
9.938198433310769797e-01 -1.087474648448685660e-01 2.227352388679412071e-02
9.929451401980423642e-01 -1.162953701403656864e-01 2.313736298343564007e-02
9.919776468814587300e-01 -1.241150646362988580e-01 2.399585582248852864e-02
9.909111459123038923e-01 -1.322032761118369093e-01 2.484747731074622365e-02
9.897393409715238288e-01 -1.405561318424380646e-01 2.569072464214304519e-02
9.884558841614401459e-01 -1.491691617576071105e-01 2.652412127123592381e-02
9.870544046767876223e-01 -1.580373036257040897e-01 2.734622093580142688e-02
9.855285386851614371e-01 -1.671549103774388478e-01 2.815561171038957755e-02
9.838719602075548520e-01 -1.765157596676659446e-01 2.895092007043980828e-02
9.820784127720816326e-01 -1.861130657604695426e-01 2.973081494445480727e-02
9.801417415982488501e-01 -1.959394938053791446e-01 3.049401172979500710e-02
9.780559260556099810e-01 -2.059871765530275067e-01 3.123927624594895203e-02
9.758151121296159136e-01 -2.162477335368526987e-01 3.196542859770061529e-02
9.734136446192873660e-01 -2.267122927238158780e-01 3.267134691949848818e-02
9.708460987862301828e-01 -2.373715146118723085e-01 3.335597097157318863e-02
9.681073111727352964e-01 -2.482156187254620228e-01 3.401830555798565636e-02
9.651924093084194300e-01 -2.592344124329928334e-01 3.465742373684478628e-02
9.620968400302051249e-01 -2.704173219826225827e-01 3.527246979343235528e-02
9.588163961494506893e-01 -2.817534256250917024e-01 3.586266194792624151e-02
9.553472412127295144e-01 -2.932314886654089348e-01 3.642729477082293915e-02
9.516859321190206389e-01 -3.048400002593582014e-01 3.696574128102031453e-02
9.478294393757700220e-01 -3.165672117465730961e-01 3.747745470381412536e-02
9.437751647991643456e-01 -3.284011762897995901e-01 3.796196986876039514e-02
9.395209564897415433e-01 -3.403297895703864540e-01 3.841890423042372549e-02
9.350651209427641719e-01 -3.523408312734149783e-01 3.884795849842388044e-02
9.304064321831867490e-01 -3.644220070825595625e-01 3.924891686685590131e-02
9.255441378470737890e-01 -3.765609908950454665e-01 3.962164683703339046e-02
9.204779621644655352e-01 -3.887454669611587477e-01 3.996609863152435216e-02
9.152081058323923157e-01 -4.009631716508039734e-01 4.028230420154584046e-02
9.097352428004632507e-01 -4.132019345516555475e-01 4.057037583388605623e-02
9.040605140246360527e-01 -4.254497186094783889e-01 4.083050436755984725e-02
8.981855182768744283e-01 -4.376946590310973328e-01 4.106295703430543759e-02
8.921123001289030796e-01 -4.499251006840773170e-01 4.126807494073066185e-02
8.858433352566961183e-01 -4.621296337441778701e-01 4.144627021335446637e-02
8.793815132382598598e-01 -4.742971273617352379e-01 4.159802283090838215e-02
8.727301180403198577e-01 -4.864167611409117575e-01 4.172387717101596477e-02
8.658928064093981414e-01 -4.984780542508094880e-01 4.182443830071622126e-02
8.588735843992306718e-01 -5.104708920142956297e-01 4.190036804221053401e-02
8.516767822793777087e-01 -5.223855498485510118e-01 4.195238084667116119e-02
8.443070280791323823e-01 -5.342127144603214806e-01 4.198123950994288311e-02
8.367692200264364999e-01 -5.459435022281363681e-01 4.198775076449746263e-02
8.290684981435252343e-01 -5.575694747328691081e-01 4.197276078207182182e-02
8.212102152595820437e-01 -5.690826514265052705e-01 4.193715062105298624e-02
8.131999076959787187e-01 -5.804755194564177323e-01 4.188183165189079959e-02
8.050432658719494095e-01 -5.917410406884618945e-01 4.180774099265543997e-02
7.967461050680905155e-01 -6.028726559964530107e-01 4.171583698534850337e-02
7.883143365722071749e-01 -6.138642869078031472e-01 4.160709474176565309e-02
7.797539394170939220e-01 -6.247103347150505526e-01 4.148250178564116125e-02
7.710709329032012782e-01 -6.354056771805467463e-01 4.134305381552678960e-02
7.622713500811650889e-01 -6.459456629765694125e-01 4.118975061041763031e-02
7.533612123502333446e-01 -6.563261040155448089e-01 4.102359209758267566e-02
7.443465053090650985e-01 -6.665432658348944273e-01 4.084557459943463642e-02
7.352331559755364010e-01 -6.765938562083069208e-01 4.065668727362486273e-02
7.260270114723843538e-01 -6.864750121600706745e-01 4.045790875791649421e-02
7.167338192560376298e-01 -6.961842855616002801e-01 4.025020402880861992e-02
7.073592089470774891e-01 -7.057196274896130328e-01 4.003452148038946778e-02
6.979086758026666892e-01 -7.150793715237325765e-01 3.981179022751599877e-02
6.883875658541681597e-01 -7.242622161578108342e-01 3.958291763517435974e-02
6.788010627171952027e-01 -7.332672064941794243e-01 3.934878707379044910e-02
6.691541760666172012e-01 -7.420937153835793776e-01 3.911025589834646321e-02
6.594517317556669589e-01 -7.507414241658898479e-01 3.886815364742889078e-02
6.496983635463173812e-01 -7.592103031581972639e-01 3.862328045679222499e-02
6.398985064075395357e-01 -7.675005920274251547e-01 3.837640568067333946e-02
6.300563913289154439e-01 -7.756127801748760042e-01 3.812826671293351177e-02
6.201760415893446954e-01 -7.835475872498061101e-01 3.787956799913485412e-02
6.102612704141986422e-01 -7.913059438987327665e-01 3.763098022986932634e-02
6.003156799491858875e-01 -7.988889728467152285e-01 3.738313970504316547e-02
5.903426614753248813e-01 -8.062979703964903155e-01 3.713664785836764959e-02
5.803453967866850638e-01 -8.135343884212064003e-01 3.689207093100732582e-02
5.703268606508707927e-01 -8.205998169166792700e-01 3.664993978317670348e-02
5.602898242714812183e-01 -8.274959671696850982e-01 3.641074983244367569e-02
5.502368596718881788e-01 -8.342246555898700233e-01 3.617496110757863897e-02
5.401703449205309537e-01 -8.407877882444519946e-01 3.594299840697023907e-02
5.300924701194342781e-01 -8.471873461270535977e-01 3.571525155089802506e-02
5.200052440797157116e-01 -8.534253711847643586e-01 3.549207571729728200e-02
5.099105016103732124e-01 -8.595039531208971129e-01 3.527379185105933290e-02
4.998099113495387824e-01 -8.654252169848859477e-01 3.506068713737089948e-02
4.897049840705768875e-01 -8.711913115553580056e-01 3.485301553009762660e-02
4.795970813988116865e-01 -8.768043985175956179e-01 3.465099832675047620e-02
4.694874248782260340e-01 -8.822666424323585277e-01 3.445482478213014038e-02
4.593771053311174191e-01 -8.875802014893434677e-01 3.426465275331623539e-02
4.492670924573709534e-01 -8.927472190353794579e-01 3.408060936924777601e-02
4.391582446236658721e-01 -8.977698158647712257e-01 3.390279171872297159e-02
4.290513187965288577e-01 -9.026500832569624988e-01 3.373126755122476256e-02
4.189469805766467547e-01 -9.073900767448694893e-01 3.356607598554883776e-02
4.088458142952241525e-01 -9.119918105957891541e-01 3.340722822176948187e-02
3.987483331363911865e-01 -9.164572529856805927e-01 3.325470825262266672e-02
3.886549892527138006e-01 -9.207883218468122521e-01 3.310847357091224741e-02
3.785661838437190396e-01 -9.249868813682299296e-01 3.296845587005281519e-02
3.684822771700060895e-01 -9.290547391281890333e-01 3.283456173534948092e-02
3.584035984779669892e-01 -9.329936438375789898e-01 3.270667332408028899e-02
3.483304558123815342e-01 -9.368052836734142019e-01 3.258464903289007980e-02
3.382631456961781025e-01 -9.404912851816417119e-01 3.246832415142528877e-02
3.282019626584700145e-01 -9.440532127287932784e-01 3.235751150153731021e-02
3.181472085935840854e-01 -9.474925684823594096e-01 3.225200206175797557e-02
3.080992019352065681e-01 -9.508107929001613501e-01 3.215156557710436430e-02
2.980582866309827161e-01 -9.540092657094176865e-01 3.205595115460264238e-02
2.880248409039329327e-01 -9.570893073566266729e-01 3.196488784523162513e-02
2.779992857879007850e-01 -9.600521809097878334e-01 3.187808521327772232e-02
2.679820934249342868e-01 -9.628990943948566583e-01 3.179523389436356151e-02
2.579737951130385842e-01 -9.656312035486400713e-01 3.171600614366419657e-02
2.479749890931346179e-01 -9.682496149705881461e-01 3.164005637605714349e-02
2.379863480643309159e-01 -9.707553896561028628e-01 3.156702170016673081e-02
2.280086264167776322e-01 -9.731495468940624116e-01 3.149652244845895649e-02
2.180426671714373321e-01 -9.754330685112287957e-01 3.142816270572099113e-02
2.080894086160928469e-01 -9.776069034460739271e-01 3.136153083841962397e-02
1.981498906268321092e-01 -9.796719726343042778e-01 3.129620002757498021e-02
1.882252606641206527e-01 -9.816291741879933364e-01 3.123172880791018693e-02
1.783167794324088395e-01 -9.834793888497344039e-01 3.116766161614332661e-02
1.684258261920394684e-01 -9.852234857026033188e-01 3.110352935137540575e-02
1.585539037120383965e-01 -9.868623281159758509e-01 3.103884995059580723e-02
1.487026428522005839e-01 -9.883967799063739790e-01 3.097312898237486456e-02
1.388738067627442452e-01 -9.898277116915260576e-01 3.090586026184053217e-02
1.290692946897097071e-01 -9.911560074147220956e-01 3.083652649004211752e-02
1.192911453742442757e-01 -9.923825710153356683e-01 3.076459992078756089e-02
1.095415400339524725e-01 -9.935083332200747019e-01 3.068954305800096136e-02
9.982280491461796579e-02 -9.945342584281274823e-01 3.061080938658281361e-02
9.013741340083146480e-02 -9.954613516618995295e-01 3.052784413966590227e-02
8.048798767440014379e-02 -9.962906655535076483e-01 3.044008510504383688e-02
7.087729990988059225e-02 -9.970233073356211673e-01 3.034696347340591280e-02
6.130827299717762913e-02 -9.976604458036432144e-01 3.024790473084053299e-02
5.178398078189520859e-02 -9.982033182146183847e-01 3.014232959786901714e-02
4.230764781501827887e-02 -9.986532370866681996e-01 3.002965501704159615e-02
3.288264860455249877e-02 -9.990115968612055530e-01 2.990929519086751170e-02
2.351250636295339896e-02 -9.992798803886998593e-01 2.978066267156091046e-02
1.420089124553950213e-02 -9.994596651973749468e-01 2.964316950376402054e-02
4.951618076602945853e-03 -9.995526295029488750e-01 2.949622842105896481e-02
-4.231356438398149733e-03 -9.995605579164067445e-01 2.933925409670036510e-02
-1.334393701436595824e-02 -9.994853468058496615e-01 2.917166444859355806e-02
-2.238189359965811476e-02 -9.993290092677261649e-01 2.899288199810910738e-02
-3.134086569653006527e-02 -9.990936796622513771e-01 2.880233528186531416e-02
-4.021636718252474818e-02 -9.987816176675834434e-01 2.859946031512860046e-02
-4.900379162414425505e-02 -9.983952118073834425e-01 2.838370210497978899e-02
-5.769841807180667304e-02 -9.979369824067674255e-01 2.815451621087540837e-02
-6.629541732271844456e-02 -9.974095839323829926e-01 2.791137034970077313e-02
-7.478985863590495442e-02 -9.968158066734408296e-01 2.765374604186962224e-02
-8.317671688126887508e-02 -9.961585777220188787e-01 2.738114029447803049e-02
-9.145088010221875952e-02 -9.954409612128533036e-01 2.709306731697260634e-02
-9.960715746916112834e-02 -9.946661577851496627e-01 2.678906026425011827e-02
-1.076402875990131458e-01 -9.938375032316985047e-01 2.646867300157264291e-02
-1.155449472139036399e-01 -9.929584663037729353e-01 2.613148188516502615e-02
-1.233157601104225010e-01 -9.920326456439139129e-01 2.577708755186557121e-02
-1.309473064091866701e-01 -9.910637658227764435e-01 2.540511671073236374e-02
-1.384341320531477793e-01 -9.900556724607016967e-01 2.501522392907251646e-02
-1.457707585220028024e-01 -9.890123264195851416e-01 2.460709340496581091e-02
-1.529516927293129436e-01 -9.879377970559030109e-01 2.418044071800346667e-02
-1.599714370685130227e-01 -9.868362545314215417e-01 2.373501454966267521e-02
-1.668244995739228964e-01 -9.857119611841040907e-01 2.327059836449348398e-02
-1.735054041631720056e-01 -9.845692619680197488e-01 2.278701204311125300e-02
-1.800087009281260975e-01 -9.834125739776015118e-01 2.228411345786980233e-02
-1.863289764424678474e-01 -9.822463750783489989e-01 2.176179998204123486e-02
-1.924608640555271755e-01 -9.810751916729789635e-01 2.122000992335141070e-02
-1.983990541437737065e-01 -9.799035856390321264e-01 2.065872387281765879e-02
-2.041383042935572545e-01 -9.787361404809958865e-01 2.007796596000903377e-02
-2.096734493911877328e-01 -9.775774467470343954e-01 1.947780500610035367e-02
-2.149994115992542032e-01 -9.764320867673695892e-01 1.885835556641903693e-02
-2.201112102011541505e-01 -9.753046187781670984e-01 1.821977885458773636e-02
-2.250039712990944685e-01 -9.741995605013806792e-01 1.756228354084393012e-02
-2.296729373542837349e-01 -9.731213722573431868e-01 1.688612641766740891e-02
-2.341134765616037228e-01 -9.720744396928857611e-01 1.619161292646434727e-02
-2.383210920546655065e-01 -9.710630562133768517e-01 1.547909753973796161e-02
-2.422914309407550038e-01 -9.700914052122227016e-01 1.474898399391546579e-02
-2.460202931686872874e-01 -9.691635421960220764e-01 1.400172536879319522e-02
-2.495036402359461225e-01 -9.682833769076583108e-01 1.323782401039980648e-02
-2.527376037446158463e-01 -9.674546555531012837e-01 1.245783129495413484e-02
-2.557184938184460243e-01 -9.666809432405364388e-01 1.166234723250202283e-02
-2.584428073958589533e-01 -9.659656067425976822e-01 1.085201990974699916e-02
-2.609072364157507540e-01 -9.653117976939299405e-01 1.002754477253476641e-02
-2.631086759144916631e-01 -9.647224363370129341e-01 9.189663749402244078e-03
-2.650442320535484342e-01 -9.642001959291219837e-01 8.339164218549756022e-03
-2.667112300975854056e-01 -9.637474879224692259e-01 7.476877821530827570e-03
-2.681072223627181117e-01 -9.633664480279465758e-01 6.603679127869150484e-03
-2.692299961537683028e-01 -9.630589232704781510e-01 5.720484155697927280e-03
-2.700775817078860386e-01 -9.628264601407833245e-01 4.828248754364321271e-03
-2.706482601597646753e-01 -9.626702939443567697e-01 3.927966855742938065e-03
-2.709405715408803039e-01 -9.625913394437030091e-01 3.020668601749099558e-03
-2.709533228217683165e-01 -9.625901828843300700e-01 2.107418356227628783e-03
-2.706855960023312191e-01 -9.626670754887355352e-01 1.189312610008774057e-03
-2.701367562506061248e-01 -9.628219284956290869e-01 2.674777884632136785e-04
-2.693064600853587454e-01 -9.630543098139614511e-01 -6.569320286532394403e-04
-2.681946635923848077e-01 -9.633634423530028634e-01 -1.582737464902952149e-03
-2.668016306585634934e-01 -9.637482040807727746e-01 -2.508736271975516453e-03
-2.651279412016094295e-01 -9.642071298536118995e-01 -3.433705810975843341e-03
-2.631744993672000543e-01 -9.647384150496536304e-01 -4.356405579478866627e-03
-2.609425416588158075e-01 -9.653399210284459020e-01 -5.275579773653516109e-03
-2.584336449593211404e-01 -9.660091824280556683e-01 -6.189959874875799496e-03
-2.556497343971431135e-01 -9.667434162997137204e-01 -7.098267250470213265e-03
-2.525930910039749233e-01 -9.675395330684948281e-01 -7.999215758539481719e-03
-2.492663591053502214e-01 -9.683941492967427234e-01 -8.891514347262629778e-03
-2.456725533803017225e-01 -9.693036022150195441e-01 -9.773869639557369871e-03
-2.418150655217310707e-01 -9.702639659733518496e-01 -1.064498849461020802e-02
-2.376976704251669570e-01 -9.712710695535495820e-01 -1.150358053847059386e-02
-2.333245318303574234e-01 -9.723205162714609884e-01 -1.234836065667674516e-02
-2.287002073377033540e-01 -9.734077047862886856e-01 -1.317805144272189005e-02
-2.238296527199554742e-01 -9.745278515226073468e-01 -1.399138559707073341e-02
-2.187182254489178912e-01 -9.756760143995799606e-01 -1.478710827238593692e-02
-2.133716873571658845e-01 -9.768471177511554027e-01 -1.556397936161087181e-02
-2.077962063560186701e-01 -9.780359783108253380e-01 -1.632077572656451259e-02
-2.019983571332232275e-01 -9.792373321249091545e-01 -1.705629336572268145e-02
-1.959851207569995868e-01 -9.804458622494037767e-01 -1.776934952087174183e-02
-1.897638831172574758e-01 -9.816562270772567489e-01 -1.845878472331033762e-02
-1.833424321398922086e-01 -9.828630891355732979e-01 -1.912346478122588234e-02
-1.767289537160614266e-01 -9.840611441858164721e-01 -1.976228271076857501e-02
-1.699320262951848903e-01 -9.852451504545777228e-01 -2.037416061417078247e-02
-1.629606140980314199e-01 -9.864099578180333117e-01 -2.095805150899760633e-02
-1.558240589145889754e-01 -9.875505367598224060e-01 -2.151294111325044098e-02
-1.485320704603729225e-01 -9.886620069198293059e-01 -2.203784959156509030e-02
-1.410947152743239341e-01 -9.897396650502661153e-01 -2.253183326813695125e-02
-1.335224041513838888e-01 -9.907790121955716289e-01 -2.299398631225666942e-02
-1.258258781131136317e-01 -9.917757799139910180e-01 -2.342344240244150291e-02
-1.180161929302220025e-01 -9.927259553613039245e-01 -2.381937637509344910e-02
-1.101047022215018018e-01 -9.936258050610352610e-01 -2.418100586340041908e-02
-1.021030391643018842e-01 -9.944718971906263416e-01 -2.450759293181967863e-02
-9.402309686219018081e-02 -9.952611222194557294e-01 -2.479844571094434735e-02
-8.587700742576578894e-02 -9.959907117422798217e-01 -2.505292003685780436e-02
-7.767711983254474428e-02 -9.966582553605866091e-01 -2.527042109823426572e-02
-6.943597664136083591e-02 -9.972617154745110346e-01 -2.545040509345644630e-02
-6.116628964567935589e-02 -9.977994398593049707e-01 -2.559238089890562839e-02
-5.288091455851132855e-02 -9.982701719128521667e-01 -2.569591174835119188e-02
-4.459282482913694279e-02 -9.986730584743230832e-01 -2.576061692204370535e-02
-3.631508469850230902e-02 -9.990076551287124795e-01 -2.578617344271811468e-02
-2.806082160585511923e-02 -9.992739289276283410e-01 -2.577231777426396142e-02
-1.984319806385063251e-02 -9.994722584732272930e-01 -2.571884751734152680e-02
-1.167538312291855306e-02 -9.996034313295280027e-01 -2.562562309474148217e-02
-3.570523548073729556e-03 -9.996686387433845189e-01 -2.549256941782692548e-02
4.458285167468732657e-03 -9.996694676760519149e-01 -2.531967752398665492e-02
1.239802782758380080e-02 -9.996078901654101845e-01 -2.510700617369300558e-02
2.023579847447894847e-02 -9.994862500584000831e-01 -2.485468339452189326e-02
2.795882912553983302e-02 -9.993072471729189665e-01 -2.456290795838070654e-02
3.555451818928555274e-02 -9.990739189681854260e-01 -2.423195077722377355e-02
4.301045844900998338e-02 -9.987896198222444566e-01 -2.386215620173541899e-02
5.031446450891455952e-02 -9.984579980346887096e-01 -2.345394320684478229e-02
5.745459960484942258e-02 -9.980829706916471977e-01 -2.300780644751941953e-02
6.441920169007686603e-02 -9.976686965484654612e-01 -2.252431716807773432e-02
7.119690871563642831e-02 -9.972195471030979030e-01 -2.200412394827163179e-02
7.777668303478833811e-02 -9.967400760498776879e-01 -2.144795326962521675e-02
8.414783487148634611e-02 -9.962349873188549587e-01 -2.085660988597357046e-02
9.030004480371187081e-02 -9.957091019201260718e-01 -2.023097698282502743e-02
9.622338522360347757e-02 -9.951673238253654352e-01 -1.957201611106460307e-02
1.019083407474440511e-01 -9.946146051299551427e-01 -1.888076688161547875e-02
1.073458275595186584e-01 -9.940559107485600343e-01 -1.815834640896672389e-02
1.125272116844228815e-01 -9.934961829045814152e-01 -1.740594849294284027e-02
1.174443261923772686e-01 -9.929403056795338411e-01 -1.662484252971545631e-02
1.220894873512875928e-01 -9.923930698919343207e-01 -1.581637214481892983e-02
1.264555097474907297e-01 -9.918591385766933888e-01 -1.498195354280689243e-02
1.305357204041647512e-01 -9.913430133351905926e-01 -1.412307357015161156e-02
1.343239719321005221e-01 -9.908490018231715935e-01 -1.324128749001758469e-02
1.378146547517955234e-01 -9.903811866382943307e-01 -1.233821646960892027e-02
1.410027084285308541e-01 -9.899433958615780904e-01 -1.141554478287117556e-02
1.438836321631525583e-01 -9.895391754971933906e-01 -1.047501673339665262e-02
1.464534944806551442e-01 -9.891717640430076619e-01 -9.518433304412737828e-03
1.487089421563534963e-01 -9.888440694101315875e-01 -8.547648544701715728e-03
1.506472084154584778e-01 -9.885586483934648561e-01 -7.564565701184874577e-03
1.522661204363141008e-01 -9.883176888770163204e-01 -6.571133110682539358e-03
1.535641061805168850e-01 -9.881229949376784116e-01 -5.569339865015581273e-03
1.545402005647682209e-01 -9.879759749892975673e-01 -4.561211265125735513e-03
1.551940509797888057e-01 -9.878776330854445176e-01 -3.548804081246607553e-03
1.555259221511638423e-01 -9.878285634744122801e-01 -2.534201637341814990e-03
1.555367003258319447e-01 -9.878289484738267401e-01 -1.519508739031083218e-03
1.552278967563427703e-01 -9.878785597050357969e-01 -5.068464650415213830e-04
1.546016504432744243e-01 -9.879767626993571916e-01 5.016531571553075556e-04
1.536607300846160040e-01 -9.881225248595231214e-01 1.503852570431964217e-03
1.524085351697859469e-01 -9.883144267305020714e-01 2.497614180497996755e-03
1.508490961455739021e-01 -9.885506765045438682e-01 3.480805900435073735e-03
1.489870735719545092e-01 -9.888291276560449150e-01 4.451306726058095083e-03
1.468277561777056595e-01 -9.891472995729285733e-01 5.407012321209748139e-03
1.443770577193259630e-01 -9.895024010229614975e-01 6.345840592586725511e-03
1.416415125421163768e-01 -9.898913562660596188e-01 7.265737234340092013e-03
1.386282697396633012e-01 -9.903108335974654119e-01 8.164681223474171481e-03
1.353450858074911056e-01 -9.907572760819872704e-01 9.040690247969822291e-03
1.318003156884536564e-01 -9.912269342165694885e-01 9.891826050559115319e-03
1.280029021115737520e-01 -9.917159002375867116e-01 1.071619967215757530e-02
1.239623631325325326e-01 -9.922201437706997806e-01 1.151197658009445006e-02
1.196887777928264951e-01 -9.927355485051269079e-01 1.227738166744716045e-02
1.151927698256635241e-01 -9.932579495610164289e-01 1.301070411095891534e-02
1.104854893498292689e-01 -9.937831712084659319e-01 1.371030207617436950e-02
1.055785925078424475e-01 -9.943070645898125504e-01 1.437460725954358039e-02
1.004842190215090303e-01 -9.948255450932765864e-01 1.500212925829708284e-02
9.521496765621827174e-02 -9.953346290259972307e-01 1.559145975986392547e-02
8.978386960470265132e-02 -9.958304692380480772e-01 1.614127654347170121e-02
8.420435982118409934e-02 -9.963093893561985048e-01 1.665034728731731167e-02
7.849024635750556644e-02 -9.967679162970028983e-01 1.711753317531724411e-02
7.265567777363990398e-02 -9.972028107432089339e-01 1.754179229792776282e-02
6.671510871551197819e-02 -9.976110952853848302e-01 1.792218284186421554e-02
6.068326377300020669e-02 -9.979900799519509924e-01 1.825786606374409093e-02
5.457509974994455976e-02 -9.983373848752677970e-01 1.854810904273473948e-02
4.840576649564155842e-02 -9.986509598688693146e-01 1.879228720721192944e-02
4.219056646333767951e-02 -9.989291007210664430e-01 1.898988663024248416e-02
3.594491317535728619e-02 -9.991704620426725691e-01 1.914050608840934045e-02
2.968428878647255686e-02 -9.993740665411903201e-01 1.924385887812075924e-02
2.342420094673644884e-02 -9.995393106300658470e-01 1.929977438311013260e-02
1.718013917209729874e-02 -9.996659663191732603e-01 1.930819938636432059e-02
1.096753093558780999e-02 -9.997541793711168800e-01 1.926919911924413961e-02
4.801697693677029616e-03 -9.998044637468009865e-01 1.918295804010860389e-02
-1.302188938509331144e-03 -9.998176924025701240e-01 1.904978033435343956e-02
-7.329150652903512926e-03 -9.997950845396260666e-01 1.887009012745189535e-02
-1.326444535097589042e-02 -9.997381894439326677e-01 1.864443140236867955e-02
-1.909360928719912656e-02 -9.996488670909944307e-01 1.837346761263004488e-02
-2.480249826825721080e-02 -9.995292657243184387e-01 1.805798098239630792e-02
-3.037732773520807755e-02 -9.993817966486384652e-01 1.769887148511547700e-02
-3.580471156987417858e-02 -9.992091065087254087e-01 1.729715549275224681e-02
-4.107169948209995342e-02 -9.990140473514783626e-01 1.685396408819549163e-02
-4.616581285083496550e-02 -9.987996447926758004e-01 1.637054103425466048e-02
-5.107507890891637564e-02 -9.985690646299960616e-01 1.584824039366210940e-02
-5.578806317856570274e-02 -9.983255782604530948e-01 1.528852379570027308e-02
-6.029390008161424064e-02 -9.980725272730484043e-01 1.469295734646131057e-02
-6.458232166496988280e-02 -9.978132875960727954e-01 1.406320818130989483e-02
-6.864368439749411743e-02 -9.975512335829929134e-01 1.340104065984040922e-02
-7.246899400895606691e-02 -9.972897024211843098e-01 1.270831220547824145e-02
-7.604992835479071345e-02 -9.970319592439115253e-01 1.198696879384799317e-02
-7.937885830176959201e-02 -9.967811633179450848e-01 1.123904009609427365e-02
-8.244886663920418524e-02 -9.965403356671292956e-01 1.046663428546609764e-02
-8.525376502780425414e-02 -9.963123284761964404e-01 9.671932517635872806e-03
-8.778810900372384374e-02 -9.960997965993255709e-01 8.857183097389781379e-03
-9.004721105862339980e-02 -9.959051714745764672e-01 8.024695346469438301e-03
-9.202715181779398679e-02 -9.957306377186238011e-01 7.176833189437245054e-03
-9.372478933762644349e-02 -9.955781126464512409e-01 6.316008476452810924e-03
-9.513776654111776032e-02 -9.954492289281446915e-01 5.444674063760139571e-03
-9.626451680589830084e-02 -9.953453205599771536e-01 4.565316674471613795e-03
-9.710426771369222443e-02 -9.952674122899680675e-01 3.680449563874334078e-03
-9.765704296348901026e-02 -9.952162125994074016e-01 2.792605014958801212e-03
-9.792366244333841618e-02 -9.951921103018633863e-01 1.904326691163944676e-03
-9.790574044794304875e-02 -9.951951747803648995e-01 1.018161874433713004e-03
-9.760568202148417472e-02 -9.952251598421981704e-01 1.366536175797626465e-04
-9.702667739775622247e-02 -9.952815111295367778e-01 -7.376671593637579858e-04
-9.617269450307618095e-02 -9.953633769833825085e-01 -1.602289598626335364e-03
-9.504846948193126921e-02 -9.954696226185046903e-01 -2.454730829590130118e-03
-9.365949520126197470e-02 -9.955988474286769918e-01 -3.292543858579160664e-03
-9.201200768694055288e-02 -9.957494052049944422e-01 -4.113325393180739843e-03
-9.011297044564528513e-02 -9.959194270158463480e-01 -4.914723571056289243e-03
-8.797005662714245389e-02 -9.961068464656702703e-01 -5.694445563701846721e-03
-8.559162898610749026e-02 -9.963094270213194159e-01 -6.450265026285645700e-03
-8.298671760911412176e-02 -9.965247910701418022e-01 -7.180029365504962333e-03
-8.016499538130111846e-02 -9.967504503530402182e-01 -7.881666798349229452e-03
-7.713675117842623552e-02 -9.969838373991783964e-01 -8.553193175712497237e-03
-7.391286078340511545e-02 -9.972223375768916043e-01 -9.192718545946212613e-03
-7.050475554181463711e-02 -9.974633213679650057e-01 -9.798453434663510417e-03
-6.692438878795996249e-02 -9.977041764699284832e-01 -1.036871481837952323e-02
-6.318420009165419404e-02 -9.979423393334760917e-01 -1.090193177088048110e-02
-5.929707739548620987e-02 -9.981753257495908915e-01 -1.139665076254048337e-02
-5.527631713266512037e-02 -9.984007601133993992e-01 -1.185154059413391636e-02
-5.113558243611521920e-02 -9.986164030090962651e-01 -1.226539694801050823e-02
-4.688885956992289855e-02 -9.988201767822779686e-01 -1.263714654079880345e-02
-4.255041273407542124e-02 -9.990101887924635049e-01 -1.296585086307486430e-02
-3.813473741225731350e-02 -9.991847520691302664e-01 -1.325070949267181594e-02
-3.365651244988165924e-02 -9.993424031288774545e-01 -1.349106296951101125e-02
-2.913055106515998263e-02 -9.994819167488896428e-01 -1.368639522100864071e-02
-2.457175100952658717e-02 -9.996023175322154009e-01 -1.383633552825705437e-02
-1.999504410485320252e-02 -9.997028881429442793e-01 -1.394066002430474627e-02
-1.541534539339657617e-02 -9.997831741335774236e-01 -1.399929271697223851e-02
-1.084750214215857850e-02 -9.998429853321186833e-01 -1.401230602975388553e-02
-6.306242946215720457e-03 -9.998823938020342528e-01 -1.397992085548015878e-02
-1.806127175572506439e-03 -9.999017284335898204e-01 -1.390250611856426975e-02
2.638504992740426172e-03 -9.999015662695335260e-01 -1.378057784284399297e-02
7.013581721151031755e-03 -9.998827207110226878e-01 -1.361479772326694426e-02
1.130534760852603716e-02 -9.998462267904817402e-01 -1.340597120096674068e-02
1.550041051994454494e-02 -9.997933237361565917e-01 -1.315504504264839065e-02
1.958578694396338402e-02 -9.997254350879661855e-01 -1.286310442665175927e-02
2.354894568616178185e-02 -9.996441466553590560e-01 -1.253136953959732396e-02
2.737784972317401991e-02 -9.995511826348432161e-01 -1.216119168914135337e-02
3.106099605779519962e-02 -9.994483802273045336e-01 -1.175404894007757786e-02
3.458745343269141459e-02 -9.993376631128750853e-01 -1.131154128281599940e-02
3.794689777737941805e-02 -9.992210141537312129e-01 -1.083538534513999591e-02
4.112964528009385029e-02 -9.991004477026494968e-01 -1.032740866008077449e-02
4.412716608615031844e-02 -9.989779427112709387e-01 -9.791364543111901256e-03
4.693188171733388148e-02 -9.988554564536582525e-01 -9.229472614438256201e-03
4.953698382508829601e-02 -9.987348876722372815e-01 -8.644009551279478037e-03
5.193644488520849506e-02 -9.986180525935711705e-01 -8.037300601422723081e-03
5.412502601695516613e-02 -9.985066627371707026e-01 -7.411711040174464096e-03
5.609828199608384025e-02 -9.984023047653257654e-01 -6.769637599001378236e-03
5.785256353774165250e-02 -9.983064225872491093e-01 -6.113499894282724799e-03
5.938501692977300739e-02 -9.982203018943487383e-01 -5.445731884646724461e-03
6.069358109987445932e-02 -9.981450572657240006e-01 -4.768773385318327181e-03
6.177698220146908559e-02 -9.980816219445471926e-01 -4.085061667753423810e-03
6.263472580337912932e-02 -9.980307403473660521e-01 -3.397023172564533726e-03
6.326708676762915484e-02 -9.979929633300492764e-01 -2.707065363346621706e-03
6.367509689828484976e-02 -9.979686461965809885e-01 -2.017568748482348115e-03
6.386053044240121157e-02 -9.979579494006537432e-01 -1.330879097339357584e-03
6.382588752218365524e-02 -9.979608418554326565e-01 -6.492998764661787056e-04
6.357437557560662034e-02 -9.979771067343748969e-01 2.491506955164214318e-05
6.310988888121130125e-02 -9.980063496159364833e-01 6.895685689944968050e-04
6.243698624181270168e-02 -9.980480087977111614e-01 1.342526883301792956e-03
6.156086690154465718e-02 -9.981013675813004138e-01 1.981726155721093632e-03
6.048734477118054148e-02 -9.981655683082393260e-01 2.605178528727745274e-03
5.922282103806538606e-02 -9.982396279098015857e-01 3.210977912179948171e-03
5.777425523931770113e-02 -9.983224547196055676e-01 3.797305385813667857e-03
5.614913488020047833e-02 -9.984128662877493898e-01 4.362434221395648445e-03
5.435544368367338508e-02 -9.985096079287532067e-01 4.904734511625613406e-03
5.240162856203813696e-02 -9.986113717328841677e-01 5.422677394694370816e-03
5.029656540715771867e-02 -9.987168157714277905e-01 5.914838865246557949e-03
4.804952380182150179e-02 -9.988245832310529426e-01 6.379903164348725737e-03
4.567013076127175719e-02 -9.989333212204534185e-01 6.816665742909437491e-03
4.316833362051630124e-02 -9.990416990037446210e-01 7.224035794822717370e-03
4.055436218962937822e-02 -9.991484254294260570e-01 7.601038357895332359e-03
3.783869030558751484e-02 -9.992522653408231204e-01 7.946815982359033831e-03
3.503199691510015118e-02 -9.993520547734930926e-01 8.260629968449657509e-03
3.214512682818666811e-02 -9.994467147667995821e-01 8.541861176146074708e-03
2.918905128674683519e-02 -9.995352636403700419e-01 8.790010411695527506e-03
2.617482849591471275e-02 -9.996168276110921624e-01 9.004698397001766746e-03
2.311356426844490136e-02 -9.996906496522874885e-01 9.185665329314493185e-03
2.001637293365004719e-02 -9.997560965233428520e-01 9.332770039930505732e-03
1.689433866241464924e-02 -9.998126639249962366e-01 9.445988761798014208e-03
1.375847735850879022e-02 -9.998599797622725882e-01 9.525413517006796685e-03
1.061969926380421959e-02 -9.998978055233854745e-01 9.571250136150483145e-03
7.488772421073430774e-03 -9.999260358083998934e-01 9.583815922466801598e-03
4.376287132878887987e-03 -9.999446960657603078e-01 9.563536974501442300e-03
1.292621548710848767e-03 -9.999539386176158340e-01 9.510945181806396143e-03
-1.752091494890438417e-03 -9.999540370759475438e-01 9.426674908879573503e-03
-4.747996264866737037e-03 -9.999453792705724764e-01 9.311459383184901573e-03
-7.685544445653171367e-03 -9.999284588269595764e-01 9.166126803666263881e-03
-1.055552387934066000e-02 -9.999038655462753056e-01 8.991596186689890247e-03
-1.334908564500727861e-02 -9.998722747520477627e-01 8.788872966822658048e-03
-1.605776940091786439e-02 -9.998344357772079860e-01 8.559044370282256273e-03
-1.867352692414469065e-02 -9.997911597719876253e-01 8.303274579282426959e-03
-2.118864779145347363e-02 -9.997433162755733349e-01 8.021899477714753909e-03
-2.359556302690725416e-02 -9.996918125625471330e-01 7.716046534771399748e-03
-2.588712623631283724e-02 -9.996375833663551091e-01 7.386924889183089579e-03
-2.805663708426876096e-02 -9.995815776355466697e-01 7.035821189114052805e-03
-3.009786312665940072e-02 -9.995247452940462241e-01 6.664095130777256300e-03
-3.200505992668978283e-02 -9.994680241882445415e-01 6.273174709358295478e-03
-3.377298939029735325e-02 -9.994123273995910717e-01 5.864551197187390513e-03
-3.539693626427378725e-02 -9.993585310947830092e-01 5.439773865425179614e-03
-3.687272274762032342e-02 -9.993074630766694000e-01 5.000444466819659907e-03
-3.819672117350230572e-02 -9.992598921877671181e-01 4.548211498338728710e-03
-3.936586472564122807e-02 -9.992165187049750763e-01 4.084764263675232966e-03
-4.037765615908421590e-02 -9.991779658488739724e-01 3.611826756749180519e-03
-4.123017450103975273e-02 -9.991447725141331393e-01 3.131151388385053705e-03
-4.192207971290014268e-02 -9.991173873092509261e-01 2.644512579311542218e-03
-4.245261529973781006e-02 -9.990961639744064815e-01 2.153700243507623499e-03
-4.282160885852882848e-02 -9.990813582258650793e-01 1.660513186694607436e-03
-4.302947056119793556e-02 -9.990731260544629677e-01 1.166752445441114616e-03
-4.307718957337691029e-02 -9.990715234844943504e-01 6.742145929005343525e-04
-4.296632841460699959e-02 -9.990765077781394998e-01 1.846850376328487394e-04
-4.269901527068051261e-02 -9.990879400497204577e-01 -3.000686577296104822e-04
-4.227793427398648246e-02 -9.991055892338459588e-01 -7.783034110331527641e-04
-4.170631377317201433e-02 -9.991291373322103153e-01 -1.248307181381506101e-03
-4.098791261921534701e-02 -9.991581858457170284e-01 -1.708405429234906812e-03
-4.012700450117448470e-02 -9.991922632819807415e-01 -2.156967449134581608e-03
-3.912836037145654006e-02 -9.992308336133582936e-01 -2.592412548700176976e-03
-3.799722900745795134e-02 -9.992733055476961113e-01 -3.013216048017932497e-03
-3.673931576384605741e-02 -9.993190424631479551e-01 -3.417915074132335355e-03
-3.536075957755877019e-02 -9.993673728498752018e-01 -3.805114126069705956e-03
-3.386810829574152248e-02 -9.994176010953214062e-01 -4.173490386653991129e-03
-3.226829240525094789e-02 -9.994690184461395566e-01 -4.521798758317694712e-03
-3.056859725094605851e-02 -9.995209139788050479e-01 -4.848876601158569333e-03
-2.877663383865794802e-02 -9.995725854124732912e-01 -5.153648152639201882e-03
-2.690030832736321070e-02 -9.996233496017201681e-01 -5.435128609565497912e-03
-2.494779032355980489e-02 -9.996725525533619594e-01 -5.692427854304624342e-03
-2.292748009902598888e-02 -9.997195788204860101e-01 -5.924753808606486073e-03
-2.084797486090024868e-02 -9.997638601379849055e-01 -6.131415399868554370e-03
-1.871803421022105729e-02 -9.998048831770973699e-01 -6.311825126225178821e-03
-1.654654493158375442e-02 -9.998421963114996203e-01 -6.465501208442909868e-03
-1.434248526229045702e-02 -9.998754153041188308e-01 -6.592069318256452322e-03
-1.211488879418320605e-02 -9.999042278417790142e-01 -6.691263874479569732e-03
-9.872808165170974398e-03 -9.999283968637523445e-01 -6.762928899965514086e-03
-7.625278700216590530e-03 -9.999477626499579941e-01 -6.807018434266670984e-03
-5.381282163188379729e-03 -9.999622436546081738e-01 -6.823596498647339914e-03
-3.149710781472912433e-03 -9.999718360912182025e-01 -6.812836611931408388e-03
-9.393317045809220986e-04 -9.999766122947442160e-01 -6.775020857512584031e-03
1.241247943829297280e-03 -9.999767179058680622e-01 -6.710538503713241523e-03
3.383615264004507465e-03 -9.999723679407985788e-01 -6.619884181543209643e-03
5.479584875694069358e-03 -9.999638418271097340e-01 -6.503655625776124174e-03
7.521231163724726235e-03 -9.999514775018090162e-01 -6.362550987122289094e-03
9.500919331852111793e-03 -9.999356646817854077e-01 -6.197365725127029421e-03
1.141133512986360586e-02 -9.999168374287935590e-01 -6.008989093255608267e-03
1.324551312628604455e-02 -9.998954661410200950e-01 -5.798400229433033765e-03
1.499686340702523039e-02 -9.998720491108894493e-01 -5.566663867082061005e-03
1.665919658872167669e-02 -9.998471037940019901e-01 -5.314925683437792328e-03
1.822674704443961666e-02 -9.998211579368821988e-01 -5.044407303604412328e-03
1.969419424841054728e-02 -9.997947407115268526e-01 -4.756400980450432685e-03
2.105668215583258313e-02 -9.997683740025999910e-01 -4.452263972004774986e-03
2.230983654309735484e-02 -9.997425639885757498e-01 -4.133412639508310393e-03
2.344978024320403323e-02 -9.997177931512841731e-01 -3.801316290685227955e-03
2.447314622046591406e-02 -9.996945128392981106e-01 -3.457490794116897369e-03
2.537708843787387855e-02 -9.996731364995893321e-01 -3.103491991818992275e-03
2.615929047962272519e-02 -9.996540336790727954e-01 -2.740908938231877839e-03
2.681797190031452380e-02 -9.996375248832896077e-01 -2.371356994826416369e-03
2.735189228122477528e-02 -9.996238773638019826e-01 -1.996470810394507332e-03
2.776035298276063185e-02 -9.996133018891658617e-01 -1.617897217828561480e-03
2.804319659087359598e-02 -9.996059505369018217e-01 -1.237288078790010990e-03
2.820080406373693879e-02 -9.996019155260039701e-01 -8.562931081179515989e-04
2.823408959348987918e-02 -9.996012290915168297e-01 -4.765527101299933698e-04
2.814449320631719556e-02 -9.996038643848842442e-01 -9.969085911416656915e-05
2.793397113260410319e-02 -9.996097373664317720e-01 2.726919436999272121e-04
2.760498398740727707e-02 -9.996187096397799454e-01 6.390256045727973032e-04
2.716048281003283216e-02 -9.996305921624826230e-01 9.977772313026578386e-04
2.660389302012075921e-02 -9.996451497529971197e-01 1.347457755593767714e-03
2.593909635630190641e-02 -9.996621063014586861e-01 1.686628353101804652e-03
2.517041087220496520e-02 -9.996811505808607112e-01 2.013906631321554699e-03
2.430256907332089059e-02 -9.997019425463059550e-01 2.327972556445512264e-03
2.334069428694129575e-02 -9.997241200031360409e-01 2.627574091435389784e-03
2.229027536602273818e-02 -9.997473055200715164e-01 2.911532518806816180e-03
2.115713983632566339e-02 -9.997711134610651751e-01 3.178747423024527296e-03
1.994742560445917495e-02 -9.997951570094123497e-01 3.428201308934166955e-03
1.866755135244599351e-02 -9.998190550597567672e-01 3.658963834309698036e-03
1.732418575201420674e-02 -9.998424388579256750e-01 3.870195636363944931e-03
1.592421563892816236e-02 -9.998649582749163933e-01 4.061151733944984472e-03
1.447471329419297570e-02 -9.998862876097196484e-01 4.231184489113419718e-03
1.298290298481012683e-02 -9.999061308258151426e-01 4.379746113855104497e-03
1.145612692183473405e-02 -9.999242261379270857e-01 4.506390709820353412e-03
9.901810797704593825e-03 -9.999403498787362565e-01 4.610775831183458982e-03
8.327429068103277265e-03 -9.999543195894698977e-01 4.692663562974781072e-03
6.740470145922957887e-03 -9.999659962933468149e-01 4.751921109540742025e-03
5.148401676159583551e-03 -9.999752859264644522e-01 4.788520890123856670e-03
3.558636060771207081e-03 -9.999821399165762514e-01 4.802540140914302903e-03
1.978496401643818625e-03 -9.999865549160255052e-01 4.794160025295477953e-03
4.151830278381906953e-04 -9.999885717105845284e-01 4.763664256377387989e-03
-1.124259229747109857e-03 -9.999882733408040902e-01 4.711437238272565484e-03
-2.632972857235114407e-03 -9.999857824864404332e-01 4.637961734908520664e-03
-4.104318416153434658e-03 -9.999812581773427356e-01 4.543816077477595521e-03
-5.531904093334435481e-03 -9.999748919056261620e-01 4.429670923888680972e-03
-6.909613901178806271e-03 -9.999669032238216460e-01 4.296285585794816682e-03
-8.231634394763603577e-03 -9.999575349218225995e-01 4.144503940915673403e-03
-9.492479780609209064e-03 -9.999470478817020780e-01 3.975249950443721265e-03
-1.068701530086434322e-02 -9.999357157137613861e-01 3.789522803307306120e-03
-1.181047878613633410e-02 -9.999238192794350777e-01 3.588391710952662864e-03
-1.285850028009853652e-02 -9.999116412069006810e-01 3.372990378090219912e-03
-1.382711964926513874e-02 -9.998994605034465799e-01 3.144511176518734966e-03
-1.471280210185756110e-02 -9.998875473649039280e-01 2.904199050684514415e-03
-1.551245155042522278e-02 -9.998761582768382894e-01 2.653345185043279840e-03
-1.622342176376299558e-02 -9.998655314948645678e-01 2.393280464560589016e-03
-1.684352526463298028e-02 -9.998558829825556771e-01 2.125368760805150959e-03
-1.737103994080232972e-02 -9.998474028751539455e-01 1.851000077050382348e-03
-1.780471334791283028e-02 -9.998402525258812679e-01 1.571583586596410429e-03
-1.814376469367006209e-02 -9.998345621793190974e-01 1.288540599151311592e-03
-1.838788450375497541e-02 -9.998304293033399848e-01 1.003297490561451486e-03
-1.853723198069792688e-02 -9.998279175976844124e-01 7.172786314519283019e-04
-1.859243007769738679e-02 -9.998270566837522688e-01 4.318993504258469428e-04
-1.855455831999727051e-02 -9.998278424667887965e-01 1.485589673730037738e-04
-1.842514341694229466e-02 -9.998302381486470214e-01 -1.313660678469122270e-04
-1.820614771819255989e-02 -9.998341758569531112e-01 -4.065288965546080824e-04
-1.789995557777631502e-02 -9.998395588450245119e-01 -6.756187981029324920e-04
-1.750935769966805236e-02 -9.998462642065065742e-01 -9.373675291428969648e-04
-1.703753354836733472e-02 -9.998541460395904412e-01 -1.190555423043406554e-03
-1.648803191748480362e-02 -9.998630389880215352e-01 -1.434017218408221300e-03
-1.586474975857235167e-02 -9.998727620800318405e-01 -1.666647587009773522e-03
-1.517190938131429863e-02 -9.998831227819315881e-01 -1.887406333001005352e-03
-1.441403414466959319e-02 -9.998939211804438454e-01 -2.095323236965686720e-03
-1.359592276656037234e-02 -9.999049542069842200e-01 -2.289502520216007107e-03
-1.272262238717431632e-02 -9.999160198179722903e-01 -2.469126906733888367e-03
-1.179940052781942340e-02 -9.999269210478695102e-01 -2.633461262268835257e-03
-1.083171609347138506e-02 -9.999374698558891605e-01 -2.781855792338754248e-03
-9.825189572617959791e-03 -9.999474906931106188e-01 -2.913748783218825158e-03
-8.785572592666822042e-03 -9.999568237239091495e-01 -3.028668872434344805e-03
-7.718716992983282871e-03 -9.999653276440173544e-01 -3.126236837783013655e-03
-6.630543580508577867e-03 -9.999728820469745427e-01 -3.206166896486545032e-03
-5.527010734832999740e-03 -9.999793893009828460e-01 -3.268267508696393216e-03
-4.414083030525453762e-03 -9.999847759090509935e-01 -3.312441682239324232e-03
-3.297700044427473616e-03 -9.999889933365335715e-01 -3.338686778170681536e-03
-2.183745514492267323e-03 -9.999920183015240660e-01 -3.347093819391719609e-03
-1.078017014587015097e-03 -9.999938525347971119e-01 -3.337846307267386663e-03
1.380369350934408483e-05 -9.999945220268838808e-01 -3.311218553837675695e-03
1.086179473867222205e-03 -9.999940757901842892e-01 -3.267573539834441217e-03
2.133745644033699894e-03 -9.999925841735585186e-01 -3.207360311281989580e-03
3.151336670708074824e-03 -9.999901367754160386e-01 -3.131110929959613973e-03
4.134011594590484423e-03 -9.999868400087593701e-01 -3.039436995423777654e-03
5.077078053278117654e-03 -9.999828143778137779e-01 -2.933025758613437388e-03
5.976114779572637599e-03 -9.999781915306620306e-01 -2.812635849281110677e-03
6.826992461719077511e-03 -9.999731111556380281e-01 -2.679092641592321043e-03
7.625892861845928392e-03 -9.999677177910588632e-01 -2.533283284205145851e-03
8.369326099142315734e-03 -9.999621576181857430e-01 -2.376151422968543828e-03
9.054146015015147875e-03 -9.999565753061138151e-01 -2.208691646052412562e-03
9.677563548542289854e-03 -9.999511109746579418e-01 -2.031943682834097022e-03
1.023715806190504674e-02 -9.999458973372999937e-01 -1.846986389206352591e-03
1.073088656707540250e-02 -9.999410570810106647e-01 -1.654931553132337786e-03
1.115709081678522945e-02 -9.999367005333841263e-01 -1.456917555246791318e-03
1.151450223465456078e-02 -9.999329236601921522e-01 -1.254102920082790333e-03
1.180224467124628418e-02 -9.999298064283439480e-01 -1.047659794085009600e-03
1.201983498469135804e-02 -9.999274115605246704e-01 -8.387673869489027439e-04
1.216718145634076292e-02 -9.999257836986777948e-01 -6.286054129974783010e-04
1.224458006359971894e-02 -9.999249489842004790e-01 -4.183475692712572067e-04
1.225270864363940497e-02 -9.999249150534421648e-01 -2.091550867616622119e-04
1.219261899301612648e-02 -9.999256714380396760e-01 -2.170390763806689678e-06
1.206572695931224307e-02 -9.999271903509817649e-01 2.014890943370386503e-04
1.187380059170152664e-02 -9.999294278312534923e-01 4.007369613973233032e-04
1.161894642778737823e-02 -9.999323252126340877e-01 5.945236245843020430e-04
1.130359400411738019e-02 -9.999358108758581443e-01 7.818418790632357483e-04
1.093047868739237954e-02 -9.999398022380244777e-01 9.617321856342753942e-04
1.050262293251128659e-02 -9.999442079289444507e-01 1.133287651282026322e-03
1.002331608217140596e-02 -9.999489301011423859e-01 1.295658678403966346e-03
9.496092830724401843e-03 -9.999538668184929646e-01 1.448057257448615151e-03
8.924710482315946491e-03 -9.999589144680202102e-01 1.589760879809324311e-03
8.313125139958865012e-03 -9.999639701401807912e-01 1.720116050072457948e-03
7.665466968052809908e-03 -9.999689339249648867e-01 1.838541379096279285e-03
6.986014675918372947e-03 -9.999737110743026625e-01 1.944530241884889592e-03
6.279169374113764517e-03 -9.999782139854759277e-01 2.037652986805184047e-03
5.549427958606256879e-03 -9.999823639653763196e-01 2.117558685358387951e-03
4.801356180242914891e-03 -9.999860927414017109e-01 2.183976414445191940e-03
4.039561558376982345e-03 -9.999893436913769307e-01 2.236716065838216527e-03
3.268666297936682202e-03 -9.999920727719702196e-01 2.275668680380599305e-03
2.493280368659752527e-03 -9.999942491324743665e-01 2.300806307247777426e-03
1.717974903656234627e-03 -9.999958554083567819e-01 2.312181391423828204e-03
9.472560719098307904e-04 -9.999968876964809850e-01 2.309925695336799423e-03
1.855395757996904527e-04 -9.999973552211883776e-01 2.294248763352292435e-03
-5.628740797557444265e-04 -9.999972797073382047e-01 2.265435940524274452e-03
-1.293823405330037698e-03 -9.999966944827872739e-01 2.223845959630259706e-03
-2.003308697268395885e-03 -9.999956433385036592e-01 2.169908113058561551e-03
-2.687513632393108247e-03 -9.999941791794391133e-01 2.104119028552800096e-03
-3.342825567189429761e-03 -9.999923625033274588e-01 2.027039070138392067e-03
-3.965854430115590273e-03 -9.999902597476565402e-01 1.939288387743229617e-03
-4.553450104916113676e-03 -9.999879415471305544e-01 1.841542641066813181e-03
-5.102718212630577219e-03 -9.999854809449626458e-01 1.734528425136278550e-03
-5.611034210309047074e-03 -9.999829516013187813e-01 1.619018426702509110e-03
-6.076055735197767593e-03 -9.999804260411959689e-01 1.495826342164324231e-03
-6.495733134270905221e-03 -9.999779739819985025e-01 1.365801589054103926e-03
-6.868318130382871159e-03 -9.999756607781560280e-01 1.229823844265794976e-03
-7.192370587928432514e-03 -9.999735460163842182e-01 1.088797443148860995e-03
-7.466763352653076405e-03 -9.999716822907395164e-01 9.436456743234056081e-04
-7.690685152084041597e-03 -9.999701141815752203e-01 7.953050055876972457e-04
-7.863641554884866561e-03 -9.999688774570094640e-01 6.447192765862356633e-04
-7.985453999206845732e-03 -9.999679985097029711e-01 4.928338939822131566e-04
-8.056256911754627881e-03 -9.999674940357624608e-01 3.405900647319966626e-04
-8.076492950737349311e-03 -9.999673709565860547e-01 1.889191026917053844e-04
-8.046906417079455545e-03 -9.999676265785883977e-01 3.873684319909452079e-05
-7.968534889156537668e-03 -9.999682489801324792e-01 -1.090618005288290218e-04
-7.842699146841996746e-03 -9.999692176097759733e-01 -2.536081063559555656e-04
-7.670991460742304820e-03 -9.999705040752362439e-01 -3.940646059373850794e-04
-7.455262332105272796e-03 -9.999720730983857608e-01 -5.296299109886796683e-04
-7.197605777951577438e-03 -9.999738836082049387e-01 -6.595432745278562419e-04
-6.900343264450848994e-03 -9.999758899409993962e-01 -7.830888602874935128e-04
-6.566006399387503203e-03 -9.999780431153859617e-01 -8.995996954451226631e-04
-6.197318501688164373e-03 -9.999802921485938523e-01 -1.008461283925619120e-03
-5.797175172364409101e-03 -9.999825853805117681e-01 -1.109114859776053324e-03
-5.368623996817490848e-03 -9.999848717726321778e-01 -1.201060262486843130e-03
-4.914843513215257954e-03 -9.999871021505544189e-01 -1.283858418617638301e-03
-4.439121585549835047e-03 -9.999892303609596578e-01 -1.357133416665917865e-03
-3.944833322987159607e-03 -9.999912143168864231e-01 -1.420574164773884176e-03
-3.435418689201382141e-03 -9.999930169086312937e-01 -1.473935623587412829e-03
-2.914359946530041892e-03 -9.999946067615701484e-01 -1.517039609341655016e-03
-2.385159079978481714e-03 -9.999959588265346921e-01 -1.549775165033178944e-03
-1.851315345340009706e-03 -9.999970547929668552e-01 -1.572098500329867452e-03
-1.316303083985467456e-03 -9.999978833197917805e-01 -1.584032503648742695e-03
-7.835499442233635889e-04 -9.999984400836725573e-01 -1.585665832580089715e-03
-2.564156455587047632e-04 -9.999987276489203936e-01 -1.577151591535579794e-03
2.618285822882668399e-04 -9.999987551677185227e-01 -1.558705608130747221e-03
7.680197590689952615e-04 -9.999985379233692351e-01 -1.530604322360820842e-03
1.259121992010457484e-03 -9.999980967328949699e-01 -1.493182305076818858e-03
1.732244278664492711e-03 -9.999974572284409113e-01 -1.446829424599917679e-03
2.184657168766926220e-03 -9.999966490394603946e-01 -1.391987682511170322e-03
2.613808187566790675e-03 -9.999957048995753439e-01 -1.329147741706326272e-03
3.017335931979547685e-03 -9.999946597032484119e-01 -1.258845171698443196e-03
3.393082760343205887e-03 -9.999935495379758121e-01 -1.181656437871904863e-03
3.739106006443426375e-03 -9.999924107176008103e-01 -1.098194662929269675e-03
4.053687658751842400e-03 -9.999912788415858955e-01 -1.009105190117161321e-03
4.335342456418012601e-03 -9.999901879036986463e-01 -9.150609789605999595e-04
4.582824364396040351e-03 -9.999891694716123158e-01 -8.167578651694890968e-04
4.795131401097841792e-03 -9.999882519564643468e-01 -7.149097171005701227e-04
4.971508803072510752e-03 -9.999874599885303361e-01 -6.102435216585872088e-04
5.111450522341878105e-03 -9.999868139119406640e-01 -5.034944327987159749e-04
5.214699063103893362e-03 -9.999863294078896736e-01 -3.954008158470002162e-04
5.281243675476665622e-03 -9.999860172521553014e-01 -2.866993206866329160e-04
5.311316934727337152e-03 -9.999858832090611216e-01 -1.781200164669337555e-04
5.305389744943381919e-03 -9.999859280603737854e-01 -7.038161988182808069e-05
5.264164816293475518e-03 -9.999861477641266427e-01 3.581315175995401366e-05
5.188568674826808322e-03 -9.999865337350862804e-01 1.397820724838927733e-04
5.079742273112027723e-03 -9.999870732356144210e-01 2.408677156631398842e-04
4.939030278860857652e-03 -9.999877498630916905e-01 3.384415505682908626e-04
4.767969126960643761e-03 -9.999885441179217072e-01 4.319078015341496369e-04
4.568273928001522280e-03 -9.999894340344703814e-01 5.207070456037354422e-04
4.341824333377946980e-03 -9.999903958561480177e-01 6.043195264474693568e-04
4.090649463325130020e-03 -9.999914047352261859e-01 6.822681644375304128e-04
3.816912009776949645e-03 -9.999924354379031710e-01 7.541212449690035905e-04
3.522891630666025696e-03 -9.999934630355770127e-01 8.194947694449512604e-04
3.210967756197085320e-03 -9.999944635642299406e-01 8.780544557654068258e-04
2.883601930684858133e-03 -9.999954146352302287e-01 9.295173776632965077e-04
2.543319815736950693e-03 -9.999962959826731446e-01 9.736532347956642448e-04
2.192692981865913219e-03 -9.999970899345482778e-01 1.010285248108082345e-03
1.834320616025049075e-03 -9.999977817974649019e-01 1.039290677625251706e-03
1.470811272078057170e-03 -9.999983601473263484e-01 1.060600962462843232e-03
1.104764789838867537e-03 -9.999988170211294713e-01 1.074201485485887925e-03
7.387545060674236387e-04 -9.999991480079040151e-01 1.080130967638884276e-03
3.753098776989275830e-04 -9.999993522396185552e-01 1.078480499523910017e-03
1.689963364418867534e-05 -9.999994322855868534e-01 1.069392220287435817e-03
-3.340844332403117983e-04 -9.999993939564408851e-01 1.053057656276800737e-03
-6.753429279135139294e-04 -9.999992460260299643e-01 1.029715734226623351e-03
-1.004683468758355838e-03 -9.999989998816015691e-01 9.996504859177673258e-04
-1.320034364035716163e-03 -9.999986691142730422e-01 9.631884633017175415e-04
-1.619457263674584481e-03 -9.999982690630748738e-01 9.206958849871924901e-04
-1.901158708934740137e-03 -9.999978163267160269e-01 8.725755367304812403e-04
-2.163500511013423042e-03 -9.999973282576719580e-01 8.192634501444632416e-04
-2.405008898626694036e-03 -9.999968224532278516e-01 7.612253852329452924e-04
-2.624382383911160865e-03 -9.999963162577338860e-01 6.989531435575667547e-04
-2.820498305592346409e-03 -9.999958262895659589e-01 6.329607398462109994e-04
-2.992418018180748301e-03 -9.999953680051695271e-01 5.637804606482094095e-04
-3.139390705913346589e-03 -9.999949553111332490e-01 4.919588392277235780e-04
-3.260855810184545758e-03 -9.999946002335461381e-01 4.180525762591556565e-04
-3.356444069234063021e-03 -9.999943126519861281e-01 3.426244360454457679e-04
-3.425977178808669449e-03 -9.999941001034368115e-01 2.662391479214032994e-04
-3.469466092319615537e-03 -9.999939676592863869e-01 1.894593422310929145e-04
-3.487107988609327355e-03 -9.999939178763974645e-01 1.128415497836275178e-04
-3.479281944752723402e-03 -9.999939508211076467e-01 3.693229299990557915e-05
-3.446543360285841354e-03 -9.999940641629903038e-01 -3.773570393021236883e-05
-3.389617187815587452e-03 -9.999942533333227024e-01 -1.106471596476882302e-04
-3.309390033060585247e-03 -9.999945117415321993e-01 -1.813077100204056602e-04
-3.206901194948946592e-03 -9.999948310414541464e-01 -2.492471888218078741e-04
-3.083332723402652277e-03 -9.999952014380767418e-01 -3.140226927886629812e-04
-2.939998578822566357e-03 -9.999956120245933056e-01 -3.752214109157911036e-04
-2.778332983009709767e-03 -9.999960511390436624e-01 -4.324631997440001583e-04
-2.599878056278848246e-03 -9.999965067296154864e-01 -4.854028884183418354e-04
-2.406270839806326327e-03 -9.999969667177832644e-01 -5.337322994215176145e-04
-2.199229805777319028e-03 -9.999974193488818663e-01 -5.771819731054681282e-04
-1.980540960635887495e-03 -9.999978535204178121e-01 -6.155225864358529692e-04
-1.752043648677795509e-03 -9.999982590793841108e-01 -6.485660587117561028e-04
-1.515616164350516715e-03 -9.999986270810354849e-01 -6.761663394086230234e-04
-1.273161281932884458e-03 -9.999989500029496936e-01 -6.982198756980228073e-04
-1.026591810760436093e-03 -9.999992219097091350e-01 -7.146657596050927635e-04
-7.778162828500092239e-04 -9.999994385651332918e-01 -7.254855571552794834e-04
-5.287248776731922088e-04 -9.999995974906290552e-01 -7.307028242182392981e-04
-2.811756859536547080e-04 -9.999996979698527744e-01 -7.303823160608360465e-04
-3.698141074506854954e-05 -9.999997410014468402e-01 -7.246288998558646829e-04
2.021034002830637746e-04 -9.999997292030819995e-01 -7.135861815418372217e-04
4.343945024266366466e-04 -9.999996666713626414e-01 -6.974348604760068852e-04
6.582893981020337048e-04 -9.999995588033014915e-01 -6.763908272527501550e-04
8.722780004952344814e-04 -9.999994120860148383e-01 -6.507030218584049317e-04
1.074952446367554576e-03 -9.999992338620040666e-01 -6.206510709886747411e-04
1.265015994896072186e-03 -9.999990320778658903e-01 -5.865427248539185423e-04
1.441290957055732427e-03 -9.999988150244997209e-01 -5.487111151304724420e-04
1.602725608030338041e-03 -9.999985910768571795e-01 -5.075118568733375706e-04
1.748400043406710081e-03 -9.999983684410213014e-01 -4.633200181792687211e-04
1.877530948394122434e-03 -9.999981549159132621e-01 -4.165269821731016004e-04
1.989475257952468511e-03 -9.999979576762394462e-01 -3.675372264791641730e-04
2.083732694439696317e-03 -9.999977830824247071e-01 -3.167650457304522420e-04
2.159947178133992101e-03 -9.999976365222699171e-01 -2.646312428590913792e-04
2.217907114681592212e-03 -9.999975222879514680e-01 -2.115598149021924088e-04
2.257544572100500871e-03 -9.999974434907891174e-01 -1.579746588488378073e-04
2.278933368368736469e-03 -9.999974020149828835e-01 -1.042963226494516226e-04
2.282286098779885003e-03 -9.999973985102971197e-01 -5.093882591257001681e-05
2.267950140097831687e-03 -9.999974324224881750e-01 1.693425968114628045e-06
2.236402676028501155e-03 -9.999975020591674868e-01 5.320861147434011152e-05
2.188244795594258656e-03 -9.999976046877924185e-01 1.032303247601559006e-04
2.124194722594885225e-03 -9.999977366616125130e-01 1.514002492245600912e-04
2.045080240420156775e-03 -9.999978935686903991e-01 1.973806539390126789e-04
1.951830381999680904e-03 -9.999980703985815733e-01 2.408566955851729424e-04
1.845466459596976179e-03 -9.999982617209061120e-01 2.815385102576730423e-04
1.727092513442823364e-03 -9.999984618698818384e-01 3.191630812951958560e-04
1.597885261828804358e-03 -9.999986651289165529e-01 3.534958712055184284e-04
1.459083638222109184e-03 -9.999988659095618848e-01 3.843322077307829662e-04
1.311978003199090401e-03 -9.999990589195087987e-01 4.114984161417787473e-04
1.157899120515318422e-03 -9.999992393148326997e-01 4.348526919377599135e-04
9.982069874274498815e-04 -9.999994028323552220e-01 4.542857102442995356e-04
8.342796094563300745e-04 -9.999995458987550601e-01 4.697209703287648429e-04
6.675018091365167178e-04 -9.999996657139036405e-01 4.811148757740645304e-04
4.992541569457747096e-04 -9.999997603067966034e-01 4.884565529493749411e-04
3.309021105656783550e-04 -9.999998285633657780e-01 4.917674124748875209e-04
1.637854459134881050e-04 -9.999998702263622752e-01 4.911004603799380133e-04
-7.919399664976084757e-07 -9.999998858683691871e-01 4.865393675844202842e-04
-1.615717780242057725e-04 -9.999998768398102866e-01 4.781973081770832744e-04
-3.173506567409102325e-04 -9.999998451945371070e-01 4.662155787068661948e-04
-4.669886655455471628e-04 -9.999997935961925100e-01 4.507620123314705937e-04
-6.094173911166316047e-04 -9.999997252090383482e-01 4.320292031685383149e-04
-7.436472115526181464e-04 -9.999996435772927628e-01 4.102325575578469634e-04
-8.687738397505797129e-04 -9.999995524972383754e-01 3.856081901577992411e-04
-9.839840740152113081e-04 -9.999994558864382377e-01 3.584106838573941395e-04
-1.088560720869727111e-03 -9.999993576543275697e-01 3.289107333783890166e-04
-1.181886662197818329e-03 -9.999992615782515859e-01 2.973926931654574885e-04
-1.263448046150915469e-03 -9.999991711886941914e-01 2.641520507102162194e-04
-1.332836588646309434e-03 -9.999990896670126750e-01 2.294928468249115216e-04
-1.389750979697848597e-03 -9.999990197584704976e-01 1.937250645716779261e-04
-1.433997396200886124e-03 -9.999989637027658640e-01 1.571620085634685892e-04
-1.465489130076703689e-03 -9.999989231836116099e-01 1.201176961843520853e-04
-1.484245347809898426e-03 -9.999988992982503655e-01 8.290428193269218956e-05
-1.490389004328084499e-03 -9.999988925471136048e-01 4.582953557503276632e-05
