1.000000000000000000e+00 0.000000000000000000e+00 0.000000000000000000e+00
9.999999990167393049e-01 -2.007437584265214407e-05 3.954203098569603942e-05
9.999999903683094438e-01 -7.248336718626985093e-05 1.183626600190975926e-04
9.999999577734479672e-01 -1.693945229978837275e-04 2.361337461170078553e-04
9.999998708668007552e-01 -3.228626862908685760e-04 3.924631873750488668e-04
9.999996793688168406e-01 -5.448102209468068131e-04 5.868957681085414362e-04
9.999993059810230456e-01 -8.470075057395308644e-04 8.189141025891262266e-04
9.999986380892842419e-01 -1.241053717450240268e-03 1.087939671615262760e-03
9.999975183688377678e-01 -1.738357921370478013e-03 1.393333947899875200e-03
9.999957343953214117e-01 -2.350120483640772643e-03 1.734399606098309529e-03
9.999930073756408966e-01 -3.087314815882498138e-03 2.110381813241046702e-03
9.999889801212896723e-01 -3.960669458571526233e-03 2.520469595382483340e-03
9.999832043945977578e-01 -4.980650505701450861e-03 2.963797276431227520e-03
9.999751277653141646e-01 -6.157444369620193592e-03 3.439445985387804949e-03
9.999640801208850016e-01 -7.500940881624272930e-03 3.946445228578918628e-03
9.999492599787587199e-01 -9.020716721083919809e-03 4.483774523937254092e-03
9.999297207530045695e-01 -1.072601916366723064e-02 5.050365094923606538e-03
9.999043571304648825e-01 -1.262575013774138062e-02 5.645101622312707901e-03
9.998718917135545059e-01 -1.472845057735108244e-02 6.266824052752163580e-03
9.998308620876671382e-01 -1.704228506039274019e-02 6.914329463739864526e-03
9.997796084709341669e-01 -1.957502672178512010e-02 7.586373985431822502e-03
9.997162621027971818e-01 -2.233404243363409578e-02 8.281674780470602362e-03
9.996387345254881263e-01 -2.532627824763079155e-02 8.998912083794144770e-03
9.995447079090465925e-01 -2.855824509921904911e-02 9.736731305124500524e-03
9.994316265659233256e-01 -3.203600477840678334e-02 1.049374519752395603e-02
9.992966897955101180e-01 -3.576515617844067824e-02 1.126853609601993940e-02
9.991368461920733246e-01 -3.975082184085462073e-02 1.205965823081795937e-02
9.989487895415317675e-01 -4.399763482355507904e-02 1.286564012002197610e-02
9.987289564232979533e-01 -4.850972592751226498e-02 1.368498704704347591e-02
9.984735256229648748e-01 -5.329071132715162279e-02 1.451618362798488999e-02
9.981784194499695451e-01 -5.834368065952950932e-02 1.535769647421248059e-02
9.978393070414849353e-01 -6.367118563765195027e-02 1.620797695507340819e-02
9.974516097196943765e-01 -6.927522926365706213e-02 1.706546406524907245e-02
9.970105084542997265e-01 -7.515725572781362107e-02 1.792858740056300568e-02
9.965109534656443335e-01 -8.131814108915869088e-02 1.879577024517112976e-02
9.959476759862397888e-01 -8.775818484286157517e-02 1.966543277195379955e-02
9.953152021798524762e-01 -9.447710248780892550e-02 2.053599535660574973e-02
9.946078691977218167e-01 -1.014740192151998843e-01 2.140588200438964944e-02
9.938198433310769797e-01 -1.087474648448685660e-01 2.227352388679412071e-02
9.929451401980423642e-01 -1.162953701403656864e-01 2.313736298343564007e-02
9.919776468814587300e-01 -1.241150646362988580e-01 2.399585582248852864e-02
9.909111459123038923e-01 -1.322032761118369093e-01 2.484747731074622365e-02
9.897393409715238288e-01 -1.405561318424380646e-01 2.569072464214304519e-02
9.884558841614401459e-01 -1.491691617576071105e-01 2.652412127123592381e-02
9.870544046767876223e-01 -1.580373036257040897e-01 2.734622093580142688e-02
9.855285386851614371e-01 -1.671549103774388478e-01 2.815561171038957755e-02
9.838719602075548520e-01 -1.765157596676659446e-01 2.895092007043980828e-02
9.820784127720816326e-01 -1.861130657604695426e-01 2.973081494445480727e-02
9.801417415982488501e-01 -1.959394938053791446e-01 3.049401172979500710e-02
9.780559260556099810e-01 -2.059871765530275067e-01 3.123927624594895203e-02
9.758151121296159136e-01 -2.162477335368526987e-01 3.196542859770061529e-02
9.734136446192873660e-01 -2.267122927238158780e-01 3.267134691949848818e-02
9.708460987862301828e-01 -2.373715146118723085e-01 3.335597097157318863e-02
9.681073111727352964e-01 -2.482156187254620228e-01 3.401830555798565636e-02
9.651924093084194300e-01 -2.592344124329928334e-01 3.465742373684478628e-02
9.620968400302051249e-01 -2.704173219826225827e-01 3.527246979343235528e-02
9.588163961494506893e-01 -2.817534256250917024e-01 3.586266194792624151e-02
9.553472412127295144e-01 -2.932314886654089348e-01 3.642729477082293915e-02
9.516859321190206389e-01 -3.048400002593582014e-01 3.696574128102031453e-02
9.478294393757700220e-01 -3.165672117465730961e-01 3.747745470381412536e-02
9.437751647991643456e-01 -3.284011762897995901e-01 3.796196986876039514e-02
9.395209564897415433e-01 -3.403297895703864540e-01 3.841890423042372549e-02
9.350651209427641719e-01 -3.523408312734149783e-01 3.884795849842388044e-02
9.304064321831867490e-01 -3.644220070825595625e-01 3.924891686685590131e-02
9.255441378470737890e-01 -3.765609908950454665e-01 3.962164683703339046e-02
9.204779621644655352e-01 -3.887454669611587477e-01 3.996609863152435216e-02
9.152081058323923157e-01 -4.009631716508039734e-01 4.028230420154584046e-02
9.097352428004632507e-01 -4.132019345516555475e-01 4.057037583388605623e-02
9.040605140246360527e-01 -4.254497186094783889e-01 4.083050436755984725e-02
8.981855182768744283e-01 -4.376946590310973328e-01 4.106295703430543759e-02
8.921123001289030796e-01 -4.499251006840773170e-01 4.126807494073066185e-02
8.858433352566961183e-01 -4.621296337441778701e-01 4.144627021335446637e-02
8.793815132382598598e-01 -4.742971273617352379e-01 4.159802283090838215e-02
8.727301180403198577e-01 -4.864167611409117575e-01 4.172387717101596477e-02
8.658928064093981414e-01 -4.984780542508094880e-01 4.182443830071622126e-02
8.588735843992306718e-01 -5.104708920142956297e-01 4.190036804221053401e-02
8.516767822793777087e-01 -5.223855498485510118e-01 4.195238084667116119e-02
8.443070280791323823e-01 -5.342127144603214806e-01 4.198123950994288311e-02
8.367692200264364999e-01 -5.459435022281363681e-01 4.198775076449746263e-02
8.290684981435252343e-01 -5.575694747328691081e-01 4.197276078207182182e-02
8.212102152595820437e-01 -5.690826514265052705e-01 4.193715062105298624e-02
8.131999076959787187e-01 -5.804755194564177323e-01 4.188183165189079959e-02
8.050432658719494095e-01 -5.917410406884618945e-01 4.180774099265543997e-02
7.967461050680905155e-01 -6.028726559964530107e-01 4.171583698534850337e-02
7.883143365722071749e-01 -6.138642869078031472e-01 4.160709474176565309e-02
7.797539394170939220e-01 -6.247103347150505526e-01 4.148250178564116125e-02
7.710709329032012782e-01 -6.354056771805467463e-01 4.134305381552678960e-02
7.622713500811650889e-01 -6.459456629765694125e-01 4.118975061041763031e-02
7.533612123502333446e-01 -6.563261040155448089e-01 4.102359209758267566e-02
7.443465053090650985e-01 -6.665432658348944273e-01 4.084557459943463642e-02
7.352331559755364010e-01 -6.765938562083069208e-01 4.065668727362486273e-02
7.260270114723843538e-01 -6.864750121600706745e-01 4.045790875791649421e-02
7.167338192560376298e-01 -6.961842855616002801e-01 4.025020402880861992e-02
7.073592089470774891e-01 -7.057196274896130328e-01 4.003452148038946778e-02
6.979086758026666892e-01 -7.150793715237325765e-01 3.981179022751599877e-02
6.883875658541681597e-01 -7.242622161578108342e-01 3.958291763517435974e-02
6.788010627171952027e-01 -7.332672064941794243e-01 3.934878707379044910e-02
6.691541760666172012e-01 -7.420937153835793776e-01 3.911025589834646321e-02
6.594517317556669589e-01 -7.507414241658898479e-01 3.886815364742889078e-02
6.496983635463173812e-01 -7.592103031581972639e-01 3.862328045679222499e-02
6.398985064075395357e-01 -7.675005920274251547e-01 3.837640568067333946e-02
6.300563913289154439e-01 -7.756127801748760042e-01 3.812826671293351177e-02
6.201760415893446954e-01 -7.835475872498061101e-01 3.787956799913485412e-02
6.102612704141986422e-01 -7.913059438987327665e-01 3.763098022986932634e-02
6.003156799491858875e-01 -7.988889728467152285e-01 3.738313970504316547e-02
5.903426614753248813e-01 -8.062979703964903155e-01 3.713664785836764959e-02
5.803453967866850638e-01 -8.135343884212064003e-01 3.689207093100732582e-02
5.703268606508707927e-01 -8.205998169166792700e-01 3.664993978317670348e-02
5.602898242714812183e-01 -8.274959671696850982e-01 3.641074983244367569e-02
5.502368596718881788e-01 -8.342246555898700233e-01 3.617496110757863897e-02
5.401703449205309537e-01 -8.407877882444519946e-01 3.594299840697023907e-02
5.300924701194342781e-01 -8.471873461270535977e-01 3.571525155089802506e-02
5.200052440797157116e-01 -8.534253711847643586e-01 3.549207571729728200e-02
5.099105016103732124e-01 -8.595039531208971129e-01 3.527379185105933290e-02
4.998099113495387824e-01 -8.654252169848859477e-01 3.506068713737089948e-02
4.897049840705768875e-01 -8.711913115553580056e-01 3.485301553009762660e-02
4.795970813988116865e-01 -8.768043985175956179e-01 3.465099832675047620e-02
4.694874248782260340e-01 -8.822666424323585277e-01 3.445482478213014038e-02
4.593771053311174191e-01 -8.875802014893434677e-01 3.426465275331623539e-02
4.492670924573709534e-01 -8.927472190353794579e-01 3.408060936924777601e-02
4.391582446236658721e-01 -8.977698158647712257e-01 3.390279171872297159e-02
4.290513187965288577e-01 -9.026500832569624988e-01 3.373126755122476256e-02
4.189469805766467547e-01 -9.073900767448694893e-01 3.356607598554883776e-02
4.088458142952241525e-01 -9.119918105957891541e-01 3.340722822176948187e-02
3.987483331363911865e-01 -9.164572529856805927e-01 3.325470825262266672e-02
3.886549892527138006e-01 -9.207883218468122521e-01 3.310847357091224741e-02
3.785661838437190396e-01 -9.249868813682299296e-01 3.296845587005281519e-02
3.684822771700060895e-01 -9.290547391281890333e-01 3.283456173534948092e-02
3.584035984779669892e-01 -9.329936438375789898e-01 3.270667332408028899e-02
3.483304558123815342e-01 -9.368052836734142019e-01 3.258464903289007980e-02
3.382631456961781025e-01 -9.404912851816417119e-01 3.246832415142528877e-02
3.282019626584700145e-01 -9.440532127287932784e-01 3.235751150153731021e-02
3.181472085935840854e-01 -9.474925684823594096e-01 3.225200206175797557e-02
3.080992019352065681e-01 -9.508107929001613501e-01 3.215156557710436430e-02
2.980582866309827161e-01 -9.540092657094176865e-01 3.205595115460264238e-02
2.880248409039329327e-01 -9.570893073566266729e-01 3.196488784523162513e-02
2.779992857879007850e-01 -9.600521809097878334e-01 3.187808521327772232e-02
2.679820934249342868e-01 -9.628990943948566583e-01 3.179523389436356151e-02
2.579737951130385842e-01 -9.656312035486400713e-01 3.171600614366419657e-02
2.479749890931346179e-01 -9.682496149705881461e-01 3.164005637605714349e-02
2.379863480643309159e-01 -9.707553896561028628e-01 3.156702170016673081e-02
2.280086264167776322e-01 -9.731495468940624116e-01 3.149652244845895649e-02
2.180426671714373321e-01 -9.754330685112287957e-01 3.142816270572099113e-02
2.080894086160928469e-01 -9.776069034460739271e-01 3.136153083841962397e-02
1.981498906268321092e-01 -9.796719726343042778e-01 3.129620002757498021e-02
1.882252606641206527e-01 -9.816291741879933364e-01 3.123172880791018693e-02
1.783167794324088395e-01 -9.834793888497344039e-01 3.116766161614332661e-02
1.684258261920394684e-01 -9.852234857026033188e-01 3.110352935137540575e-02
1.585539037120383965e-01 -9.868623281159758509e-01 3.103884995059580723e-02
1.487026428522005839e-01 -9.883967799063739790e-01 3.097312898237486456e-02
1.388738067627442452e-01 -9.898277116915260576e-01 3.090586026184053217e-02
1.290692946897097071e-01 -9.911560074147220956e-01 3.083652649004211752e-02
1.192984203402815274e-01 -9.923819745797536340e-01 3.075562813120468267e-02
1.095653434569473783e-01 -9.935064903162760253e-01 3.066422080031401196e-02
9.987388009421635515e-02 -9.945305907124157851e-01 3.056333479050775404e-02
9.022750726175038372e-02 -9.954554523348698725e-01 3.045397459199586723e-02
8.062936825660103890e-02 -9.962823743435502699e-01 3.033711856021819100e-02
7.108227861261588731e-02 -9.970127612430493835e-01 3.021371872156665417e-02
6.158873259661098304e-02 -9.976481063039405184e-01 3.008470070519562306e-02
5.215091018299266440e-02 -9.981899756783362276e-01 2.995096378971883605e-02
4.277068444106813666e-02 -9.986399932262178814e-01 2.981338105393227869e-02
3.344962927222917132e-02 -9.989998260618312420e-01 2.967279962109722891e-02
2.418902743745118128e-02 -9.992711708228999568e-01 2.953004098675516068e-02
1.498987881905105082e-02 -9.994557406595367954e-01 2.938590142051576010e-02
5.852908864327275099e-03 -9.995552529345028692e-01 2.924115243275137582e-02
-3.221422837492110211e-03 -9.995714176218571945e-01 2.909654129763733152e-02
-1.223291388969623313e-02 -9.995059263870206268e-01 2.895279162448963911e-02
-2.118161037473771310e-02 -9.993604423278171778e-01 2.881060396986332914e-02
-3.006779812999976417e-02 -9.991365903531148618e-01 2.867065648337957517e-02
-3.889199404576821478e-02 -9.988359481732365097e-01 2.853360558074315156e-02
-4.765493741472992539e-02 -9.984600378743028193e-01 2.840008663788901738e-02
-5.635758135865311103e-02 -9.980103180470788482e-01 2.827071470065452979e-02
-6.500108435435376919e-02 -9.974881764396765771e-01 2.814608520480881351e-02
-7.358680187762875469e-02 -9.968949231025884261e-01 2.802677470168095375e-02
-8.211627818055007577e-02 -9.962317839939589525e-01 2.791334158501205739e-02
-9.059123821437184421e-02 -9.954998950127063040e-01 2.780632681501156445e-02
-9.901357970730496894e-02 -9.947002964270579284e-01 2.770625463592452792e-02
-1.073853654035641231e-01 -9.938339276662341293e-01 2.761363328371351650e-02
-1.157088154673861224e-01 -9.929016224433767634e-01 2.752895568072595556e-02
-1.239863000531528509e-01 -9.919041041783531742e-01 2.745270011445537228e-02
-1.322203320403215199e-01 -9.908419816897457988e-01 2.738533089771323994e-02
-1.404135599295615877e-01 -9.897157451261531236e-01 2.732729900770760473e-02
-1.485687608943146165e-01 -9.885257621078539225e-01 2.727904270167587700e-02
-1.566888339799209773e-01 -9.872722740509167760e-01 2.724098810684304206e-02
-1.647767934404868739e-01 -9.859553926469563079e-01 2.721354978257368301e-02
-1.728357622017866746e-01 -9.845750964729392818e-01 2.719713125265784889e-02
-1.808689654367001132e-01 -9.831312277067174588e-01 2.719212550571767362e-02
-1.888797242379610108e-01 -9.816234889253091511e-01 2.719891546174490332e-02
-1.968714493713347724e-01 -9.800514399643630581e-01 2.721787440278022191e-02
-2.048476350907377785e-01 -9.784144948187134538e-01 2.724936636572443394e-02
-2.128118529952535143e-01 -9.767119185654793423e-01 2.729374649523047189e-02
-2.207677459064807390e-01 -9.749428242927739019e-01 2.735136135456481613e-02
-2.287190217431615269e-01 -9.731061700187745300e-01 2.742254919224850276e-02
-2.366694473685754530e-01 -9.712007555876736031e-01 2.750764016219272787e-02
-2.446228423847462974e-01 -9.692252195308821427e-01 2.760695649493329767e-02
-2.525830728460859986e-01 -9.671780358838117930e-01 2.772081261744319819e-02
-2.605540448636948225e-01 -9.650575109506192018e-01 2.784951521886486203e-02
-2.685396980701474368e-01 -9.628617800114790404e-01 2.799336325935469424e-02
-2.765439989132240095e-01 -9.605888039692654923e-01 2.815264791907390318e-02
-2.845709337456940879e-01 -9.582363659349849572e-01 2.832765248419336773e-02
-2.926245016769400409e-01 -9.558020677539330601e-01 2.851865216660824653e-02
-3.007087071509201848e-01 -9.532833264773590276e-01 2.872591385388253635e-02
-3.088275522137327034e-01 -9.506773707874319745e-01 2.894969578576735147e-02
-3.169850284328644130e-01 -9.479812373865349473e-01 2.919024715346213439e-02
-3.251851084291114691e-01 -9.451917673653809082e-01 2.944780761761848359e-02
-3.334317369811613530e-01 -9.423056025681736392e-01 2.972260674092546545e-02
-3.417288216619555619e-01 -9.393191819770412287e-01 3.001486333096711756e-02
-3.500802229652385522e-01 -9.362287381422723653e-01 3.032478468891196613e-02
-3.584897438801740721e-01 -9.330302936895056298e-01 3.065256575948582460e-02
-3.669611188716171979e-01 -9.297196579399733540e-01 3.099838817759868748e-02
-3.754980022236131254e-01 -9.262924236852009274e-01 3.136241920695058416e-02
-3.841039557040016317e-01 -9.227439641632247946e-01 3.174481056593682349e-02
-3.927824355086997898e-01 -9.190694302894250045e-01 3.214569713621819730e-02
-4.015367784453743316e-01 -9.152637482014733816e-01 3.256519554942495509e-02
-4.103701873178728365e-01 -9.113216171846838520e-01 3.300340264763438475e-02
-4.192857154750340154e-01 -9.072375080511996259e-01 3.346039381351095798e-02
-4.282862504904274004e-01 -9.030056620539569368e-01 3.393622116633657898e-02
-4.373744969432712959e-01 -8.986200904241968823e-01 3.443091162059862265e-02
-4.465529582753409721e-01 -8.940745746294213037e-01 3.494446480435831059e-02
-4.558239177042113788e-01 -8.893626674570582757e-01 3.547685083530493361e-02
-4.651894181797860961e-01 -8.844776950376518343e-01 3.602800795322755323e-02
-4.746512413788586682e-01 -8.794127599300387566e-01 3.659784000861929926e-02
-4.842108857415484136e-01 -8.741607453996242949e-01 3.718621380828614209e-02
-4.938695435639636200e-01 -8.687143210293951645e-01 3.779295632017722756e-02
-5.036280771734856776e-01 -8.630659498115653694e-01 3.841785174120230378e-02
-5.134869942267411558e-01 -8.572078968755728612e-01 3.906063843356874510e-02
-5.234464221857402233e-01 -8.511322400153241707e-01 3.972100573716872557e-02
-5.335060820448880303e-01 -8.448308821849001005e-01 4.039859066778875990e-02
-5.436652614006992623e-01 -8.382955661371183087e-01 4.109297451340796631e-02
-5.539227869770969592e-01 -8.315178913831153817e-01 4.180367934360501581e-02
-5.642769967421827904e-01 -8.244893336531232686e-01 4.253016445010877195e-02
-5.747257117772976986e-01 -8.172012670385296884e-01 4.327182273980209604e-02
-5.852662080859823979e-01 -8.096449889927271881e-01 4.402797710501379219e-02
-5.958951885589798270e-01 -8.018117483627678066e-01 4.479787679969495645e-02
-6.066087553415087097e-01 -7.936927766150048136e-01 4.558069385404939916e-02
-6.174023828804262592e-01 -7.852793224052702081e-01 4.637551956434043943e-02
-6.282708919612532972e-01 -7.765626896272466162e-01 4.718136109888467628e-02
-6.392084250779267451e-01 -7.675342790510846225e-01 4.799713826561163160e-02
-6.502084235110562327e-01 -7.581856336375588645e-01 4.882168049094809392e-02
-6.612636065227587290e-01 -7.485084875807360705e-01 4.965372406409544748e-02
-6.723659531070936834e-01 -7.384948190938984691e-01 5.049190970491047870e-02
-6.835066867638730503e-01 -7.281369069090429802e-01 5.133478051746370729e-02
-6.946762637892187620e-01 -7.174273904094843335e-01 5.218078039480821689e-02
-7.058643655976160058e-01 -7.063593332578679274e-01 5.302825294340643425e-02
-7.170598956062187446e-01 -6.949262903183456297e-01 5.387544099787964363e-02
-7.282509812215561817e-01 -6.831223776020591831e-01 5.472048679810283950e-02
-7.394249814702911205e-01 -6.709423448898944597e-01 5.556143290099502946e-02
-7.505685008079669984e-01 -6.583816506064412710e-01 5.639622389847923078e-02
-7.616674096214589573e-01 -6.454365384351891111e-01 5.722270901083415656e-02
-7.727068719108629580e-01 -6.321041150784693086e-01 5.803864562086664958e-02
-7.836713805936913468e-01 -6.183824284780610192e-01 5.884170380884904544e-02
-7.945448008175158838e-01 -6.042705457255408419e-01 5.962947194086020558e-02
-8.053104215958852841e-01 -5.897686298074973354e-01 6.039946335394408283e-02
-8.159510159959998399e-01 -5.748780142520187875e-01 6.114912417029597785e-02
-8.264489100051817250e-01 -5.596012746719938313e-01 6.187584225949234462e-02
-8.367860600869937437e-01 -5.439422961405107060e-01 6.257695735263991976e-02
-8.469441393077792313e-01 -5.279063352868611503e-01 6.324977229534350931e-02
-8.569046317718044259e-01 -5.115000759712318157e-01 6.389156540775851878e-02
-8.666489349500404726e-01 -4.947316773848872695e-01 6.449960389995990084e-02
-8.761584693264635737e-01 -4.776108134330989685e-01 6.507115826975530537e-02
-8.854147946196984087e-01 -4.601487022925080939e-01 6.560351758830643143e-02
-8.943997316705493139e-01 -4.423581250948223076e-01 6.609400555697834967e-02
-9.030954889215875303e-01 -4.242534327759411306e-01 6.653999719725589568e-02
-9.114847922580258111e-01 -4.058505402442796894e-01 6.693893601494349532e-02
-9.195510168343897783e-01 -3.871669071638894066e-01 6.728835146082885743e-02
-9.272783193838869398e-01 -3.682215048157426174e-01 6.758587649318426038e-02
-9.346517694016904798e-01 -3.490347686920747816e-01 6.782926503353728376e-02
-9.416574775141619558e-01 -3.296285366908311976e-01 6.801640909666309409e-02
-9.482827192974140340e-01 -3.100259730059608532e-01 6.814535536927368575e-02
-9.545160527939900996e-01 -2.902514780495994429e-01 6.821432100985391767e-02
-9.603474279983698070e-01 -2.703305849884000134e-01 6.822170844485915542e-02
-9.657682866420319590e-01 -2.502898437221417471e-01 6.816611894424587370e-02
-9.707716507073064216e-01 -2.301566933716421015e-01 6.804636477210604384e-02
-9.753521982353463571e-01 -2.099593245681542486e-01 6.786147972590431121e-02
-9.795063251651157099e-01 -1.897265330412121476e-01 6.761072790019138912e-02
-9.832321921439060031e-01 -1.694875661800571975e-01 6.729361053724036701e-02
-9.865297554809931979e-01 -1.492719643897625903e-01 6.690987085722216454e-02
-9.894007816690154611e-01 -1.291093991722967183e-01 6.645949679356341622e-02
-9.918488451660404381e-01 -1.090295099314725624e-01 6.594272159416637857e-02
-9.938793094080549118e-01 -8.906174152673500266e-02 6.536002228528746405e-02
-9.954992912993660958e-01 -6.923518458313894508e-02 6.471211603109777721e-02
-9.967176096997358847e-01 -4.957842050419000723e-02 6.399995445730909116e-02
-9.975447186848042103e-01 -3.011937303237998548e-02 6.322471604079757390e-02
-9.979926265938484642e-01 -1.088516806248688434e-02 6.238779669802142075e-02
-9.980748020903061901e-01 8.097996760569787372e-03 6.149079873243552125e-02
-9.978060686408721791e-01 2.680497132895016954e-02 6.053551832441317337e-02
-9.972024889646249335e-01 4.521176013727529197e-02 5.952393176590153184e-02
-9.962812411120479661e-01 6.329561625814650316e-02 5.845818065583534978e-02
-9.950604879037713291e-01 8.103512160732215253e-02 5.734055628105464569e-02
-9.935592414904292902e-01 9.841025312752030296e-02 5.617348341112523430e-02
-9.917972247894519811e-01 1.154024347647446130e-01 5.495950373421175372e-02
-9.897947315142099356e-01 1.319945753455286364e-01 5.370125915530854499e-02
-9.875724864389447966e-01 1.481710926823592567e-01 5.240147516812147105e-02
-9.851515074433113694e-01 1.639179244334094121e-01 5.106294449823690212e-02
-9.825529707576186045e-01 1.792225264181491473e-01 4.968851119850501569e-02
-9.797980806888029193e-01 1.940738592399484930e-01 4.828105535843778273e-02
-9.769079449527341419e-01 2.084623641889398471e-01 4.684347856852834335e-02
-9.739034565755141371e-01 2.223799294926004366e-01 4.537869025838024706e-02
-9.708051831596322678e-01 2.358198480480265813e-01 4.388959500500479866e-02
-9.676332641444786997e-01 2.487767678097288215e-01 4.237908088516850053e-02
-9.644073165286141114e-01 2.612466360216377792e-01 4.085000892375470483e-02
-9.611463493666407842e-01 2.732266384740336673e-01 3.930520366917853586e-02
-9.578826275107962251e-01 2.846782459395705289e-01 3.767184341330445663e-02
-9.546414363565498551e-01 2.955792016976501180e-01 3.595361988285174920e-02
-9.514479764292775865e-01 3.059088667376854143e-01 3.415424368131787097e-02
-9.483271670714282786e-01 3.156481437382954169e-01 3.227742581670762362e-02
-9.453034584207595792e-01 3.247793887871726626e-01 3.032686116415509933e-02
-9.424006525621789754e-01 3.332863129958899551e-01 2.830621402109003218e-02
-9.396417344499102819e-01 3.411538762209385678e-01 2.621910587256650466e-02
-9.370487129298870066e-01 3.483681751193522524e-01 2.406910544574969446e-02
-9.346424719504229373e-01 3.549163277495118174e-01 2.185972109598503452e-02
-9.324426318370635514e-01 3.607863568806617960e-01 1.959439553281324894e-02
-9.304674203285935308e-01 3.659670741039062203e-01 1.727650286302778726e-02
-9.287335529278502033e-01 3.704479667483996375e-01 1.490934789951780214e-02
-9.272561220146233740e-01 3.742190895041346277e-01 1.249616765917314215e-02
-9.260484940989507363e-01 3.772709625415748280e-01 1.004013495039524605e-02
-9.251222145612203462e-01 3.795944778021055899e-01 7.544363930505198178e-03
-9.244869192296928384e-01 3.811808150147580343e-01 5.011917495236367821e-03
-9.241502521848666829e-01 3.820213688759071524e-01 2.445816346162172673e-03
-9.241177892516047043e-01 3.821076887107462405e-01 -1.509504330680679074e-04
-9.243929667418536722e-01 3.814314318184853225e-01 -2.775413474838977178e-03
-9.249770151405468654e-01 3.799843315867241222e-01 -5.424610096640256410e-03
-9.258688975820348332e-01 3.777581813428099178e-01 -8.095570350952204647e-03
-9.270652531410003006e-01 3.747448347889684728e-01 -1.078530237908669961e-02
-9.285603451568201772e-01 3.709362237407176632e-01 -1.349077730565202693e-02
-9.303460150199069911e-01 3.663243937511565518e-01 -1.620891392416200227e-02
-9.324116420684078754e-01 3.609015580534160050e-01 -1.893656343845176449e-02
-9.347441104689512281e-01 3.546601700859232653e-01 -2.167049453882570823e-02
-9.373277841804930066e-01 3.475930146762380435e-01 -2.440737910593260979e-02
-9.401444913196159714e-01 3.396933177453559938e-01 -2.714377884877068603e-02
-9.431735194520459720e-01 3.309548741523294924e-01 -2.987613319534515588e-02
-9.463916235210760863e-01 3.213721930263665483e-01 -3.260074876455099774e-02
-9.497730482807162922e-01 3.109406596288337155e-01 -3.531379075490491404e-02
-9.532895672207571947e-01 2.996567124507867885e-01 -3.801127658874382115e-02
-9.569105400431275887e-01 2.875180338844386951e-01 -4.068907214827999913e-02
-9.606029907642630317e-01 2.745237524130016982e-01 -4.334289093122687536e-02
-9.643317084671388928e-01 2.606746538485111842e-01 -4.596829643734029469e-02
-9.680593726001278654e-01 2.459733987199231864e-01 -4.856070807195993211e-02
-9.717467045099654754e-01 2.304247424849285575e-01 -5.111541081740580972e-02
-9.753526465965537406e-01 2.140357548220838957e-01 -5.362756887701067288e-02
-9.788345700841399877e-01 1.968160338710066848e-01 -5.609224343907023153e-02
-9.821485119156385668e-01 1.787779109456145987e-01 -5.850441463887859350e-02
-9.852494406972630570e-01 1.599366409684056523e-01 -6.085900771657463959e-02
-9.880915509562637755e-01 1.403105736831311845e-01 -6.315092327760878088e-02
-9.906285842372302142e-01 1.199213006193914632e-01 -6.537507146272705794e-02
-9.928141747689909202e-01 9.879377282496311363e-02 -6.752640972760465266e-02
-9.946022166065365822e-01 7.695638456685270634e-02 -6.959998382145630991e-02
-9.959472483172787660e-01 5.444101854314259414e-02 -7.159097144254766842e-02
-9.968048504690868450e-01 3.128304865245620792e-02 -7.349472794051337132e-02
-9.971320504227082493e-01 7.521297037706667354e-03 -7.530683333514442968e-02
-9.968877282687758079e-01 -1.680205705035007699e-02 -7.702313983344595549e-02
-9.960330172149296502e-01 -4.164161805054060472e-02 -7.863981895588555149e-02
-9.945407023395458346e-01 -6.690913614414090160e-02 -8.007481854183269576e-02
-9.923831578718697033e-01 -9.252979392862956121e-02 -8.132603273447835956e-02
-9.895385666601589358e-01 -1.184271315201668451e-01 -8.239210290934179115e-02
-9.859911939040004736e-01 -1.445236457232520200e-01 -8.327244977289459393e-02
-9.817315721892094782e-01 -1.707414232059445425e-01 -8.396729417093999615e-02
-9.767565936929794024e-01 -1.970027939992314847e-01 -8.447766596364622571e-02
-9.710695078537907587e-01 -2.232309909730668118e-01 -8.480540065774368197e-02
-9.646798253161230630e-01 -2.493508007826182593e-01 -8.495312383138015067e-02
-9.576031314522072124e-01 -2.752891921332924485e-01 -8.492422372852405366e-02
-9.498608151215419682e-01 -3.009759080617420146e-01 -8.472281272287786325e-02
-9.414797204519940177e-01 -3.263440102259971831e-01 -8.435367864244498748e-02
-9.324917312273311998e-01 -3.513303648723971051e-01 -8.382222719361646923e-02
-9.229332988782726899e-01 -3.758760621140087022e-01 -8.313441691900716468e-02
-9.128449260541340315e-01 -3.999267623172998998e-01 -8.229668826047596697e-02
-9.022706182811520703e-01 -4.234329656488803328e-01 -8.131588837530936975e-02
-8.912573162971101359e-01 -4.463502030818883859e-01 -8.019919337016565009e-02
-8.798543213175693545e-01 -4.686391493095983241e-01 -7.895402957775429775e-02
-8.681127247830583427e-01 -4.902656599821918482e-01 -7.758799541152962276e-02
-8.560848531192950528e-01 -5.112007374076624755e-01 -7.610878520196286134e-02
-8.438237367833425484e-01 -5.314204302939614655e-01 -7.452411625350145730e-02
-8.313826114410879375e-01 -5.509056742299486276e-01 -7.284166017396108417e-02
-8.188144575985725204e-01 -5.696420803986685932e-01 -7.106897932759304037e-02
-8.061715834599318953e-01 -5.876196804952661390e-01 -6.921346905859666887e-02
-7.935052542687908161e-01 -6.048326360043497774e-01 -6.728230613155516959e-02
-7.808653699588045116e-01 -6.212789199091297565e-01 -6.528240364600998435e-02
-7.683001916325021829e-01 -6.369599785957109628e-01 -6.322037250953063681e-02
-7.558561162341319584e-01 -6.518803812231013239e-01 -6.110248940104593546e-02
-7.435774977993361290e-01 -6.660474631965932479e-01 -5.893467102628364290e-02
-7.315065128597229016e-01 -6.794709696518079767e-01 -5.672245436099240812e-02
-7.196830669526921298e-01 -6.921627040684047438e-01 -5.447098249512251356e-02
-7.081447387281641914e-01 -7.041361863213779770e-01 -5.218499563131731578e-02
-6.969267578408249175e-01 -7.154063236738905651e-01 -4.986882675220434546e-02
-6.860620126521080886e-01 -7.259890974429855648e-01 -4.752640145086959450e-02
-6.755810837212006259e-01 -7.359012673469539356e-01 -4.516124141505183792e-02
-6.655122991187693016e-01 -7.451600948839635086e-01 -4.277647106538415983e-02
-6.558818077309228611e-01 -7.537830865043404494e-01 -4.037482686883166888e-02
-6.467136669151606343e-01 -7.617877568280545519e-01 -3.795866887784764276e-02
-6.380299411072823945e-01 -7.691914117254567973e-01 -3.552999408141828408e-02
-6.298508082429346011e-01 -7.760109507213974744e-01 -3.309045119406548580e-02
-6.221946711362618121e-01 -7.822626878967017250e-01 -3.064135655128350996e-02
-6.150782712398181751e-01 -7.879621902413644907e-01 -2.818371082334331784e-02
-6.085168024853925273e-01 -7.931241322546330741e-01 -2.571821630272983633e-02
-6.025240231676360914e-01 -7.977621654818251029e-01 -2.324529456276662118e-02
-5.971123640760815920e-01 -8.018888016196863422e-01 -2.076510432554741145e-02
-5.922930313026393279e-01 -8.055153078049622772e-01 -1.827755941565850639e-02
-5.880761023486605898e-01 -8.086516127187138858e-01 -1.578234671203515918e-02
-5.844706143270492760e-01 -8.113062221864266732e-01 -1.327894404348630916e-02
-5.814846432005124077e-01 -8.134861430265031279e-01 -1.076663800389081500e-02
-5.791253731175067809e-01 -8.151968139933761792e-01 -8.244541690842242115e-03
-5.773991550040173948e-01 -8.164420427730839647e-01 -5.711612396679674811e-03
-5.762923808737846487e-01 -8.172372906120710656e-01 -3.212259230558173109e-03
-5.757988936579111483e-01 -8.175910316490367924e-01 -7.450843489609686524e-04
-5.759118314585416343e-01 -8.175100722859277580e-01 1.691241069384624360e-03
-5.766236562288488132e-01 -8.169996218193251725e-01 4.097961514936073607e-03
-5.779261706214399164e-01 -8.160633652894998535e-01 6.476222705003753521e-03
-5.798105239621887952e-01 -8.147035385408692987e-01 8.827057906357278425e-03
-5.822672082964944762e-01 -8.129210056161459974e-01 1.115137493495614585e-02
-5.852860454498127751e-01 -8.107153387171406322e-01 1.344994375952501472e-02
-5.888561660457619640e-01 -8.080849010586848014e-01 1.572338465113005609e-02
-5.929659814344874214e-01 -8.050269330189124828e-01 1.797215683713693224e-02
-5.976031495021955076e-01 -8.015376420493682819e-01 2.019654763484865154e-02
-6.027545353603436240e-01 -7.976122968519888667e-01 2.239666205764610785e-02
-6.084061679500126774e-01 -7.932453263565519830e-01 2.457241290449502236e-02
-6.145431936432005360e-01 -7.884304240410787701e-01 2.672351136213525769e-02
-6.211498279774375630e-01 -7.831606581280498025e-01 2.884945816800180834e-02
-6.282093067220837490e-01 -7.774285881601324943e-01 3.094953540077605841e-02
-6.357038375422762178e-01 -7.712263884092638300e-01 3.302279898422152971e-02
-6.436145535976320886e-01 -7.645459785012141962e-01 3.506807200835854871e-02
-6.519214704848126374e-01 -7.573791615430399693e-01 3.708393898975610031e-02
-6.606034480027334066e-01 -7.497177699221511116e-01 3.906874120938175210e-02
-6.696381582828304646e-01 -7.415538188023929056e-01 4.102057328160099020e-02
-6.790020618801286822e-01 -7.328796671743135205e-01 4.293728112103863820e-02
-6.886703934591724696e-01 -7.236881861239741198e-01 4.481646148452982092e-02
-6.986171587270657568e-01 -7.139729337683077270e-01 4.665546327266593962e-02
-7.088151442585106654e-01 -7.037283360670695265e-01 4.845139077881441270e-02
-7.192359418192858511e-01 -6.929498724648139873e-01 5.020110907227251507e-02
-7.298499887195779579e-01 -6.816342650452010821e-01 5.190125169572606251e-02
-7.406266256117697289e-01 -6.697796695996648397e-01 5.354823084478122636e-02
-7.515341729840755436e-01 -6.573858667297680647e-01 5.513825017845703363e-02
-7.625400273880644786e-01 -6.444544508254366200e-01 5.666732038371864039e-02
-7.736107781721166532e-01 -6.309890144989632743e-01 5.813127758411181650e-02
-7.847123451733046817e-01 -6.169953258175363553e-01 5.952580464225159379e-02
-7.958101374480831547e-01 -6.024814954762421904e-01 6.084645535850149306e-02
-8.068692327007539467e-01 -5.874581309006519092e-01 6.208868151413002995e-02
-8.178545766036853237e-01 -5.719384741749058421e-01 6.324786264735281216e-02
-8.287312007030955829e-01 -5.559385206687911252e-01 6.431933838611757215e-02
-8.394644570799500993e-01 -5.394771152956980842e-01 6.529844309377721978e-02
-8.500202674008530135e-01 -5.225760234807493854e-01 6.618054251477813177e-02
-8.603653834647708720e-01 -5.052599741605723338e-01 6.696107203932789853e-02
-8.704676558459166769e-01 -4.875566724757571802e-01 6.763557614110841942e-02
-8.802963067703429845e-01 -4.694967802529407264e-01 6.819974848303984871e-02
-8.898222029634184072e-01 -4.511138629005020939e-01 6.864947213551060579e-02
-8.990181238866382651e-01 -4.324443019504875529e-01 6.898085931193737030e-02
-9.078590205629297749e-01 -4.135271731556324770e-01 6.919029000037439647e-02
-9.163222600850535748e-01 -3.944040907760871240e-01 6.927444885918192241e-02
-9.243878509236360674e-01 -3.751190194438747683e-01 6.923035975104048501e-02
-9.320386443071410065e-01 -3.557180557495213669e-01 6.905541731381632797e-02
-9.392605072378932274e-01 -3.362491824281324537e-01 6.874741500920329706e-02
-9.460424631326811440e-01 -3.167619987042312180e-01 6.830456915019217368e-02
-9.523767966242732141e-01 -2.973074309593770614e-01 6.772553848497332718e-02
-9.582644939539998186e-01 -2.779005406471098394e-01 6.708553272240293242e-02
-9.637087277825102660e-01 -2.585703241001579555e-01 6.638444684064560841e-02
-9.687142633289927973e-01 -2.393457623365957410e-01 6.562241285529923918e-02
-9.732874410748253435e-01 -2.202556736301141127e-01 6.479979902926864821e-02
-9.774361445310197904e-01 -2.013285680711896786e-01 6.391720719547659690e-02
-9.811697535001422388e-01 -1.825925058337308782e-01 6.297546824808109012e-02
-9.844990834903176724e-01 -1.640749607774458774e-01 6.197563588703789567e-02
-9.874363121494796891e-01 -1.458026908991041648e-01 6.091897872781957407e-02
-9.899948937771756441e-01 -1.278016169996185059e-01 5.980697091221276462e-02
-9.921894631347415450e-01 -1.100967107628570141e-01 5.864128137680477831e-02
-9.940357299091906462e-01 -9.271189325134837622e-02 5.742376195260087690e-02
-9.955503652894084343e-01 -7.566994461905285352e-02 5.615643448188100545e-02
-9.967508821839572430e-01 -5.899242562783629795e-02 5.484147714674502544e-02
-9.976555106477577040e-01 -4.269961133791191910e-02 5.348121020778327794e-02
-9.982830700909324229e-01 -2.681043712880624985e-02 5.207808135105185948e-02
-9.986528398188723177e-01 -1.134245700147662808e-02 5.063465083725773169e-02
-9.987844294006186230e-01 3.688186081367087962e-03 4.915357663910017993e-02
-9.986976502860862581e-01 1.826677823699519171e-02 4.763759974149175958e-02
-9.984123899951100611e-01 3.238004166458754302e-02 4.608952976537650237e-02
-9.979484900867207076e-01 4.601613132158971498e-02 4.451223105960254445e-02
-9.973256289895449100e-01 5.916462210145132655e-02 4.290860938733754432e-02
-9.965632106378621291e-01 7.181648742828074250e-02 4.128159931438672020e-02
-9.956802597165914648e-01 8.396407024832718002e-02 3.963415238701583493e-02
-9.946953241760145836e-01 9.560104743897591961e-02 3.796922616699318492e-02
-9.936263855366881392e-01 1.067223886742804800e-01 3.628977417199819033e-02
-9.924907773696779456e-01 1.173243107835848509e-01 3.459873675069823767e-02
-9.913051122093803347e-01 1.274042286184964845e-01 3.289903290400733593e-02
-9.900852170377223427e-01 1.369607034055957406e-01 3.119355304758500425e-02
-9.888460773708986906e-01 1.459933895102020207e-01 2.948515269572216102e-02
-9.876017898839568598e-01 1.545029804727164890e-01 2.777664703354228160e-02
-9.863655234250093828e-01 1.624911551059615433e-01 2.607080633301294206e-02
-9.851494881997304720e-01 1.699605243618906025e-01 2.437035215865528126e-02
-9.839649128478390461e-01 1.769145795912622776e-01 2.267795430105149987e-02
-9.828220290859405184e-01 1.833576427323954094e-01 2.099622837023963628e-02
-9.817300635545981313e-01 1.892948188767780149e-01 1.932773397677511190e-02
-9.806972364808754783e-01 1.947319515717022553e-01 1.767497342553032286e-02
-9.797307667497222594e-01 1.996755811346275500e-01 1.604039084607900359e-02
-9.788368829672947635e-01 2.041329061717959414e-01 1.442637168364162628e-02
-9.780208400954019110e-01 2.081117484156924102e-01 1.283524247591487713e-02
-9.772869412375343456e-01 2.116205209230143658e-01 1.126927084353328105e-02
-9.766385641622202796e-01 2.146681996074693011e-01 9.730665625275941588e-03
-9.760781921576494602e-01 2.172642980203806917e-01 8.221577093301716058e-03
-9.756074488216297524e-01 2.194188452370400000e-01 6.744097188542994697e-03
-9.752271364020868027e-01 2.211423666581700254e-01 5.300259721789685186e-03
-9.749372773147232385e-01 2.224458674938434577e-01 3.892040491836390448e-03
-9.747371584754735974e-01 2.233408186617324154e-01 2.521357278240549636e-03
-9.746253780955179691e-01 2.238391448025902897e-01 1.190069672648146363e-03
-9.745998945954733594e-01 2.239532140932778137e-01 -1.000212808056576402e-04
-9.746580773027200273e-01 2.236958295212895242e-01 -1.347173658906727911e-03
-9.747967586015162667e-01 2.230802212744328050e-01 -2.549705462885886072e-03
-9.750164870639133063e-01 2.221009566967698801e-01 -3.744559565482461806e-03
-9.753156126398924153e-01 2.207604086149525802e-01 -4.929960659043155710e-03
-9.756919842324877079e-01 2.190614026409758996e-01 -6.104147192937736839e-03
-9.761429650562518656e-01 2.170072188485152598e-01 -7.265372272588319080e-03
-9.766654506653424939e-01 2.146015943533067516e-01 -8.411904669869260318e-03
-9.772558895781208177e-01 2.118487266548587655e-01 -9.542029966666329063e-03
-9.779103064169770709e-01 2.087532775767408089e-01 -1.065405185095023854e-02
-9.786243274727739472e-01 2.053203776247308765e-01 -1.174629358200091241e-02
-9.793932085927554709e-01 2.015556305664386594e-01 -1.281709963843930510e-02
-9.802118652789693076e-01 1.974651180228777780e-01 -1.386483755951065794e-02
-9.810749048712116283e-01 1.930554038520423121e-01 -1.488789998664767113e-02
-9.819766606743047799e-01 1.883335380970461714e-01 -1.588470690875870908e-02
-9.829112278742775377e-01 1.833070602669848725e-01 -1.685370811097335400e-02
-9.838725010719234776e-01 1.779840017175317313e-01 -1.779338582277758748e-02
-9.848542132454928266e-01 1.723728869005086983e-01 -1.870225755762998376e-02
-9.858499759372078008e-01 1.664827332573657614e-01 -1.957887913231817073e-02
-9.868533204412057724e-01 1.603230495407099720e-01 -2.042184785054466239e-02
-9.878577397537749993e-01 1.539038323607464787e-01 -2.122980583157851181e-02
-9.888567310307352365e-01 1.472355607696783919e-01 -2.200144346133169407e-02
-9.898438382819573222e-01 1.403291887166469576e-01 -2.273550293997528629e-02
-9.908126950197251315e-01 1.331961352285101208e-01 -2.343078189725838339e-02
-9.917570665663520968e-01 1.258482721974171770e-01 -2.408613704408946177e-02
-9.926708917175822711e-01 1.182979096844403444e-01 -2.470048782673951726e-02
-9.935483234522232143e-01 1.105577786791061001e-01 -2.527282004827858045e-02
-9.943837683755284429e-01 1.026410112871034980e-01 -2.580218942060655968e-02
-9.951719245843754225e-01 9.456111835225225470e-02 -2.628772500972263379e-02
-9.959078176465171461e-01 8.633196455346074660e-02 -2.672863253672357400e-02
-9.965868343942998475e-01 7.796774105232254226e-02 -2.712419749744909500e-02
-9.972047542453305047e-01 6.948293580159316252e-02 -2.747378806471031595e-02
-9.977577777786673652e-01 6.089230165844262965e-02 -2.777685773864225355e-02
-9.982425523151136071e-01 5.221082247847921853e-02 -2.803294771289807988e-02
-9.986561942739587971e-01 4.345367739648406391e-02 -2.824168892712456899e-02
-9.989963081057796623e-01 3.463620352701126531e-02 -2.840280377938558809e-02
-9.992610016313425714e-01 2.577385734196358663e-02 -2.851610747588339406e-02
-9.994488976498256960e-01 1.688217500247698663e-02 -2.858150899940497744e-02
-9.995591417150102576e-01 7.976731938535829708e-03 -2.859901168232276830e-02
-9.995914060152344405e-01 -9.268980186261516208e-04 -2.856871337462791802e-02
-9.995458893311645054e-01 -9.813183639335325628e-03 -2.849080620228655950e-02
-9.994233130841942980e-01 -1.866667711936214127e-02 -2.836557591609752821e-02
-9.992249135269036797e-01 -2.747205441345870747e-02 -2.819340083610474140e-02
-9.989524301648508020e-01 -3.621415477461928378e-02 -2.797475040139021235e-02
-9.986080905354293158e-01 -4.487801920722640781e-02 -2.771018333965854022e-02
-9.981945915040121298e-01 -5.344892755867479417e-02 -2.740034547533927445e-02
-9.977150772695907444e-01 -6.191243399447574763e-02 -2.704596719890547951e-02
-9.971731143011413057e-01 -7.025440062580483314e-02 -2.664786062366883423e-02
-9.965726634516011151e-01 -7.846102908546744026e-02 -2.620691645940755390e-02
-9.959180495183138637e-01 -8.651888987777218987e-02 -2.572410063476787689e-02
-9.952139285368595267e-01 -9.441494935923561149e-02 -2.520045070241943783e-02
-9.944652531091947578e-01 -1.021365942397860355e-01 -2.463707206241781342e-02
-9.936772360769292600e-01 -1.096716535275772814e-01 -2.403513404012500021e-02
-9.928553128563978314e-01 -1.170084178740590786e-01 -2.339586585536280669e-02
-9.920051027540665034e-01 -1.241356563089986015e-01 -2.272055251923921909e-02
-9.911323695789278077e-01 -1.310426303871581599e-01 -2.201053069431802706e-02
-9.902429818631506286e-01 -1.377191057988059464e-01 -2.126718455253072751e-02
-9.893428729936701860e-01 -1.441553615247195275e-01 -2.049194166349856475e-02
-9.884380015459813817e-01 -1.503421966424494383e-01 -1.968626894378953940e-02
-9.875343120975323963e-01 -1.562709349140166126e-01 -1.885166869513332788e-02
-9.866376967822068078e-01 -1.619334273056697027e-01 -1.798967475681287342e-02
-9.857539578298526450e-01 -1.673220526076355519e-01 -1.710184879440378863e-02
-9.848887713160803248e-01 -1.724297163358389506e-01 -1.618977674380077392e-02
-9.840476523280130561e-01 -1.772498481082867283e-01 -1.525506542611291226e-02
-9.832359217317115929e-01 -1.817763976962084305e-01 -1.429933934558407643e-02
-9.824586747069659065e-01 -1.860038299541750262e-01 -1.332423767925501081e-02
-9.817207511953650600e-01 -1.899271188343822914e-01 -1.233141146368091356e-02
-9.810267083883000838e-01 -1.935417406882308511e-01 -1.132252098069949295e-02
-9.803807953630528926e-01 -1.968436670534368660e-01 -1.029923334105167267e-02
-9.797869299575698854e-01 -1.998293571173758443e-01 -9.263220261628181754e-03
-9.792486779580448220e-01 -2.024957500374216790e-01 -8.216156029282701764e-03
-9.787692346581405856e-01 -2.048402572869391369e-01 -7.159715641544100485e-03
-9.783514088346080273e-01 -2.068607551815728751e-01 -6.095573112199628024e-03
-9.779976091712268005e-01 -2.085555777248092324e-01 -5.025399927626509299e-03
-9.777098331513552898e-01 -2.099235098947275502e-01 -3.950863637935619899e-03
-9.774896584288799151e-01 -2.109637814756648855e-01 -2.873626565468506873e-03
-9.773382366778939900e-01 -2.116760615194447359e-01 -1.795344611965063192e-03
-9.772562899128938163e-01 -2.120604535011151037e-01 -7.176661447976179567e-04
-9.772441092635160143e-01 -2.121174912140441626e-01 3.577690579507218811e-04
-9.773015561806958074e-01 -2.118481354289657170e-01 1.429330824101343296e-03
-9.774280660444364388e-01 -2.112537713213764601e-01 2.495399586243940253e-03
-9.776226541369806844e-01 -2.103362066517787121e-01 3.554367383127855079e-03
-9.778839239388904536e-01 -2.090976706638471572e-01 4.604638883298537919e-03
-9.782100776992198599e-01 -2.075408136468752940e-01 5.644632449859214238e-03
-9.785989292244485771e-01 -2.056687070910261650e-01 6.672781264135287452e-03
-9.790479188240047703e-01 -2.034848443471586055e-01 7.687534524664318275e-03
-9.795541303429244895e-01 -2.009931416875092580e-01 8.687358736342238111e-03
-9.801143102043873290e-01 -1.981979396494581436e-01 9.670739102743424256e-03
-9.807248883764640990e-01 -1.951040045321596750e-01 1.063618103261700434e-02
-9.813820011683854760e-01 -1.917165299051423466e-01 1.158221176936505108e-02
-9.820815157519813265e-01 -1.880411379792195914e-01 1.250738214995318273e-02
-9.828190562936883756e-01 -1.840838806833481334e-01 1.341026849721584091e-02
-9.835900315717353015e-01 -1.798512402865431459e-01 1.428947464692494410e-02
-9.843896639418957539e-01 -1.753501294017164591e-01 1.514363410832166024e-02
-9.852130195036771232e-01 -1.705878902084300430e-01 1.597141235409921950e-02
-9.860550393071548791e-01 -1.655722927341137518e-01 1.677150923310424813e-02
-9.869105714290520304e-01 -1.603115320383156073e-01 1.754266149633151167e-02
-9.877744037353282103e-01 -1.548142241520399642e-01 1.828364542415987504e-02
-9.886412971367110059e-01 -1.490894006341496048e-01 1.899327954025458939e-02
-9.895060191335289801e-01 -1.431465016190967832e-01 1.967042739518207531e-02
-9.903633774371580767e-01 -1.369953672447977167e-01 2.031400040058722531e-02
-9.912082534476276408e-01 -1.306462273661280482e-01 2.092296069280835322e-02
-9.920356353607202582e-01 -1.241096894781074933e-01 2.149632400308772520e-02
-9.928406506734838155e-01 -1.173967247931299168e-01 2.203316251011045238e-02
-9.936185978546909769e-01 -1.105186524383170721e-01 2.253260764950192063e-02
-9.943649769466352817e-01 -1.034871217619250938e-01 2.299385285416077895e-02
-9.950755188669175855e-01 -9.631409276137972708e-02 2.341615619892200434e-02
-9.957462131836853914e-01 -8.901181466959667832e-02 2.379884292304875262e-02
-9.963733341452314374e-01 -8.159280276037535196e-02 2.414130780445184962e-02
-9.969534647549722628e-01 -7.406981345744104162e-02 2.444301736033417660e-02
-9.974835186956022559e-01 -6.645581785475043746e-02 2.470351185014913950e-02
-9.979607599215870595e-01 -5.876397377756922835e-02 2.492240705833513245e-02
-9.983828197569895035e-01 -5.100759653419033313e-02 2.509939583622169956e-02
-9.987477113557430286e-01 -4.320012852662102193e-02 2.523424938477024371e-02
-9.990538414036653769e-01 -3.535510790478934434e-02 2.532681826237857814e-02
-9.993000189654606125e-01 -2.748613646250592027e-02 2.537703310480347862e-02
-9.994854614053714226e-01 -1.960684698431289230e-02 2.538490504729238803e-02
-9.996097973366619982e-01 -1.173087026025633993e-02 2.535052584221372113e-02
-9.996730665823462259e-01 -3.871801990387903000e-03 2.527406766878022640e-02
-9.996757171571344358e-01 3.956830197646862141e-03 2.515578263481498683e-02
-9.996185993080348720e-01 1.174159939626080729e-02 2.499600197385696068e-02
-9.995029566780158081e-01 1.946921151402241160e-02 2.479513494418504951e-02
-9.993304146832062695e-01 2.712653661136343181e-02 2.455366743950071137e-02
-9.991029662189124805e-01 3.470063927794041214e-02 2.427216032399590398e-02
-9.988229548329100593e-01 4.217880786726577874e-02 2.395124750729698063e-02
-9.984930555257203189e-01 4.954858242021785431e-02 2.359163377727194200e-02
-9.981162533566333428e-01 5.679778112713989441e-02 2.319409241088036047e-02
-9.976958200508729835e-01 6.391452519809642796e-02 2.275946258510134698e-02
-9.972352888173529051e-01 7.088726203209609611e-02 2.228864661147094209e-02
-9.967384275978252717e-01 7.770478659832218138e-02 2.178260701888000764e-02
-9.962092109768252435e-01 8.435626096523590745e-02 2.124236351001846865e-02
-9.956517909876596573e-01 9.083123193643614923e-02 2.066898981720010145e-02
-9.950704670528202067e-01 9.711964677498464982e-02 2.006361048327051297e-02
-9.944696552977250192e-01 1.032118670201689903e-01 1.942739759290203552e-02
-9.938538574747378673e-01 1.090986804220315798e-01 1.876156747883237635e-02
-9.932276297301627643e-01 1.147713110391280350e-01 1.806737742653366507e-02
-9.925955514405678803e-01 1.202214275636143137e-01 1.734612239943415443e-02
-9.919621943365901640e-01 1.254411499546597419e-01 1.659913180518989700e-02
-9.913320921225516891e-01 1.304230544761452448e-01 1.582776632165384945e-02
-9.907097107890473486e-01 1.351601772474779195e-01 1.503341479915377803e-02
-9.900994198033947757e-01 1.396460164270225124e-01 1.421749125350696592e-02
-9.895054643497269709e-01 1.438745331560488672e-01 1.338143196190909497e-02
-9.889319387768110703e-01 1.478401513971897563e-01 1.252669267147599880e-02
-9.883827613976181592e-01 1.515377568052083679e-01 1.165474592782851822e-02
-9.878616507704645056e-01 1.549626947694267010e-01 1.076707852872912929e-02
-9.873721035773904697e-01 1.581107677665447853e-01 9.865189105438765260e-03
-9.869173742014971662e-01 1.609782321598838273e-01 8.950585832195353045e-03
-9.865004560913696041e-01 1.635617945764414327e-01 8.024784262051210676e-03
-9.861240649875827602e-01 1.658586079866987695e-01 7.089305285270706969e-03
-9.857906240737032144e-01 1.678662676040289237e-01 6.145673204605663943e-03
-9.855022511022094589e-01 1.695828067109971249e-01 5.195413920053636864e-03
-9.852607475343986287e-01 1.710066925089986645e-01 4.240053214180370192e-03
-9.850675897226172095e-01 1.721368220757407141e-01 3.281115127766002018e-03
-9.849239221530418087e-01 1.729725185022310263e-01 2.320120414425810677e-03
-9.848305527576962648e-01 1.735135272673858642e-01 1.358585061968335022e-03
-9.847879502953746922e-01 1.737600128943053435e-01 3.980188675918791812e-04
-9.847962437925739110e-01 1.737125559178798462e-01 -5.600759464125875612e-04
-9.848552240273533709e-01 1.733721501788760555e-01 -1.514206089987955167e-03
-9.849643470311447713e-01 1.727402004451915329e-01 -2.462888549179295672e-03
-9.851227395758478389e-01 1.718185203467433309e-01 -3.404651929809717793e-03
-9.853292066059889942e-01 1.706093305966450424e-01 -4.338037813765711383e-03
-9.855822405682008736e-01 1.691152574580970513e-01 -5.261602140021119471e-03
-9.858800325827400401e-01 1.673393314039296198e-01 -6.173916621656927103e-03
-9.862204853941285432e-01 1.652849859041528313e-01 -7.073570209074854162e-03
-9.866012280302411952e-01 1.629560562663288636e-01 -7.959170608369871627e-03
-9.870196320912313359e-01 1.603567784442273825e-01 -8.829345862435755352e-03
-9.874728295815770052e-01 1.574917877221833906e-01 -9.682746000845836309e-03
-9.879577321902487386e-01 1.543661171759620199e-01 -1.051804476289717495e-02
-9.884710519155680553e-01 1.509851958058527621e-01 -1.133394139645124872e-02
-9.890093229227983063e-01 1.473548462342509635e-01 -1.212916253337000157e-02
-9.895689245139411838e-01 1.434812818582127669e-01 -1.290246414045678573e-02
-9.901461050807056630e-01 1.393711033474418770e-01 -1.365263354289223893e-02
-9.907370069032633841e-01 1.350312943799177601e-01 -1.437849151523198574e-02
-9.913376916493368274e-01 1.304692165109165025e-01 -1.507889443313330073e-02
-9.919441664205206344e-01 1.256926030764960178e-01 -1.575273647712948852e-02
-9.925524101856564307e-01 1.207095520395799759e-01 -1.639895187800168366e-02
-9.931584004347315808e-01 1.155285176955169885e-01 -1.701651719163622609e-02
-9.937581398813084554e-01 1.101583011643236798e-01 -1.760445358972887592e-02
-9.943476830370797659e-01 1.046080396086258024e-01 -1.816182915133159048e-02
-9.949231624789404149e-01 9.888719412944717291e-02 -1.868776113905788044e-02
-9.954808146271224567e-01 9.300553630629160295e-02 -1.918141824279183394e-02
-9.960170048525854858e-01 8.697313336322590183e-02 -1.964202277300386434e-02
-9.965282517331170986e-01 8.080033195868463469e-02 -2.006885278527997807e-02
-9.970112502805648091e-01 7.449774061324565544e-02 -2.046124411743460714e-02
-9.974628939663690019e-01 6.807621080641781952e-02 -2.081859232060886272e-02
-9.978802953791343633e-01 6.154681679027591140e-02 -2.114035446606195995e-02
-9.982608053563755135e-01 5.492083418430415698e-02 -2.142605080994349626e-02
-9.986020304427793981e-01 4.820971743179595925e-02 -2.167526629918425235e-02
-9.989018485392785474e-01 4.142507621333776924e-02 -2.188765190275350492e-02
-9.991584226208422015e-01 3.457865092701970650e-02 -2.206292575388759183e-02
-9.993702124160275257e-01 2.768228735782191433e-02 -2.220087409047851595e-02
-9.995359839578441541e-01 2.074791066990010896e-02 -2.230135198259942247e-02
-9.996548169331703759e-01 1.378749886503879106e-02 -2.236428383810841816e-02
-9.997261097766165783e-01 6.813055858187923655e-03 -2.238966367938240512e-02
-9.997495824741122750e-01 -1.634156733851324650e-04 -2.237755518645457783e-02
-9.997252770613537232e-01 -7.129941507308891827e-03 -2.232809150412668267e-02
-9.996535558223194062e-01 -1.407460299836467421e-02 -2.224147481296266313e-02
-9.995350972130696565e-01 -2.098556394536574277e-02 -2.211797566640531093e-02
-9.993708895557316119e-01 -2.785109704531494451e-02 -2.195793209855412265e-02
-9.991622225666562107e-01 -3.465960978268750603e-02 -2.176174850936312896e-02
-9.989106768009816673e-01 -4.139966960888447067e-02 -2.152989433612684245e-02
-9.986181111130035815e-01 -4.806002827596993210e-02 -2.126290252208721393e-02
-9.982866482476281389e-01 -5.462964519956845649e-02 -2.096136779478505185e-02
-9.979186586925888891e-01 -6.109770973805689342e-02 -2.062594476836905957e-02
-9.975167429338792635e-01 -6.745366228871182979e-02 -2.025734588544298581e-02
-9.970837122678717357e-01 -7.368721411602739690e-02 -1.985633921515821479e-02
-9.966225683327748497e-01 -7.978836584274065502e-02 -1.942374612513342660e-02
-9.961364815293607400e-01 -8.574742454993117269e-02 -1.896043884539626301e-02
-9.956287685062660264e-01 -9.155501944863150832e-02 -1.846733794289193153e-02
-9.951028688886358609e-01 -9.720211610143555947e-02 -1.794540972519170080e-02
-9.945623214304959436e-01 -1.026800291883699784e-01 -1.739566359186722755e-02
-9.940107397710677972e-01 -1.079804338265611813e-01 -1.681914935158480146e-02
-9.934517879733981705e-01 -1.130953754677663237e-01 -1.621695452233179457e-02
-9.928891560202650624e-01 -1.180172784114409540e-01 -1.559020163133343316e-02
-9.923265354374977143e-01 -1.227389529835131027e-01 -1.494004553017232347e-02
-9.917675952087602331e-01 -1.272536014422728234e-01 -1.426767073940901631e-02
-9.912159581386515983e-01 -1.315548226826452893e-01 -1.357428883564398316e-02
-9.906751778128483066e-01 -1.356366158184986181e-01 -1.286113589248576161e-02
-9.901487162951183585e-01 -1.394933827294778661e-01 -1.212946998532341350e-02
-9.896399226915379987e-01 -1.431199296641138263e-01 -1.138056876817058333e-02
-9.891520127022991327e-01 -1.465114679946150078e-01 -1.061572712918001059e-02
-9.886880492712610824e-01 -1.496636142208245535e-01 -9.836254929747075340e-03
-9.882509244330065501e-01 -1.525723893213445925e-01 -9.043474830453705066e-03
-9.878433424467313317e-01 -1.552342175488509723e-01 -8.238720205473070574e-03
-9.874678042959439406e-01 -1.576459247642169881e-01 -7.423333145482729004e-03
-9.871265936227548998e-01 -1.598047364003209736e-01 -6.598662547639178727e-03
-9.868217641555757647e-01 -1.617082751414337938e-01 -5.766062289768083410e-03
-9.865551286793781127e-01 -1.633545583979817695e-01 -4.926889484637673143e-03
-9.863282495883205492e-01 -1.647419956493804127e-01 -4.082502809021752374e-03
-9.861424310515587432e-01 -1.658693857196651966e-01 -3.234260901235000776e-03
-9.859987128144197532e-01 -1.667359140419425456e-01 -2.383520819946424209e-03
-9.858978656488371906e-01 -1.673411499583857820e-01 -1.531636556354268926e-03
-9.858403884589959087e-01 -1.676850440927468988e-01 -6.799575912429635730e-04
-9.858265070404895747e-01 -1.677679258222876113e-01 1.701725119568559333e-04
-9.858561744839261509e-01 -1.675905008657923023e-01 1.017417487218866875e-03
-9.859290732067741425e-01 -1.671538489940488093e-01 1.860449728265780277e-03
-9.860446185902973504e-01 -1.664594218590079444e-01 2.697951642299267240e-03
-9.862019641916200952e-01 -1.655090409278906216e-01 3.528617003954351988e-03
-9.864000084942683433e-01 -1.643048954989308197e-01 4.351152317911906493e-03
-9.866374031539014711e-01 -1.628495407663464178e-01 5.164278198050108876e-03
-9.869125626893531233e-01 -1.611458958936355934e-01 5.966730770324060566e-03
-9.872236755625122262e-01 -1.591972420465144478e-01 6.757263105741850504e-03
-9.875687165839851511e-01 -1.570072203298455149e-01 7.534646688866252981e-03
-9.879454605748753115e-01 -1.545798295668516786e-01 8.297672926226363696e-03
-9.883514972084093131e-01 -1.519194238538515429e-01 9.045154697886442774e-03
-9.887842469485440544e-01 -1.490307098197672375e-01 9.775927954204901085e-03
-9.892409779961374161e-01 -1.459187435168072533e-01 1.048885335854074854e-02
-9.897188241468026781e-01 -1.425889268670692267e-01 1.118281797534477658e-02
-9.902148034582437530e-01 -1.390470035893780487e-01 1.185673700172630747e-02
-9.907258376187572102e-01 -1.352990545314996518e-01 1.250955553923188343e-02
-9.912487719027607280e-01 -1.313514923349579089e-01 1.314025040122909251e-02
-9.917803955937536387e-01 -1.272110553630259877e-01 1.374783194997619348e-02
-9.923174627501289979e-01 -1.228848008270383846e-01 1.433134595619593027e-02
-9.928567131848324845e-01 -1.183800970519349599e-01 1.488987547277932297e-02
-9.933948935261085467e-01 -1.137046148288441555e-01 1.542254271314129170e-02
-9.939287782235832758e-01 -1.088663178104599671e-01 1.592851092375287617e-02
-9.944551903618138455e-01 -1.038734519138722057e-01 1.640698623950181956e-02
-9.949710221422732870e-01 -9.873453370525837880e-02 1.685721950980007336e-02
-9.954732548946279014e-01 -9.345833775131015542e-02 1.727850808277753281e-02
-9.959589784791756939e-01 -8.805388293330398963e-02 1.767019753448791433e-02
-9.964254099445122304e-01 -8.253041773117843205e-02 1.803168332981505348e-02
-9.968699113079192431e-01 -7.689740449668275302e-02 1.836241240171293879e-02
-9.972900063306634477e-01 -7.116450274643869311e-02 1.866188463554508195e-02
-9.976833961663529315e-01 -6.534155151742865320e-02 1.892965424560941190e-02
-9.980479737677204755e-01 -5.943855083880879298e-02 1.916533103144218639e-02
-9.983818369456457509e-01 -5.346564238486284371e-02 1.936858150218329772e-02
-9.986832999838469727e-01 -4.743308938418705489e-02 1.953912985814781553e-02
-9.989509037233772482e-01 -4.135125586966106881e-02 1.967675881977317201e-02
-9.991834240427659442e-01 -3.523058536225819742e-02 1.978131029528407483e-02
-9.993798786722228877e-01 -2.908157908914094092e-02 1.985268587972090562e-02
-9.995395322936472260e-01 -2.291477384265133699e-02 1.989084717939271912e-02
-9.996618998920917543e-01 -1.674071959163880158e-02 1.989581595732144853e-02
-9.997467483386784926e-01 -1.056995695999185872e-02 1.986767409681646293e-02
-9.997940961995540610e-01 -4.412994689200000833e-03 1.980656338193356736e-02
-9.998042117801507755e-01 1.719712797760343873e-03 1.971268509520504586e-02
-9.997776094285907300e-01 7.817787614948154551e-03 1.958629943465151763e-02
-9.997150441363609197e-01 1.387095030061702948e-02 1.942772475367748192e-02
-9.996175044882221750e-01 1.986904126315523073e-02 1.923733662898560390e-02
-9.994862040265312109e-01 2.580204168121035674e-02 1.901556676309714214e-02
-9.993225711075938156e-01 3.166009375990878894e-02 1.876290172941569995e-02
-9.991282373391934257e-01 3.743352025271441674e-02 1.847988156899944487e-02
-9.989050246989327198e-01 4.311284316709700082e-02 1.816709824929592029e-02
-9.986549314423756041e-01 4.868880158164672067e-02 1.782519399602948418e-02
-9.983801169181100166e-01 5.415236851241468641e-02 1.745485951020284143e-02
-9.980828854137027140e-01 5.949476677690857668e-02 1.705683208277297691e-02
-9.977656691620454543e-01 6.470748381515220582e-02 1.663189361998291052e-02
-9.974310106417867416e-01 6.978228543835104936e-02 1.618086859257246782e-02
-9.970815443084014573e-01 7.471122848681802098e-02 1.570462192215466360e-02
-9.967199778940040167e-01 7.948667238973586291e-02 1.520405681793387045e-02
-9.963490734142943506e-01 8.410128962990461032e-02 1.468011257666455502e-02
-9.959716280201069694e-01 8.854807512669471414e-02 1.413376235831466030e-02
-9.955904548289796763e-01 9.282035455986289985e-02 1.356601094931753938e-02
-9.952083638690563117e-01 9.691179166556822266e-02 1.297789252458456111e-02
-9.948281432635868171e-01 1.008163945437456216e-01 1.237046841862243264e-02
-9.944525407793832761e-01 1.045285210228675959e-01 1.174482491517175181e-02
-9.940842458569403295e-01 1.080428831339834556e-01 1.110207106377386795e-02
-9.937258722336421712e-01 1.113545507507200938e-01 1.044333653060000415e-02
-9.933799412646578952e-01 1.144589544556277733e-01 9.769769489758300951e-03
-9.930488660388790967e-01 1.173518876958455637e-01 9.082534560149329445e-03
-9.927349363796749149e-01 1.200295082925473961e-01 8.382810791786793336e-03
-9.924403048124207372e-01 1.224883393690320288e-01 7.671789704355069101e-03
