1.000000000000000000e+00 0.000000000000000000e+00 0.000000000000000000e+00
9.999999999560770236e-01 -3.868786319788365907e-06 8.536915792687457932e-06
9.999999995835130440e-01 -1.337317101998816148e-05 2.557605517219189555e-05
9.999999982374008223e-01 -3.027206086236519395e-05 5.107649017886141916e-05
9.999999948025654062e-01 -5.631516878576526349e-05 8.499110057102703792e-05
9.999999875546086159e-01 -9.324173487166992889e-05 1.272666217690606198e-04
9.999999739928787656e-01 -1.427792576967635554e-04 1.778436972171044289e-04
9.999999506462841081e-01 -2.066422369504508963e-04 2.366569351034770920e-04
9.999999128529810655e-01 -2.865309281738496919e-04 3.036349693766322421e-04
9.999998545150751150e-01 -3.841301104535874622e-04 3.787005249896849063e-04
9.999997678295756698e-01 -5.011078678789572700e-04 4.617704873029551682e-04
9.999996429969472134e-01 -6.391143855448457034e-04 5.527559755707210382e-04
9.999994679086910976e-01 -7.997807608555699979e-04 6.515624204354475858e-04
9.999992278154823389e-01 -9.847178308565894458e-04 7.580896453501771454e-04
9.999989049774693495e-01 -1.195515016292234998e-03 8.722319518475353658e-04
9.999984782984221443e-01 -1.433739183058397280e-03 9.938782085719410908e-04
9.999979229454870611e-01 -1.700933521689774889e-03 1.122911943990107094e-03
9.999972099563715355e-01 -1.998616445492088466e-03 1.259211442693781687e-03
9.999963058358423140e-01 -2.328280507900869212e-03 1.402649845207906872e-03
9.999951721434737761e-01 -2.691391339620290233e-03 1.553095251216953920e-03
9.999937650746300033e-01 -3.089386606068292730e-03 1.710410826122122198e-03
9.999920350367028643e-01 -3.523674985628203696e-03 1.874454910842351420e-03
9.999899262226641383e-01 -3.995635169182385968e-03 2.045081134772671564e-03
9.999873761840133435e-01 -4.506614881380445990e-03 2.222138531814286857e-03
9.999843154052231453e-01 -5.057929924073339620e-03 2.405471659391937057e-03
9.999806668817984301e-01 -5.650863242325574430e-03 2.594920720375467303e-03
9.999763457040669046e-01 -6.286664013400772646e-03 2.790321687824144983e-03
9.999712586488205268e-01 -6.966546759101295387e-03 2.991506432474064052e-03
9.999653037809174139e-01 -7.691690481830575597e-03 3.198302852890919003e-03
9.999583700669366637e-01 -8.463237824737353254e-03 3.410535008212496784e-03
9.999503370029587668e-01 -9.282294256294265286e-03 3.628023253407385972e-03
9.999410742585121969e-01 -1.014992727965925365e-02 3.850584376978591350e-03
9.999304413386910229e-01 -1.106716566716705284e-02 4.078031741042926865e-03
9.999182872664063026e-01 -1.203499872029961150e-02 4.310175423719226663e-03
9.999044502866831774e-01 -1.305437555548867937e-02 4.546822363760475577e-03
9.998887575948590678e-01 -1.412620441611086436e-02 4.787776507366927649e-03
9.998710250904767616e-01 -1.525135201104515711e-02 5.032838957119075383e-03
9.998510571585963458e-01 -1.643064288017519192e-02 5.281808122970926660e-03
9.998286464801748874e-01 -1.766485878723306896e-02 5.534479875245400596e-03
9.998035738730820521e-01 -1.895473814039843469e-02 5.790647699574743949e-03
9.997756081652334759e-01 -2.030097544108528523e-02 6.050102853729630303e-03
9.997445061012301126e-01 -2.170422076136960254e-02 6.312634526281017157e-03
9.997100122837951908e-01 -2.316507925053306119e-02 6.578029997038888944e-03
9.996718591511979390e-01 -2.468411067122144170e-02 6.846074799211634108e-03
9.996297669917438844e-01 -2.626182896574074874e-02 7.116552883229003770e-03
9.995834439963009466e-01 -2.789870185303901587e-02 7.389246782170333198e-03
9.995325863497130925e-01 -2.959515045694709884e-02 7.663937778737964744e-03
9.994768783618328545e-01 -3.135154896627694726e-02 7.940406073713573987e-03
9.994159926387786719e-01 -3.316822432740075544e-02 8.218430955832356499e-03
9.993495902948958953e-01 -3.504545596995829043e-02 8.497790973006775703e-03
9.992773212057691756e-01 -3.698347556636254890e-02 8.778264104827782771e-03
9.991988243024982896e-01 -3.898246682579514094e-02 9.059627936267144327e-03
9.991137279073158961e-01 -4.104256532340189167e-02 9.341659832499687663e-03
9.990216501104836055e-01 -4.316385836541603710e-02 9.624137114758983189e-03
9.989221991882657470e-01 -4.534638489095030311e-02 9.906837237134173343e-03
9.988149740616367733e-01 -4.759013541120998142e-02 1.018953796420941221e-02
9.986995647952362498e-01 -4.989505198688622134e-02 1.047201754944067018e-02
9.985755531359427062e-01 -5.226102824449207346e-02 1.075405491415756115e-02
9.984425130902954137e-01 -5.468790943240255803e-02 1.103542982707033868e-02
9.983000115398491525e-01 -5.717549251735438293e-02 1.131592308415441984e-02
9.981476088934078117e-01 -5.972352632215006257e-02 1.159531668877664297e-02
9.979848597749413353e-01 -6.233171170529513971e-02 1.187339403191912945e-02
9.978113137458536341e-01 -6.499970178327567349e-02 1.214994007234805086e-02
9.976265160601324178e-01 -6.772710219615564464e-02 1.242474151656592501e-02
9.974300084507813358e-01 -7.051347141714067734e-02 1.269758699837727524e-02
9.972213299458041469e-01 -7.335832110671490491e-02 1.296826725788872287e-02
9.970000177118873985e-01 -7.626111651191200269e-02 1.323657531975584375e-02
9.967656079238068623e-01 -7.922127691122943238e-02 1.350230667048049095e-02
9.965176366574680644e-01 -8.223817610563610714e-02 1.376525943455386529e-02
9.962556408043827805e-01 -8.531114295605929376e-02 1.402523454923246260e-02
9.959791590052791133e-01 -8.843946196766483414e-02 1.428203593772613481e-02
9.956877326004464068e-01 -9.162237392116773238e-02 1.453547068057012455e-02
9.953809065943277634e-01 -9.485907655132648497e-02 1.478534918494591940e-02
9.950582306317902193e-01 -9.814872527268521385e-02 1.503148535170937584e-02
9.947192599834295823e-01 -1.014904339525326687e-01 1.527369673987875875e-02
9.943635565372023200e-01 -1.048832757309469121e-01 1.551180472833019880e-02
9.939906897936203745e-01 -1.083262838876892231e-01 1.574563467444374185e-02
9.936002378616984876e-01 -1.118184527556009278e-01 1.597501606943954947e-02
9.931917884528069784e-01 -1.153587386800428716e-01 1.619978269014118663e-02
9.927649398695552740e-01 -1.189460610237995930e-01 1.641977274690110955e-02
9.923193019868162823e-01 -1.225793032167496605e-01 1.663482902742271716e-02
9.918544972219941469e-01 -1.262573138494799407e-01 1.684479903621357438e-02
9.913701614916443638e-01 -1.299789078098967376e-01 1.704953512940567822e-02
9.908659451515696714e-01 -1.337428674617595625e-01 1.724889464468106273e-02
9.903415139175413273e-01 -1.375479438639361784e-01 1.744274002604454324e-02
9.897965497638349097e-01 -1.413928580290503001e-01 1.763093894319006302e-02
9.892307517968155217e-01 -1.452763022200661558e-01 1.781336440521288575e-02
9.886438371008691162e-01 -1.491969412832289399e-01 1.798989486842690957e-02
9.880355415540447162e-01 -1.531534140156571300e-01 1.816041433805444180e-02
9.874056206108541289e-01 -1.571443345657616286e-01 1.832481246356509538e-02
9.867538500497663456e-01 -1.611682938645500607e-01 1.848298462745085260e-02
9.860800266830346272e-01 -1.652238610857616197e-01 1.863483202723586335e-02
9.853839690266039675e-01 -1.693095851326698043e-01 1.878026175053211858e-02
9.846655179279680814e-01 -1.734239961492886339e-01 1.891918684296578154e-02
9.839245371499709680e-01 -1.775656070536209830e-01 1.905152636881350670e-02
9.831609139086867621e-01 -1.817329150904994084e-01 1.917720546420363659e-02
9.823745593636543649e-01 -1.859244034014870262e-01 1.929615538275354300e-02
9.815654090588946667e-01 -1.901385426092333242e-01 1.940831353353154876e-02
9.807334233132954937e-01 -1.943737924136133000e-01 1.951362351124977940e-02
9.798785875591128347e-01 -1.986286031969229093e-01 1.961203511861283125e-02
9.790009126275036611e-01 -2.029014176353561849e-01 1.970350438076622426e-02
9.781004349801786235e-01 -2.071906723139523565e-01 1.978799355180816885e-02
9.771772168864368835e-01 -2.114947993421737171e-01 1.986547111334814250e-02
9.762313465450243033e-01 -2.158122279672582688e-01 1.993591176511589139e-02
9.752629381504338557e-01 -2.201413861824839113e-01 1.999929640764494185e-02
9.742721319034494121e-01 -2.244807023274854596e-01 2.005561211707508271e-02
9.732590939659109264e-01 -2.288286066777792671e-01 2.010485211213874565e-02
9.722240163598621088e-01 -2.331835330206759593e-01 2.014701571341648637e-02
9.711671168114152097e-01 -2.375439202147963946e-01 2.018210829496685024e-02
9.700886385398457268e-01 -2.419082137304520153e-01 2.021014122845560604e-02
9.689888499925994880e-01 -2.462748671682062351e-01 2.023113181992868340e-02
9.678680445270629873e-01 -2.506423437529989307e-01 2.024510323939188866e-02
9.667265400401101605e-01 -2.550091178012913740e-01 2.025208444337867411e-02
9.655646785465968884e-01 -2.593736761587725481e-01 2.025211009070469748e-02
9.643828257081238364e-01 -2.637345196062605979e-01 2.024522045162456194e-02
9.631813703135342353e-01 -2.680901642315345890e-01 2.023146131062201342e-02
9.619607237127487664e-01 -2.724391427649388575e-01 2.021088386307969345e-02
9.607213192056691664e-01 -2.767800058767192484e-01 2.018354460608847573e-02
9.594636113880017358e-01 -2.811113234341715561e-01 2.014950522366923055e-02
9.581880754559642943e-01 -2.854316857168103794e-01 2.010883246669159866e-02
9.568952064719425943e-01 -2.897397045878995492e-01 2.006159802778492013e-02
9.555855185932534690e-01 -2.940340146208224592e-01 2.000787841154580762e-02
9.542595442662568095e-01 -2.983132741789120690e-01 1.994775480035508933e-02
9.529178333881302976e-01 -3.025761664475037915e-01 1.988131291612365778e-02
9.515609524386848816e-01 -3.068214004171209153e-01 1.980864287829248171e-02
9.501894835846497189e-01 -3.110477118168508692e-01 1.972983905841643737e-02
9.488040237589006054e-01 -3.152538639971182999e-01 1.964499993166465841e-02
9.474051837171361123e-01 -3.194386487612108083e-01 1.955422792557206385e-02
9.459935870745291853e-01 -3.236008871450607449e-01 1.945762926637728193e-02
9.445698693248943956e-01 -3.277394301449346181e-01 1.935531382328163283e-02
9.431346768449133666e-01 -3.318531593928258916e-01 1.924739495096201153e-02
9.416886658859549009e-01 -3.359409877794904964e-01 1.913398933066759802e-02
9.402325015560105692e-01 -3.400018600252038836e-01 1.901521681022622090e-02
9.387668567942409892e-01 -3.440347531984543350e-01 1.889120024328109354e-02
9.372924113405974866e-01 -3.480386771829194203e-01 1.876206532807248722e-02
9.358098507029394275e-01 -3.520126750931996673e-01 1.862794044607171684e-02
9.343198651240222086e-01 -3.559558236399048559e-01 1.848895650076684202e-02
9.328231485506730536e-01 -3.598672334448063670e-01 1.834524675689059789e-02
9.313203976074106993e-01 -3.637460493068782053e-01 1.819694668037130647e-02
9.298123105766961105e-01 -3.675914504201546196e-01 1.804419377927725388e-02
9.282995863879270892e-01 -3.714026505444302240e-01 1.788712744601387780e-02
9.267829236172104856e-01 -3.751788981299190584e-01 1.772588880102154291e-02
9.252630194998637814e-01 -3.789194763970745172e-01 1.756062053820953150e-02
9.237405689575065582e-01 -3.826237033728480119e-01 1.739146677234928995e-02
9.222162636415146553e-01 -3.862909318847357332e-01 1.721857288863705773e-02
9.206907909945135637e-01 -3.899205495140248279e-01 1.704208539462277391e-02
9.191648333314921260e-01 -3.935119785097064282e-01 1.686215177468863499e-02
9.176390669420179114e-01 -3.970646756645714315e-01 1.667892034724710246e-02
9.161141612149370506e-01 -4.005781321550463403e-01 1.649254012481438797e-02
9.145907777868390598e-01 -4.040518733463604462e-01 1.630316067710170513e-02
9.130695697154671553e-01 -4.074854585646636718e-01 1.611093199725280312e-02
9.115511806791520844e-01 -4.108784808377339837e-01 1.591600437134270754e-02
9.100362442032469135e-01 -4.142305666059281632e-01 1.571852825123898345e-02
9.085253829144401827e-01 -4.175413754050369963e-01 1.551865413091361133e-02
9.070192078237252487e-01 -4.208105995227068297e-01 1.531653242628042491e-02
9.055183176387068267e-01 -4.240379636300862787e-01 1.511231335862028499e-02
9.040232981058295980e-01 -4.272232243903449911e-01 1.490614684164370124e-02
9.025347213830194892e-01 -4.303661700456977157e-01 1.469818237222852292e-02
9.010531454431395249e-01 -4.334666199845449430e-01 1.448856892485861358e-02
8.995791135085701162e-01 -4.365244242903168481e-01 1.427745484977817336e-02
8.981131535171414937e-01 -4.395394632735777352e-01 1.406498777486557723e-02
8.966557776195610563e-01 -4.425116469889135429e-01 1.385131451122028658e-02
8.952074817084001435e-01 -4.454409147380885559e-01 1.363658096244658481e-02
8.937687449786286820e-01 -4.483272345609152221e-01 1.342093203760860373e-02
8.923400295196134424e-01 -4.511706027152379006e-01 1.320451156782238671e-02
8.909217799384272496e-01 -4.539710431473836794e-01 1.298746222644251228e-02
8.895144230142502106e-01 -4.567286069543843308e-01 1.276992545279319151e-02
8.881183673835836290e-01 -4.594433718392218480e-01 1.255204137938666260e-02
8.867340032559390961e-01 -4.621154415602967136e-01 1.233394876256520278e-02
8.853617021596100756e-01 -4.647449453762628191e-01 1.211578491649712222e-02
8.840018167170844432e-01 -4.673320374873168315e-01 1.189768565045171318e-02
8.826546804496084864e-01 -4.698768964739731269e-01 1.167978520927330510e-02
8.813206076103702324e-01 -4.723797247342968464e-01 1.146221621697024635e-02
8.799998930457302304e-01 -4.748407479205097870e-01 1.124510962333094381e-02
8.786928120838921608e-01 -4.772602143758254423e-01 1.102859465347577964e-02
8.773996204503723417e-01 -4.796383945723109998e-01 1.081279876025106196e-02
8.761205542095986676e-01 -4.819755805505160362e-01 1.059784757936892835e-02
8.748558297319425359e-01 -4.842720853615498089e-01 1.038386488719536017e-02
8.736056436854653384e-01 -4.865282425122330334e-01 1.017097256108719962e-02
8.723701730516399966e-01 -4.887444054138925797e-01 9.959290542178226777e-03
8.711495751642920338e-01 -4.909209468353141759e-01 9.748936800513934367e-03
8.699439877709894686e-01 -4.930582583603131397e-01 9.540027302434646306e-03
8.687535291160990436e-01 -4.951567498503313680e-01 9.332675980107002847e-03
8.675782980447179771e-01 -4.972168489124177415e-01 9.126994703104572212e-03
8.664183741266826555e-01 -4.992390003729001990e-01 8.923093251939471018e-03
8.652738177998510194e-01 -5.012236657570090514e-01 8.721079293448267059e-03
8.641446705318538424e-01 -5.031713227746665851e-01 8.521058357937162306e-03
8.630309549995084373e-01 -5.050824648126128746e-01 8.323133817993454142e-03
8.619326752850896556e-01 -5.069576004329967578e-01 8.127406868872534898e-03
8.608498170886571543e-01 -5.087972528785197346e-01 7.933976510372187790e-03
8.597823479556412352e-01 -5.106019595841843062e-01 7.742939530108630501e-03
8.587302175188962217e-01 -5.123722716956601309e-01 7.554390488111706672e-03
8.576933577544372245e-01 -5.141087535942499009e-01 7.368421702659676970e-03
8.566716832500859136e-01 -5.158119824284038701e-01 7.185123237277329586e-03
8.556650914862595769e-01 -5.174825476517023182e-01 7.004582888824501495e-03
8.546734631281492911e-01 -5.191210505672000375e-01 6.826886176605618910e-03
8.536966623285439093e-01 -5.207281038779979498e-01 6.652116332434438936e-03
8.527345370405705616e-01 -5.223043312438890862e-01 6.480354291591908407e-03
8.517869193396350180e-01 -5.238503668438996286e-01 6.311678684618756037e-03
8.508536257538588110e-01 -5.253668549445319469e-01 6.146165829888279065e-03
8.499344576023257769e-01 -5.268544494734969108e-01 5.983889726908604538e-03
8.490292013404650007e-01 -5.283138135987085482e-01 5.824922050307560807e-03
8.481376289119133549e-01 -5.297456193123025736e-01 5.669332144457168467e-03
8.472594981062169239e-01 -5.311505470194283207e-01 5.517187018698598011e-03
8.463945529217463681e-01 -5.325292851315556186e-01 5.368551343132282189e-03
8.455425239332188259e-01 -5.338825296640309359e-01 5.223487444941666592e-03
8.447031286632353808e-01 -5.352109838376118978e-01 5.082055305222825566e-03
8.438760719572603319e-01 -5.365153576837066174e-01 4.944312556295868931e-03
8.430610463614861549e-01 -5.377963676530409520e-01 4.810314479477684549e-03
8.422577325030450313e-01 -5.390547362274791254e-01 4.680114003299113562e-03
8.414657994720458056e-01 -5.402911915347226035e-01 4.553761702153109013e-03
8.406849052049325532e-01 -5.415064669656156626e-01 4.431305795363797359e-03
8.399146968686780346e-01 -5.427013007937923073e-01 4.312792146669622816e-03
8.391548112453447450e-01 -5.438764357974017472e-01 4.198264264116896918e-03
8.384048751165615876e-01 -5.450326188826595253e-01 4.087763300363119259e-03
8.376645056474836259e-01 -5.461706007089791592e-01 3.981328053392330611e-03
8.369333107698188057e-01 -5.472911353154474856e-01 3.878994967647553423e-03
8.362108895635240735e-01 -5.483949797484189981e-01 3.780798135588000174e-03
8.354968326367901987e-01 -5.494828936900152394e-01 3.686769299681251933e-03
8.347907225039510326e-01 -5.505556390873284078e-01 3.596937854842960445e-03
8.340921339609729257e-01 -5.516139797821415502e-01 3.511330851338839709e-03
8.334006344581943448e-01 -5.526586811409917033e-01 3.429972998165789922e-03
8.327157844700044942e-01 -5.536905096854179975e-01 3.352886666930892691e-03
8.320371378611657320e-01 -5.547102327222523943e-01 3.280091896248783258e-03
8.313642422495034490e-01 -5.557186179738260456e-01 3.211606396679506613e-03
8.306966393647005065e-01 -5.567164332079825861e-01 3.147445556230398997e-03
8.300338654029527641e-01 -5.577044458678058758e-01 3.087622446446829528e-03
8.293754513772583215e-01 -5.586834227009872533e-01 3.032147829117756883e-03
8.287209234631270904e-01 -5.596541293887766777e-01 2.981030163623029153e-03
8.280698033395168522e-01 -5.606173301744791226e-01 2.934275614950152076e-03
8.274216085248154995e-01 -5.615737874914764616e-01 2.891888062408913117e-03
8.267758527077055941e-01 -5.625242615907739552e-01 2.853869109072730646e-03
8.261320460727633597e-01 -5.634695101680885498e-01 2.820218091975949630e-03
8.254896956206593250e-01 -5.644102879905164016e-01 2.790932093096475716e-03
8.248483054828431582e-01 -5.653473465228330275e-01 2.766005951153182024e-03
8.242073772306098833e-01 -5.662814335535010235e-01 2.745432274247405074e-03
8.235664101784596625e-01 -5.672132928204767222e-01 2.729201453377579512e-03
8.229249016816778672e-01 -5.681436636369260329e-01 2.717301676855664923e-03
8.222823474280760436e-01 -5.690732805169774755e-01 2.709718945653460768e-03
8.216382417238486946e-01 -5.700028728016588442e-01 2.706437089706238436e-03
8.209920777735134623e-01 -5.709331642851792621e-01 2.707437785200282870e-03
8.203433479539170570e-01 -5.718648728417379257e-01 2.712700572870019398e-03
8.196915440823007160e-01 -5.727987100530547160e-01 2.722202877329306814e-03
8.190361576784324082e-01 -5.737353808368351737e-01 2.735920027460306790e-03
8.183766802208243263e-01 -5.746755830763977668e-01 2.753825277882027394e-03
8.177126033970674168e-01 -5.756200072517049238e-01 2.775889831519226872e-03
8.170434193483241403e-01 -5.765693360720547389e-01 2.802082863290837698e-03
8.163686209080330825e-01 -5.775242441107031333e-01 2.832371544935460665e-03
8.156877018348880348e-01 -5.784853974416995781e-01 2.866721070989750129e-03
8.150001570401658180e-01 -5.794534532792301462e-01 2.905094685933707829e-03
8.143054828094840047e-01 -5.804290596197749785e-01 2.947453712515018392e-03
8.136031770190815804e-01 -5.814128548873960245e-01 2.993757581262582873e-03
8.128927393467212381e-01 -5.824054675824825722e-01 3.043963861197364947e-03
8.121736714773207799e-01 -5.834075159342880790e-01 3.098028291746557968e-03
8.114454773034283086e-01 -5.844196075576031379e-01 3.155904815864904456e-03
8.107076631206625583e-01 -5.854423391139145227e-01 3.217545614364780877e-03
8.099597378182449292e-01 -5.864762959774069140e-01 3.282901141454377687e-03
8.092012130647547874e-01 -5.875220519061699065e-01 3.351920161480986989e-03
8.084316034892460312e-01 -5.885801687189763376e-01 3.424549786874061825e-03
8.076504268578643675e-01 -5.896511959780028622e-01 3.500735517280312813e-03
8.068572042461095162e-01 -5.907356706778646993e-01 3.580421279880705281e-03
8.060514602068888923e-01 -5.918341169413399161e-01 3.663549470876790136e-03
8.052327229345104254e-01 -5.929470457221579505e-01 3.750060998131344876e-03
8.044005244247645070e-01 -5.940749545152268496e-01 3.839895324945875182e-03
8.035544006312443921e-01 -5.952183270746735921e-01 3.932990514955053349e-03
8.026938916180546002e-01 -5.963776331400689745e-01 4.029283278115747269e-03
8.018185417090561984e-01 -5.975533281712048783e-01 4.128709017765842121e-03
8.009278996337957368e-01 -5.987458530917894040e-01 4.231201878725656014e-03
8.000215186702623882e-01 -5.999556340424182510e-01 4.336694796412348708e-03
7.990989567846150665e-01 -6.011830821431761729e-01 4.445119546935367635e-03
7.981597767680170818e-01 -6.024285932662156728e-01 4.556406798138644410e-03
7.972035463707133340e-01 -6.036925478186512262e-01 4.670486161552959113e-03
7.962298384334765000e-01 -6.049753105360993199e-01 4.787286245219664858e-03
7.952382310165481138e-01 -6.062772302871853869e-01 4.906734707344761158e-03
7.942283075261894476e-01 -6.075986398893283846e-01 5.028758310740174403e-03
7.931996568389539926e-01 -6.089398559361010044e-01 5.153282978007029010e-03
7.921518734237839032e-01 -6.103011786364537228e-01 5.280233847413697001e-03
7.910845574620273268e-01 -6.116828916660765891e-01 5.409535329419472641e-03
7.899973149654622162e-01 -6.130852620311595391e-01 5.541111163792859957e-03
7.888897578924071174e-01 -6.145085399447973717e-01 5.674884477271686413e-03
7.877615042619878771e-01 -6.159529587162709818e-01 5.810777841710583654e-03
7.866121782666209983e-01 -6.174187346534202314e-01 5.948713332659740470e-03
7.854414103827651594e-01 -6.189060669783074120e-01 6.088612588317365501e-03
7.842488374799811979e-01 -6.204151377563535963e-01 6.230396868796863469e-03
7.830341029283318655e-01 -6.219461118391120813e-01 6.373987115648438971e-03
7.817968567041421180e-01 -6.234991368208253615e-01 6.519304011573631881e-03
7.805367554941303743e-01 -6.250743430088929742e-01 6.666268040270204205e-03
7.792534627979096351e-01 -6.266718434083587974e-01 6.814799546343819868e-03
7.779466490288488023e-01 -6.282917337205058406e-01 6.964818795222089791e-03
7.766159916132726604e-01 -6.299340923556283611e-01 7.116246033005818247e-03
7.752611750879682129e-01 -6.315989804600279367e-01 7.269001546191651564e-03
7.738818911959565172e-01 -6.332864419572623582e-01 7.423005721199843650e-03
7.724778389804766165e-01 -6.349965036036534505e-01 7.578179103640456452e-03
7.710487248771208391e-01 -6.367291750580389431e-01 7.734442457251080975e-03
7.695942628040487454e-01 -6.384844489657319766e-01 7.891716822439031817e-03
7.681141742501994552e-01 -6.402623010566318440e-01 8.049923574360984616e-03
7.666081883614115355e-01 -6.420626902574049222e-01 8.208984480473146411e-03
7.650760420243527538e-01 -6.438855588176365385e-01 8.368821757485345528e-03
7.635174799481522223e-01 -6.457308324498300944e-01 8.529358127652798827e-03
7.619322547436213622e-01 -6.475984204831094493e-01 8.690516874339870163e-03
7.603201269999412260e-01 -6.494882160304590313e-01 8.852221896790777450e-03
7.586808653586895046e-01 -6.514000961693150460e-01 9.014397764043013267e-03
7.570142465850721036e-01 -6.533339221352981729e-01 9.176969767920163321e-03
7.553200556362210660e-01 -6.552895395288609315e-01 9.339863975041860084e-03
7.535980857264145127e-01 -6.572667785345979174e-01 9.503007277789783311e-03
7.518481383890713854e-01 -6.592654541529506806e-01 9.666327444169930602e-03
7.500700235353695566e-01 -6.612853664440171420e-01 9.829753166512812321e-03
7.482635595093343195e-01 -6.633263007831563529e-01 9.993214108954753469e-03
7.464285731392426015e-01 -6.653880281280614151e-01 1.015664095364517995e-02
7.445648997851860296e-01 -6.674703052969543915e-01 1.031996544562652045e-02
7.426723833826378574e-01 -6.695728752575396125e-01 1.048312043633526681e-02
7.407508764818676594e-01 -6.716954674263339031e-01 1.064603992567471867e-02
7.388002402830501358e-01 -6.738377979779783811e-01 1.080865910261205251e-02
7.368203446669162604e-01 -6.759995701641173804e-01 1.097091438425453445e-02
7.348110682207985578e-01 -6.781804746414180629e-01 1.113274345336202030e-02
7.327722982599249590e-01 -6.803801898082894040e-01 1.129408529425524228e-02
7.307039308438215697e-01 -6.825983821498449178e-01 1.145488022708184700e-02
7.286058707876902352e-01 -6.848347065906433828e-01 1.161506994040470940e-02
7.264780316686307859e-01 -6.870888068547277294e-01 1.177459752207965678e-02
7.243203358265875025e-01 -6.893603158324753677e-01 1.193340748839238907e-02
7.221327143599046705e-01 -6.916488559537596892e-01 1.209144581142716952e-02
7.199151071153860881e-01 -6.939540395669173689e-01 1.224865994464259880e-02
7.176674626727602702e-01 -6.962754693230069902e-01 1.240499884663267237e-02
7.153897383234649743e-01 -6.986127385648389643e-01 1.256041300305415012e-02
7.130819000436722233e-01 -7.009654317202496099e-01 1.271485444670421121e-02
7.107439224614876538e-01 -7.033331246990914831e-01 1.286827677573529338e-02
7.083757888182677931e-01 -7.057153852934044957e-01 1.302063516999693756e-02
7.059774909240110752e-01 -7.081117735802346935e-01 1.317188640549746964e-02
7.035490291067898472e-01 -7.105218423265621253e-01 1.332198886698127138e-02
7.010904121562038238e-01 -7.129451373958038962e-01 1.347090255862037553e-02
6.986016572608467756e-01 -7.153811981553559463e-01 1.361858911282205417e-02
6.960827899397917795e-01 -7.178295578846414227e-01 1.376501179715701635e-02
6.935338439681143496e-01 -7.202897441831366265e-01 1.391013551941571412e-02
6.909548612964840908e-01 -7.227612793778491751e-01 1.405392683080312899e-02
6.883458919648706154e-01 -7.252436809297295728e-01 1.419635392728525736e-02
6.857069940104217887e-01 -7.277364618385030459e-01 1.433738664910325263e-02
6.830382333695871333e-01 -7.302391310454168227e-01 1.447699647847396597e-02
6.803396837745705472e-01 -7.327511938334060337e-01 1.461515653549823150e-02
6.776114266442120337e-01 -7.352721522241906227e-01 1.475184157230088541e-02
6.748535509694100210e-01 -7.378015053718274263e-01 1.488702796542901163e-02
6.720661531932091703e-01 -7.403387499522513515e-01 1.502069370653736149e-02
6.692493370856911206e-01 -7.428833805483526787e-01 1.515281839139223478e-02
6.664032136138189344e-01 -7.454348900301500658e-01 1.528338320722742033e-02
6.635279008063971196e-01 -7.479927699296339272e-01 1.541237091848792450e-02
6.606235236143213063e-01 -7.505565108098668503e-01 1.553976585099932708e-02
6.576902137663028780e-01 -7.531256026279458116e-01 1.566555387460255230e-02
6.547281096202659523e-01 -7.556995350914448295e-01 1.578972238429572628e-02
6.517373560106225483e-01 -7.582777980079743463e-01 1.591226027992654127e-02
6.487181040916433217e-01 -7.608598816275103927e-01 1.603315794448016349e-02
6.456705111771496863e-01 -7.634452769771636893e-01 1.615240722100927395e-02
6.425947405767629128e-01 -7.660334761880774890e-01 1.627000138825423353e-02
6.394909614289533417e-01 -7.686239728141616157e-01 1.638593513500261750e-02
6.363593485311400677e-01 -7.712162621423880315e-01 1.650020453323854802e-02
6.332000821670994428e-01 -7.738098414943934689e-01 1.661280701013328684e-02
6.300133479319465213e-01 -7.764042105191525378e-01 1.672374131892944218e-02
6.267993365549585638e-01 -7.789988714765067046e-01 1.683300750877195912e-02
6.235582437205160478e-01 -7.815933295113512980e-01 1.694060689353970098e-02
6.202902698874395160e-01 -7.841870929183050176e-01 1.704654201973198127e-02
6.169956201070043722e-01 -7.867796733967044043e-01 1.715081663346480767e-02
6.136745038399198382e-01 -7.893705862957871577e-01 1.725343564663189486e-02
6.103271347725585105e-01 -7.919593508499462864e-01 1.735440510228570057e-02
6.069537306327250636e-01 -7.945454904039583877e-01 1.745373213929376360e-02
6.035545130052547558e-01 -7.971285326281074557e-01 1.755142495632555991e-02
6.001297071477295075e-01 -7.997080097231465956e-01 1.764749277522494747e-02
5.966795418066020984e-01 -8.022834586150567882e-01 1.774194580382296507e-02
5.932042490340142527e-01 -8.048544211395827208e-01 1.783479519824537896e-02
5.897040640055953853e-01 -8.074204442165435758e-01 1.792605302476884058e-02
5.861792248395240046e-01 -8.099810800139343181e-01 1.801573222127897389e-02
5.826299724171324357e-01 -8.125358861018507906e-01 1.810384655838297857e-02
5.790565502053288682e-01 -8.150844255962902407e-01 1.819041060022860701e-02
5.754592040811102871e-01 -8.176262672928940045e-01 1.827543966508045001e-02
5.718381821584306302e-01 -8.201609857907177226e-01 1.835894978570356412e-02
5.681937346176867409e-01 -8.226881616061272329e-01 1.844095766960342220e-02
5.645261135380758022e-01 -8.252073812769368244e-01 1.852148065917008993e-02
5.608355727330734952e-01 -8.277182374569186374e-01 1.860053669177336166e-02
5.571223675892735816e-01 -8.302203290008280945e-01 1.867814425985435400e-02
5.533867549088241633e-01 -8.327132610401020152e-01 1.875432237105779248e-02
5.496289927556858856e-01 -8.351966450494004990e-01 1.882909050844785645e-02
5.458493403059313520e-01 -8.376700989041748757e-01 1.890246859084911482e-02
5.420480577022953605e-01 -8.401332469294561234e-01 1.897447693335261448e-02
5.382254059131766910e-01 -8.425857199400694775e-01 1.904513620802577092e-02
5.343816465962848428e-01 -8.450271552724902824e-01 1.911446740486317727e-02
5.305170419671132453e-01 -8.474571968085671259e-01 1.918249179301393867e-02
5.266318546724139127e-01 -8.498754949913460699e-01 1.924923088231965396e-02
5.227263476688368549e-01 -8.522817068332386725e-01 1.931470638519553959e-02
5.188007841068880133e-01 -8.546754959167851551e-01 1.937894017888566398e-02
5.148554272203508253e-01 -8.570565323882688435e-01 1.944195426812170627e-02
5.108905402213053115e-01 -8.594244929444466718e-01 1.950377074821304721e-02
5.069063862008692523e-01 -8.617790608126653096e-01 1.956441176859443840e-02
5.029032280357749185e-01 -8.641199257246374721e-01 1.962389949685596977e-02
4.988813283008863841e-01 -8.664467838841575231e-01 1.968225608327844184e-02
4.948409491877505118e-01 -8.687593379290399209e-01 1.973950362589577470e-02
4.907823524292660999e-01 -8.710572968875668343e-01 1.979566413610452796e-02
4.867057992305448000e-01 -8.733403761297339196e-01 1.985075950483913138e-02
4.826115502060274176e-01 -8.756082973135859149e-01 1.990481146932995479e-02
4.784998653229101118e-01 -8.778607883269348156e-01 1.995784158045990977e-02
4.743710038509244553e-01 -8.800975832247547315e-01 2.000987117073386307e-02
4.702252243185060521e-01 -8.823184221625477441e-01 2.006092132287379259e-02
4.660627844753769122e-01 -8.845230513259758620e-01 2.011101283905124618e-02
4.618839412615574069e-01 -8.867112228570529497e-01 2.016016621076743842e-02
4.576889507828142967e-01 -8.888826947771899523e-01 2.020840158938999598e-02
4.534780682925427797e-01 -8.910372309073852914e-01 2.025573875735422330e-02
4.492515481800712362e-01 -8.931746007858515357e-01 2.030219710003557457e-02
4.450096439653690727e-01 -8.952945795833651133e-01 2.034779557829892796e-02
4.407526083001294670e-01 -8.973969480166260615e-01 2.039255270172918647e-02
4.364806929751910425e-01 -8.994814922599092544e-01 2.043648650254674404e-02
4.321941489342537857e-01 -9.015480038552877717e-01 2.047961451021039839e-02
4.278932262938378583e-01 -9.035962796217037463e-01 2.052195372670939308e-02
4.235781743694255197e-01 -9.056261215631588035e-01 2.056352060254544589e-02
4.192492417077194888e-01 -9.076373367762922140e-01 2.060433101340480508e-02
4.149066761249444180e-01 -9.096297373576105461e-01 2.064440023751967432e-02
4.105507247511105962e-01 -9.116031403106272801e-01 2.068374293371767411e-02
4.061816340801528424e-01 -9.135573674531670685e-01 2.072237312015736896e-02
4.017996500258516623e-01 -9.154922453250831094e-01 2.076030415374734150e-02
3.974050179834364704e-01 -9.174076050966315510e-01 2.079754871024578830e-02
3.929979828967661848e-01 -9.193032824777416234e-01 2.083411876503719548e-02
3.885787893309756713e-01 -9.211791176284127580e-01 2.087002557458218430e-02
3.841476815504717424e-01 -9.230349550704671779e-01 2.090527965853638051e-02
3.797049036021569735e-01 -9.248706436008774512e-01 2.093989078253378350e-02
3.752506994037548282e-01 -9.266860362068850554e-01 2.097386794162995130e-02
3.707853128371038642e-01 -9.284809899831170110e-01 2.100721934440012012e-02
3.663089878462856830e-01 -9.302553660509044198e-01 2.103995239768723102e-02
3.618219685404452934e-01 -9.320090294799978636e-01 2.107207369199480193e-02
3.573244993011591708e-01 -9.337418492128698455e-01 2.110358898751954829e-02
3.528168248942021856e-01 -9.354536979917861261e-01 2.113450320081864189e-02
3.482991905855601922e-01 -9.371444522888235928e-01 2.116482039210665356e-02
3.437718422615316793e-01 -9.388139922390027481e-01 2.119454375317726680e-02
3.392350265527580011e-01 -9.404622015766987975e-01 2.122367559594504072e-02
3.346889909620185399e-01 -9.420889675754867687e-01 2.125221734160271866e-02
3.301339839956235478e-01 -9.436941809915695423e-01 2.128016951038983612e-02
3.255702552982340792e-01 -9.452777360109312355e-01 2.130753171196859280e-02
3.209980557909357102e-01 -9.468395302003512759e-01 2.133430263640341204e-02
3.164176378123896294e-01 -9.483794644624067294e-01 2.136048004574082546e-02
3.118292552628812442e-01 -9.498974429945847842e-01 2.138606076618684501e-02
3.072331637510847258e-01 -9.513933732526181908e-01 2.141104068087931050e-02
3.026296207433580854e-01 -9.528671659181515707e-01 2.143541472325323841e-02
2.980188857153818760e-01 -9.543187348708377371e-01 2.145917687099762119e-02
2.934012203059507273e-01 -9.557479971649559536e-01 2.148232014060269535e-02
2.887768884727260343e-01 -9.571548730106378411e-01 2.150483658249719571e-02
2.841461566497546776e-01 -9.585392857597777594e-01 2.152671727677569341e-02
2.795092939065562665e-01 -9.599011618966986070e-01 2.154795232951667652e-02
2.748665721085802871e-01 -9.612404310336355451e-01 2.156853086969267100e-02
2.702182660788306490e-01 -9.625570259110924898e-01 2.158844104667426503e-02
2.655646537604547941e-01 -9.638508824031190025e-01 2.160767002833055908e-02
2.609060163800910326e-01 -9.651219395275481006e-01 2.162620399972920576e-02
2.562426386117665489e-01 -9.663701394612260742e-01 2.164402816243983160e-02
2.515748087411362466e-01 -9.675954275602596244e-01 2.166112673444531289e-02
2.469028188298509341e-01 -9.687977523852956407e-01 2.167748295066600911e-02
2.422269648798410224e-01 -9.699770657318422806e-01 2.169307906410274794e-02
2.375475469973010734e-01 -9.711333226656324591e-01 2.170789634760500811e-02
2.328648695561575110e-01 -9.722664815630197577e-01 2.172191509627137418e-02
2.281792413608014214e-01 -9.733765041563924303e-01 2.173511463049005235e-02
2.234920071511078687e-01 -9.744631606640589139e-01 2.174560847165252914e-02
2.188038282858472128e-01 -9.755263563304351626e-01 2.175346114168017278e-02
2.141153541980411190e-01 -9.765660104362040572e-01 2.175873610239571765e-02
2.094272224275509353e-01 -9.775820559161760848e-01 2.176149572698782980e-02
2.047400586653393417e-01 -9.785744389785573372e-01 2.176180127382566776e-02
2.000544768089716763e-01 -9.795431187262053641e-01 2.175971286256765322e-02
1.953710790289164834e-01 -9.804880667804219962e-01 2.175528945250696303e-02
1.906904558451984755e-01 -9.814092669077996156e-01 2.174858882309496297e-02
1.860131862139530190e-01 -9.823067146506042624e-01 2.173966755658256547e-02
1.813398376234277298e-01 -9.831804169611475519e-01 2.172858102271861547e-02
1.766709661989749880e-01 -9.840303918405688410e-01 2.171538336544359682e-02
1.720071168165782927e-01 -9.848566679824181103e-01 2.170012749151646256e-02
1.673488232244559060e-01 -9.856592844213989402e-01 2.168286506101200356e-02
1.626966081722864554e-01 -9.864382901876036502e-01 2.166364647962598644e-02
1.580509835476039959e-01 -9.871937439665428027e-01 2.164252089272524285e-02
1.534124505189129184e-01 -9.879257137652437404e-01 2.161953618108009012e-02
1.487814996850779503e-01 -9.886342765846660718e-01 2.159473895821662978e-02
1.441586112305491829e-01 -9.893195180986562587e-01 2.156817456932700119e-02
1.395442550859881392e-01 -9.899815323396370381e-01 2.153988709167608401e-02
1.349388910938673913e-01 -9.906204213912049861e-01 2.150991933644387163e-02
1.303429691786237021e-01 -9.912362950877839918e-01 2.147831285194345616e-02
1.257569295209520766e-01 -9.918292707214608761e-01 2.144510792815540121e-02
1.211812027358369764e-01 -9.923994727561086249e-01 2.141034360252025773e-02
1.166162100539251678e-01 -9.929470325488797267e-01 2.137405766693194556e-02
1.120623635058547035e-01 -9.934720880791348963e-01 2.133628667587582697e-02
1.075200661091635507e-01 -9.939747836848505935e-01 2.129706595565648494e-02
1.029897120574116143e-01 -9.944552698065347585e-01 2.125642961466132561e-02
9.847168691116027495e-02 -9.949137027386582011e-01 2.121441055460750874e-02
9.396636779046388388e-02 -9.953502443885974271e-01 2.117104048272086189e-02
8.947412356853849669e-02 -9.957650620430659183e-01 2.112634992479688056e-02
8.499531506628399402e-02 -9.961583281419988944e-01 2.108036823909518673e-02
8.053029524734661715e-02 -9.965302200598410431e-01 2.103312363102022992e-02
7.607940941342032637e-02 -9.968809198941748217e-01 2.098464316854240300e-02
7.164299539949620099e-02 -9.972106142616151692e-01 2.093495279831514982e-02
6.722138376878050714e-02 -9.975194941008846961e-01 2.088407736244502974e-02
6.281489800701323123e-02 -9.978077544829722090e-01 2.083204061587312292e-02
5.842385471592981272e-02 -9.980755944282700964e-01 2.077886524432758994e-02
5.404856380562027274e-02 -9.983232167305745586e-01 2.072457288280854862e-02
4.968932868555057947e-02 -9.985508277878252237e-01 2.066918413456784662e-02
4.534644645402223506e-02 -9.987586374394540334e-01 2.061271859054769270e-02
4.102020808585683104e-02 -9.989468588102043967e-01 2.055519484924341750e-02
3.671089861810298421e-02 -9.991157081602772827e-01 2.049663053695700843e-02
3.241879733357357074e-02 -9.992654047416532626e-01 2.043704232840935775e-02
2.814417794203154244e-02 -9.993961706604355122e-01 2.037644596768043229e-02
2.388730875885283073e-02 -9.995082307450542380e-01 2.031485628944784683e-02
1.964845288100481452e-02 -9.996018124201677679e-01 2.025228724049554091e-02
1.542786836018859853e-02 -9.996771455860927746e-01 2.018875190146544180e-02
1.122580837300302462e-02 -9.997344625035936572e-01 2.012426250882617604e-02
7.042521387997641331e-03 -9.997739976838562193e-01 2.005883047703398842e-02
2.878251329491066449e-03 -9.997959877834713405e-01 1.999246642086214068e-02
-1.266762261959869865e-03 -9.998006715042503378e-01 1.992518017787611728e-02
-5.392284072546139027e-03 -9.997882894976933832e-01 1.985698083103294015e-02
-9.498082861745089922e-03 -9.997590842739312311e-01 1.978787673138394584e-02
-1.358393131250077226e-02 -9.997133001149599574e-01 1.971787552086123885e-02
-1.764960588512714396e-02 -9.996511829919871861e-01 1.964698415512899921e-02
-2.169488667500754295e-02 -9.995729804867096169e-01 1.957520892648163466e-02
-2.571955727415620174e-02 -9.994789417163408851e-01 1.950255548677166245e-02
-2.972340463670032282e-02 -9.993693172622107879e-01 1.942902887035089995e-02
-3.370621894833409488e-02 -9.992443591017553528e-01 1.935463351700937584e-02
-3.766779349978917335e-02 -9.991043205437213359e-01 1.927937329489705712e-02
-4.160792456435955661e-02 -9.989494561664078454e-01 1.920325152341412905e-02
-4.552641127951234656e-02 -9.987800217587704532e-01 1.912627099605624867e-02
-4.942305553260968598e-02 -9.985962742642147116e-01 1.904843400320179597e-02
-5.329766185076123541e-02 -9.983984717269082099e-01 1.896974235482866769e-02
-5.715003729482078659e-02 -9.981868732404424183e-01 1.889019740314874796e-02
-6.097999135753504052e-02 -9.979617388986772308e-01 1.880980006514864147e-02
-6.478733586584729809e-02 -9.977233297486058916e-01 1.872855084502575776e-02
-6.857188488735362075e-02 -9.974719077450774352e-01 1.864644985650927914e-02
-7.233345464090415455e-02 -9.972077357072202108e-01 1.856349684505587475e-02
-7.607186341133750918e-02 -9.969310772764097273e-01 1.847969120991052594e-02
-7.978693146833158722e-02 -9.966421968756301597e-01 1.839503202602302961e-02
-8.347848098934981809e-02 -9.963413596700800845e-01 1.830951806581121097e-02
-8.714633598665778857e-02 -9.960288315288770011e-01 1.822314782076205064e-02
-9.079032223838089111e-02 -9.957048789877191997e-01 1.813591952286226772e-02
-9.441026722357019618e-02 -9.953697692123664176e-01 1.804783116585014294e-02
-9.800600006123973140e-02 -9.950237699628053933e-01 1.795888052628055037e-02
-1.015773514533351712e-01 -9.946671495579680888e-01 1.786906518439540514e-02
-1.051241536315903197e-01 -9.943001768408775698e-01 1.777838254479191180e-02
-1.086462403082248257e-01 -9.939231211440969771e-01 1.768682985688112969e-02
-1.121434466304333383e-01 -9.935362522553634612e-01 1.759440423512954876e-02
-1.156156091386136703e-01 -9.931398403832919497e-01 1.750110267907650438e-02
-1.190625657282785577e-01 -9.927341561230381695e-01 1.740692209312031877e-02
-1.224841556155931294e-01 -9.923194704218135653e-01 1.731185930606623721e-02
-1.258802193064778030e-01 -9.918960545441509735e-01 1.721591109042922008e-02
-1.292505985692138926e-01 -9.914641800368224622e-01 1.711907418148482865e-02
-1.325951364104870078e-01 -9.910241186933147484e-01 1.702134529606140131e-02
-1.359136770548014239e-01 -9.905761425177743718e-01 1.692272115106687597e-02
-1.392060659271965317e-01 -9.901205236883368066e-01 1.682319848174357660e-02
-1.424721496391946340e-01 -9.896575345197583529e-01 1.672277405964436858e-02
-1.457117759779077149e-01 -9.891874474252764227e-01 1.662144471032361501e-02
-1.489247938982293518e-01 -9.887105348776251690e-01 1.651920733073639416e-02
-1.521110535180360823e-01 -9.882270693691395103e-01 1.641605890633945214e-02
-1.552704061163217575e-01 -9.877373233708860445e-01 1.631199652788742002e-02
-1.584027041341866116e-01 -9.872415692907614559e-01 1.620701740791782169e-02
-1.615078011786020284e-01 -9.867400794305055678e-01 1.610111889691841908e-02
-1.645855520288706519e-01 -9.862331259415805240e-01 1.599429849917049715e-02
-1.676358126457009601e-01 -9.857209807798704704e-01 1.588655388826168066e-02
-1.706584401828139530e-01 -9.852039156591627656e-01 1.577788292226191616e-02
-1.736532930009996867e-01 -9.846822020033755285e-01 1.566828365855629443e-02
-1.766202306845399694e-01 -9.841561108974998806e-01 1.555775436832839732e-02
-1.795591140599135382e-01 -9.836259130372309034e-01 1.544629355068792911e-02
-1.824698052166993101e-01 -9.830918786772659956e-01 1.533389994643640994e-02
-1.853521675305931093e-01 -9.825542775782526439e-01 1.522057255146476266e-02
-1.882060656884527727e-01 -9.820133789523727286e-01 1.510631062977671121e-02
-1.910313657152866995e-01 -9.814694514075555931e-01 1.499111372613194139e-02
-1.938279350031004988e-01 -9.809227628903145479e-01 1.487498167830307930e-02
-1.965956423415165244e-01 -9.803735806272084741e-01 1.475791462894062052e-02
-1.993343579500811147e-01 -9.798221710649317462e-01 1.463991303704001781e-02
-2.020439535121747732e-01 -9.792687998090420232e-01 1.452097768900528947e-02
-2.047243022104401067e-01 -9.787137315613392285e-01 1.440110970930356601e-02
-2.073752787636435058e-01 -9.781572300559113753e-01 1.428031057070516807e-02
-2.099967594648862734e-01 -9.775995579938705493e-01 1.415858210410393496e-02
-2.125886222210816301e-01 -9.770409769768024777e-01 1.403592650791265529e-02
-2.151507465936146057e-01 -9.764817474389601015e-01 1.391234635702864007e-02
-2.176830138401023018e-01 -9.759221285782335720e-01 1.378784461136463475e-02
-2.201853069571727828e-01 -9.753623782859338620e-01 1.366242462394047161e-02
-2.226575107241816343e-01 -9.748027530754307390e-01 1.353609014853104225e-02
-2.250995117477857244e-01 -9.742435080096890632e-01 1.340884534686640622e-02
-2.275111985072950649e-01 -9.736848966277512618e-01 1.328069479538005609e-02
-2.298924614007241685e-01 -9.731271708702177170e-01 1.315164349150162344e-02
-2.322431927914655470e-01 -9.725705810037786891e-01 1.302169685949053357e-02
-2.345632870555088567e-01 -9.720153755448568411e-01 1.289086075580739461e-02
-2.368526406291304176e-01 -9.714618011824204258e-01 1.275914147402019104e-02
-2.391111520569789428e-01 -9.709101027000311968e-01 1.262654574924262398e-02
-2.413387220404843436e-01 -9.703605228971947660e-01 1.249308076210225472e-02
-2.435352534865182494e-01 -9.698133025100817983e-01 1.235875414223641146e-02
-2.457006515562352722e-01 -9.692686801316937606e-01 1.222357397131415210e-02
-2.478348237140262644e-01 -9.687268921315469461e-01 1.208754878558290086e-02
-2.499376797765155978e-01 -9.681881725749525991e-01 1.195068757793874177e-02
-2.520091319615362924e-01 -9.676527531419724104e-01 1.181299979951968247e-02
-2.540490949370176610e-01 -9.671208630461310962e-01 1.167449536082159657e-02
-2.560574858697223788e-01 -9.665927289529701039e-01 1.153518463233690547e-02
-2.580342244737708901e-01 -9.660685748985265997e-01 1.139507844471646276e-02
-2.599792330588923117e-01 -9.655486222078257796e-01 1.125418808845549644e-02
-2.618924365783435459e-01 -9.650330894134753201e-01 1.111252531310484050e-02
-2.637737626764384835e-01 -9.645221921744508986e-01 1.097010232600914743e-02
-2.656231417356318958e-01 -9.640161431951645987e-01 1.082693179057413017e-02
-2.674405069231039489e-01 -9.635151521449084600e-01 1.068302682406534893e-02
-2.692257942367918822e-01 -9.630194255777656531e-01 1.053840099494145720e-02
-2.709789425508190019e-01 -9.625291668530834288e-01 1.039306831972526025e-02
-2.726998936602703649e-01 -9.620445760566026516e-01 1.024704325941637635e-02
-2.743885923252682990e-01 -9.615658499223372901e-01 1.010034071544973003e-02
-2.760449863143007998e-01 -9.610931817553001189e-01 9.952976025204529967e-03
-2.776690264467588376e-01 -9.606267613551691120e-01 9.804964957068838458e-03
-2.792606666346392763e-01 -9.601667749409888986e-01 9.656323705065287047e-03
-2.808198639233719929e-01 -9.597134050770024238e-01 9.507068883043905821e-03
-2.823465785317316179e-01 -9.592668305997071876e-01 9.357217518448496946e-03
-2.838407738907954281e-01 -9.588272265462285393e-01 9.206787045663413285e-03
-2.853024166819112528e-01 -9.583947640841035120e-01 9.055795298948031424e-03
-2.867314768736397568e-01 -9.579696104425668990e-01 8.904260504966645534e-03
-2.881289193564948725e-01 -9.575516078110902773e-01 8.754680206927534930e-03
-2.894952228158977903e-01 -9.571407598873549194e-01 8.607086941392925322e-03
-2.908308701781491812e-01 -9.567370631347225096e-01 8.461512410540264137e-03
-2.921363484446596881e-01 -9.563405069419852467e-01 8.317987485011727605e-03
-2.934121485290918097e-01 -9.559510737843458505e-01 8.176542207067037313e-03
-2.946587650973709338e-01 -9.555687393854086498e-01 8.037205794049605972e-03
-2.958766964105238317e-01 -9.551934728799671426e-01 7.900006642175098903e-03
-2.970664441703058101e-01 -9.548252369773775339e-01 7.764972330650556608e-03
-2.982285133675792732e-01 -9.544639881253113023e-01 7.632129626131287092e-03
-2.993634121334076137e-01 -9.541096766736844037e-01 7.501504487521801559e-03
-3.004716515928310683e-01 -9.537622470385658247e-01 7.373122071126160700e-03
-3.015537457212927319e-01 -9.534216378658707525e-01 7.247006736152189835e-03
-3.026102112036843095e-01 -9.530877821946499573e-01 7.123182050573128622e-03
-3.036415672959834611e-01 -9.527606076197908669e-01 7.001670797349405020e-03
-3.046483356894559846e-01 -9.524400364539495900e-01 6.882494981012360173e-03
-3.056310403773979667e-01 -9.521259858885398053e-01 6.765675834610913875e-03
-3.065902075243948088e-01 -9.518183681536076524e-01 6.651233827021337149e-03
-3.075263653380751472e-01 -9.515170906764265357e-01 6.539188670619491828e-03
-3.084400439433398478e-01 -9.512220562386524136e-01 6.429559329314115529e-03
-3.093317752590474812e-01 -9.509331631318826972e-01 6.322364026938975812e-03
-3.102020928771391239e-01 -9.506503053114693236e-01 6.217620256000986126e-03
-3.110515319441868320e-01 -9.503733725484388994e-01 6.115344786780649300e-03
-3.118806290453514096e-01 -9.501022505793811357e-01 6.015553676780523856e-03
-3.126899220907363719e-01 -9.498368212541687949e-01 5.918262280516737098e-03
-3.134799502041261676e-01 -9.495769626813795883e-01 5.823485259647944411e-03
-3.142512536140982249e-01 -9.493225493712940111e-01 5.731236593435509730e-03
-3.150043735474984952e-01 -9.490734523763504349e-01 5.641529589528113987e-03
-3.157398521252722801e-01 -9.488295394289413265e-01 5.554376895063439790e-03
-3.164582322606422915e-01 -9.485906750764407924e-01 5.469790508079044530e-03
-3.171600575596270066e-01 -9.483567208133600879e-01 5.387781789224048434e-03
-3.178458722238927670e-01 -9.481275352105295040e-01 5.308361473762777429e-03
-3.185162209559343482e-01 -9.479029740412135974e-01 5.231539683861056653e-03
-3.191716488665786167e-01 -9.476828904040693891e-01 5.157325941145442759e-03
-3.198127013848065525e-01 -9.474671348428633788e-01 5.085729179525276360e-03
-3.204399241698897005e-01 -9.472555554628667718e-01 5.016757758267081230e-03
-3.210538630258367720e-01 -9.470479980438554213e-01 4.950419475310493395e-03
-3.216550638181468469e-01 -9.468443061496429891e-01 4.886721580814592722e-03
-3.222440723928652884e-01 -9.466443212340829305e-01 4.825670790923221667e-03
-3.228214344979388195e-01 -9.464478827434780195e-01 4.767273301737613017e-03
-3.233876957068660962e-01 -9.462548282153420143e-01 4.711534803484418617e-03
-3.239434013446398364e-01 -9.460649933734602834e-01 4.658460494867009034e-03
-3.244890964159761748e-01 -9.458782122192039843e-01 4.608055097587722415e-03
-3.250253255358269699e-01 -9.456943171190533848e-01 4.560322871028591601e-03
-3.255526328621700105e-01 -9.455131388882920263e-01 4.515267627077911190e-03
-3.260715620310715157e-01 -9.453345068708367549e-01 4.472892745089899515e-03
-3.265826560940153223e-01 -9.451582490151734239e-01 4.433201186964596911e-03
-3.270864574574911532e-01 -9.449841919463707329e-01 4.396195512335067911e-03
-3.275835078248351961e-01 -9.448121610341491117e-01 4.361877893848896057e-03
-3.280743481403138873e-01 -9.446419804569856637e-01 4.330250132530934042e-03
-3.285595185354420189e-01 -9.444734732622384055e-01 4.301313673214219799e-03
-3.290383931013257102e-01 -9.443068801815350799e-01 4.272250308808713849e-03
-3.295109572472086912e-01 -9.441422168778533797e-01 4.243062406257386808e-03
-3.299771968443270809e-01 -9.439794987547895921e-01 4.213752365068993561e-03
-3.304370982306536475e-01 -9.438187409522641458e-01 4.184322616766379156e-03
-3.308906482155359319e-01 -9.436599583422951021e-01 4.154775624323264402e-03
-3.313378340842278447e-01 -9.435031655248434790e-01 4.125113881589695906e-03
-3.317786436023124619e-01 -9.433483768237311828e-01 4.095339912706350526e-03
-3.322130650200152968e-01 -9.431956062826345466e-01 4.065456271507900642e-03
-3.326410870764066052e-01 -9.430448676611550285e-01 4.035465540915644973e-03
-3.330626990034910584e-01 -9.428961744309697357e-01 4.005370332319618289e-03
-3.334778905301842289e-01 -9.427495397720626613e-01 3.975173284950401197e-03
-3.338866518861741683e-01 -9.426049765690398541e-01 3.944877065240864206e-03
-3.342889738056670779e-01 -9.424624974075290762e-01 3.914484366178071564e-03
-3.346848475310160165e-01 -9.423221145706675017e-01 3.883997906645593381e-03
-3.350742648162315929e-01 -9.421838400356774557e-01 3.853420430756468885e-03
-3.354572179303733082e-01 -9.420476854705334135e-01 3.822754707177078437e-03
-3.358336996608210501e-01 -9.419136622307211493e-01 3.792003528442180159e-03
-3.362037033164252953e-01 -9.417817813560911411e-01 3.761169710261380063e-03
-3.365672227305353537e-01 -9.416520535678075676e-01 3.730256090817303700e-03
-3.369242522639048776e-01 -9.415244892653946707e-01 3.699265530055749918e-03
-3.372747868074734701e-01 -9.413990985238822606e-01 3.668200908968103410e-03
-3.376188217850237816e-01 -9.412758910910510313e-01 3.637065128866299232e-03
-3.379563531557134848e-01 -9.411548763847802368e-01 3.605861110650627251e-03
-3.382873774164812941e-01 -9.410360634904981758e-01 3.574591794070675326e-03
-3.386118916043261429e-01 -9.409194611587371471e-01 3.543260136979710893e-03
-3.389298932984594059e-01 -9.408050778027944316e-01 3.511869114582811917e-03
-3.392413806223291139e-01 -9.406929214964998565e-01 3.480421718679049033e-03
-3.395463522455158811e-01 -9.405829999720918266e-01 3.448920956898040690e-03
-3.398448073854998808e-01 -9.404753206182019376e-01 3.417369851931196557e-03
-3.401367458092988683e-01 -9.403698904779506096e-01 3.385771440757966676e-03
-3.404221678349760860e-01 -9.402667162471533002e-01 3.354128773867428529e-03
-3.407010743330186608e-01 -9.401658042726388498e-01 3.322444914475533844e-03
-3.409734667275852171e-01 -9.400671605506810691e-01 3.290722937738347741e-03
-3.412393469976230942e-01 -9.399707907255436812e-01 3.258965929961614178e-03
-3.414987176778549460e-01 -9.398767000881398381e-01 3.227176987806983782e-03
-3.417515818596341126e-01 -9.397848935748065458e-01 3.195359217495239747e-03
-3.419979431916689294e-01 -9.396953757661952178e-01 3.163515734006864828e-03
-3.422378058806161971e-01 -9.396081508862776932e-01 3.131649660280288149e-03
-3.424711746915430899e-01 -9.395232228014692710e-01 3.099764126408158325e-03
-3.426980549482581129e-01 -9.394405950198689847e-01 3.067862268831983777e-03
-3.429184525335108313e-01 -9.393602706906165611e-01 3.035947229535487617e-03
-3.431323738890608155e-01 -9.392822526033678399e-01 3.004022155237024479e-03
-3.433398260156155790e-01 -9.392065431878869886e-01 2.972090196581402780e-03
-3.435408164726378999e-01 -9.391331445137576228e-01 2.940154507331461508e-03
-3.437353533780228010e-01 -9.390620582902110547e-01 2.908218243559749366e-03
-3.439234454076444680e-01 -9.389932858660731130e-01 2.876284562840651475e-03
-3.441051017947733826e-01 -9.389268282298286472e-01 2.844356623443309272e-03
-3.442803323293640583e-01 -9.388626860098034932e-01 2.812437583525683165e-03
-3.444491473572138807e-01 -9.388008594744645663e-01 2.780530600330099241e-03
-3.446115577789935491e-01 -9.387413485328365281e-01 2.748638829380623070e-03
-3.447675750491494551e-01 -9.386841527350360259e-01 2.716765423682607986e-03
-3.449172111746786618e-01 -9.386292712729221721e-01 2.684913532924751781e-03
-3.450604787137774299e-01 -9.385767029808628203e-01 2.653086302684006578e-03
-3.451973907743630665e-01 -9.385264463366170817e-01 2.621286873633673232e-03
-3.453279610124708743e-01 -9.384784994623319720e-01 2.589518380755019816e-03
-3.454522036305262001e-01 -9.384328601256536340e-01 2.557783952552751192e-03
-3.455701333754924720e-01 -9.383895257409524682e-01 2.526086710274663607e-03
-3.456817655368963904e-01 -9.383484933706605080e-01 2.494429767135803930e-03
-3.457871159447306053e-01 -9.383097597267209267e-01 2.462816227547464428e-03
-3.458862009672354354e-01 -9.382733211721485667e-01 2.431249186351325340e-03
-3.459790375085599612e-01 -9.382391737227002704e-01 2.399731728059063991e-03
-3.460656430063037137e-01 -9.382073130486549006e-01 2.368266926097741410e-03
-3.461460354289402908e-01 -9.381777344767004978e-01 2.336857842061278688e-03
-3.462202332731234011e-01 -9.381504329919286844e-01 2.305507524968317991e-03
-3.462882555608768897e-01 -9.381254032399343190e-01 2.274219010526776132e-03
-3.463501218366696333e-01 -9.381026395290201769e-01 2.242995320405377808e-03
-3.464058521643766930e-01 -9.380821358325038828e-01 2.211839461512465563e-03
-3.464554671241277251e-01 -9.380638857911270945e-01 2.180754425282363605e-03
-3.464989878090440900e-01 -9.380478827155646071e-01 2.149743186969579542e-03
-3.465364358218659402e-01 -9.380341195890326000e-01 2.118808704951118550e-03
-3.465678332714703380e-01 -9.380225890699938063e-01 2.087953920037174949e-03
-3.465932027692821271e-01 -9.380132834949587162e-01 2.057181754790466180e-03
-3.466125674255789435e-01 -9.380061948813810391e-01 2.026495112854467210e-03
-3.466259508456913108e-01 -9.380013149306453135e-01 1.995896878290794301e-03
-3.466333771260999286e-01 -9.379986350311455556e-01 1.965389914925983177e-03
-3.466348708504312093e-01 -9.379981462614528365e-01 1.934977065707902929e-03
-3.466304570853526723e-01 -9.379998393935705669e-01 1.904661152072032251e-03
-3.466201613763700284e-01 -9.380037048962744928e-01 1.874444973317831564e-03
-3.466040097435270084e-01 -9.380097329385372884e-01 1.844331305995420243e-03
-3.465820286770102121e-01 -9.380179133930339752e-01 1.814322903302782123e-03
-3.465542451326598106e-01 -9.380282358397276088e-01 1.784422494493693306e-03
-3.465206865273886550e-01 -9.380406895695331260e-01 1.754632784296580265e-03
-3.464813807345108465e-01 -9.380552635880563539e-01 1.724956452344492738e-03
-3.464363560789815999e-01 -9.380719466194071821e-01 1.695396152616379876e-03
-3.463856413325505090e-01 -9.380907271100848988e-01 1.665954512889843099e-03
-3.463292657088293813e-01 -9.381115932329324725e-01 1.636634134205537834e-03
-3.462672588582770827e-01 -9.381345328911591119e-01 1.607437590343384392e-03
-3.461996508631026703e-01 -9.381595337224279962e-01 1.578367427310744522e-03
-3.461264722320890330e-01 -9.381865831030073988e-01 1.549426162842708083e-03
-3.460477538953384835e-01 -9.382156681519829844e-01 1.520616285914631839e-03
-3.459635271989427441e-01 -9.382467757355289484e-01 1.491940256267062451e-03
-3.458738238995786585e-01 -9.382798924712362210e-01 1.463400503943164876e-03
-3.457786761590318503e-01 -9.383150047324946286e-01 1.434999428838776942e-03
-3.456781165386501598e-01 -9.383520986529280128e-01 1.406739400265196588e-03
-3.455721779937290239e-01 -9.383911601308791983e-01 1.378622756524803010e-03
-3.454608938678302432e-01 -9.384321748339423674e-01 1.350651804499607145e-03
-3.453442978870366886e-01 -9.384751282035413977e-01 1.322828819252815395e-03
-3.452224241541445582e-01 -9.385200054595512764e-01 1.295156043643486176e-03
-3.450953071427953489e-01 -9.385667916049601489e-01 1.267635687954347381e-03
-3.449629816915494307e-01 -9.386154714305707802e-01 1.240269929532841764e-03
-3.448254829979034985e-01 -9.386660295197376547e-01 1.213060912445450322e-03
-3.446828466122535128e-01 -9.387184502531384922e-01 1.186010747145345521e-03
-3.445351084318055701e-01 -9.387727178135771844e-01 1.159121510153410337e-03
-3.443823046944364807e-01 -9.388288161908169283e-01 1.132395243752659349e-03
-3.442244719725063296e-01 -9.388867291864396725e-01 1.105833955696082895e-03
-3.440616471666248510e-01 -9.389464404187313207e-01 1.079439618927933824e-03
-3.438938674993737843e-01 -9.390079333275888063e-01 1.053214171318467025e-03
-3.437211705089873726e-01 -9.390711911794480393e-01 1.027159515412131956e-03
-3.435435940429927837e-01 -9.391361970722296171e-01 1.001277518189216433e-03
-3.433611762518129495e-01 -9.392029339403008548e-01 9.755700108409267202e-04
-3.431739555823334897e-01 -9.392713845594506950e-01 9.500387885578875534e-04
-3.429819707714360510e-01 -9.393415315518767184e-01 9.246856103320336790e-04
-3.427852608395000056e-01 -9.394133573911809254e-01 8.995121987718626743e-04
-3.425838650838745059e-01 -9.394868444073727343e-01 8.745202399310044762e-04
-3.423778230723233396e-01 -9.395619747918763087e-01 8.497113831500669682e-04
-3.421671746364441380e-01 -9.396387306025412167e-01 8.250872409116980985e-04
-3.419519598650642145e-01 -9.397170937686532000e-01 8.006493887088104305e-04
-3.417322190976154195e-01 -9.397970460959430561e-01 7.763993649258960246e-04
-3.415079929174892892e-01 -9.398785692715926343e-01 7.523386707333635636e-04
-3.412793221453753190e-01 -9.399616448692341697e-01 7.284687699948168412e-04
-3.410462478325839708e-01 -9.400462543539424010e-01 7.047910891871889605e-04
-3.408088112543563586e-01 -9.401323790872165853e-01 6.813070173336426873e-04
-3.405670539031630528e-01 -9.402200003319507449e-01 6.580179059491385145e-04
-3.403210174819934486e-01 -9.403090992573899243e-01 6.349250689985700379e-04
-3.400707438976383057e-01 -9.403996569440712383e-01 6.120297828673562732e-04
-3.398162752539667375e-01 -9.404916543887466007e-01 5.893332863443781575e-04
-3.395576538452001469e-01 -9.405850725092863573e-01 5.668367806171411638e-04
-3.392949221491851075e-01 -9.406798921495614918e-01 5.445414292790393476e-04
-3.390281228206665221e-01 -9.407760940843026276e-01 5.224483583485907195e-04
-3.387572986845636125e-01 -9.408736590239339392e-01 5.005586563005117806e-04
-3.384824927292504060e-01 -9.409725676193805288e-01 4.788733741084914668e-04
-3.382037480998424939e-01 -9.410728004668472702e-01 4.573935252995218201e-04
-3.379211080914921173e-01 -9.411743381125677876e-01 4.361200860196375040e-04
-3.376346161426933001e-01 -9.412771610575211279e-01 4.150539951109113957e-04
-3.373443158285991395e-01 -9.413812497621161235e-01 3.941961541995527354e-04
-3.370502508543525289e-01 -9.414865846508394531e-01 3.735474277949444406e-04
-3.367524650484325366e-01 -9.415931461168688399e-01 3.531086433994582038e-04
-3.364510023560183249e-01 -9.417009145266468373e-01 3.328805916288801346e-04
-3.361459068323717769e-01 -9.418098702244163123e-01 3.128640263432736369e-04
-3.358372226362413837e-01 -9.419199935367146281e-01 2.930596647881075116e-04
-3.355249940232880590e-01 -9.420312647768258607e-01 2.734681877454714772e-04
-3.352092653395357114e-01 -9.421436642491894942e-01 2.540902396951978280e-04
-3.348900810148472962e-01 -9.422571722537642636e-01 2.349264289857069495e-04
-3.345674855564286232e-01 -9.423717690903457012e-01 2.159773280143899375e-04
-3.342415235423609188e-01 -9.424874350628372754e-01 1.972434734173396408e-04
-3.339122396151644745e-01 -9.426041504834719031e-01 1.787253662682412078e-04
-3.335796784753943256e-01 -9.427218956769850555e-01 1.604234722862259480e-04
-3.332438848752696248e-01 -9.428406509847364614e-01 1.423382220524950894e-04
