1.000000000000000000e+00 0.000000000000000000e+00 0.000000000000000000e+00
9.999999999560770236e-01 -3.868786319788365907e-06 8.536915792687457932e-06
9.999999995835130440e-01 -1.337317101998816148e-05 2.557605517219189555e-05
9.999999982374008223e-01 -3.027206086236519395e-05 5.107649017886141916e-05
9.999999948025654062e-01 -5.631516878576526349e-05 8.499110057102703792e-05
9.999999875546086159e-01 -9.324173487166992889e-05 1.272666217690606198e-04
9.999999739928787656e-01 -1.427792576967635554e-04 1.778436972171044289e-04
9.999999506462841081e-01 -2.066422369504508963e-04 2.366569351034770920e-04
9.999999128529810655e-01 -2.865309281738496919e-04 3.036349693766322421e-04
9.999998545150751150e-01 -3.841301104535874622e-04 3.787005249896849063e-04
9.999997678295756698e-01 -5.011078678789572700e-04 4.617704873029551682e-04
9.999996429969472134e-01 -6.391143855448457034e-04 5.527559755707210382e-04
9.999994679086910976e-01 -7.997807608555699979e-04 6.515624204354475858e-04
9.999992278154823389e-01 -9.847178308565894458e-04 7.580896453501771454e-04
9.999989049774693495e-01 -1.195515016292234998e-03 8.722319518475353658e-04
9.999984782984221443e-01 -1.433739183058397280e-03 9.938782085719410908e-04
9.999979229454870611e-01 -1.700933521689774889e-03 1.122911943990107094e-03
9.999972099563715355e-01 -1.998616445492088466e-03 1.259211442693781687e-03
9.999963058358423140e-01 -2.328280507900869212e-03 1.402649845207906872e-03
9.999951721434737761e-01 -2.691391339620290233e-03 1.553095251216953920e-03
9.999937650746300033e-01 -3.089386606068292730e-03 1.710410826122122198e-03
9.999920350367028643e-01 -3.523674985628203696e-03 1.874454910842351420e-03
9.999899262226641383e-01 -3.995635169182385968e-03 2.045081134772671564e-03
9.999873761840133435e-01 -4.506614881380445990e-03 2.222138531814286857e-03
9.999843154052231453e-01 -5.057929924073339620e-03 2.405471659391937057e-03
9.999806668817984301e-01 -5.650863242325574430e-03 2.594920720375467303e-03
9.999763457040669046e-01 -6.286664013400772646e-03 2.790321687824144983e-03
9.999712586488205268e-01 -6.966546759101295387e-03 2.991506432474064052e-03
9.999653037809174139e-01 -7.691690481830575597e-03 3.198302852890919003e-03
9.999583700669366637e-01 -8.463237824737353254e-03 3.410535008212496784e-03
9.999503370029587668e-01 -9.282294256294265286e-03 3.628023253407385972e-03
9.999410742585121969e-01 -1.014992727965925365e-02 3.850584376978591350e-03
9.999304413386910229e-01 -1.106716566716705284e-02 4.078031741042926865e-03
9.999182872664063026e-01 -1.203499872029961150e-02 4.310175423719226663e-03
9.999044502866831774e-01 -1.305437555548867937e-02 4.546822363760475577e-03
9.998887575948590678e-01 -1.412620441611086436e-02 4.787776507366927649e-03
9.998710250904767616e-01 -1.525135201104515711e-02 5.032838957119075383e-03
9.998510571585963458e-01 -1.643064288017519192e-02 5.281808122970926660e-03
9.998286464801748874e-01 -1.766485878723306896e-02 5.534479875245400596e-03
9.998035738730820521e-01 -1.895473814039843469e-02 5.790647699574743949e-03
9.997756081652334759e-01 -2.030097544108528523e-02 6.050102853729630303e-03
9.997445061012301126e-01 -2.170422076136960254e-02 6.312634526281017157e-03
9.997100122837951908e-01 -2.316507925053306119e-02 6.578029997038888944e-03
9.996718591511979390e-01 -2.468411067122144170e-02 6.846074799211634108e-03
9.996297669917438844e-01 -2.626182896574074874e-02 7.116552883229003770e-03
9.995834439963009466e-01 -2.789870185303901587e-02 7.389246782170333198e-03
9.995325863497130925e-01 -2.959515045694709884e-02 7.663937778737964744e-03
9.994768783618328545e-01 -3.135154896627694726e-02 7.940406073713573987e-03
9.994159926387786719e-01 -3.316822432740075544e-02 8.218430955832356499e-03
9.993495902948958953e-01 -3.504545596995829043e-02 8.497790973006775703e-03
9.992773212057691756e-01 -3.698347556636254890e-02 8.778264104827782771e-03
9.991988243024982896e-01 -3.898246682579514094e-02 9.059627936267144327e-03
9.991137279073158961e-01 -4.104256532340189167e-02 9.341659832499687663e-03
9.990216501104836055e-01 -4.316385836541603710e-02 9.624137114758983189e-03
9.989221991882657470e-01 -4.534638489095030311e-02 9.906837237134173343e-03
9.988149740616367733e-01 -4.759013541120998142e-02 1.018953796420941221e-02
9.986995647952362498e-01 -4.989505198688622134e-02 1.047201754944067018e-02
9.985755531359427062e-01 -5.226102824449207346e-02 1.075405491415756115e-02
9.984425130902954137e-01 -5.468790943240255803e-02 1.103542982707033868e-02
9.983000115398491525e-01 -5.717549251735438293e-02 1.131592308415441984e-02
9.981476088934078117e-01 -5.972352632215006257e-02 1.159531668877664297e-02
9.979848597749413353e-01 -6.233171170529513971e-02 1.187339403191912945e-02
9.978113137458536341e-01 -6.499970178327567349e-02 1.214994007234805086e-02
9.976265160601324178e-01 -6.772710219615564464e-02 1.242474151656592501e-02
9.974300084507813358e-01 -7.051347141714067734e-02 1.269758699837727524e-02
9.972213299458041469e-01 -7.335832110671490491e-02 1.296826725788872287e-02
9.970000177118873985e-01 -7.626111651191200269e-02 1.323657531975584375e-02
9.967656079238068623e-01 -7.922127691122943238e-02 1.350230667048049095e-02
9.965176366574680644e-01 -8.223817610563610714e-02 1.376525943455386529e-02
9.962556408043827805e-01 -8.531114295605929376e-02 1.402523454923246260e-02
9.959791590052791133e-01 -8.843946196766483414e-02 1.428203593772613481e-02
9.956877326004464068e-01 -9.162237392116773238e-02 1.453547068057012455e-02
9.953809065943277634e-01 -9.485907655132648497e-02 1.478534918494591940e-02
9.950582306317902193e-01 -9.814872527268521385e-02 1.503148535170937584e-02
9.947192599834295823e-01 -1.014904339525326687e-01 1.527369673987875875e-02
9.943635565372023200e-01 -1.048832757309469121e-01 1.551180472833019880e-02
9.939906897936203745e-01 -1.083262838876892231e-01 1.574563467444374185e-02
9.936002378616984876e-01 -1.118184527556009278e-01 1.597501606943954947e-02
9.931917884528069784e-01 -1.153587386800428716e-01 1.619978269014118663e-02
9.927649398695552740e-01 -1.189460610237995930e-01 1.641977274690110955e-02
9.923193019868162823e-01 -1.225793032167496605e-01 1.663482902742271716e-02
9.918544972219941469e-01 -1.262573138494799407e-01 1.684479903621357438e-02
9.913701614916443638e-01 -1.299789078098967376e-01 1.704953512940567822e-02
9.908659451515696714e-01 -1.337428674617595625e-01 1.724889464468106273e-02
9.903415139175413273e-01 -1.375479438639361784e-01 1.744274002604454324e-02
9.897965497638349097e-01 -1.413928580290503001e-01 1.763093894319006302e-02
9.892307517968155217e-01 -1.452763022200661558e-01 1.781336440521288575e-02
9.886438371008691162e-01 -1.491969412832289399e-01 1.798989486842690957e-02
9.880355415540447162e-01 -1.531534140156571300e-01 1.816041433805444180e-02
9.874056206108541289e-01 -1.571443345657616286e-01 1.832481246356509538e-02
9.867538500497663456e-01 -1.611682938645500607e-01 1.848298462745085260e-02
9.860800266830346272e-01 -1.652238610857616197e-01 1.863483202723586335e-02
9.853839690266039675e-01 -1.693095851326698043e-01 1.878026175053211858e-02
9.846655179279680814e-01 -1.734239961492886339e-01 1.891918684296578154e-02
9.839245371499709680e-01 -1.775656070536209830e-01 1.905152636881350670e-02
9.831609139086867621e-01 -1.817329150904994084e-01 1.917720546420363659e-02
9.823745593636543649e-01 -1.859244034014870262e-01 1.929615538275354300e-02
9.815654090588946667e-01 -1.901385426092333242e-01 1.940831353353154876e-02
9.807334233132954937e-01 -1.943737924136133000e-01 1.951362351124977940e-02
9.798785875591128347e-01 -1.986286031969229093e-01 1.961203511861283125e-02
9.790009126275036611e-01 -2.029014176353561849e-01 1.970350438076622426e-02
9.781004349801786235e-01 -2.071906723139523565e-01 1.978799355180816885e-02
9.771772168864368835e-01 -2.114947993421737171e-01 1.986547111334814250e-02
9.762313465450243033e-01 -2.158122279672582688e-01 1.993591176511589139e-02
9.752629381504338557e-01 -2.201413861824839113e-01 1.999929640764494185e-02
9.742721319034494121e-01 -2.244807023274854596e-01 2.005561211707508271e-02
9.732590939659109264e-01 -2.288286066777792671e-01 2.010485211213874565e-02
9.722240163598621088e-01 -2.331835330206759593e-01 2.014701571341648637e-02
9.711671168114152097e-01 -2.375439202147963946e-01 2.018210829496685024e-02
9.700886385398457268e-01 -2.419082137304520153e-01 2.021014122845560604e-02
9.689888499925994880e-01 -2.462748671682062351e-01 2.023113181992868340e-02
9.678680445270629873e-01 -2.506423437529989307e-01 2.024510323939188866e-02
9.667265400401101605e-01 -2.550091178012913740e-01 2.025208444337867411e-02
9.655646785465968884e-01 -2.593736761587725481e-01 2.025211009070469748e-02
9.643828257081238364e-01 -2.637345196062605979e-01 2.024522045162456194e-02
9.631813703135342353e-01 -2.680901642315345890e-01 2.023146131062201342e-02
9.619607237127487664e-01 -2.724391427649388575e-01 2.021088386307969345e-02
9.607213192056691664e-01 -2.767800058767192484e-01 2.018354460608847573e-02
9.594636113880017358e-01 -2.811113234341715561e-01 2.014950522366923055e-02
9.581880754559642943e-01 -2.854316857168103794e-01 2.010883246669159866e-02
9.568952064719425943e-01 -2.897397045878995492e-01 2.006159802778492013e-02
9.555855185932534690e-01 -2.940340146208224592e-01 2.000787841154580762e-02
9.542595442662568095e-01 -2.983132741789120690e-01 1.994775480035508933e-02
9.529178333881302976e-01 -3.025761664475037915e-01 1.988131291612365778e-02
9.515609524386848816e-01 -3.068214004171209153e-01 1.980864287829248171e-02
9.501894835846497189e-01 -3.110477118168508692e-01 1.972983905841643737e-02
9.488040237589006054e-01 -3.152538639971182999e-01 1.964499993166465841e-02
9.474051837171361123e-01 -3.194386487612108083e-01 1.955422792557206385e-02
9.459935870745291853e-01 -3.236008871450607449e-01 1.945762926637728193e-02
9.445698693248943956e-01 -3.277394301449346181e-01 1.935531382328163283e-02
9.431346768449133666e-01 -3.318531593928258916e-01 1.924739495096201153e-02
9.416886658859549009e-01 -3.359409877794904964e-01 1.913398933066759802e-02
9.402325015560105692e-01 -3.400018600252038836e-01 1.901521681022622090e-02
9.387668567942409892e-01 -3.440347531984543350e-01 1.889120024328109354e-02
9.372924113405974866e-01 -3.480386771829194203e-01 1.876206532807248722e-02
9.358098507029394275e-01 -3.520126750931996673e-01 1.862794044607171684e-02
9.343198651240222086e-01 -3.559558236399048559e-01 1.848895650076684202e-02
9.328231485506730536e-01 -3.598672334448063670e-01 1.834524675689059789e-02
9.313203976074106993e-01 -3.637460493068782053e-01 1.819694668037130647e-02
9.298123105766961105e-01 -3.675914504201546196e-01 1.804419377927725388e-02
9.282995863879270892e-01 -3.714026505444302240e-01 1.788712744601387780e-02
9.267829236172104856e-01 -3.751788981299190584e-01 1.772588880102154291e-02
9.252630194998637814e-01 -3.789194763970745172e-01 1.756062053820953150e-02
9.237405689575065582e-01 -3.826237033728480119e-01 1.739146677234928995e-02
9.222162636415146553e-01 -3.862909318847357332e-01 1.721857288863705773e-02
9.206907909945135637e-01 -3.899205495140248279e-01 1.704208539462277391e-02
9.191648333314921260e-01 -3.935119785097064282e-01 1.686215177468863499e-02
9.176390669420179114e-01 -3.970646756645714315e-01 1.667892034724710246e-02
9.161141612149370506e-01 -4.005781321550463403e-01 1.649254012481438797e-02
9.145907777868390598e-01 -4.040518733463604462e-01 1.630316067710170513e-02
9.130695697154671553e-01 -4.074854585646636718e-01 1.611093199725280312e-02
9.115511806791520844e-01 -4.108784808377339837e-01 1.591600437134270754e-02
9.100362442032469135e-01 -4.142305666059281632e-01 1.571852825123898345e-02
9.085253829144401827e-01 -4.175413754050369963e-01 1.551865413091361133e-02
9.070192078237252487e-01 -4.208105995227068297e-01 1.531653242628042491e-02
9.055183176387068267e-01 -4.240379636300862787e-01 1.511231335862028499e-02
9.040232981058295980e-01 -4.272232243903449911e-01 1.490614684164370124e-02
9.025347213830194892e-01 -4.303661700456977157e-01 1.469818237222852292e-02
9.010531454431395249e-01 -4.334666199845449430e-01 1.448856892485861358e-02
8.995791135085701162e-01 -4.365244242903168481e-01 1.427745484977817336e-02
8.981131535171414937e-01 -4.395394632735777352e-01 1.406498777486557723e-02
8.966557776195610563e-01 -4.425116469889135429e-01 1.385131451122028658e-02
8.952074817084001435e-01 -4.454409147380885559e-01 1.363658096244658481e-02
8.937687449786286820e-01 -4.483272345609152221e-01 1.342093203760860373e-02
8.923400295196134424e-01 -4.511706027152379006e-01 1.320451156782238671e-02
8.909217799384272496e-01 -4.539710431473836794e-01 1.298746222644251228e-02
8.895144230142502106e-01 -4.567286069543843308e-01 1.276992545279319151e-02
8.881183673835836290e-01 -4.594433718392218480e-01 1.255204137938666260e-02
8.867340032559390961e-01 -4.621154415602967136e-01 1.233394876256520278e-02
8.853617021596100756e-01 -4.647449453762628191e-01 1.211578491649712222e-02
8.840018167170844432e-01 -4.673320374873168315e-01 1.189768565045171318e-02
8.826546804496084864e-01 -4.698768964739731269e-01 1.167978520927330510e-02
8.813206076103702324e-01 -4.723797247342968464e-01 1.146221621697024635e-02
8.799998930457302304e-01 -4.748407479205097870e-01 1.124510962333094381e-02
8.786928120838921608e-01 -4.772602143758254423e-01 1.102859465347577964e-02
8.773996204503723417e-01 -4.796383945723109998e-01 1.081279876025106196e-02
8.761205542095986676e-01 -4.819755805505160362e-01 1.059784757936892835e-02
8.748558297319425359e-01 -4.842720853615498089e-01 1.038386488719536017e-02
8.736056436854653384e-01 -4.865282425122330334e-01 1.017097256108719962e-02
8.723701730516399966e-01 -4.887444054138925797e-01 9.959290542178226777e-03
8.711495751642920338e-01 -4.909209468353141759e-01 9.748936800513934367e-03
8.699439877709894686e-01 -4.930582583603131397e-01 9.540027302434646306e-03
8.687535291160990436e-01 -4.951567498503313680e-01 9.332675980107002847e-03
8.675782980447179771e-01 -4.972168489124177415e-01 9.126994703104572212e-03
8.664183741266826555e-01 -4.992390003729001990e-01 8.923093251939471018e-03
8.652738177998510194e-01 -5.012236657570090514e-01 8.721079293448267059e-03
8.641446705318538424e-01 -5.031713227746665851e-01 8.521058357937162306e-03
8.630309549995084373e-01 -5.050824648126128746e-01 8.323133817993454142e-03
8.619326752850896556e-01 -5.069576004329967578e-01 8.127406868872534898e-03
8.608498170886571543e-01 -5.087972528785197346e-01 7.933976510372187790e-03
8.597823479556412352e-01 -5.106019595841843062e-01 7.742939530108630501e-03
8.587302175188962217e-01 -5.123722716956601309e-01 7.554390488111706672e-03
8.576933577544372245e-01 -5.141087535942499009e-01 7.368421702659676970e-03
8.566716832500859136e-01 -5.158119824284038701e-01 7.185123237277329586e-03
8.556650914862595769e-01 -5.174825476517023182e-01 7.004582888824501495e-03
8.546734631281492911e-01 -5.191210505672000375e-01 6.826886176605618910e-03
8.536966623285439093e-01 -5.207281038779979498e-01 6.652116332434438936e-03
8.527345370405705616e-01 -5.223043312438890862e-01 6.480354291591908407e-03
8.517869193396350180e-01 -5.238503668438996286e-01 6.311678684618756037e-03
8.508536257538588110e-01 -5.253668549445319469e-01 6.146165829888279065e-03
8.499344576023257769e-01 -5.268544494734969108e-01 5.983889726908604538e-03
8.490292013404650007e-01 -5.283138135987085482e-01 5.824922050307560807e-03
8.481376289119133549e-01 -5.297456193123025736e-01 5.669332144457168467e-03
8.472594981062169239e-01 -5.311505470194283207e-01 5.517187018698598011e-03
8.463945529217463681e-01 -5.325292851315556186e-01 5.368551343132282189e-03
8.455425239332188259e-01 -5.338825296640309359e-01 5.223487444941666592e-03
8.447031286632353808e-01 -5.352109838376118978e-01 5.082055305222825566e-03
8.438760719572603319e-01 -5.365153576837066174e-01 4.944312556295868931e-03
8.430610463614861549e-01 -5.377963676530409520e-01 4.810314479477684549e-03
8.422577325030450313e-01 -5.390547362274791254e-01 4.680114003299113562e-03
8.414657994720458056e-01 -5.402911915347226035e-01 4.553761702153109013e-03
8.406849052049325532e-01 -5.415064669656156626e-01 4.431305795363797359e-03
8.399146968686780346e-01 -5.427013007937923073e-01 4.312792146669622816e-03
8.391548112453447450e-01 -5.438764357974017472e-01 4.198264264116896918e-03
8.384048751165615876e-01 -5.450326188826595253e-01 4.087763300363119259e-03
8.376645056474836259e-01 -5.461706007089791592e-01 3.981328053392330611e-03
8.369333107698188057e-01 -5.472911353154474856e-01 3.878994967647553423e-03
8.362108895635240735e-01 -5.483949797484189981e-01 3.780798135588000174e-03
8.354968326367901987e-01 -5.494828936900152394e-01 3.686769299681251933e-03
8.347907225039510326e-01 -5.505556390873284078e-01 3.596937854842960445e-03
8.340921339609729257e-01 -5.516139797821415502e-01 3.511330851338839709e-03
8.334006344581943448e-01 -5.526586811409917033e-01 3.429972998165789922e-03
8.327157844700044942e-01 -5.536905096854179975e-01 3.352886666930892691e-03
8.320371378611657320e-01 -5.547102327222523943e-01 3.280091896248783258e-03
8.313642422495034490e-01 -5.557186179738260456e-01 3.211606396679506613e-03
8.306966393647005065e-01 -5.567164332079825861e-01 3.147445556230398997e-03
8.300338654029527641e-01 -5.577044458678058758e-01 3.087622446446829528e-03
8.293754513772583215e-01 -5.586834227009872533e-01 3.032147829117756883e-03
8.287209234631270904e-01 -5.596541293887766777e-01 2.981030163623029153e-03
8.280698033395168522e-01 -5.606173301744791226e-01 2.934275614950152076e-03
8.274216085248154995e-01 -5.615737874914764616e-01 2.891888062408913117e-03
8.267758527077055941e-01 -5.625242615907739552e-01 2.853869109072730646e-03
8.261320460727633597e-01 -5.634695101680885498e-01 2.820218091975949630e-03
8.254896956206593250e-01 -5.644102879905164016e-01 2.790932093096475716e-03
8.248483054828431582e-01 -5.653473465228330275e-01 2.766005951153182024e-03
8.242073772306098833e-01 -5.662814335535010235e-01 2.745432274247405074e-03
8.235664101784596625e-01 -5.672132928204767222e-01 2.729201453377579512e-03
8.229249016816778672e-01 -5.681436636369260329e-01 2.717301676855664923e-03
8.222823474280760436e-01 -5.690732805169774755e-01 2.709718945653460768e-03
8.216382417238486946e-01 -5.700028728016588442e-01 2.706437089706238436e-03
8.209920777735134623e-01 -5.709331642851792621e-01 2.707437785200282870e-03
8.203433479539170570e-01 -5.718648728417379257e-01 2.712700572870019398e-03
8.196915440823007160e-01 -5.727987100530547160e-01 2.722202877329306814e-03
8.190361576784324082e-01 -5.737353808368351737e-01 2.735920027460306790e-03
8.183766802208243263e-01 -5.746755830763977668e-01 2.753825277882027394e-03
8.177126033970674168e-01 -5.756200072517049238e-01 2.775889831519226872e-03
8.170434193483241403e-01 -5.765693360720547389e-01 2.802082863290837698e-03
8.163686209080330825e-01 -5.775242441107031333e-01 2.832371544935460665e-03
8.156877018348880348e-01 -5.784853974416995781e-01 2.866721070989750129e-03
8.150001570401658180e-01 -5.794534532792301462e-01 2.905094685933707829e-03
8.143054828094840047e-01 -5.804290596197749785e-01 2.947453712515018392e-03
8.136031770190815804e-01 -5.814128548873960245e-01 2.993757581262582873e-03
8.128927393467212381e-01 -5.824054675824825722e-01 3.043963861197364947e-03
8.121736714773207799e-01 -5.834075159342880790e-01 3.098028291746557968e-03
8.114454773034283086e-01 -5.844196075576031379e-01 3.155904815864904456e-03
8.107076631206625583e-01 -5.854423391139145227e-01 3.217545614364780877e-03
8.099597378182449292e-01 -5.864762959774069140e-01 3.282901141454377687e-03
8.092012130647547874e-01 -5.875220519061699065e-01 3.351920161480986989e-03
8.084316034892460312e-01 -5.885801687189763376e-01 3.424549786874061825e-03
8.076504268578643675e-01 -5.896511959780028622e-01 3.500735517280312813e-03
8.068572042461095162e-01 -5.907356706778646993e-01 3.580421279880705281e-03
8.060514602068888923e-01 -5.918341169413399161e-01 3.663549470876790136e-03
8.052327229345104254e-01 -5.929470457221579505e-01 3.750060998131344876e-03
8.044005244247645070e-01 -5.940749545152268496e-01 3.839895324945875182e-03
8.035544006312443921e-01 -5.952183270746735921e-01 3.932990514955053349e-03
8.026938916180546002e-01 -5.963776331400689745e-01 4.029283278115747269e-03
8.018185417090561984e-01 -5.975533281712048783e-01 4.128709017765842121e-03
8.009278996337957368e-01 -5.987458530917894040e-01 4.231201878725656014e-03
8.000215186702623882e-01 -5.999556340424182510e-01 4.336694796412348708e-03
7.990989567846150665e-01 -6.011830821431761729e-01 4.445119546935367635e-03
7.981597767680170818e-01 -6.024285932662156728e-01 4.556406798138644410e-03
7.972035463707133340e-01 -6.036925478186512262e-01 4.670486161552959113e-03
7.962298384334765000e-01 -6.049753105360993199e-01 4.787286245219664858e-03
7.952382310165481138e-01 -6.062772302871853869e-01 4.906734707344761158e-03
7.942283075261894476e-01 -6.075986398893283846e-01 5.028758310740174403e-03
7.931996568389539926e-01 -6.089398559361010044e-01 5.153282978007029010e-03
7.921518734237839032e-01 -6.103011786364537228e-01 5.280233847413697001e-03
7.910845574620273268e-01 -6.116828916660765891e-01 5.409535329419472641e-03
7.899973149654622162e-01 -6.130852620311595391e-01 5.541111163792859957e-03
7.888897578924071174e-01 -6.145085399447973717e-01 5.674884477271686413e-03
7.877615042619878771e-01 -6.159529587162709818e-01 5.810777841710583654e-03
7.866121782666209983e-01 -6.174187346534202314e-01 5.948713332659740470e-03
7.854414103827651594e-01 -6.189060669783074120e-01 6.088612588317365501e-03
7.842488374799811979e-01 -6.204151377563535963e-01 6.230396868796863469e-03
7.830341029283318655e-01 -6.219461118391120813e-01 6.373987115648438971e-03
7.817968567041421180e-01 -6.234991368208253615e-01 6.519304011573631881e-03
7.805367554941303743e-01 -6.250743430088929742e-01 6.666268040270204205e-03
7.792534627979096351e-01 -6.266718434083587974e-01 6.814799546343819868e-03
7.779466490288488023e-01 -6.282917337205058406e-01 6.964818795222089791e-03
7.766159916132726604e-01 -6.299340923556283611e-01 7.116246033005818247e-03
7.752611750879682129e-01 -6.315989804600279367e-01 7.269001546191651564e-03
7.738818911959565172e-01 -6.332864419572623582e-01 7.423005721199843650e-03
7.724778389804766165e-01 -6.349965036036534505e-01 7.578179103640456452e-03
7.710487248771208391e-01 -6.367291750580389431e-01 7.734442457251080975e-03
7.695942628040487454e-01 -6.384844489657319766e-01 7.891716822439031817e-03
7.681141742501994552e-01 -6.402623010566318440e-01 8.049923574360984616e-03
7.666081883614115355e-01 -6.420626902574049222e-01 8.208984480473146411e-03
7.650760420243527538e-01 -6.438855588176365385e-01 8.368821757485345528e-03
7.635174799481522223e-01 -6.457308324498300944e-01 8.529358127652798827e-03
7.619322547436213622e-01 -6.475984204831094493e-01 8.690516874339870163e-03
7.603201269999412260e-01 -6.494882160304590313e-01 8.852221896790777450e-03
7.586808653586895046e-01 -6.514000961693150460e-01 9.014397764043013267e-03
7.570142465850721036e-01 -6.533339221352981729e-01 9.176969767920163321e-03
7.553200556362210660e-01 -6.552895395288609315e-01 9.339863975041860084e-03
7.535980857264145127e-01 -6.572667785345979174e-01 9.503007277789783311e-03
7.518481383890713854e-01 -6.592654541529506806e-01 9.666327444169930602e-03
7.500700235353695566e-01 -6.612853664440171420e-01 9.829753166512812321e-03
7.482635595093343195e-01 -6.633263007831563529e-01 9.993214108954753469e-03
7.464285731392426015e-01 -6.653880281280614151e-01 1.015664095364517995e-02
7.445648997851860296e-01 -6.674703052969543915e-01 1.031996544562652045e-02
7.426723833826378574e-01 -6.695728752575396125e-01 1.048312043633526681e-02
7.407508764818676594e-01 -6.716954674263339031e-01 1.064603992567471867e-02
7.388002402830501358e-01 -6.738377979779783811e-01 1.080865910261205251e-02
7.368203446669162604e-01 -6.759995701641173804e-01 1.097091438425453445e-02
7.348110682207985578e-01 -6.781804746414180629e-01 1.113274345336202030e-02
7.327722982599249590e-01 -6.803801898082894040e-01 1.129408529425524228e-02
7.307039308438215697e-01 -6.825983821498449178e-01 1.145488022708184700e-02
7.286058707876902352e-01 -6.848347065906433828e-01 1.161506994040470940e-02
7.264780316686307859e-01 -6.870888068547277294e-01 1.177459752207965678e-02
7.243203358265875025e-01 -6.893603158324753677e-01 1.193340748839238907e-02
7.221327143599046705e-01 -6.916488559537596892e-01 1.209144581142716952e-02
7.199151071153860881e-01 -6.939540395669173689e-01 1.224865994464259880e-02
7.176674626727602702e-01 -6.962754693230069902e-01 1.240499884663267237e-02
7.153897383234649743e-01 -6.986127385648389643e-01 1.256041300305415012e-02
7.130819000436722233e-01 -7.009654317202496099e-01 1.271485444670421121e-02
7.107439224614876538e-01 -7.033331246990914831e-01 1.286827677573529338e-02
7.083757888182677931e-01 -7.057153852934044957e-01 1.302063516999693756e-02
7.059774909240110752e-01 -7.081117735802346935e-01 1.317188640549746964e-02
7.035490291067898472e-01 -7.105218423265621253e-01 1.332198886698127138e-02
7.010904121562038238e-01 -7.129451373958038962e-01 1.347090255862037553e-02
6.986016572608467756e-01 -7.153811981553559463e-01 1.361858911282205417e-02
6.960827899397917795e-01 -7.178295578846414227e-01 1.376501179715701635e-02
6.935338439681143496e-01 -7.202897441831366265e-01 1.391013551941571412e-02
6.909548612964840908e-01 -7.227612793778491751e-01 1.405392683080312899e-02
6.883458919648706154e-01 -7.252436809297295728e-01 1.419635392728525736e-02
6.857069940104217887e-01 -7.277364618385030459e-01 1.433738664910325263e-02
6.830382333695871333e-01 -7.302391310454168227e-01 1.447699647847396597e-02
6.803396837745705472e-01 -7.327511938334060337e-01 1.461515653549823150e-02
6.776114266442120337e-01 -7.352721522241906227e-01 1.475184157230088541e-02
6.748535509694100210e-01 -7.378015053718274263e-01 1.488702796542901163e-02
6.720661531932091703e-01 -7.403387499522513515e-01 1.502069370653736149e-02
6.692493370856911206e-01 -7.428833805483526787e-01 1.515281839139223478e-02
6.664032136138189344e-01 -7.454348900301500658e-01 1.528338320722742033e-02
6.635279008063971196e-01 -7.479927699296339272e-01 1.541237091848792450e-02
6.606235236143213063e-01 -7.505565108098668503e-01 1.553976585099932708e-02
6.576902137663028780e-01 -7.531256026279458116e-01 1.566555387460255230e-02
6.547281096202659523e-01 -7.556995350914448295e-01 1.578972238429572628e-02
6.517373560106225483e-01 -7.582777980079743463e-01 1.591226027992654127e-02
6.487181040916433217e-01 -7.608598816275103927e-01 1.603315794448016349e-02
6.456705111771496863e-01 -7.634452769771636893e-01 1.615240722100927395e-02
6.425947405767629128e-01 -7.660334761880774890e-01 1.627000138825423353e-02
6.394909614289533417e-01 -7.686239728141616157e-01 1.638593513500261750e-02
6.363593485311400677e-01 -7.712162621423880315e-01 1.650020453323854802e-02
6.332000821670994428e-01 -7.738098414943934689e-01 1.661280701013328684e-02
6.300133479319465213e-01 -7.764042105191525378e-01 1.672374131892944218e-02
6.267993365549585638e-01 -7.789988714765067046e-01 1.683300750877195912e-02
6.235582437205160478e-01 -7.815933295113512980e-01 1.694060689353970098e-02
6.202902698874395160e-01 -7.841870929183050176e-01 1.704654201973198127e-02
6.169956201070043722e-01 -7.867796733967044043e-01 1.715081663346480767e-02
6.136745038399198382e-01 -7.893705862957871577e-01 1.725343564663189486e-02
6.103271347725585105e-01 -7.919593508499462864e-01 1.735440510228570057e-02
6.069537306327250636e-01 -7.945454904039583877e-01 1.745373213929376360e-02
6.035545130052547558e-01 -7.971285326281074557e-01 1.755142495632555991e-02
6.001297071477295075e-01 -7.997080097231465956e-01 1.764749277522494747e-02
5.966795418066020984e-01 -8.022834586150567882e-01 1.774194580382296507e-02
5.932042490340142527e-01 -8.048544211395827208e-01 1.783479519824537896e-02
5.897040640055953853e-01 -8.074204442165435758e-01 1.792605302476884058e-02
5.861792248395240046e-01 -8.099810800139343181e-01 1.801573222127897389e-02
5.826299724171324357e-01 -8.125358861018507906e-01 1.810384655838297857e-02
5.790565502053288682e-01 -8.150844255962902407e-01 1.819041060022860701e-02
5.754592040811102871e-01 -8.176262672928940045e-01 1.827543966508045001e-02
5.718381821584306302e-01 -8.201609857907177226e-01 1.835894978570356412e-02
5.681937346176867409e-01 -8.226881616061272329e-01 1.844095766960342220e-02
5.645261135380758022e-01 -8.252073812769368244e-01 1.852148065917008993e-02
5.608355727330734952e-01 -8.277182374569186374e-01 1.860053669177336166e-02
5.571223675892735816e-01 -8.302203290008280945e-01 1.867814425985435400e-02
5.533867549088241633e-01 -8.327132610401020152e-01 1.875432237105779248e-02
5.496289927556858856e-01 -8.351966450494004990e-01 1.882909050844785645e-02
5.458493403059313520e-01 -8.376700989041748757e-01 1.890246859084911482e-02
5.420480577022953605e-01 -8.401332469294561234e-01 1.897447693335261448e-02
5.382254059131766910e-01 -8.425857199400694775e-01 1.904513620802577092e-02
5.343816465962848428e-01 -8.450271552724902824e-01 1.911446740486317727e-02
5.305170419671132453e-01 -8.474571968085671259e-01 1.918249179301393867e-02
5.266318546724139127e-01 -8.498754949913460699e-01 1.924923088231965396e-02
5.227263476688368549e-01 -8.522817068332386725e-01 1.931470638519553959e-02
5.188007841068880133e-01 -8.546754959167851551e-01 1.937894017888566398e-02
5.148554272203508253e-01 -8.570565323882688435e-01 1.944195426812170627e-02
5.108905402213053115e-01 -8.594244929444466718e-01 1.950377074821304721e-02
5.069063862008692523e-01 -8.617790608126653096e-01 1.956441176859443840e-02
5.029032280357749185e-01 -8.641199257246374721e-01 1.962389949685596977e-02
4.988813283008863841e-01 -8.664467838841575231e-01 1.968225608327844184e-02
4.948409491877505118e-01 -8.687593379290399209e-01 1.973950362589577470e-02
4.907823524292660999e-01 -8.710572968875668343e-01 1.979566413610452796e-02
4.867057992305448000e-01 -8.733403761297339196e-01 1.985075950483913138e-02
4.826115502060274176e-01 -8.756082973135859149e-01 1.990481146932995479e-02
4.784998653229101118e-01 -8.778607883269348156e-01 1.995784158045990977e-02
4.743710038509244553e-01 -8.800975832247547315e-01 2.000987117073386307e-02
4.702252243185060521e-01 -8.823184221625477441e-01 2.006092132287379259e-02
4.660627844753769122e-01 -8.845230513259758620e-01 2.011101283905124618e-02
4.618839412615574069e-01 -8.867112228570529497e-01 2.016016621076743842e-02
4.576889507828142967e-01 -8.888826947771899523e-01 2.020840158938999598e-02
4.534780682925427797e-01 -8.910372309073852914e-01 2.025573875735422330e-02
4.492515481800712362e-01 -8.931746007858515357e-01 2.030219710003557457e-02
4.450096439653690727e-01 -8.952945795833651133e-01 2.034779557829892796e-02
4.407526083001294670e-01 -8.973969480166260615e-01 2.039255270172918647e-02
4.364806929751910425e-01 -8.994814922599092544e-01 2.043648650254674404e-02
4.321941489342537857e-01 -9.015480038552877717e-01 2.047961451021039839e-02
4.278932262938378583e-01 -9.035962796217037463e-01 2.052195372670939308e-02
4.235781743694255197e-01 -9.056261215631588035e-01 2.056352060254544589e-02
4.192492417077194888e-01 -9.076373367762922140e-01 2.060433101340480508e-02
4.149066761249444180e-01 -9.096297373576105461e-01 2.064440023751967432e-02
4.105507247511105962e-01 -9.116031403106272801e-01 2.068374293371767411e-02
4.061816340801528424e-01 -9.135573674531670685e-01 2.072237312015736896e-02
4.017996500258516623e-01 -9.154922453250831094e-01 2.076030415374734150e-02
3.974050179834364704e-01 -9.174076050966315510e-01 2.079754871024578830e-02
3.929979828967661848e-01 -9.193032824777416234e-01 2.083411876503719548e-02
3.885787893309756713e-01 -9.211791176284127580e-01 2.087002557458218430e-02
3.841476815504717424e-01 -9.230349550704671779e-01 2.090527965853638051e-02
3.797049036021569735e-01 -9.248706436008774512e-01 2.093989078253378350e-02
3.752506994037548282e-01 -9.266860362068850554e-01 2.097386794162995130e-02
3.707853128371038642e-01 -9.284809899831170110e-01 2.100721934440012012e-02
3.663089878462856830e-01 -9.302553660509044198e-01 2.103995239768723102e-02
3.618219685404452934e-01 -9.320090294799978636e-01 2.107207369199480193e-02
3.573244993011591708e-01 -9.337418492128698455e-01 2.110358898751954829e-02
3.528168248942021856e-01 -9.354536979917861261e-01 2.113450320081864189e-02
3.482991905855601922e-01 -9.371444522888235928e-01 2.116482039210665356e-02
3.437718422615316793e-01 -9.388139922390027481e-01 2.119454375317726680e-02
3.392350265527580011e-01 -9.404622015766987975e-01 2.122367559594504072e-02
3.346889909620185399e-01 -9.420889675754867687e-01 2.125221734160271866e-02
3.301339839956235478e-01 -9.436941809915695423e-01 2.128016951038983612e-02
3.255702552982340792e-01 -9.452777360109312355e-01 2.130753171196859280e-02
3.209980557909357102e-01 -9.468395302003512759e-01 2.133430263640341204e-02
3.164176378123896294e-01 -9.483794644624067294e-01 2.136048004574082546e-02
3.118292552628812442e-01 -9.498974429945847842e-01 2.138606076618684501e-02
3.072331637510847258e-01 -9.513933732526181908e-01 2.141104068087931050e-02
3.026296207433580854e-01 -9.528671659181515707e-01 2.143541472325323841e-02
2.980188857153818760e-01 -9.543187348708377371e-01 2.145917687099762119e-02
2.934012203059507273e-01 -9.557479971649559536e-01 2.148232014060269535e-02
2.887768884727260343e-01 -9.571548730106378411e-01 2.150483658249719571e-02
2.841461566497546776e-01 -9.585392857597777594e-01 2.152671727677569341e-02
2.795092939065562665e-01 -9.599011618966986070e-01 2.154795232951667652e-02
2.748665721085802871e-01 -9.612404310336355451e-01 2.156853086969267100e-02
2.702182660788306490e-01 -9.625570259110924898e-01 2.158844104667426503e-02
2.655646537604547941e-01 -9.638508824031190025e-01 2.160767002833055908e-02
2.609060163800910326e-01 -9.651219395275481006e-01 2.162620399972920576e-02
2.562426386117665489e-01 -9.663701394612260742e-01 2.164402816243983160e-02
2.515748087411362466e-01 -9.675954275602596244e-01 2.166112673444531289e-02
2.469028188298509341e-01 -9.687977523852956407e-01 2.167748295066600911e-02
2.422269648798410224e-01 -9.699770657318422806e-01 2.169307906410274794e-02
2.375475469973010734e-01 -9.711333226656324591e-01 2.170789634760500811e-02
2.328648695561575110e-01 -9.722664815630197577e-01 2.172191509627137418e-02
2.281792413608014214e-01 -9.733765041563924303e-01 2.173511463049005235e-02
2.234930384819048266e-01 -9.744629657420004198e-01 2.174374362993725801e-02
2.188072654222912028e-01 -9.755257081949524345e-01 2.174795366595908344e-02
2.141228978858062126e-01 -9.765645979153586564e-01 2.174789504236701587e-02
2.094408827212460578e-01 -9.775795249838644674e-01 2.174371671324704103e-02
2.047621378948801252e-01 -9.785704023142642871e-01 2.173556620634887332e-02
2.000875524907196334e-01 -9.795371648049880919e-01 2.172358955193267813e-02
1.954179867376467650e-01 -9.804797684911558120e-01 2.170793121694384806e-02
1.907542720624869070e-01 -9.813981896988034359e-01 2.168873404438014657e-02
1.860972111680789520e-01 -9.822924242027899489e-01 2.166613919771030392e-02
1.814475781353757367e-01 -9.831624863898030808e-01 2.164028611019845269e-02
1.768061185485881315e-01 -9.840084084277899157e-01 2.161131243898498783e-02
1.721735496423717759e-01 -9.848302394430479278e-01 2.157935402377117798e-02
1.675505604700451845e-01 -9.856280447061246397e-01 2.154454484995236077e-02
1.629378120918211492e-01 -9.864019048275864954e-01 2.150701701604262536e-02
1.583359377820305613e-01 -9.871519149646340585e-01 2.146690070523256388e-02
1.537455432543178291e-01 -9.878781840394569302e-01 2.142432416092087538e-02
1.491672069037910664e-01 -9.885808339701425140e-01 2.137941366606040117e-02
1.446014800651163612e-01 -9.892599989148747053e-01 2.133229352615935090e-02
1.400488872855548683e-01 -9.899158245300840875e-01 2.128308605577922813e-02
1.355099266119535184e-01 -9.905484672431382753e-01 2.123191156837201179e-02
1.309850698907141786e-01 -9.911580935400913228e-01 2.117888836930068366e-02
1.264747630797824207e-01 -9.917448792689451675e-01 2.112413275188903400e-02
1.219794265717158710e-01 -9.923090089588104679e-01 2.106775899634884264e-02
1.174994555269115032e-01 -9.928506751552950149e-01 2.100987937143500989e-02
1.130352202160937319e-01 -9.933700777723881714e-01 2.095060413868193167e-02
1.085870663711877432e-01 -9.938674234610549441e-01 2.089004155907739704e-02
1.041553155437271033e-01 -9.943429249947010051e-01 2.082829790203344703e-02
9.974026546997004361e-02 -9.947968006716196854e-01 2.076547745651697793e-02
9.534219044192519810e-02 -9.952292737344862195e-01 2.070168254420642201e-02
9.096134168351459326e-02 -9.956405718069194499e-01 2.063701353454444956e-02
8.659794773112945709e-02 -9.960309263470896735e-01 2.057156886156042211e-02
8.225221481786269828e-02 -9.964005721183142317e-01 2.050544504234014243e-02
7.792432726073023064e-02 -9.967497466765443681e-01 2.043873669702439902e-02
7.361444785022229487e-02 -9.970786898746148985e-01 2.037153657022174394e-02
6.932271824155489259e-02 -9.973876433830956012e-01 2.030393555372495690e-02
6.504925934702018853e-02 -9.976768502275566997e-01 2.023602271042466635e-02
6.079417172886378978e-02 -9.979465543420314999e-01 2.016788529931760193e-02
5.655753599214544819e-02 -9.981970001384379287e-01 2.009960880151099097e-02
5.233941317706831964e-02 -9.984284320916966271e-01 2.003127694712856025e-02
4.813984515028998240e-02 -9.986410943402637130e-01 1.996297174302756952e-02
4.395885499475624819e-02 -9.988352303017790090e-01 1.989477350124020660e-02
3.979644739762631250e-02 -9.990110823035129872e-01 1.982676086805646234e-02
3.565260903588449160e-02 -9.991688912272822520e-01 1.975901085366948626e-02
3.152730895926033478e-02 -9.993088961684905014e-01 1.969159886230797615e-02
2.742049897010463005e-02 -9.994313341089398062e-01 1.962459872278389875e-02
2.333211399989401288e-02 -9.995364396030487208e-01 1.955808271938730067e-02
1.926207248206152772e-02 -9.996244444771046345e-01 1.949212162306342838e-02
1.521027672087435154e-02 -9.996955775411711098e-01 1.942678472281069921e-02
1.117661325610316315e-02 -9.997500643132656295e-01 1.936213985724133044e-02
7.160953223250208534e-03 -9.997881267554179496e-01 1.929825344624952824e-02
3.163152709124946935e-03 -9.998099830212173744e-01 1.923519052273520505e-02
-8.169468974226603078e-04 -9.998158472144533793e-01 1.917301476433405996e-02
-4.779518559780727809e-03 -9.998059291584541208e-01 1.911178852510771881e-02
-8.724749253015667838e-03 -9.997804341757257074e-01 1.905157286715026405e-02
-1.265283962860479575e-02 -9.997395628774968790e-01 1.899242759207009704e-02
-1.656400368457375261e-02 -9.996835109627737470e-01 1.893441127230852464e-02
-2.045846844113351909e-02 -9.996124690265117962e-01 1.887758128225881446e-02
-2.433647362189490793e-02 -9.995266223765152391e-01 1.882199382915170777e-02
-2.819827134072206212e-02 -9.994261508586761433e-01 1.876770398367547804e-02
-3.204412579427096119e-02 -9.993112286901696395e-01 1.871476571030067371e-02
-3.587431296024388289e-02 -9.991820243002267343e-01 1.866323189728152920e-02
-3.968912030137648761e-02 -9.990387001781094733e-01 1.861315438630789521e-02
-4.348884647516036706e-02 -9.988814127279190824e-01 1.856458400178314858e-02
-4.727380104929082560e-02 -9.987103121298733788e-01 1.851757057970516637e-02
-5.104430422281702739e-02 -9.985255422076948495e-01 1.847216299612890883e-02
-5.480068655295956825e-02 -9.983272403017565688e-01 1.842840919519054405e-02
-5.854328868754905824e-02 -9.981155371476408966e-01 1.838635621667427875e-02
-6.227246110302823295e-02 -9.978905567597710080e-01 1.834605022310430850e-02
-6.598856384794964114e-02 -9.976524163197819650e-01 1.830753652634528605e-02
-6.969196629189068626e-02 -9.974012260693068121e-01 1.827085961369579598e-02
-7.338304687969839091e-02 -9.971370892068570635e-01 1.823606317346012154e-02
-7.706219289096678804e-02 -9.968601017884874960e-01 1.820319011998448172e-02
-8.072980020464100293e-02 -9.965703526319392713e-01 1.817228261814458554e-02
-8.438627306863376309e-02 -9.962679232239659566e-01 1.814338210727201028e-02
-8.803202387433156639e-02 -9.959528876305512313e-01 1.811652932450746184e-02
-9.166747293586022249e-02 -9.956253124097366181e-01 1.809176432756946437e-02
-9.529304827397169775e-02 -9.952852565267849005e-01 1.806912651692740499e-02
-9.890918540440692130e-02 -9.949327712714113314e-01 1.804865465736821273e-02
-1.025163271305822715e-01 -9.945679001768233940e-01 1.803038689894619420e-02
-1.061149233404404257e-01 -9.941906789403170963e-01 1.801436079730572154e-02
-1.097054308072998724e-01 -9.938011353451852159e-01 1.800061333336661074e-02
-1.132883129945307515e-01 -9.933992891837009065e-01 1.798918093236204566e-02
-1.168640398638784855e-01 -9.929851521809468506e-01 1.798009948221895166e-02
-1.204330876872504869e-01 -9.925587279192693568e-01 1.797340435127054575e-02
-1.239959388617753039e-01 -9.921200117631426840e-01 1.796913040529077646e-02
-1.275530817279375007e-01 -9.916689907842375362e-01 1.796731202384006451e-02
-1.311050103905858355e-01 -9.912056436864948861e-01 1.796798311591159270e-02
-1.346522245426066688e-01 -9.907299407310148354e-01 1.797117713486702517e-02
-1.381952292910483826e-01 -9.902418436605759933e-01 1.797692709265022448e-02
-1.417345349854776393e-01 -9.897413056236110673e-01 1.798526557326710074e-02
-1.452706570483418280e-01 -9.892282710974703575e-01 1.799622474551927642e-02
-1.488041158071071179e-01 -9.887026758108127256e-01 1.800983637497875073e-02
-1.523354363279356138e-01 -9.881644466649726066e-01 1.802613183519019210e-02
-1.558651482506590580e-01 -9.876135016541588429e-01 1.804514211808688415e-02
-1.593937856248017204e-01 -9.870497497843485624e-01 1.806689784360571496e-02
-1.629218867463984588e-01 -9.864730909907488687e-01 1.809142926848593055e-02
-1.664499939953486274e-01 -9.858834160537062186e-01 1.811876629423560606e-02
-1.699786536730406028e-01 -9.852806065129516844e-01 1.814893847424909126e-02
-1.735084158399757548e-01 -9.846645345800802973e-01 1.818197502005781951e-02
-1.770398341531144171e-01 -9.840350630491687678e-01 1.821790480669610232e-02
-1.805734657026607792e-01 -9.833920452054476513e-01 1.825675637716256752e-02
-1.841098708479972368e-01 -9.827353247319504659e-01 1.829855794595711821e-02
-1.876496130524721306e-01 -9.820647356140735917e-01 1.834333740167222102e-02
-1.911932587167390896e-01 -9.813801020419893328e-01 1.839112230861647199e-02
-1.947413770103391673e-01 -9.806812383108638453e-01 1.844193990744733003e-02
-1.982945397012106648e-01 -9.799679487188431848e-01 1.849581711478892609e-02
-2.018533209828048125e-01 -9.792400274627794943e-01 1.855278052180977036e-02
-2.054182972984786859e-01 -9.784972585316819016e-01 1.861285639173414913e-02
-2.089900471628299561e-01 -9.777394155978862411e-01 1.867607065625989313e-02
-2.125691509796310830e-01 -9.769662619059497066e-01 1.874244891085408149e-02
-2.161561908560135914e-01 -9.761775501592891979e-01 1.881201640889715310e-02
-2.197517504125459098e-01 -9.753730224045936703e-01 1.888479805464471709e-02
-2.233564145888412567e-01 -9.745524099140546737e-01 1.896081839497525123e-02
-2.269707694443248436e-01 -9.737154330654709256e-01 1.904010160989065906e-02
-2.305954019537822253e-01 -9.728618012202995269e-01 1.912267150173556016e-02
-2.342308997973039097e-01 -9.719912125997381969e-01 1.920855148309997401e-02
-2.378778511442335986e-01 -9.711033541589398910e-01 1.929776456336890558e-02
-2.415368444307207374e-01 -9.701979014594762640e-01 1.939033333388120658e-02
-2.452084681304703973e-01 -9.692745185401836494e-01 1.948627995165891358e-02
-2.488933105182772054e-01 -9.683328577865416564e-01 1.958562612166711570e-02
-2.525919594259224410e-01 -9.673725597987530289e-01 1.968839307756335699e-02
-2.563050019900069976e-01 -9.663932532587123925e-01 1.979460156089440578e-02
-2.600330243912866157e-01 -9.653945547960707252e-01 1.990427179869721716e-02
-2.637766115850685433e-01 -9.643760688536232584e-01 2.001742347945987752e-02
-2.675363470222241746e-01 -9.633373875522700525e-01 2.013407572739732768e-02
-2.713128123603648079e-01 -9.622780905558206976e-01 2.025424707499575219e-02
-2.751065871647235817e-01 -9.611977449359376813e-01 2.037795543377862381e-02
-2.789182485982815152e-01 -9.600959050375384995e-01 2.050521806324659760e-02
-2.827483711006704703e-01 -9.589721123450001272e-01 2.063605153794269634e-02
-2.865975260553826898e-01 -9.578258953495384365e-01 2.077047171259360780e-02
-2.904662814448130681e-01 -9.566567694181603576e-01 2.090849368527731428e-02
-2.943552014926580918e-01 -9.554642366646169949e-01 2.105013175856684446e-02
-2.982648462931927202e-01 -9.542477858228155529e-01 2.119539939859957367e-02
-3.021957714269471462e-01 -9.530068921231784618e-01 2.134430919202128657e-02
-3.061485275623039848e-01 -9.517410171724715040e-01 2.149687280075417498e-02
-3.101236600425384404e-01 -9.504496088376552798e-01 2.165310091453791566e-02
-3.141217084578264429e-01 -9.491321011343504255e-01 2.181300320119333030e-02
-3.181432062017486850e-01 -9.477879141205416413e-01 2.197658825455846288e-02
-3.221886800118241023e-01 -9.464164537961852197e-01 2.214386354004754462e-02
-3.262586494936127179e-01 -9.450171120094206234e-01 2.231483533778416337e-02
-3.303536266279360478e-01 -9.435892663701296312e-01 2.248950868326098085e-02
-3.344741152607727530e-01 -9.421322801716259798e-01 2.266788730547967395e-02
-3.386206105753999385e-01 -9.406455023213009525e-01 2.284997356252631284e-02
-3.427935985463635427e-01 -9.391282672810954413e-01 2.303576837453929355e-02
-3.469935553748782486e-01 -9.375798950187126390e-01 2.322527115402904518e-02
-3.512209469052754995e-01 -9.359996909705323720e-01 2.341847973351129236e-02
-3.554762280221392401e-01 -9.343869460172344876e-01 2.361539029041848786e-02
-3.597598420277933751e-01 -9.327409364731888974e-01 2.381599726925719487e-02
-3.640722199998308595e-01 -9.310609240907158357e-01 2.402029330098291032e-02
-3.684137801284054770e-01 -9.293461560803729649e-01 2.422826911956781418e-02
-3.727849270330387821e-01 -9.275958651484756956e-01 2.443991347574141562e-02
-3.771860510587332072e-01 -9.258092695531081606e-01 2.465521304788911156e-02
-3.816175275512211917e-01 -9.239855731799340166e-01 2.487415235009905745e-02
-3.860797161112248244e-01 -9.221239656391707618e-01 2.509671363735381522e-02
-3.905729598276490577e-01 -9.202236223851404384e-01 2.532287680786979994e-02
-3.950975844896839062e-01 -9.182837048598649909e-01 2.555261930259467018e-02
-3.996538977778477109e-01 -9.163033606622248417e-01 2.578591600188059885e-02
-4.042421884340658966e-01 -9.142817237442532052e-01 2.602273911935971962e-02
-4.088627254109458709e-01 -9.122179146361865110e-01 2.626305809305715805e-02
-4.135157570004807104e-01 -9.101110407019454840e-01 2.650683947378678143e-02
-4.182015099424909454e-01 -9.079601964267659531e-01 2.675404681088529302e-02
-4.229201885131970151e-01 -9.057644637387497477e-01 2.700464053535153383e-02
-4.276719735944020107e-01 -9.035229123661473460e-01 2.725857784046983867e-02
-4.324570217238593028e-01 -9.012346002322294547e-01 2.751581256000906750e-02
-4.372754641274992915e-01 -8.988985738896427824e-01 2.777629504410255440e-02
-4.421274057342952091e-01 -8.965138689961834606e-01 2.803997203292863880e-02
-4.470129241746609861e-01 -8.940795108339517627e-01 2.830678652832671616e-02
-4.519320687633916478e-01 -8.915945148738838588e-01 2.857667766349985400e-02
-4.568848594682828890e-01 -8.890578873876757715e-01 2.884958057097208178e-02
-4.618712858656972009e-01 -8.864686261091371255e-01 2.912542624898624768e-02
-4.668913060844813723e-01 -8.838257209470207210e-01 2.940414142654717428e-02
-4.719448457397851793e-01 -8.811281547513817314e-01 2.968564842733439554e-02
-4.770317968584811830e-01 -8.783749041355175535e-01 2.996986503272925165e-02
-4.821520167980415938e-01 -8.755649403555295640e-01 3.025670434422246882e-02
-4.873053271608920323e-01 -8.726972302495284994e-01 3.054607464549043833e-02
-4.924915127064290465e-01 -8.697707372384781976e-01 3.083787926445138300e-02
-4.977103202630633327e-01 -8.667844223906320256e-01 3.113201643563629634e-02
-5.029614576428287354e-01 -8.637372455514675806e-01 3.142837916323387715e-02
-5.082445925612815163e-01 -8.606281665409636350e-01 3.172685508519380859e-02
-5.135593515656013963e-01 -8.574561464199870198e-01 3.202732633879830371e-02
-5.189053189739987193e-01 -8.542201488274705490e-01 3.232966942813802341e-02
-5.242820358297256567e-01 -8.509191413899600542e-01 3.263375509395500390e-02
-5.296889988731858789e-01 -8.475520972049895851e-01 3.293944818634218785e-02
-5.351256595358366841e-01 -8.441179963996112701e-01 3.324660754081620873e-02
-5.405914229597745813e-01 -8.406158277652530098e-01 3.355508585830727086e-02
-5.460856470470941693e-01 -8.370445904699119755e-01 3.386472958963720331e-02
-5.516076415433059932e-01 -8.334032958485001474e-01 3.417537882508354941e-02
-5.571566671592933506e-01 -8.296909692719568463e-01 3.448686718965438686e-02
-5.627319347364743152e-01 -8.259066520955130608e-01 3.479902174472433718e-02
-5.683326044600224281e-01 -8.220494036862486809e-01 3.511166289670775847e-02
-5.739577851251709273e-01 -8.181183035298157380e-01 3.542460431346933919e-02
-5.796065334617954701e-01 -8.141124534159133175e-01 3.573765284919553503e-02
-5.852778535226237366e-01 -8.100309797017894997e-01 3.605060847847212091e-02
-5.909706961405656322e-01 -8.058730356527152860e-01 3.636326424033313465e-02
-5.966839584607835922e-01 -8.016378038580228571e-01 3.667540619306482175e-02
-6.024164835532371809e-01 -7.973244987209257006e-01 3.698681338056411527e-02
-6.081670601115264363e-01 -7.929323690199453489e-01 3.729725781106475735e-02
-6.139344222439307996e-01 -7.884607005393504675e-01 3.760650444905485473e-02
-6.197172493625902057e-01 -7.839088187655821605e-01 3.791431122121741160e-02
-6.255141661767948946e-01 -7.792760916461822784e-01 3.822042903722957380e-02
-6.313237427963465098e-01 -7.745619324072704481e-01 3.852460182625696422e-02
-6.371444949509174061e-01 -7.697658024251268216e-01 3.882656658997599847e-02
-6.429748843312653728e-01 -7.648872141469337249e-01 3.912605347294929176e-02
-6.488133190580576137e-01 -7.599257340552132423e-01 3.942278585116688189e-02
-6.546581542839172707e-01 -7.548809856699701948e-01 3.971648043954857654e-02
-6.605076929341242575e-01 -7.497526525820152887e-01 4.000684741918019566e-02
-6.663601865911819022e-01 -7.445404815104008645e-01 4.029359058502830077e-02
-6.722138365281928873e-01 -7.392442853763593336e-01 4.057640751484422464e-02
-6.780667948956806690e-01 -7.338639463855904932e-01 4.085498975992821191e-02
-6.839171660661330643e-01 -7.283994191102058924e-01 4.112902305837849715e-02
-6.897630081401402435e-01 -7.228507335611070728e-01 4.139818757139769601e-02
-6.956023346175469468e-01 -7.172179982410569199e-01 4.166215814316979321e-02
-7.014331162365334826e-01 -7.115014031682013185e-01 4.192060458475552892e-02
-7.072532829829893952e-01 -7.057012228593170233e-01 4.217319198238170946e-02
-7.130607262719381723e-01 -6.998178192616077986e-01 4.241958103042100386e-02
-7.188533013021226603e-01 -6.938516446214457734e-01 4.265942838927335584e-02
-7.246288295841585292e-01 -6.878032442780671607e-01 4.289238706826808273e-02
-7.303851016419168340e-01 -6.816732593698848763e-01 4.311810683360747798e-02
-7.361198798860066894e-01 -6.754624294407771679e-01 4.333623464126836605e-02
-7.418309016573932935e-01 -6.691715949334643421e-01 4.354641509466793819e-02
-7.475158824383146827e-01 -6.628016995568895009e-01 4.374829092678488018e-02
-7.531725192267521019e-01 -6.563537925143889673e-01 4.394150350630632307e-02
-7.587984940697688474e-01 -6.498290305793711363e-01 4.412569336724667807e-02
-7.643914777500657731e-01 -6.432286800052275932e-01 4.430050076135584602e-02
-7.699491336191143231e-01 -6.365541182562806100e-01 4.446556623250309814e-02
-7.754691215692237627e-01 -6.298068355467293378e-01 4.462053121208904571e-02
-7.809491021358893059e-01 -6.229884361747991539e-01 4.476503863440314812e-02
-7.863867407207513205e-01 -6.161006396396244700e-01 4.489873357070844201e-02
-7.917797119244881499e-01 -6.091452815288097566e-01 4.502126388069998403e-02
-7.971257039779707787e-01 -6.021243141651172470e-01 4.513228087984975240e-02
-8.024224232590305705e-01 -5.950398070013240837e-01 4.523144002101928129e-02
-8.076675988812491713e-01 -5.878939467529749052e-01 4.531840158859376522e-02
-8.128589873402725097e-01 -5.806890372595319150e-01 4.539283140326823979e-02
-8.179943772022928439e-01 -5.734274990652860060e-01 4.545440153549939327e-02
-8.230715938185394487e-01 -5.661118687123428694e-01 4.550279102552640120e-02
-8.280885040488809024e-01 -5.587447977390288534e-01 4.553768660776226496e-02
-8.330430209769787986e-01 -5.513290513781727853e-01 4.555878343726441765e-02
-8.379331085988491745e-01 -5.438675069509038007e-01 4.556578581591118338e-02
-8.427567864661970054e-01 -5.363631519528573310e-01 4.555840791583971872e-02
-8.475121342654946544e-01 -5.288190818309923547e-01 4.553637449764265377e-02
-8.521972963134843981e-01 -5.212384974505900326e-01 4.549942162077558194e-02
-8.568104859496086245e-01 -5.136247022534098372e-01 4.544729734359652384e-02
-8.613499898058060156e-01 -5.059810991094243482e-01 4.537976241044231612e-02
-8.658141719341746478e-01 -4.983111868660217714e-01 4.529659092314625157e-02
-8.702014777731836848e-01 -4.906185566000447751e-01 4.519757099441654852e-02
-8.745104379334294187e-01 -4.829068875795202165e-01 4.508250538052669537e-02
-8.787396717843708460e-01 -4.751799429434077626e-01 4.495121209081660157e-02
-8.828878908240497259e-01 -4.674415651091493595e-01 4.480352497156807334e-02
-8.869539018145009557e-01 -4.596956709192229762e-01 4.463929426189871402e-02
-8.909366096663817736e-01 -4.519462465392795059e-01 4.445838711941535459e-02
-8.948350200572992019e-01 -4.441973421217605411e-01 4.426068811348043974e-02
-8.986482417693811842e-01 -4.364530662501465708e-01 4.404609968407233872e-02
-9.023754887328169216e-01 -4.287175801801557107e-01 4.381454256436212447e-02
-9.060160817633780006e-01 -4.209950918952947152e-01 4.356595616528437243e-02
-9.095694499833154589e-01 -4.132898499951455085e-01 4.330029892054666069e-02
-9.130351319164994317e-01 -4.056061374356433880e-01 4.301754859070056752e-02
-9.164127762502177754e-01 -3.979482651413585592e-01 4.271770252508481219e-02
-9.197021422576687755e-01 -3.903205655104241556e-01 4.240077788064706282e-02
-9.229030998768539273e-01 -3.827273858332560508e-01 4.206681179685369670e-02
-9.260156294432942969e-01 -3.751730816465779772e-01 4.171586152610434750e-02
-9.290398210757379038e-01 -3.676620100444936701e-01 4.134800451927911347e-02
-9.319758737157910478e-01 -3.601985229684401824e-01 4.096333846625888064e-02
-9.348240938241697551e-01 -3.527869604978042806e-01 4.056198129147169790e-02
-9.375848937380253378e-01 -3.454316441627965917e-01 4.014407110472863194e-02
-9.402587896955311164e-01 -3.381368703008503784e-01 3.970976610781966343e-02
-9.428463995356126670e-01 -3.309069034773524653e-01 3.925924445754169073e-02
-9.453484400823517486e-01 -3.237459699909253641e-01 3.879270408602557285e-02
-9.477657242251799063e-01 -3.166582514827684935e-01 3.831036247941541073e-02
-9.500991577074909822e-01 -3.096478786687404394e-01 3.781245641612972219e-02
-9.523497356377323975e-01 -3.027189252119313889e-01 3.729924166609926983e-02
-9.545185387383694486e-01 -2.958754017524445890e-01 3.677099265252911642e-02
-9.566067293493559776e-01 -2.891212501099887366e-01 3.622800207787167659e-02
-9.586155472038661030e-01 -2.824603376736892213e-01 3.567058051582242678e-02
-9.605463049950540011e-01 -2.758964519922686986e-01 3.509905597125954901e-02
-9.624003837534964578e-01 -2.694332955764359161e-01 3.451377341014277844e-02
-9.641792280557343053e-01 -2.630744809239708437e-01 3.391509426146442630e-02
-9.658843410849657918e-01 -2.568235257766144364e-01 3.330339589340704232e-02
-9.675172795654470859e-01 -2.506838486164760793e-01 3.267907106590681177e-02
-9.690796485925300408e-01 -2.446587644082730273e-01 3.204252736185052991e-02
-9.705730963805103695e-01 -2.387514805923262873e-01 3.139418659914604975e-02
-9.719993089505770678e-01 -2.329650933318664074e-01 3.073448422590286527e-02
-9.733600047811408196e-01 -2.273025840168637068e-01 3.006386870094067756e-02
-9.746569294426902230e-01 -2.217668160252998510e-01 2.938280086181078651e-02
-9.758918502390757643e-01 -2.163605317415506490e-01 2.869175328246813955e-02
-9.770665508767585328e-01 -2.110863498303630625e-01 2.799120962267227786e-02
-9.781828261830983751e-01 -2.059467627637910636e-01 2.728166397112392547e-02
-9.792424768941868640e-01 -2.009441345974105619e-01 2.656362018426180333e-02
-9.802473045320764244e-01 -1.960806989911712261e-01 2.583759122255257362e-02
-9.811991063905123323e-01 -1.913585574693658364e-01 2.510409848600678867e-02
-9.820996706474589555e-01 -1.867796779134117402e-01 2.436367115054663066e-02
-9.829507716218200963e-01 -1.823458932804450927e-01 2.361684550673838826e-02
-9.837541651908088269e-01 -1.780589005401300995e-01 2.286416430228512681e-02
-9.845115843834181257e-01 -1.739202598215837392e-01 2.210617608955444541e-02
-9.852247351643995676e-01 -1.699313937619092996e-01 2.134343457929349652e-02
-9.858952924220713010e-01 -1.660935870475220566e-01 2.057649800156010830e-02
-9.865248961721651000e-01 -1.624079861392319357e-01 1.980592847477581631e-02
-9.871151479887856350e-01 -1.588755991719215666e-01 1.903229138368517717e-02
-9.876676076724023590e-01 -1.554972960196185361e-01 1.825615476688695685e-02
-9.881837901636324473e-01 -1.522738085168044153e-01 1.747808871448755519e-02
-9.886651627104102724e-01 -1.492057308269255922e-01 1.669866477631639159e-02
-9.891131422949730467e-01 -1.462935199492669536e-01 1.591845538103770982e-02
-9.895290933259383026e-01 -1.435374963556123040e-01 1.513803326639416753e-02
-9.899143255996040169e-01 -1.409378447484409269e-01 1.435797092072524199e-02
-9.902700925334739779e-01 -1.384946149327890008e-01 1.357884003581859983e-02
-9.905975896739025455e-01 -1.362077227943330471e-01 1.280121097107552071e-02
-9.908979534786681587e-01 -1.340769513767219034e-01 1.202565222890270187e-02
-9.911722603742237903e-01 -1.321019520516872880e-01 1.125272994118252205e-02
-9.914215260863431523e-01 -1.302822457759942876e-01 1.048300736662237213e-02
-9.916467052418795891e-01 -1.286172244298440792e-01 9.717044398741070746e-03
-9.918486912383865928e-01 -1.271061522319053561e-01 8.955397084216635759e-03
-9.920283163774146207e-01 -1.257481672267216910e-01 8.198617151294789254e-03
-9.921863522563996174e-01 -1.245422828408120630e-01 7.447251547941371314e-03
-9.923235104131963302e-01 -1.234873895043455266e-01 6.701841989414055074e-03
-9.924404432164825041e-01 -1.225822563358209966e-01 5.962924514929171874e-03
-9.925377449944745578e-01 -1.218255328877153043e-01 5.231029053107655313e-03
-9.926159533936443902e-01 -1.212157509515697645e-01 4.506678995899682239e-03
-9.926755509584185289e-01 -1.207513264214639809e-01 3.790390780710064557e-03
-9.927169669221711512e-01 -1.204305612152696686e-01 3.082673480475255252e-03
-9.927405791991915640e-01 -1.202516452534835856e-01 2.384028401477424931e-03
-9.927467165667206439e-01 -1.202126584958029681e-01 1.694948688720807756e-03
-9.927356610256009573e-01 -1.203115730359262114e-01 1.015918938739742610e-03
-9.927076503275830133e-01 -1.205462552553332040e-01 3.474148197558646345e-04
-9.926628806568653651e-01 -1.209144680370213970e-01 -3.100973008469550506e-04
-9.926015094530286076e-01 -1.214138730403440669e-01 -9.561607217078266999e-04
-9.925236583621487307e-01 -1.220420330382145507e-01 -1.590328765256971734e-03
-9.924294163025447757e-01 -1.227964143180047818e-01 -2.212165127933470553e-03
-9.923188426313306332e-01 -1.236743891474772900e-01 -2.821244222663120242e-03
-9.921919703977055693e-01 -1.246732383070482258e-01 -3.417151513351230664e-03
-9.920488096687248847e-01 -1.257901536895852379e-01 -3.999483841090795827e-03
-9.918893509131514463e-01 -1.270222409688001597e-01 -4.567849741734046273e-03
-9.917135684288959085e-01 -1.283665223371042163e-01 -5.121869754425581282e-03
-9.915214237995083613e-01 -1.298199393135550661e-01 -5.661176720648711247e-03
-9.913128693651933609e-01 -1.313793556222438708e-01 -6.185416073293956846e-03
-9.910878516938759208e-01 -1.330415601411492621e-01 -6.694246115220335060e-03
-9.908463150379566153e-01 -1.348032699211282048e-01 -7.187338286746679065e-03
-9.905882047625559350e-01 -1.366611332743238871e-01 -7.664377421482204168e-03
-9.903134707312575280e-01 -1.386117329308537705e-01 -8.125061989883292785e-03
-9.900220706356281930e-01 -1.406515892622006436e-01 -8.569104329907284781e-03
-9.897139732551049063e-01 -1.427771635692699215e-01 -8.996230864124330276e-03
-9.893891616342078699e-01 -1.449848614326042784e-01 -9.406182302645166651e-03
-9.890476361644522374e-01 -1.472710361217655639e-01 -9.798713831226296689e-03
-9.886894175587979117e-01 -1.496319920604094744e-01 -1.017359528392445395e-02
-9.883145497069860674e-01 -1.520639883430962569e-01 -1.053061129968953930e-02
-9.879231024006702722e-01 -1.545632422994050181e-01 -1.086956146230927747e-02
-9.875151739178481547e-01 -1.571259331004565829e-01 -1.119026042314961653e-02
-9.870908934567407256e-01 -1.597482054025033960e-01 -1.149253800617214445e-02
-9.866504234099460202e-01 -1.624261730218213851e-01 -1.177623929475329900e-02
-9.861939614704051671e-01 -1.651559226347413256e-01 -1.204122469987959146e-02
