1.000000000000000000e+00 0.000000000000000000e+00 0.000000000000000000e+00
9.999985595105403968e-01 7.567783643991696360e-04 -1.519314285917474716e-03
9.999936109318543487e-01 1.905317492085724720e-03 -3.024561508411186678e-03
9.999838888069266796e-01 3.441705456953496507e-03 -4.514085395375464285e-03
9.999677086129785675e-01 5.361596759927349069e-03 -5.986255878062726916e-03
9.999429862220060583e-01 7.660216095640736723e-03 -7.439470368634034866e-03
9.999072594841107442e-01 1.033236184663926388e-02 -8.872155094402724845e-03
9.998577118132183639e-01 1.337240941938455663e-02 -1.028276649994050961e-02
9.997911976473355944e-01 1.677431454640469777e-02 -1.166979272603595533e-02
9.997042696478223300e-01 2.053161668695397193e-02 -1.303175517218146603e-02
9.995932074942596168e-01 2.463744266441113967e-02 -1.436721014684588099e-02
9.994540481234276408e-01 2.908451068228687722e-02 -1.567475060729594041e-02
9.992826172527372597e-01 3.386513486207292506e-02 -1.695300798819291202e-02
9.990745620202932109e-01 3.897123044521613733e-02 -1.820065411564322777e-02
9.988253845657214525e-01 4.439431979823298818e-02 -1.941640320085755850e-02
9.985304763681280837e-01 5.012553935441262098e-02 -2.059901390510555930e-02
9.981851531502259345e-01 5.615564761773651076e-02 -2.174729146527785290e-02
9.977846901509594968e-01 6.247503434464600491e-02 -2.286008986711663207e-02
9.973243575630630353e-01 6.907373100722188908e-02 -2.393631405108561858e-02
9.967994559271019517e-01 7.594142262734057680e-02 -2.497492213395080540e-02
9.962053512698634261e-01 8.306746105560740279e-02 -2.597492762746677827e-02
9.955375097726745226e-01 9.044087975153847214e-02 -2.693540163413752839e-02
9.947915317545048541e-01 9.805041010279617886e-02 -2.785547499887150447e-02
9.939631847557219846e-01 1.058844993015349845e-01 -2.873434039450012759e-02
9.930484355112432215e-01 1.139313297753625775e-01 -2.957125431859558562e-02
9.920434806066749100e-01 1.221788401493663634e-01 -3.036553897882086905e-02
9.909447756179303735e-01 1.306147476944115593e-01 -3.111658404418144244e-02
9.897490625438005729e-01 1.392265721958108882e-01 -3.182384824002690293e-02
9.884533953520254768e-01 1.480016611558277462e-01 -3.248686076547009638e-02
9.870551634725297507e-01 1.569272162236344803e-01 -3.310522251304210545e-02
9.855521130865635415e-01 1.659903207276259562e-01 -3.367860707187031455e-02
9.839423660774024860e-01 1.751779681676940703e-01 -3.420676149743352712e-02
9.822244365268378852e-01 1.844770915094868513e-01 -3.468950683298736848e-02
9.803972446617316150e-01 1.938745931090653518e-01 -3.512673837003504190e-02
9.784601281761751146e-01 2.033573750849588524e-01 -3.551842563770715722e-02
9.764128508770127945e-01 2.129123699455913732e-01 -3.586461211357182266e-02
9.742556086233727930e-01 2.225265712735561563e-01 -3.616541465117974197e-02
9.719890325540826437e-01 2.321870642643475424e-01 -3.642102262251496053e-02
9.696141896201129207e-01 2.418810559159755291e-01 -3.663169677642424960e-02
9.671325804621614397e-01 2.515959046673875155e-01 -3.679776781699106020e-02
9.645461346958427162e-01 2.613191492877592337e-01 -3.691963470865805563e-02
9.618572036883754617e-01 2.710385368253989680e-01 -3.699776271764166485e-02
9.590685509308609635e-01 2.807420494340969741e-01 -3.703268120178154765e-02
9.561833401289598910e-01 2.904179299060655750e-01 -3.702498116338919648e-02
9.532051211517541534e-01 3.000547057539401652e-01 -3.697531258186907699e-02
9.501378139936232925e-01 3.096412116993976782e-01 -3.688438154485362830e-02
9.469856909168996584e-01 3.191666104425262551e-01 -3.675294719829552692e-02
9.437533569537702727e-01 3.286204116038570766e-01 -3.658181853737874079e-02
9.404457289542728082e-01 3.379924887496432162e-01 -3.637185106123067002e-02
9.370680133732559591e-01 3.472730944302350187e-01 -3.612394331523427482e-02
9.336256829928317735e-01 3.564528731809490369e-01 -3.583903334524994599e-02
9.301244527781798999e-01 3.655228724543637675e-01 -3.551809508826616474e-02
9.265702550636577550e-01 3.744745514722134239e-01 -3.516213472391473832e-02
9.229692142631237273e-01 3.832997880037279370e-01 -3.477218701092441022e-02
9.193276212933518821e-01 3.919908830951419065e-01 -3.434931163196418280e-02
9.156519078925600130e-01 4.005405637919529083e-01 -3.389458956946581752e-02
9.119486210075903321e-01 4.089419839111664845e-01 -3.340911953393840839e-02
9.082243974133730191e-01 4.171887229350670356e-01 -3.289401446502299153e-02
9.044859387171827469e-01 4.252747831108839582e-01 -3.235039812410999555e-02
9.007399868880979765e-01 4.331945848519875852e-01 -3.177940179578590818e-02
8.969933004392067755e-01 4.409429605459003754e-01 -3.118216111371675120e-02
8.932526313766987469e-01 4.485151468824150611e-01 -3.055981302484369819e-02
8.895247030162491964e-01 4.559067758214800370e-01 -2.991349290398822094e-02
8.858161887532479684e-01 4.631138643252723508e-01 -2.924433182916679266e-02
8.821336918596309751e-01 4.701328029820828203e-01 -2.855345402612320671e-02
8.784837263665220553e-01 4.769603436513616956e-01 -2.784197448882242201e-02
8.748726990787312197e-01 4.835935862596062451e-01 -2.711099678093377083e-02
8.713068927545286613e-01 4.900299648758204007e-01 -2.636161102168112225e-02
8.677924504721280519e-01 4.962672331931549108e-01 -2.559489205786816268e-02
8.643353611930760794e-01 5.023034495401698107e-01 -2.481189782241101718e-02
8.609414465223258484e-01 5.081369615410740170e-01 -2.401366787833775912e-02
8.576163486552306203e-01 5.137663905394226349e-01 -2.320122214595239304e-02
8.543655194930747099e-01 5.191906158942132254e-01 -2.237555980971463881e-02
8.511942109010753876e-01 5.244087592512535201e-01 -2.153765840035911511e-02
8.481074660760602457e-01 5.294201688861824850e-01 -2.068847304686908389e-02
8.451101119852344468e-01 5.342244042087389566e-01 -1.982893589212958094e-02
8.422067528325852814e-01 5.388212205108894315e-01 -1.895995566541008523e-02
8.394017645055031895e-01 5.432105540343440397e-01 -1.808241740426357741e-02
8.366992899510794501e-01 5.473925074259002876e-01 -1.719718231797185554e-02
8.341032354292402529e-01 5.513673356420334404e-01 -1.630508778431015784e-02
8.316172675883285459e-01 5.551354323572675886e-01 -1.540694747114053180e-02
8.292448113079071703e-01 5.586973169241751247e-01 -1.450355157416582594e-02
8.269890482533620579e-01 5.620536219264086197e-01 -1.359566716207669980e-02
8.248529160872751786e-01 5.652050813600094648e-01 -1.268403862029494726e-02
8.228391082834575210e-01 5.681525194723956451e-01 -1.176938818454978733e-02
8.209500744909160597e-01 5.708968402829212030e-01 -1.085241655561169916e-02
8.191880213968205648e-01 5.734390178037455099e-01 -9.933803586643400255e-03
8.175549140396810577e-01 5.757800869749536421e-01 -9.014209034802394063e-03
8.160524775263846564e-01 5.779211353234341431e-01 -8.094273368937211430e-03
8.146821991094255200e-01 5.798632953509401666e-01 -7.174618625453765830e-03
8.134453305835420700e-01 5.816077376530323084e-01 -6.255849304683000142e-03
8.123428909640070250e-01 5.831556647672040405e-01 -5.338553300351047207e-03
8.113756694119563795e-01 5.845083057454184550e-01 -4.423302855033406540e-03
8.105442283753528931e-01 5.856669114435085755e-01 -3.510655534760984305e-03
8.098489069174277244e-01 5.866327505174034895e-01 -2.601155216234449577e-03
8.092898242076917992e-01 5.874071061139028993e-01 -1.695333080391037400e-03
8.088668831538320392e-01 5.879912732417270638e-01 -7.937086063520212842e-04
8.085797741559823670e-01 5.883865568067753182e-01 1.032094399425889176e-04
8.084279789679537087e-01 5.885942702939281901e-01 9.949220278346305145e-04
8.084107746530139194e-01 5.886157350762858398e-01 1.880938899943858551e-03
8.085272376246936954e-01 5.884522803314413686e-01 2.760777630966766965e-03
8.087762477658571036e-01 5.881052435432053693e-01 3.633962711942276096e-03
8.095084086309336513e-01 5.870803103731739858e-01 5.731294166501197870e-03
8.105510860348477120e-01 5.856158265934814366e-01 7.812993388793570970e-03
8.118995970604935275e-01 5.837135123725065711e-01 9.878368009639974801e-03
8.135484841682586454e-01 5.813747672661734311e-01 1.192670858774472209e-02
8.154915269376443732e-01 5.786006968090828817e-01 1.395728227168501964e-02
8.177217530059238682e-01 5.753921427591042193e-01 1.596932679214388417e-02
8.202314484390265115e-01 5.717497168605598645e-01 1.796204481009650369e-02
8.230121677965028804e-01 5.676738379892717345e-01 1.993459864748647198e-02
8.260547441766091792e-01 5.631647725376668356e-01 2.188610542791700683e-02
8.293492995490835407e-01 5.582226778896304253e-01 2.381563265595887033e-02
8.328852557018703306e-01 5.528476488226918839e-01 2.572219426476281962e-02
8.366513461436082544e-01 5.470397666593419528e-01 2.760474716267808173e-02
8.406356293158258053e-01 5.407991509697928079e-01 2.946218831043418210e-02
8.448255034771187111e-01 5.341260136053759267e-01 3.129335236105375978e-02
8.492077236257251638e-01 5.270207148151840881e-01 3.309700989493944562e-02
8.537684208264373353e-01 5.194838211687607954e-01 3.487186628242890801e-02
8.584931243022455583e-01 5.115161649749767614e-01 3.661656120545033616e-02
8.633667866400709379e-01 5.031189048521821361e-01 3.832966886865059319e-02
8.683738124429595251e-01 4.942935870678606958e-01 4.000969892842938525e-02
8.734980907378074866e-01 4.850422072280362040e-01 4.165509816562269763e-02
8.787230314177125745e-01 4.753672718584007750e-01 4.326425292407383438e-02
8.840316059611531552e-01 4.652718593814680892e-01 4.483549233296153791e-02
8.894063926262236741e-01 4.547596799580231886e-01 4.636709232548736487e-02
8.948296262670790702e-01 4.438351336278542059e-01 4.785728046034365413e-02
9.002832528616849794e-01 4.325033661553889242e-01 4.930424154529623043e-02
9.057489887752362412e-01 4.207703219616515389e-01 5.070612405425325292e-02
9.112083847126801750e-01 4.086427935061483496e-01 5.206104732041205024e-02
9.166428942373671118e-01 3.961284664721208548e-01 5.336710947856626586e-02
9.220339466518615579e-01 3.832359601072557465e-01 5.462239611953326884e-02
9.273630239525214591e-01 3.699748620805026755e-01 5.582498960907390784e-02
9.326117414829444563e-01 3.563557572350780078e-01 5.697297901279985144e-02
9.377619318243469726e-01 3.423902496487957192e-01 5.806447055760254744e-02
9.427957313751149648e-01 3.280909774561117098e-01 5.909759854932101347e-02
9.476956689890384533e-01 3.134716199419663729e-01 6.007053665594234287e-02
9.524447559641008310e-01 2.985468964856333729e-01 6.098150945586244126e-02
9.570265766031846866e-01 2.833325570129554549e-01 6.182880414189637769e-02
9.614253785067282676e-01 2.678453637068440862e-01 6.261078226408858804e-02
9.656261617071842940e-01 2.521030638276357538e-01 6.332589138819524899e-02
9.696147657179421397e-01 2.361243536053680703e-01 6.397267654223826039e-02
9.733779535467972366e-01 2.199288332834443138e-01 6.454979132097840577e-02
9.769034917174381771e-01 2.035369535153593867e-01 6.505600851770454440e-02
9.801802253527833741e-01 1.869699534407511243e-01 6.549023015451972685e-02
9.831981474019437783e-01 1.702497908913981617e-01 6.585149678640568605e-02
9.859484611382842711e-01 1.533990652991434334e-01 6.613899596078709475e-02
9.884236351192007275e-01 1.364409339932635412e-01 6.635206972305623951e-02
9.906174498780295767e-01 1.193990226817377431e-01 6.649022106945223776e-02
9.925250357136889967e-01 1.022973310065366792e-01 6.655311926164902969e-02
9.941429010524798215e-01 8.516013414500288314e-02 6.654060393216214286e-02
9.954689509767999933e-01 6.801188149549483586e-02 6.645268792595108998e-02
9.965024956448369498e-01 5.087709353395603040e-02 6.628955884103879259e-02
9.972442484608022850e-01 3.378025795764456191e-02 6.605157924922151758e-02
9.976963139939678538e-01 1.674572624210772173e-02 6.573928559660432991e-02
9.978621657835636816e-01 -2.023882726684272937e-04 6.535338580235833250e-02
9.977466143024011913e-01 -1.704030968090084613e-02 6.489475559234585134e-02
9.973557654819007467e-01 -3.374469515725582458e-02 6.436443362170003735e-02
9.966969703222275934e-01 -5.029272598001757744e-02 6.376361545670440611e-02
9.957787662209482971e-01 -6.666219304291631786e-02 6.309364650106130679e-02
9.946108107498619066e-01 -8.283157606355685820e-02 6.235601396457744749e-02
9.932038086906765928e-01 -9.878011580393934732e-02 6.155233798319954125e-02
9.915694332047191306e-01 -1.144878787348003607e-01 6.068436200803007524e-02
9.897202420590716088e-01 -1.299358136976369593e-01 5.975394258733696118e-02
9.876695898611147495e-01 -1.451058002434824357e-01 5.876303866959730476e-02
9.854315372655789718e-01 -1.599806884530081130e-01 5.771370055730545845e-02
9.830207581134625672e-01 -1.745443301656948443e-01 5.660805864070747595e-02
9.804524454415806112e-01 -1.887816016642233641e-01 5.544831203793001290e-02
9.777422172663946531e-01 -2.026784179717162626e-01 5.423671726332877918e-02
9.749060229977826175e-01 -2.162217390221861102e-01 5.297557703950436098e-02
9.719600512793633573e-01 -2.293995680570079243e-01 5.166722936056356019e-02
9.689206399838821149e-01 -2.422009426813141186e-01 5.031403690510329041e-02
9.658041890170339094e-01 -2.546159190831420727e-01 4.891837688733115946e-02
9.626270765030060517e-01 -2.666355499745485802e-01 4.748263142398281150e-02
9.594055788419635356e-01 -2.782518568576701767e-01 4.600917848351408768e-02
9.561557950455710220e-01 -2.894577972500974039e-01 4.450038347268493732e-02
9.528935756731941042e-01 -3.002472275234448484e-01 4.295859150434107321e-02
9.496344566102110640e-01 -3.106148620173739272e-01 4.138612037914369407e-02
9.463935978522604042e-01 -3.205562290894718447e-01 3.978525430337472718e-02
9.431857273863852864e-01 -3.300676247503564475e-01 3.815823835490404076e-02
9.400250901928379754e-01 -3.391460645142991281e-01 3.650727370006440209e-02
9.369254023304637302e-01 -3.477892340697271156e-01 3.483451355562933865e-02
9.338998100145879944e-01 -3.559954393423759300e-01 3.314205988238969058e-02
9.309608535494566794e-01 -3.637635564877924055e-01 3.143196079001123189e-02
9.281204359376397095e-01 -3.710929823104598957e-01 2.970620862693976877e-02
9.253897959563409659e-01 -3.779835855650846566e-01 2.796673872409145487e-02
9.227794854650760437e-01 -3.844356595525056375e-01 2.621542875689689828e-02
9.202993506903683896e-01 -3.904498763791263150e-01 2.445409868691587885e-02
9.179585172205850796e-01 -3.960272432054645075e-01 2.268451124165067265e-02
9.157653784373125383e-01 -4.011690607670059805e-01 2.090837288929771678e-02
9.137275871082420897e-01 -4.058768844095489436e-01 1.912733526392123781e-02
9.118520498698564625e-01 -4.101524878420478304e-01 1.734299699583689847e-02
9.101449243357063734e-01 -4.139978297729064449e-01 1.555690590178608786e-02
9.086116185771886400e-01 -4.174150235609423998e-01 1.377056148969071220e-02
9.072567927379228125e-01 -4.204063099799604797e-01 1.198541773333558491e-02
9.060843625595379480e-01 -4.229740331660757358e-01 1.020288607316593814e-02
9.050975046154150494e-01 -4.251206197895865402e-01 8.424338600451849665e-03
9.042986630692051442e-01 -4.268485614682323015e-01 6.651111383305464107e-03
9.036895577963022230e-01 -4.281604004159455523e-01 4.884507894393805283e-03
9.032711937284901849e-01 -4.290587183005590277e-01 3.125802501628974044e-03
9.030438713043132948e-01 -4.295461282651588664e-01 1.376243984604996577e-03
9.030071979299991725e-01 -4.296252700506745792e-01 -3.629409589402327399e-04
9.031601003776692504e-01 -4.292988081416413970e-01 -2.090544250848800668e-03
9.037868662734014347e-01 -4.279514907972436499e-01 -5.179383823004132803e-03
9.047412530118855711e-01 -4.258817806908422043e-01 -8.244895800687787255e-03
9.060159755130599013e-01 -4.230930114989350788e-01 -1.128540088263377955e-02
9.076019396212867685e-01 -4.195881994219199940e-01 -1.429919073559222584e-02
9.094882790420268925e-01 -4.153701009886950346e-01 -1.728451542042882053e-02
9.116623933966829796e-01 -4.104412813382344871e-01 -2.023957175922014295e-02
9.141099880515352050e-01 -4.048041923612764603e-01 -2.316249276053967271e-02
9.168151164647212470e-01 -3.984612600311048247e-01 -2.605133821868325233e-02
9.197602258678214682e-01 -3.914149801884812541e-01 -2.890408660100971666e-02
9.229262071542859713e-01 -3.836680219716493423e-01 -3.171862833551086780e-02
9.262924498840555687e-01 -3.752233379980578487e-01 -3.449276060779620651e-02
9.298369033305938780e-01 -3.660842803106506560e-01 -3.722418377249484683e-02
9.335361444914465068e-01 -3.562547209994290087e-01 -3.991049947825532629e-02
9.373654539547164877e-01 -3.457391763002939378e-01 -4.254921059769343344e-02
9.412989004599719989e-01 -3.345429328603071184e-01 -4.513772304345598646e-02
9.453094349118121853e-01 -3.226721747444612487e-01 -4.767334953873544889e-02
9.493689944967008687e-01 -3.101341096473922421e-01 -5.015331539484484125e-02
9.534486174183076646e-01 -2.969370926682919909e-01 -5.257476632967940378e-02
9.575185686036721266e-01 -2.830907459131356552e-01 -5.493477833897758567e-02
9.615484765429538339e-01 -2.686060721101186100e-01 -5.723036960728423994e-02
9.655074812111380522e-01 -2.534955603669960533e-01 -5.945851441757181444e-02
9.693643927835596807e-01 -2.377732821679711950e-01 -6.161615898788326551e-02
9.730878606022318467e-01 -2.214549757078499159e-01 -6.370023913055905540e-02
9.766465515814876097e-01 -2.045581166969534792e-01 -6.570769959518027448e-02
9.800093369651685649e-01 -1.871019738457057879e-01 -6.763551492102376494e-02
9.831454860702478760e-01 -1.691076473559598725e-01 -6.948071158943693038e-02
9.860248653809184916e-01 -1.505980889089497676e-01 -7.124039123206855895e-02
9.886181411009808961e-01 -1.315981018478522835e-01 -7.291175461839310978e-02
9.908969830393745681e-01 -1.121343205053853820e-01 -7.449212611654906779e-02
9.928342675025381148e-01 -9.223516792104710649e-02 -7.597897829630255451e-02
9.944042767063049348e-01 -7.193079152415103594e-02 -7.736995632303499126e-02
9.955828921069472814e-01 -5.125297672163542373e-02 -7.866290177804943773e-02
9.963477789924586325e-01 -3.023503871594873313e-02 -7.985587553406943429e-02
9.966785596764987654e-01 -8.911693278906292204e-03 -8.094717931626131679e-02
9.965569727021776902e-01 1.268109238816996290e-02 -8.193537558891256234e-02
9.959670155925692825e-01 3.450626718076195421e-02 -8.281930542624683922e-02
9.948950688788722463e-01 5.652588009886581194e-02 -8.359810405266222821e-02
9.933299993924997739e-01 7.870127848409215476e-02 -8.427121377254843948e-02
9.912632411188131432e-01 1.009933179291081368e-01 -8.483839405207409257e-02
9.886888522702621529e-01 1.233625810492951502e-01 -8.529972856394894831e-02
9.856035476359670255e-01 1.457696021138931153e-01 -8.565562905991615239e-02
9.820067056922734405e-01 1.681750944083557631e-01 -8.590683599316138730e-02
9.779003504023796589e-01 1.905401771454768023e-01 -8.605441587233002287e-02
9.732891080799449535e-01 2.128265987619191169e-01 -8.609975538872474687e-02
9.681801401286872499e-01 2.349969535283815969e-01 -8.604455241679975774e-02
9.625830528848258183e-01 2.570148885625302970e-01 -8.589080404361611187e-02
9.565097861702267501e-01 2.788452985583924626e-01 -8.564079183394215922e-02
9.499744825010562055e-01 3.004545058264576629e-01 -8.529706458282501624e-02
9.429933391812481691e-01 3.218104235658096335e-01 -8.486241884561297744e-02
9.355844457358125643e-01 3.428827006525119736e-01 -8.433987756574075345e-02
9.277676093018879522e-01 3.636428466156658712e-01 -8.373266714256191734e-02
9.195641706937262017e-01 3.840643358722469203e-01 -8.304419329489885759e-02
9.109968138920050418e-01 4.041226906923974793e-01 -8.227801608084925333e-02
9.020893716806143159e-01 4.237955427573404932e-01 -8.143782443109115476e-02
8.928666300698515634e-01 4.430626735425750584e-01 -8.052741054206176419e-02
8.833541340098125527e-01 4.619060341009445514e-01 -7.955064445775077153e-02
8.735779967189190032e-01 4.803097451265505580e-01 -7.851144914540716946e-02
8.635647147380118849e-01 4.982600784460429755e-01 -7.741377634227526727e-02
8.533409905787382455e-01 5.157454213050287617e-01 -7.626158341867599055e-02
8.429335645746072192e-01 5.327562249924033821e-01 -7.505881146846600516e-02
8.323690572723717596e-01 5.492849394741240454e-01 -7.380936480223865281e-02
8.216738234280699382e-01 5.653259357915436656e-01 -7.251709198260647415e-02
8.108738184031225593e-01 5.808754180203932194e-01 -7.118576850545271784e-02
7.999944774974369066e-01 5.959313265882847377e-01 -6.981908119696758619e-02
7.890606085135682957e-01 6.104932347154363725e-01 -6.842061436426528920e-02
7.780962976226627470e-01 6.245622396799096476e-01 -6.699383770794371806e-02
7.671248284020920627e-01 6.381408505199914760e-01 -6.554209597848988100e-02
7.561686137383366590e-01 6.512328736775264693e-01 -6.406860033520933584e-02
7.452491401377738800e-01 6.638432979619586227e-01 -6.257642134649928078e-02
7.343869238627590557e-01 6.759781800802816543e-01 -6.106848355381534060e-02
7.236014782101973797e-01 6.876445318373558546e-01 -5.954756150853023761e-02
7.129112911735686620e-01 6.988502099680066193e-01 -5.801627718089732988e-02
7.023338126754785637e-01 7.096038094203470648e-01 -5.647709863330364899e-02
6.918854505243490216e-01 7.199145607717207795e-01 -5.493233984566875394e-02
6.815815742336552852e-01 7.297922323268518641e-01 -5.338416157893182551e-02
6.714365258428939276e-01 7.392470373240318526e-01 -5.183457316276818272e-02
6.614636368939010858e-01 7.482895465607920515e-01 -5.028543509568039055e-02
6.516752507419540930e-01 7.569306066464019933e-01 -4.873846234911646119e-02
6.420827494160943338e-01 7.651812639952003670e-01 -4.719522827198947140e-02
6.326965842852623201e-01 7.730526945923866800e-01 -4.565716899763773429e-02
6.235263098342579413e-01 7.805561394923634655e-01 -4.412558826162528425e-02
6.145806199045530382e-01 7.877028459486966616e-01 -4.260166254561563448e-02
6.058673858081037311e-01 7.945040140237408233e-01 -4.108644646966214814e-02
5.973936957762605582e-01 8.009707484843172631e-01 -3.958087836247687480e-02
5.891658952595830723e-01 8.071140157568060802e-01 -3.808578594642379744e-02
5.811896276469318279e-01 8.129446056898268491e-01 -3.660189208101507358e-02
5.734698750229366704e-01 8.184730978545288194e-01 -3.512982051547582085e-02
5.660109986312634733e-01 8.237098321005708046e-01 -3.367010160741152475e-02
5.588167787566227229e-01 8.286648830793498233e-01 -3.222317797070880369e-02
5.518904537808932975e-01 8.333480384441761535e-01 -3.078941002148780429e-02
5.452347582079096755e-01 8.377687804391671378e-01 -2.936908139618040967e-02
5.388519594872918095e-01 8.419362705939874569e-01 -2.796240422062213835e-02
5.327438935001834741e-01 8.458593372495837315e-01 -2.656952421341676751e-02
5.269119985989640931e-01 8.495464656502069722e-01 -2.519052561076896152e-02
5.213573481190165726e-01 8.530057903487940907e-01 -2.382543590349557941e-02
5.160806813036070695e-01 8.562450896857660698e-01 -2.247423038003997647e-02
5.110824326030425357e-01 8.592717821151208968e-01 -2.113683647204786173e-02
5.063627593266948335e-01 8.620929241660358899e-01 -1.981313790144306405e-02
5.019215676414223726e-01 8.647152098427792755e-01 -1.850297862999330037e-02
4.977585369225852041e-01 8.671449712803346310e-01 -1.720616661410635795e-02
4.938731424744388088e-01 8.693881804875920327e-01 -1.592247736907332484e-02
4.902646766454115679e-01 8.714504520240921037e-01 -1.465165734820346455e-02
4.869322683708101063e-01 8.733370464700302982e-01 -1.339342714330097640e-02
4.838749011810461464e-01 8.750528745624283067e-01 -1.214748451374087802e-02
4.810914297177111276e-01 8.766025018830172488e-01 -1.091350725203269964e-02
4.785805948029052126e-01 8.779901539953939293e-01 -9.691155894237494725e-03
4.763410371093099172e-01 8.792197219403931063e-01 -8.480076283945429255e-03
4.743713094797160634e-01 8.802947680093502481e-01 -7.279901998745632284e-03
4.726698879452139734e-01 8.812185317250185168e-01 -6.090256648243200059e-03
4.712351814911339143e-01 8.819939359693538261e-01 -4.910756052714615287e-03
4.700655406192014718e-01 8.826235932062218570e-01 -3.741010311455284648e-03
4.691592647533396887e-01 8.831098117553313198e-01 -2.580625769772625436e-03
4.685146085351930556e-01 8.834546020813864864e-01 -1.429206893425096414e-03
4.681297870538467798e-01 8.836596830696165084e-01 -2.863580591102132637e-04
4.680029800524364569e-01 8.837264882655122555e-01 8.483147306297534988e-04
4.681323351524512288e-01 8.836561720628145489e-01 1.975202199981021881e-03
4.685159701345819050e-01 8.834496158295936930e-01 3.094690212098280546e-03
4.691519743130059261e-01 8.831074339676679985e-01 4.207158233512283199e-03
4.700384090380770319e-01 8.826299799056650519e-01 5.312977843537681523e-03
4.711733073605369748e-01 8.820173520307649229e-01 6.412511281861860320e-03
4.728577523570900998e-01 8.811003737179661233e-01 8.227554913707441075e-03
4.749466526960373081e-01 8.799573656703655322e-01 1.003627998890386716e-02
4.774371707400152376e-01 8.785861267885451964e-01 1.183980811592176725e-02
4.803263988470290458e-01 8.769837726110678577e-01 1.363922332232719685e-02
4.836113434281240631e-01 8.751467459957947836e-01 1.543556802717103819e-02
4.872889060663562200e-01 8.730708275760041825e-01 1.722983892905945169e-02
4.913558617429938935e-01 8.707511461666815888e-01 1.902298278504745838e-02
4.958088342130500537e-01 8.681821893175789562e-01 2.081589205759551073e-02
5.006442685709476814e-01 8.653578142309023002e-01 2.260940040909581103e-02
5.058584010486154581e-01 8.622712592828273293e-01 2.440427802594740195e-02
5.114472260928581981e-01 8.589151564094242852e-01 2.620122675687636821e-02
5.174064607767177026e-01 8.552815446389241405e-01 2.800087505320164594e-02
5.237315066110221906e-01 8.513618850734360199e-01 2.980377270208203061e-02
5.304174088376935048e-01 8.471470776440183093e-01 3.161038534749106843e-02
5.374588133059327033e-01 8.426274799831314777e-01 3.342108879779877306e-02
5.448499210564080597e-01 8.377929287775993661e-01 3.523616312343674783e-02
5.525844407672816372e-01 8.326327639828200455e-01 3.705578655322847026e-02
5.606555392495647938e-01 8.271358562945626547e-01 3.888002918361638943e-02
5.690557902180627403e-01 8.212906382876198341e-01 4.070884652124447112e-02
5.777771216081882821e-01 8.150851396401249671e-01 4.254207288618160054e-02
5.868107617582253299e-01 8.085070268676409766e-01 4.437941471051083664e-02
5.961471848311504784e-01 8.015436479912591006e-01 4.622044377505946100e-02
6.057760559096861952e-01 7.941820825578689291e-01 4.806459043568725442e-02
6.156861762625186474e-01 7.864091974173715860e-01 4.991113689974477352e-02
6.258654293480436781e-01 7.782117086397142280e-01 5.175921062299650155e-02
6.363007281938743986e-01 7.695762499230049958e-01 5.360777790738222026e-02
6.469779648646717396e-01 7.604894478013677350e-01 5.545563779033978180e-02
6.578819628064088709e-01 7.509380039063887624e-01 5.730141632687272418e-02
6.689964329304144419e-01 7.409087844678261536e-01 5.914356137591746804e-02
6.803039343736111411e-01 7.303889171566461114e-01 6.098033801260625830e-02
6.917858409401139719e-01 7.193658952755535019e-01 6.280982469744945951e-02
7.034223142912773286e-01 7.078276891883857891e-01 6.462991034194699724e-02
7.151922850035894452e-01 6.957628647497542396e-01 6.643829241731559476e-02
7.270734426534126715e-01 6.831607083502992950e-01 6.823247625847851661e-02
7.390422361111393945e-01 6.700113580315164574e-01 7.000977571877119165e-02
7.510738852313884051e-01 6.563059399485648981e-01 7.176731533150748632e-02
7.631424051068305126e-01 6.420367092717259583e-01 7.350203413215816717e-02
7.752206440075900540e-01 6.271971944199182802e-01 7.521069128894951328e-02
7.872803360525696403e-01 6.117823433164043534e-01 7.688987367975536058e-02
7.992921695505098567e-01 5.957886701518838590e-01 7.853600553883639812e-02
8.112258718046608807e-01 5.792144009387479864e-01 8.014536027795308992e-02
8.230503109939100170e-01 5.620596159483535192e-01 8.171407456241873424e-02
8.347336155243106903e-01 5.443263869474701533e-01 8.323816469366883408e-02
8.462433109886005056e-01 5.260189069978378207e-01 8.471354531595787218e-02
8.575464745792333865e-01 5.071436104616964258e-01 8.613605042608919737e-02
8.686099064759529309e-01 4.877092807740106561e-01 8.750145662207561847e-02
8.794003173769179282e-01 4.677271435065086802e-01 8.880550847996955544e-02
8.898845309694561889e-01 4.472109422666596945e-01 9.004394589867262266e-02
9.000296997509689145e-01 4.261769950524950668e-01 9.121253320143545007e-02
9.098035322221939003e-01 4.046442288265523213e-01 9.230708973130080652e-02
9.191745290952042513e-01 3.826341902823027219e-01 9.332352162741933133e-02
9.281122257994799396e-01 3.601710310552073135e-01 9.425785442161052630e-02
9.365874382441067292e-01 3.372814659766162904e-01 9.510626605147509682e-02
9.445725085157691270e-01 3.139947033780036700e-01 9.586511984952979237e-02
9.520415469734325731e-01 2.903423469186545147e-01 9.653099703892217831e-02
9.589706670531626953e-01 2.663582689222621647e-01 9.710072824684301551e-02
9.653382090304388763e-01 2.420784557546956095e-01 9.757142353811963653e-02
9.711249490103710524e-01 2.175408263419109645e-01 9.794050047467599274e-02
9.763142895333626337e-01 1.927850254972183486e-01 9.820570972224093587e-02
9.808924283966816704e-01 1.678521942832671976e-01 9.836515775409930551e-02
9.848485025992363973e-01 1.427847201580708103e-01 9.841732624256185891e-02
9.881747047120366112e-01 1.176259701283458858e-01 9.836108778144156406e-02
9.908663694511770093e-01 9.242001054072612742e-02 9.819571764594597907e-02
9.929220287711519877e-01 6.721131746729812340e-02 9.792090136836120728e-02
9.943434343884445248e-01 4.204448187437993811e-02 9.753673798666227801e-02
9.951355472709023653e-01 1.696391389381027640e-02 9.704373890638326450e-02
9.953064942681769667e-01 -7.986449460689378638e-03 9.644282240116611171e-02
9.948674926925834550e-01 -3.276342887416532068e-02 9.573530386174025630e-02
9.938327442685105373e-01 -5.732487553957203025e-02 9.492288198406272082e-02
9.922193004334941557e-01 -8.162992841390083465e-02 9.400762116251666634e-02
9.900469014787418587e-01 -1.056392525137919980e-01 9.299193042123343744e-02
9.873377924473871747e-01 -1.293152552904641706e-01 9.187853927392795883e-02
9.841165190543839092e-01 -1.526222786285562349e-01 9.067047094870196722e-02
9.804097071455772916e-01 -1.755267645582502534e-01 8.937101344812649339e-02
9.762458293716543833e-01 -1.979973933367574213e-01 8.798368893610471198e-02
9.716549628155656260e-01 -2.200051931259920657e-01 8.651222195156346717e-02
9.666685412832218827e-01 -2.415236210510443571e-01 8.496050694540256687e-02
9.613191058534179545e-01 -2.625286159534885311e-01 8.333257562222422254e-02
9.556400570931601335e-01 -2.829986236413481460e-01 8.163256454338166379e-02
9.496654120899397089e-01 -3.029145958729017596e-01 7.986468341429511786e-02
9.434295691453645771e-01 -3.222599646863925082e-01 7.803318443842421903e-02
9.369670826279675735e-01 -3.410205939968474209e-01 7.614233307448863008e-02
9.303124501100676902e-01 -3.591847106220799613e-01 7.419638048423198018e-02
9.234999135269167381e-01 -3.767428170725458103e-01 7.219953790690668283e-02
9.165632757077706305e-01 -3.936875885462960412e-01 7.015595314527774129e-02
9.095357332484818036e-01 -4.100137566149691937e-01 6.806968929769460774e-02
9.024497263327082575e-01 -4.257179820752293176e-01 6.594470582285402727e-02
8.953368057712316475e-01 -4.407987193790264824e-01 6.378484197924851051e-02
8.882275172218218051e-01 -4.552560749529686035e-01 6.159380264071320082e-02
8.811513022795576244e-01 -4.690916615797014466e-01 5.937514645347453934e-02
8.741364158919299188e-01 -4.823084508502624157e-01 5.713227626898528810e-02
8.672098593553827506e-01 -4.949106255133768340e-01 5.486843176072897510e-02
8.603973279899442828e-01 -5.069034333525909153e-01 5.258668411205524168e-02
8.537231724649472220e-01 -5.182930440213008305e-01 5.028993264578834194e-02
8.472103726594188977e-01 -5.290864100646935908e-01 4.798090325454757582e-02
8.408805228827769263e-01 -5.392911331610805714e-01 4.566214848305922419e-02
8.347538272518251201e-01 -5.489153364269527824e-01 4.333604910979717284e-02
8.288491040152772271e-01 -5.579675434533551970e-01 4.100481707460119918e-02
8.231837976336192630e-01 -5.664565645781238779e-01 3.867049960101225092e-02
8.177739974565718661e-01 -5.743913907506933425e-01 3.633498436646016849e-02
8.126344618893653893e-01 -5.817810952144618630e-01 3.400000557968568815e-02
8.077786469993674112e-01 -5.886347431164432598e-01 3.166715083244692197e-02
8.032187385834211879e-01 -5.949613090550260885e-01 2.933786860125722762e-02
7.989656867910127636e-01 -6.007696024936022283e-01 2.701347628427305109e-02
7.950292424768372612e-01 -6.060682008998404813e-01 2.469516866818459097e-02
7.914179945365753532e-01 -6.108653904164533799e-01 2.238402672979050712e-02
7.881394075601294569e-01 -6.151691138282783244e-01 2.008102668663241941e-02
7.851998592159182833e-01 -6.189869255611176735e-01 1.778704922043824674e-02
7.826046768570908974e-01 -6.223259534287460815e-01 1.550288880602459368e-02
7.803581729149409174e-01 -6.251928668344932660e-01 1.322926308661976497e-02
7.784636787158651927e-01 -6.275938511315505286e-01 1.096682224420327326e-02
7.769235764255806309e-01 -6.295345878503896264e-01 8.716158320353143210e-03
7.757393288878333681e-01 -6.310202405112366186e-01 6.477814449210191755e-03
7.749115071844758784e-01 -6.320554457532965298e-01 4.252293969488714874e-03
7.744398157996245091e-01 -6.326443095293466934e-01 2.040069386982013965e-03
7.743231153228159469e-01 -6.327904081334435604e-01 -1.584088372618163744e-04
7.745594426748650951e-01 -6.324967938499440612e-01 -2.342703694963040907e-03
7.751460288857551229e-01 -6.317660050330247135e-01 -4.512383254488720047e-03
7.760793144966348089e-01 -6.306000804466485032e-01 -6.667012518736019355e-03
7.773549626981374194e-01 -6.290005777148166555e-01 -8.806145534326879215e-03
7.793197647017312546e-01 -6.265093057168809043e-01 -1.211640894318948003e-02
7.817968579242228211e-01 -6.233428680517704157e-01 -1.540633416855990805e-02
7.847752855727661014e-01 -6.194989746566150757e-01 -1.867578835983510835e-02
7.882423948639264433e-01 -6.149741911141644035e-01 -2.192452723908067808e-02
7.921838223174317850e-01 -6.097640310434617739e-01 -2.515217631116837757e-02
7.965834738028073625e-01 -6.038630598712764197e-01 -2.835821286261333563e-02
8.014235006289899266e-01 -5.972650101409394674e-01 -3.154194883142556055e-02
8.066842731053001092e-01 -5.899629085195396971e-01 -3.470251464815223008e-02
8.123443531398977235e-01 -5.819492146407411193e-01 -3.783884416734505096e-02
8.183804675773286297e-01 -5.732159718664131542e-01 -4.094966082845239580e-02
8.247674841074776886e-01 -5.637549699637032230e-01 -4.403346520504976269e-02
8.314783917007918523e-01 -5.535579195733304481e-01 -4.708852412074576721e-02
8.384842876348147511e-01 -5.426166381884559575e-01 -5.011286152831348484e-02
8.457543732698217243e-01 -5.309232471708583700e-01 -5.310425136479377667e-02
8.532559608008490892e-01 -5.184703791025352393e-01 -5.606021260861399069e-02
8.609544932531681960e-01 -5.052513945075578494e-01 -5.897800677421083382e-02
8.688135799912667379e-01 -4.912606066835817908e-01 -6.185463808423679460e-02
8.767950499703580647e-01 -4.764935130589095791e-01 -6.468685655813900814e-02
8.848590248670181735e-01 -4.609470311451153157e-01 -6.747116424771033849e-02
8.929640140747502342e-01 -4.446197367944909606e-01 -7.020382483416211239e-02
9.010670333348285155e-01 -4.275121021053612247e-01 -7.288087677649902896e-02
9.091237484875980268e-01 -4.096267299579340881e-01 -7.549815016679721491e-02
9.170886454711149050e-01 -3.909685818218942566e-01 -7.805128740393481312e-02
9.249152272614312720e-01 -3.715451951690555421e-01 -8.053576774323707721e-02
9.325562379434876314e-01 -3.513668865659232976e-01 -8.294693571557357203e-02
9.399639135281966373e-01 -3.304469363285276740e-01 -8.528003333630919391e-02
9.470902584981377714e-01 -3.088017505119637907e-01 -8.753023594325834433e-02
9.538873463833936750e-01 -2.864509959955499063e-01 -8.969269141502431153e-02
9.603076419563451038e-01 -2.634177045255746141e-01 -9.176256242893668369e-02
9.663043419093250153e-01 -2.397283418028082758e-01 -9.373507132383354645e-02
9.718317301648284889e-01 -2.154128380592478798e-01 -9.560554704021753669e-02
9.768455432900645663e-01 -1.905045770613398581e-01 -9.736947352224091523e-02
9.813033408732998453e-01 -1.650403411032105583e-01 -9.902253888616949218e-02
9.851648751965218498e-01 -1.390602103052668570e-01 -1.005606845921350190e-01
9.883924541344513148e-01 -1.126074153966385855e-01 -1.019801538036982369e-01
9.909512909485410637e-01 -8.572814411373377852e-02 -1.032775380862891029e-01
9.928098345471224606e-01 -5.847130236517150692e-02 -1.044498215837338373e-01
9.939400738647706790e-01 -3.088823236394619073e-02 -1.054944218238777348e-01
9.943178102840850574e-01 -3.032390975365374663e-03 -1.064092263409473771e-01
9.939228924826097877e-01 2.504100746374134101e-02 -1.071926243639314130e-01
9.927394087295030589e-01 5.327537867115282599e-02 -1.078435329059699299e-01
9.907558324653756854e-01 8.161318029534905816e-02 -1.083614166974920939e-01
9.879651179510351433e-01 1.099963414834226050e-01 -1.087463015325345617e-01
9.843647438361847746e-01 1.383667029970172824e-01 -1.089987807392735902e-01
9.799567036411994669e-01 1.666664604447938014e-01 -1.091200146375175678e-01
9.747474433237613978e-01 1.948386031226525261e-01 -1.091117230024181428e-01
9.687477472753259766e-01 2.228273410895199869e-01 -1.089761707093990090e-01
9.619725752183282408e-01 2.505785134510380430e-01 -1.087161468847438889e-01
9.544408535144285333e-01 2.780399713611537149e-01 -1.083349380242261961e-01
9.461752253120757628e-01 3.051619299595281221e-01 -1.078362956639887654e-01
9.372017647295117770e-01 3.318972843113341953e-01 -1.072243992897922021e-01
9.275496608657101127e-01 3.582018853709248996e-01 -1.065038152499206553e-01
9.172508778434492749e-01 3.840347730145742267e-01 -1.056794524917215872e-01
9.063397973109625916e-01 4.093583642416098733e-01 -1.047565159713280125e-01
8.948528498647149165e-01 4.341385956903699994e-01 -1.037404585910131349e-01
8.828281417165640965e-01 4.583450206209043754e-01 -1.026369325002820521e-01
8.703050826309326471e-01 4.819508614498310695e-01 -1.014517405574773129e-01
8.573240207236586530e-01 5.049330197592364344e-01 -1.001907886912825757e-01
8.439258891694042530e-01 5.272720464220060910e-01 -9.886003982943043777e-02
8.301518692362700458e-01 5.489520750778696945e-01 -9.746546997878827168e-02
8.160430733824527438e-01 5.699607226513646596e-01 -9.601302695049981906e-02
8.016402514373458521e-01 5.902889609243298086e-01 -9.450859212957364586e-02
7.869835221734053921e-01 6.099309633660510155e-01 -9.295794559354172981e-02
7.721121318774970543e-01 6.288839314927128221e-01 -9.136673479249246554e-02
7.570642408699934656e-01 6.471479049866177835e-01 -8.974044691538723972e-02
7.418767383115032477e-01 6.647255596693256718e-01 -8.808438498707213404e-02
7.265850850918300630e-01 6.816219972074263334e-01 -8.640364766825890663e-02
7.112231841208720429e-01 6.978445301515976418e-01 -8.470311266793681404e-02
6.958232769405050533e-01 7.134024655851732843e-01 -8.298742362469545275e-02
6.804158652507963367e-01 7.283068903030467389e-01 -8.126098027038662630e-02
6.650296556913189994e-01 7.425704600694275070e-01 -7.952793165618445015e-02
6.496915260349452881e-01 7.562071951261382097e-01 -7.779217219689528451e-02
6.344265108317647117e-01 7.692322837523508650e-01 -7.605734027358980465e-02
6.192578044780940871e-01 7.816618953205236586e-01 -7.432681912640283495e-02
6.042067796726472428e-01 7.935130039585465145e-01 -7.260373976770861937e-02
5.892930192512858545e-01 8.048032236196683842e-01 -7.089098564983184469e-02
5.745343594558863787e-01 8.155506550829443313e-01 -6.919119883000615645e-02
5.599469427845533698e-01 8.257737451595691391e-01 -6.750678738748966401e-02
5.455452786829929623e-01 8.354911581651630614e-01 -6.583993386270579895e-02
5.313423104642636119e-01 8.447216595344539947e-01 -6.419260450519273520e-02
5.173494869809701635e-01 8.534840113016627372e-01 -6.256655913530484447e-02
5.035768377156366604e-01 8.617968790454438865e-01 -6.096336144340194080e-02
4.900330500975733639e-01 8.696787497992375382e-01 -5.938438956916956141e-02
4.767255479948668828e-01 8.771478603538546137e-01 -5.783084682231503376e-02
4.636605704656303617e-01 8.842221353264125838e-01 -5.630377242384435044e-02
4.508432499814327699e-01 8.909191343357011350e-01 -5.480405216418973019e-02
4.382776894564903714e-01 8.972560076060697165e-01 -5.333242889044283869e-02
4.259670375278183374e-01 9.032494593175026676e-01 -5.188951274973165745e-02
4.139135616335709589e-01 9.089157180263520708e-01 -5.047579112928936296e-02
4.021187185290350796e-01 9.142705134970936509e-01 -4.909163824597358172e-02
3.905832219622354384e-01 9.193290593085384765e-01 -4.773732434891173049e-02
3.793071073041176522e-01 9.241060406264585136e-01 -4.641302450860688988e-02
3.682897929922122060e-01 9.286156065670804205e-01 -4.511882697429434735e-02
3.575301387020711208e-01 9.328713666110870495e-01 -4.385474108866109499e-02
3.470265002082136840e-01 9.368863905645471446e-01 -4.262070475530935904e-02
3.367767809364585752e-01 9.406732116006758515e-01 -4.141659145964588645e-02
3.267784802430229174e-01 9.442438319537594937e-01 -4.024221684829985823e-02
3.170287384832989330e-01 9.476097308733740787e-01 -3.909734487580168727e-02
3.075243789554213958e-01 9.507818744827155610e-01 -3.798169353017877975e-02
2.982619468212357461e-01 9.537707272190955043e-01 -3.689494015142481820e-02
2.892377451206542549e-01 9.565862645671747710e-01 -3.583672635855422034e-02
2.804478680051895045e-01 9.592379868261472486e-01 -3.480666260223520131e-02
2.718882313231839043e-01 9.617349336807239357e-01 -3.380433236087001386e-02
2.635546006933677798e-01 9.640856993723696533e-01 -3.282929599852007357e-02
2.554426172052881028e-01 9.662984482917894580e-01 -3.188109430331158983e-02
2.475478208852252560e-01 9.683809308361940316e-01 -3.095925172495243502e-02
2.398656720647830976e-01 9.703404993954335422e-01 -3.006327932978745607e-02
2.323915707866857083e-01 9.721841243497736373e-01 -2.919267749145450577e-02
2.251208743786931588e-01 9.739184099789691684e-01 -2.834693833471121222e-02
2.180489133221783227e-01 9.755496101974909795e-01 -2.752554794941129007e-02
2.111710055369722117e-01 9.770836440443733117e-01 -2.672798839094409767e-02
2.044824691987478515e-01 9.785261108682929976e-01 -2.595373948273304449e-02
1.979786341996062349e-01 9.798823051592784328e-01 -2.520228043563561490e-02
1.916548523567665196e-01 9.811572309879805776e-01 -2.447309129831469476e-02
1.855065064684396914e-01 9.823556160218333000e-01 -2.376565425187045569e-02
1.795290183101569403e-01 9.834819250947850477e-01 -2.307945476124396642e-02
1.737178556590944500e-01 9.845403733136953717e-01 -2.241398259513664379e-02
1.680685384283329697e-01 9.855349386900514874e-01 -2.176873272543971422e-02
1.625766439875530045e-01 9.864693742904560025e-01 -2.114320611644045222e-02
1.572378117414243714e-01 9.873472199034479813e-01 -2.053691041337077361e-02
1.520477470319213931e-01 9.881718132237186092e-01 -1.994936053919154142e-02
1.470022244260001942e-01 9.889463005577355803e-01 -1.938007920786481014e-02
1.420970904455176320e-01 9.896736470572641275e-01 -1.882859736175715101e-02
1.373282657919608629e-01 9.903566464893177601e-01 -1.829445454024094045e-02
1.326917471144896110e-01 9.909979305527408799e-01 -1.777719918601698007e-02
1.281836083659712577e-01 9.915999777529692638e-01 -1.727638889517094448e-02
1.238000017881039500e-01 9.921651218475677769e-01 -1.679159061649707074e-02
1.195371585633713402e-01 9.926955598759489297e-01 -1.632238080517456683e-02
1.153913891684453519e-01 9.931933597872644182e-01 -1.586834553546421014e-02
1.113590834607412067e-01 9.936604676808638015e-01 -1.542908057670341372e-02
1.074367105271235440e-01 9.940987146739550528e-01 -1.500419143651641855e-02
1.036208183212524725e-01 9.945098234112078606e-01 -1.459329337482069729e-02
9.990803311373437634e-02 9.948954142310298954e-01 -1.419601139190001214e-02
9.629505877709353123e-02 9.952570110031383477e-01 -1.381198019352724606e-02
9.277867592559661813e-02 9.955960466518616325e-01 -1.344084413585482432e-02
8.935574092813314273e-02 9.959138683793500313e-01 -1.308225715254593587e-02
8.602318481067060263e-02 9.962117426025655087e-01 -1.273588266639447304e-02
8.277801206325395567e-02 9.964908596175672262e-01 -1.240139348747435616e-02
7.961729936509652494e-02 9.967523380042223602e-01 -1.207847169966854046e-02
7.653819424000306293e-02 9.969972287840589420e-01 -1.176680853725318998e-02
7.353791365316937612e-02 9.972265193435450037e-01 -1.146610425305231301e-02
7.061374255930639998e-02 9.974411371346334487e-01 -1.117606797953135667e-02
6.776303241103411035e-02 9.976419531639583171e-01 -1.089641758406395024e-02
6.498319963557414036e-02 9.978297852816122582e-01 -1.062687951948320005e-02
6.227172408693301686e-02 9.980054012799781660e-01 -1.036718867091677120e-02
5.962614748000455434e-02 9.981695218126345193e-01 -1.011708819980263255e-02
5.704407181232402230e-02 9.983228231429059907e-01 -9.876329385888995768e-03
5.452315777857298651e-02 9.984659397311915763e-01 -9.644671467936957038e-03
5.206112318235717185e-02 9.985994666697719513e-01 -9.421881483766950116e-03
4.965574134925555827e-02 9.987239619733779827e-01 -9.207734110219693152e-03
4.730483954466285779e-02 9.988399487333948779e-01 -9.002011503538399212e-03
4.500629739951576141e-02 9.989479171431809856e-01 -8.804503140620895119e-03
4.275804534660164469e-02 9.990483264015991294e-01 -8.615005661537637402e-03
4.055806306979407860e-02 9.991416065014901982e-01 -8.433322713663884973e-03
3.840437796823858996e-02 9.992281599094630096e-01 -8.259264797731032809e-03
3.629506363722235368e-02 9.993083631430365044e-01 -8.092649116063050166e-03
3.422823836719980639e-02 9.993825682508414854e-01 -7.933299423228630520e-03
3.220206366221037980e-02 9.994511042012775848e-01 -7.781045879307747597e-03
3.021474277871201083e-02 9.995142781847229374e-01 -7.635724905942608241e-03
2.826451928566319979e-02 9.995723768341054916e-01 -7.497179045317063986e-03
2.634967564651485156e-02 9.996256673683757699e-01 -7.365256822185265763e-03
2.446853182361940354e-02 9.996743986631572154e-01 -7.239812609049436735e-03
2.261944390542716329e-02 9.997188022526052320e-01 -7.120706494567853768e-03
2.080080275671690113e-02 9.997590932662685503e-01 -7.007804155257332454e-03
1.901103269199825793e-02 9.997954713045225095e-01 -6.900976730539475773e-03
1.724859017212608536e-02 9.998281212559303466e-01 -6.800100701166524042e-03
1.551196252408054525e-02 9.998572140596844182e-01 -6.705057771050685483e-03
1.379966668379041528e-02 9.998829074160892061e-01 -6.615734752510197235e-03
1.211024796180979607e-02 9.999053464478608877e-01 -6.532023454935922784e-03
1.044227883159935810e-02 9.999246643148476110e-01 -6.453820576873935642e-03
8.794357740111767921e-03 9.999409827846067467e-01 -6.381027601512161314e-03
7.165107940336060306e-03 9.999544127611204036e-01 -6.313550695552652171e-03
5.553176345417123669e-03 9.999650547737795048e-01 -6.251300611445351381e-03
3.957232403933350941e-03 9.999729994286269408e-01 -6.194192592954215516e-03
2.375966995887422196e-03 9.999783278237147632e-01 -6.142146284022201828e-03
8.080913489417105265e-04 9.999811119303020357e-01 -6.095085640897827950e-03
-7.476640255895767792e-04 9.999814149415005016e-01 -6.052938847482754008e-03
-2.292550377495023491e-03 9.999792915898578771e-01 -6.015638233856981758e-03
-3.827801743683112955e-03 9.999747884352588878e-01 -5.983120197935857566e-03
-5.354635955986657841e-03 9.999679441244209155e-01 -5.955325130210984384e-03
-6.870167594557477844e-03 9.999587428484643103e-01 -5.944804320685791003e-03
-8.384044045190610153e-03 9.999472177947003049e-01 -5.941105153710999134e-03
-9.897992442722228223e-03 9.999333596610705532e-01 -5.944180587187134282e-03
-1.141372906165483321e-02 9.999171486049215352e-01 -5.953991507813030833e-03
-1.293296128173218248e-02 9.998985542858257469e-01 -5.970506635286824439e-03
-1.445738953003713849e-02 9.998775358605521690e-01 -5.993702435294199181e-03
-1.598870920141995736e-02 9.998540419307766491e-01 -6.023563041118952001e-03
-1.752861255902272292e-02 9.998280104439081217e-01 -6.060080183714532977e-03
-1.907879061662056189e-02 9.997993685471943115e-01 -6.103253130078570635e-03
-2.064093500445203511e-02 9.997680323950622894e-01 -6.153088629775428989e-03
-2.221673982015941531e-02 9.997339069094465236e-01 -6.209600869454470241e-03
-2.380790346640443769e-02 9.996968854926520098e-01 -6.272811435213925327e-03
-2.541613047666628142e-02 9.996568496920992253e-01 -6.342749282661929409e-03
-2.704313333066570707e-02 9.996136688160973671e-01 -6.419450714527387934e-03
-2.869063426079217910e-02 9.995671994995898313e-01 -6.502959365673757763e-03
-3.036036705083897808e-02 9.995172852186129386e-01 -6.593326195368538235e-03
-3.205407882827447652e-02 9.994637557520048565e-01 -6.690609486660134206e-03
-3.377353185119510992e-02 9.994064265886952736e-01 -6.794874852711738251e-03
-3.552050529101692666e-02 9.993450982786942216e-01 -6.906195249938859929e-03
-3.729679701186698615e-02 9.992795557256849426e-01 -7.024650997793030829e-03
-3.910422534753271728e-02 9.992095674189069854e-01 -7.150329805028906791e-03
-4.094463087671592477e-02 9.991348846017908958e-01 -7.283326802285394926e-03
-4.281987819721728983e-02 9.990552403745760479e-01 -7.423744580803377964e-03
-4.473185769954636515e-02 9.989703487279059102e-01 -7.571693237093024033e-03
-4.668248734030980979e-02 9.988799035041525665e-01 -7.727290423352356150e-03
-4.867371441557603179e-02 9.987835772829691816e-01 -7.890661403425579604e-03
-5.070751733424588847e-02 9.986810201873125292e-01 -8.061939114074472695e-03
-5.278590739127579645e-02 9.985718586059063595e-01 -8.241264231318707126e-03
-5.491093054039936083e-02 9.984556938278421612e-01 -8.428785241581146850e-03
-5.708466916577520367e-02 9.983321005847271001e-01 -8.624658517351660100e-03
-5.930924385175017494e-02 9.982006254954914892e-01 -8.829048397057668793e-03
-6.158681514966651144e-02 9.980607854086641639e-01 -9.042127268801132892e-03
-6.391958534035649397e-02 9.979120656366066155e-01 -9.264075657589790000e-03
-6.630980019065702002e-02 9.977539180758715487e-01 -9.495082315654870472e-03
-6.875975070193568461e-02 9.975857592075147995e-01 -9.735344315407812657e-03
-7.127177484824810672e-02 9.974069679708430503e-01 -9.985067144544486004e-03
-7.384825930133889771e-02 9.972168835037237278e-01 -1.024446480275657302e-02
-7.649164113925389918e-02 9.970148027422188752e-01 -1.051375989945570188e-02
-7.920440953484512991e-02 9.967999778719305315e-01 -1.079318375185625394e-02
-8.198910741991843887e-02 9.965716136230631239e-01 -1.108297648269693236e-02
-8.484833312019349205e-02 9.963288644008228001e-01 -1.138338711680868948e-02
-8.778474195561224158e-02 9.960708312423776079e-01 -1.169467367565690981e-02
-9.080104779984018992e-02 9.957965585912093021e-01 -1.201710326889824342e-02
-9.390002459205071261e-02 9.955050308792895430e-01 -1.235095218189650491e-02
-9.708450779326006919e-02 9.951951689071167895e-01 -1.269650595803692786e-02
-1.003573957785848653e-01 9.948658260112619445e-01 -1.305405947456308134e-02
-1.037216511558180787e-01 9.945157840086876755e-01 -1.342391701053509412e-02
-1.071803019996585421e-01 9.941437489067362909e-01 -1.380639230537071722e-02
-1.107364429897747943e-01 9.937483463673331130e-01 -1.420180860628126804e-02
-1.143932364396309798e-01 9.933281169136221056e-01 -1.461049870275176778e-02
-1.181539132016424798e-01 9.928815108669569733e-01 -1.503280494603761661e-02
-1.220217734327545406e-01 9.924068830019120435e-01 -1.546907925145793970e-02
-1.260001872029403447e-01 9.919024869067692984e-01 -1.591968308105732796e-02
-1.300925949273879778e-01 9.913664690367864907e-01 -1.638498740398185508e-02
-1.343025076012795138e-01 9.907968624474711161e-01 -1.686537263167106615e-02
-1.386335068140524263e-01 9.901915801950867957e-01 -1.736122852470387001e-02
-1.430892445178644778e-01 9.895484083917239770e-01 -1.787295406785184212e-02
-1.476734425226497449e-01 9.888649989024814735e-01 -1.840095730958733397e-02
-1.523898916876486320e-01 9.881388616726649587e-01 -1.894565516196474592e-02
-1.572424507766083390e-01 9.873673566734163520e-01 -1.950747315644055235e-02
-1.622350449409780682e-01 9.865476854548874686e-01 -2.008684515082008459e-02
-1.673716637923565731e-01 9.856768822969740329e-01 -2.068421298211592721e-02
-1.726563590221845690e-01 9.847518049487727909e-01 -2.130002605967336315e-02
-1.780932415232072963e-01 9.837691249493457635e-01 -2.193474089246217132e-02
-1.836864779635609679e-01 9.827253175241088545e-01 -2.258882054395112970e-02
-1.894402867604623453e-01 9.816166510532479128e-01 -2.326273400747162420e-02
-1.953589333964059482e-01 9.804391761110552439e-01 -2.395695549444074729e-02
-2.014467250165072609e-01 9.791887140780138887e-01 -2.467196362725280687e-02
-2.077080042411824090e-01 9.778608453309012294e-01 -2.540824052806297043e-02
-2.141471421237443051e-01 9.764508970201888349e-01 -2.616627079408024442e-02
-2.207685301777430331e-01 9.749539304486505298e-01 -2.694654034936192974e-02
-2.275765713940170187e-01 9.733647280704229576e-01 -2.774953516246243118e-02
-2.345756701624882867e-01 9.716777801358684741e-01 -2.857573981864089743e-02
-2.417702210087799841e-01 9.698872710145426401e-01 -2.942563593468118174e-02
-2.491645960508177549e-01 9.679870652364571670e-01 -3.029970040373200849e-02
-2.567631310757711449e-01 9.659706933007332630e-01 -3.119840345694497447e-02
-2.645701101330868443e-01 9.638313373107560977e-01 -3.212220652808460419e-02
-2.725897485350670668e-01 9.615618165061499134e-01 -3.307155990672242668e-02
-2.808261741525784339e-01 9.591545727743954197e-01 -3.404690016512226108e-02
-2.892834068901862232e-01 9.566016562387898992e-01 -3.504864734349618510e-02
-2.979653362224640167e-01 9.538947110347900660e-01 -3.607720187798237749e-02
-3.068756966716282841e-01 9.510249614036609955e-01 -3.713294125549323338e-02
-3.160180411062106232e-01 9.479831982508436505e-01 -3.821621637953451917e-02
-3.253957117414685296e-01 9.447597663366045229e-01 -3.932734763123774124e-02
-3.350118087249283061e-01 9.413445522883738814e-01 -4.046662061021625428e-02
-3.448691561951803264e-01 9.377269736477236162e-01 -4.163428154049358260e-02
-3.549702657091560742e-01 9.338959691901530524e-01 -4.283053232770742819e-02
-3.653172969430081851e-01 9.298399907826752075e-01 -4.405552525511657186e-02
-3.759120155848110212e-01 9.255469970725120898e-01 -4.530935730768707176e-02
-3.867557483540630114e-01 9.210044493298370494e-01 -4.659206411577016677e-02
-3.978493351038967507e-01 9.161993097981969703e-01 -4.790361351267169443e-02
-4.091930779874989876e-01 9.111180429376810608e-01 -4.924389870382008677e-02
-4.207866877010505435e-01 9.057466199776440519e-01 -5.061273104933811107e-02
-4.326292268520500195e-01 9.000705272273061830e-01 -5.200983246668313548e-02
-4.447190505447227160e-01 8.940747786231825200e-01 -5.343482746571338871e-02
-4.570537443238487096e-01 8.877439330212398838e-01 -5.488723483513032603e-02
-4.696300596752331358e-01 8.810621167679991705e-01 -5.636645900680138654e-02
-4.824438473455867626e-01 8.740130521073853354e-01 -5.787178113303556581e-02
-4.954899888170778421e-01 8.665800919977034722e-01 -5.940234992150459498e-02
-5.087623263524119199e-01 8.587462619242399731e-01 -6.095717228319550568e-02
-5.222535921149749072e-01 8.504943092960324247e-01 -6.253510386054302039e-02
-5.359553369650885690e-01 8.418067610085362418e-01 -6.413483951568890729e-02
-5.498578596372557525e-01 8.326659897353089201e-01 -6.575490387258126068e-02
-5.639501371135695607e-01 8.230542894793781983e-01 -6.739364202124648040e-02
-5.782197571239894307e-01 8.129539608665273809e-01 -6.904921050787646286e-02
-5.926528538232875842e-01 8.023474065961495594e-01 -7.071956875015224242e-02
-6.072340478149715892e-01 7.912172373784764901e-01 -7.240247103318547817e-02
-6.219463918117132950e-01 7.795463885778828317e-01 -7.409545925724400628e-02
-6.367713233364871162e-01 7.673182476488435988e-01 -7.579585662360378839e-02
-6.516886259749062882e-01 7.545167922925871684e-01 -7.750076245892713322e-02
-6.666764007827037375e-01 7.411267390776395958e-01 -7.920704839091774474e-02
-6.817110495279622429e-01 7.271337020560560971e-01 -8.091135609798678907e-02
-6.967672715000836625e-01 7.125243606697660992e-01 -8.261009686255559037e-02
-7.118180756407574972e-01 6.972866359796938696e-01 -8.429945316064492433e-02
-7.268348097402624886e-01 6.814098739668815741e-01 -8.597538251875175286e-02
-7.417872083892074198e-01 6.648850343537846541e-01 -8.763362386188373876e-02
-7.566434612754027178e-01 6.477048830806877433e-01 -8.926970656322825992e-02
-7.713703032625767175e-01 6.298641862537839309e-01 -9.087896238556628092e-02
-7.859331274776096832e-01 6.113599030663739997e-01 -9.245654047660484265e-02
-8.002961223625825182e-01 5.921913748928527843e-01 -9.399742554446351150e-02
-8.144224333155924977e-01 5.723605074779698487e-01 -9.549645929539524181e-02
-8.282743491503833377e-01 5.518719429036778035e-01 -9.694836516350562039e-02
-8.418135131521735648e-01 5.307332178258395983e-01 -9.834777630213151212e-02
-8.550011580011807055e-01 5.089549043465445566e-01 -9.968926673938557914e-02
-8.677983632847190432e-01 4.865507298378538015e-01 -1.009673855272959220e-01
-8.801663337349417970e-01 4.635376720715434495e-01 -1.021766936365039874e-01
-8.920666957268893471e-01 4.399360261471990663e-01 -1.033118032685642895e-01
-9.034618089678729813e-01 4.157694399557045339e-01 -1.043674191778246746e-01
-9.143150897241401065e-01 3.910649152713730481e-01 -1.053383815172788535e-01
-9.245913413857705931e-01 3.658527720343571210e-01 -1.062197096505328869e-01
-9.342570876883290465e-01 3.401665739617026341e-01 -1.070066463080962815e-01
-9.432809035123874697e-01 3.140430143017344244e-01 -1.076947014135753306e-01
-9.516337378909156541e-01 2.875217613085893631e-01 -1.082796948668323794e-01
-9.592892236886277901e-01 2.606452638429402335e-01 -1.087577975492899640e-01
-9.662239683920554878e-01 2.334585183780911732e-01 -1.091255698133417884e-01
-9.724178205750981796e-01 2.060087995807599881e-01 -1.093799967347034441e-01
-9.778541068872202979e-01 1.783453575133939206e-01 -1.095185194441750387e-01
-9.825198348491842593e-01 1.505190853388062577e-01 -1.095390619135419435e-01
-9.864058573264601337e-01 1.225821621673765238e-01 -1.094400526481781738e-01
-9.895069952688700932e-01 9.458767634279593994e-02 -1.092204408344302352e-01
-9.919362301677454585e-01 6.733772436935941963e-02 -1.073693275171361539e-01
-9.936029160336934396e-01 4.052344792100197324e-02 -1.054093030554943272e-01
-9.945444478301816993e-01 1.419397382101991734e-02 -1.033435898162080591e-01
-9.948008923614193311e-01 -1.160450707218754068e-02 -1.011758100041000308e-01
-9.944146406966863916e-01 -3.682893219238136950e-02 -9.890993921520371823e-02
-9.934300463540222115e-01 -6.143951478394853172e-02 -9.655025829787200475e-02
-9.918930554821348000e-01 -8.539984638650320592e-02 -9.410130436820275668e-02
-9.898508350458982141e-01 -1.086769550108253879e-01 -9.156782179530094379e-02
-9.873514046453616411e-01 -1.312413205963285368e-01 -8.895471392224574281e-02
-9.844432771044410169e-01 -1.530668500992344583e-01 -8.626699622323309724e-02
-9.811751123794804075e-01 -1.741308151989461317e-01 -8.350975151966720522e-02
-9.775953886867213560e-01 -1.944137561191864316e-01 -8.068808779155761668e-02
-9.737520940581415596e-01 -2.138993554375739903e-01 -7.780709902897563202e-02
-9.696924408323476241e-01 -2.325742860049707095e-01 -7.487182947486580031e-02
-9.654626048940276872e-01 -2.504280372211986627e-01 -7.188724151820446995e-02
-9.611074908115951887e-01 -2.674527239272444512e-01 -6.885818740794089066e-02
-9.566705234042539585e-01 -2.836428820891714331e-01 -6.578938487547029978e-02
-9.521934657092557819e-01 -2.989952552806949826e-01 -6.268539667820134664e-02
-9.477162628263984256e-01 -3.135085757356351754e-01 -5.955061401022750806e-02
-9.432769106951407467e-01 -3.271833434541972507e-01 -5.638924366886710615e-02
-9.385873326317742960e-01 -3.406903396102480830e-01 -5.462534771724457394e-02
-9.338675947250091314e-01 -3.536960737764374696e-01 -5.282442455840383189e-02
-9.291396672274832014e-01 -3.661960913271830598e-01 -5.098939324066817380e-02
-9.244249437209749454e-01 -3.781870708002599279e-01 -4.912310545260516192e-02
-9.197441652930176126e-01 -3.896667435058815965e-01 -4.722833737949621441e-02
-9.151173535471193166e-01 -4.006338107968496764e-01 -4.530778283569166648e-02
-9.105637522356686553e-01 -4.110878600323925602e-01 -4.336404764810455892e-02
-9.061017772098446388e-01 -4.210292801931888040e-01 -4.139964525320719707e-02
-9.017489743016029458e-01 -4.304591780235103582e-01 -3.941699345900268742e-02
-8.975219846888412567e-01 -4.393792954909029325e-01 -3.741841231451192157e-02
-8.934365172455878135e-01 -4.477919292665670237e-01 -3.540612302226396613e-02
-8.895073273436917560e-01 -4.556998528425789674e-01 -3.338224782398865886e-02
-8.857482015500023342e-01 -4.631062418169661909e-01 -3.134881078604234705e-02
-8.821719476522418280e-01 -4.700146027958158057e-01 -2.930773940889059431e-02
-8.787903894464713650e-01 -4.764287062841462417e-01 -2.726086698405258760e-02
-8.756143657279279457e-01 -4.823525238650452351e-01 -2.520993562210485997e-02
-8.726537329438069923e-01 -4.877901699001535585e-01 -2.315659987646929985e-02
-8.699173709900256402e-01 -4.927458479243048139e-01 -2.110243088960100238e-02
