1.000000000000000000e+00 0.000000000000000000e+00 0.000000000000000000e+00
9.999999922895614901e-01 4.866649689489716099e-05 -1.142474575016526702e-04
9.999999279717655121e-01 1.637430730893202075e-04 -3.424103432520937641e-04
9.999997001427171073e-01 3.629175102804275401e-04 -6.841095455069475754e-04
9.999991311071365629e-01 6.638144340536340565e-04 -1.138919017820352788e-03
9.999979566418559784e-01 1.083987920649084761e-03 -1.706365885418364980e-03
9.999958073615673459e-01 1.640914024126142751e-03 -2.385930494725491558e-03
9.999921872482984142e-01 2.351983170727235499e-03 -3.177046388830254229e-03
9.999864494133480219e-01 3.234492354347653486e-03 -4.079100190071500640e-03
9.999777691678675140e-01 4.305637052772919894e-03 -5.091431369523604852e-03
9.999651144860426388e-01 5.582502768882530164e-03 -6.213331881975919270e-03
9.999472139530251047e-01 7.082056084484940513e-03 -7.444045644059586742e-03
9.999225222985391737e-01 8.821135097005532860e-03 -8.782767832492179710e-03
9.998891836265976218e-01 1.081643909107499364e-02 -1.022864397900641494e-02
9.998449924621976015e-01 1.308451727835606079e-02 -1.178076883842166245e-02
9.997873527474191446e-01 1.564175641991732285e-02 -1.343818500652428811e-02
9.997132349322426226e-01 1.850436712635107617e-02 -1.519988126496266481e-02
9.996191313198558026e-01 2.168836861189984630e-02 -1.706479063125268536e-02
9.995010098424779166e-01 2.520957166039218891e-02 -1.903178809324672718e-02
9.993542664620268523e-01 2.908355954311240416e-02 -2.109968800906025788e-02
9.991736764105338953e-01 3.332566661219447252e-02 -2.326724115549146446e-02
9.989533445083055296e-01 3.795095427812890387e-02 -2.553313141042568013e-02
9.986866548236550400e-01 4.297418406693417903e-02 -2.789597205760174781e-02
9.983662199667738824e-01 4.840978744194794625e-02 -3.035430170544339834e-02
9.979838303421433299e-01 5.427183206755993583e-02 -3.290657981543464172e-02
9.975304037189141049e-01 6.057398418810983065e-02 -3.555118183974957657e-02
9.969959355169613069e-01 6.732946679523027500e-02 -3.828639397253524868e-02
9.963694502478380732e-01 7.455101326179729149e-02 -4.111040752438675089e-02
9.956389545945079078e-01 8.225081613107508571e-02 -4.402131293513524696e-02
9.947913926613186630e-01 9.044047076636771432e-02 -4.701709344607222368e-02
9.938126039758766739e-01 9.913091359031030170e-02 -5.009561845912702954e-02
9.926872848768255597e-01 1.083323546746661897e-01 -5.325463661725839126e-02
9.913989539754135549e-01 1.180542044819710423e-01 -5.649176864735902526e-02
9.899299224333659719e-01 1.283049946104020678e-01 -5.980450001423560924e-02
9.882612698539977591e-01 1.390922924536391603e-01 -6.319017344162841665e-02
9.863728266365250352e-01 1.504226097589569655e-01 -6.664598136367072545e-02
9.842431636938006045e-01 1.623013051499824499e-01 -7.016895837753518717e-02
9.818495904795913054e-01 1.747324807759839116e-01 -7.375597377512965735e-02
9.791681623112403754e-01 1.877188733575629598e-01 -7.740372423842703520e-02
9.761736980050778056e-01 2.012617400193246198e-01 -8.110872678916200562e-02
9.728398088630449969e-01 2.153607394333523495e-01 -8.486731208900508139e-02
9.691389400572952839e-01 2.300138089426454202e-01 -8.867561819072078411e-02
9.650424254524907486e-01 2.452170384902390143e-01 -9.252958484401140049e-02
9.605205568805328387e-01 2.609645423462460534e-01 -9.642494846151593302e-02
9.555426688368985344e-01 2.772483297997805352e-01 -1.003572378505536988e-01
9.500772394990246728e-01 2.940581761633702107e-01 -1.043217708144621725e-01
9.440920088728483872e-01 3.113814956212119234e-01 -1.083136517235889218e-01
9.375541147514721008e-01 3.292032176360695228e-01 -1.123277701499973830e-01
9.304302470181430307e-01 3.475056688087851953e-01 -1.163588006516214496e-01
9.226868206429618136e-01 3.662684622547455193e-01 -1.204012037808915719e-01
9.142901675082213409e-01 3.854683967181813942e-01 -1.244492283797640625e-01
9.052067469510282072e-01 4.050793677824121031e-01 -1.284969152077019283e-01
8.954033746347337397e-01 4.250722936462686397e-01 -1.325381019316559106e-01
8.848474690545520271e-01 4.454150580179438434e-01 -1.365664294877556861e-01
8.735073146504859221e-01 4.660724727213811369e-01 -1.405753498036195204e-01
8.613523401463729634e-01 4.870062626111452686e-01 -1.445581348484120399e-01
8.483534103627474732e-01 5.081750753440076318e-01 -1.485078869556057946e-01
8.344831293696794994e-01 5.295345184543250872e-01 -1.524175503415088617e-01
8.197161524613194583e-01 5.510372260216419571e-01 -1.562799237217587511e-01
8.040295040550576866e-01 5.726329569998405145e-01 -1.600876739089533984e-01
7.874028982543606059e-01 5.942687269959801011e-01 -1.638333502582226819e-01
7.698190584754642796e-01 6.158889749435930705e-01 -1.675093998146538476e-01
7.512640322345437438e-01 6.374357657112550424e-01 -1.711081830078392541e-01
7.317274969341558410e-01 6.588490292261424131e-01 -1.746219897350886341e-01
7.112030522858274750e-01 6.800668361793293926e-01 -1.780430556765774108e-01
6.896884948691448525e-01 7.010257098219532246e-01 -1.813635786932439320e-01
6.671860702651352115e-01 7.216609727680390884e-01 -1.845757351717383088e-01
6.437026982203241099e-01 7.419071271013401025e-01 -1.876716962000453404e-01
6.192501664031604403e-01 7.616982654520026985e-01 -1.906436434821628667e-01
5.938452885101752621e-01 7.809685100773328115e-01 -1.934837849297286472e-01
5.675100227668087305e-01 7.996524763632758548e-01 -1.961843699017900289e-01
5.402715472465654534e-01 8.176857565736905809e-01 -1.987377040997626021e-01
5.121622888989921796e-01 8.350054191273077464e-01 -2.011361641615636575e-01
4.832199037265666464e-01 8.515505181912023103e-01 -2.033722120352834672e-01
4.534872061753774108e-01 8.672626079576203351e-01 -2.054384092468129475e-01
4.230120464948791681e-01 8.820862556298473267e-01 -2.073274312057832580e-01
3.918471355666116041e-01 8.959695468927173501e-01 -2.090320817182456936e-01
3.600498174876201052e-01 9.088645774928060250e-01 -2.105453078911312115e-01
3.276817910072134521e-01 9.207279245087945929e-01 -2.118602156213153231e-01
2.948087817405047328e-01 9.315210909582664067e-01 -2.129700858600375168e-01
2.615001679031635495e-01 9.412109175653972093e-01 -2.138683918308465493e-01
2.278285631129256250e-01 9.497699558044364609e-01 -2.145488173559861877e-01
1.938693605686248322e-01 9.571767967340614192e-01 -2.150052764125184868e-01
1.597002436311109053e-01 9.634163506428662371e-01 -2.152319339963401357e-01
1.254006684772399627e-01 9.684800731294354037e-01 -2.152232283209180030e-01
9.105132506389009006e-02 9.723661339325148090e-01 -2.149738943198576946e-01
5.673358311049904457e-02 9.750795255965164499e-01 -2.144789883605282554e-01
2.252893017419671517e-02 9.766321098918282484e-01 -2.137339140124148162e-01
-1.148159085884777053e-02 9.770426007931731771e-01 -2.127344486513829958e-01
-4.521793741680080192e-02 9.763364837360060111e-01 -2.114767706224150723e-01
-7.860160857566497739e-02 9.745458718026983602e-01 -2.099574866313704269e-01
-1.115561647759497205e-01 9.717093004180467064e-01 -2.081736589934935766e-01
-1.440077188868355562e-01 9.678714630377573958e-01 -2.061228323349874325e-01
-1.758853919845507208e-01 9.630828911741140530e-01 -2.038030593257987022e-01
-2.071217277395433765e-01 9.573995829004109392e-01 -2.012129250181035889e-01
-2.376530599515646325e-01 9.508825846912071222e-01 -1.983515693765089682e-01
-2.674198285210966919e-01 9.435975320717842063e-01 -1.952187076127183951e-01
-2.963668399849097579e-01 9.356141550522539818e-01 -1.918146479787173619e-01
-3.244434696556162123e-01 9.270057546971410822e-01 -1.881403067271301133e-01
-3.516038033705430887e-01 9.178486574208203352e-01 -1.841972200134276150e-01
-3.778067178532081849e-01 9.082216536974538901e-01 -1.799875525897556006e-01
-4.030158996994910869e-01 8.982054278296393024e-01 -1.755141032215358499e-01
-4.271998039984993278e-01 8.878819852356208964e-01 -1.707803068426323734e-01
-4.503315545640926842e-01 8.773340833976285280e-01 -1.657902335495832769e-01
-4.723887886674307257e-01 8.666446721747177451e-01 -1.605485846169930342e-01
-4.933534500062573547e-01 8.558963486371488072e-01 -1.550606857916020931e-01
-5.132115344081372710e-01 8.451708309438243916e-01 -1.493324781889929509e-01
-5.319527934308632133e-01 8.345484550801929302e-01 -1.433705071719045820e-01
-5.495704015855362723e-01 8.241076975238113000e-01 -1.371819096306971797e-01
-5.660605933616923435e-01 8.139247261320819993e-01 -1.307744001131231626e-01
-5.814222765780606705e-01 8.040729807755365721e-01 -1.241562562612385512e-01
-5.956566288190481284e-01 7.946227844940290108e-01 -1.173363040075927899e-01
-6.087666838505728650e-01 7.856409852548279504e-01 -1.103239029608636956e-01
-6.207569149463867397e-01 7.771906277616005276e-01 -1.031289323734540242e-01
-6.316328220060746235e-01 7.693306542201480136e-01 -9.576177803129660993e-02
-6.414005292179220108e-01 7.621156325262324893e-01 -8.823332034068746832e-02
-6.500663998233717766e-01 7.555955100156578341e-01 -8.055492381018909687e-02
-6.576366742838639645e-01 7.498153907163610521e-01 -7.273842803961109993e-02
-6.641171378432563221e-01 7.448153339726375499e-01 -6.479614023509994158e-02
-6.695128231258082874e-01 7.406301723752299893e-01 -5.674082917194346598e-02
-6.738277530147029903e-01 7.372893471267325527e-01 -4.858572042742907021e-02
-6.770647286206652460e-01 7.348167592948691151e-01 -4.034449260767727224e-02
-6.792251666732119775e-01 7.332306358483243747e-01 -3.203127419753299537e-02
-6.803089901447888499e-01 7.325434099189267467e-01 -2.366064057406688098e-02
-6.803145753446765420e-01 7.327616153744319627e-01 -1.524761064471499838e-02
-6.792387580875904884e-01 7.338857964986046367e-01 -6.807642503188849128e-03
-6.770769008428941804e-01 7.359104343368103596e-01 1.643372557481280472e-03
-6.738230219957649370e-01 7.388238920494615281e-01 1.008911837272633352e-02
-6.694699874939260553e-01 7.426083823926750149e-01 1.851286529179179546e-02
-6.640097642072875228e-01 7.472399611827208465e-01 2.689748533592607738e-02
-6.574337332909917508e-01 7.526885512632215391e-01 3.522547182155186946e-02
-6.497330607175536565e-01 7.589180020449646236e-01 4.347896409498906711e-02
-6.408991209394513389e-01 7.658861900904382347e-01 5.163977795701530510e-02
-6.309239683748938399e-01 7.735451664324390908e-01 5.968944226501892575e-02
-6.198008500993605896e-01 7.818413563143906675e-01 6.760924208894361631e-02
-6.075247518045715500e-01 7.907158167896947143e-01 7.538026866669150783e-02
-5.940929677932971220e-01 8.001045570951843544e-01 8.298347625803229044e-02
-5.795056845584843908e-01 8.099389259046188005e-01 9.039974583706947286e-02
-5.637665664000210963e-01 8.201460684676924462e-01 9.760995539639683027e-02
-5.468833306174858411e-01 8.306494552560148570e-01 1.045950564663119808e-01
-5.288682991392336108e-01 8.413694820914199290e-01 1.113361562853511233e-01
-5.097389130623023457e-01 8.522241398597516504e-01 1.178146048996866757e-01
-4.895181965339678865e-01 8.631297498654765254e-01 1.240120863242445554e-01
-4.682351567457183616e-01 8.740017587233763763e-01 1.299107127730569078e-01
-4.459251075630988881e-01 8.847555844894176014e-01 1.354931208650337338e-01
-4.226299054939753330e-01 8.953075035891286948e-01 1.407425686377661023e-01
-3.983980882988964467e-01 9.055755660994404543e-01 1.456430321587829924e-01
-3.732849085462401906e-01 9.154805251710826930e-01 1.501793005121934699e-01
-3.473522567671908368e-01 9.249467649316650553e-01 1.543370679588089989e-01
-3.206684715070784453e-01 9.339032101640144523e-01 1.581030221182524176e-01
-2.933080364182774069e-01 9.422842004759571788e-01 1.614649270995726638e-01
-2.653511674992926062e-01 9.500303116141243231e-01 1.644117006088034738e-01
-2.369439127255226207e-01 9.570818258379566457e-01 1.668891967844717272e-01
-2.081791398028244588e-01 9.633966173757126938e-01 1.689036619787714355e-01
-1.791506670009854196e-01 9.689414587492134467e-01 1.704626996619147405e-01
-1.499524834324588995e-01 9.736920738035075296e-01 1.715751793150762372e-01
-1.206779741727517785e-01 9.776330678366560445e-01 1.722511397522400178e-01
-9.141916654809392750e-02 9.807577412858815569e-01 1.725016884934680028e-01
-6.226601241133346287e-02 9.830677956578475207e-01 1.723388987690818441e-01
-3.330571938275066202e-02 9.845729422468768588e-01 1.717757056483133205e-01
-4.622141943275388104e-03 9.852904256260113236e-01 1.708258026656984674e-01
2.370475897096966864e-02 9.852444749043214323e-01 1.695035401728536284e-01
5.159938152003637479e-02 9.844656963224291957e-01 1.678238264811210412e-01
7.899086957449591440e-02 9.829904209271956850e-01 1.658020326901467612e-01
1.058134184802562577e-01 9.808600208608573290e-01 1.634539019260472237e-01
1.320065000721321880e-01 9.781202072654358037e-01 1.607954635465454474e-01
1.575150088391638892e-01 9.748203219931550478e-01 1.578429527141354816e-01
1.822893327108111028e-01 9.710126342848601766e-01 1.546127355954824700e-01
2.062853532414385682e-01 9.667516523887241808e-01 1.511212403181663444e-01
2.294643810137350082e-01 9.620934587965966900e-01 1.473848937057102293e-01
2.517930328630729742e-01 9.570950764269082756e-01 1.434200637188426108e-01
2.732430580561104327e-01 9.518138717272645044e-01 1.392430074546263108e-01
2.937911208566106325e-01 9.463069993463754104e-01 1.348698244943953573e-01
3.134185470027780474e-01 9.406308917663749325e-01 1.303164153449479501e-01
3.321110415296901208e-01 9.348407961183706760e-01 1.255984446835162194e-01
3.498583851255034904e-01 9.289903593448426422e-01 1.207313090939596545e-01
3.666541158391023458e-01 9.231312619345153347e-01 1.157301089677247319e-01
3.824952024869825440e-01 9.173128996450892192e-01 1.106096242368036220e-01
3.973817155640465559e-01 9.115821119483147328e-01 1.053842936057861612e-01
4.113165008700184755e-01 9.059829553777872801e-01 1.000681969548973121e-01
4.243048604412066882e-01 9.005565195266677092e-01 9.467504059460185584e-02
4.363542447443886640e-01 8.953407831218974655e-01 8.921814506408307088e-02
4.474739594609088433e-01 8.903705073831493788e-01 8.371043517997761585e-02
4.576748895771514114e-01 8.856771637473189740e-01 7.816443205763863589e-02
4.669692429122764277e-01 8.812888929907759517e-01 7.259224684448978282e-02
4.753703146630220977e-01 8.772304927996399382e-01 6.700557592340780633e-02
4.828922740338944530e-01 8.735234309110213591e-01 6.141569736328469920e-02
4.895499735527779062e-01 8.701858810640028530e-01 5.583346841377336695e-02
4.953587812489387843e-01 8.672327791473923853e-01 5.026932386154411847e-02
5.003344354933151328e-01 8.646758971021524243e-01 4.473327508601489949e-02
5.044929219696305811e-01 8.625239323211134623e-01 3.923490967330905271e-02
5.078503719581851650e-01 8.607826104794356059e-01 3.378339146797634807e-02
5.104229808705349480e-01 8.594547999197190702e-01 2.838746096260861065e-02
5.122269457706462026e-01 8.585406359002443200e-01 2.305543594570049620e-02
5.132784204542047979e-01 8.580376531891760195e-01 1.779521234774545518e-02
5.135934865301561292e-01 8.579409256483773172e-01 1.261426524440393063e-02
5.131881388547593348e-01 8.582432115953915197e-01 7.519649993417806995e-03
5.120782836059983856e-01 8.589351038596962917e-01 2.518003498555882770e-03
5.102797472526789946e-01 8.600051835588737870e-01 -2.384454390949408524e-03
5.078082946656170549e-01 8.614401767119221898e-01 -7.181919323467670334e-03
5.046796546357215085e-01 8.632251128812504781e-01 -1.186900069678873196e-02
5.009095511033027082e-01 8.653434850931506217e-01 -1.644071967514776703e-02
4.965137384624638828e-01 8.677774103303600439e-01 -2.089250692017642630e-02
4.915080393818694882e-01 8.705077899216727699e-01 -2.522019997889835691e-02
4.859083836764565012e-01 8.735144691746147272e-01 -2.942004026845445458e-02
4.797308468717015884e-01 8.767763956102959666e-01 -3.348866959596734361e-02
4.729916872207942657e-01 8.802717751670717794e-01 -3.742312615278069882e-02
4.657073800633996230e-01 8.839782257439253721e-01 -4.122083992513845413e-02
4.578946485504930553e-01 8.878729274577817909e-01 -4.487962746806073433e-02
4.495704899008738931e-01 8.919327689933328474e-01 -4.839768599554868100e-02
4.407521964992581198e-01 8.961344894312505138e-01 -5.177358674809624112e-02
4.314573712911711212e-01 9.004548149524554956e-01 -5.500626760756280320e-02
4.217039370740996995e-01 9.048705898336480979e-01 -5.809502493950396279e-02
4.115101394254741529e-01 9.093589011735372374e-01 -6.103950465379259782e-02
4.008945431440872897e-01 9.138971968207003638e-01 -6.383969248550570852e-02
3.898760222106990025e-01 9.184633960130298425e-01 -6.649590350932259308e-02
3.784737433941700036e-01 9.230359922851856247e-01 -6.900877091180344924e-02
3.667071437400547529e-01 9.275941482539948879e-01 -7.137923405663711141e-02
3.545959022779278658e-01 9.321177819516640595e-01 -7.360852588802609120e-02
3.421599063708289368e-01 9.365876444420917490e-01 -7.569815972660824677e-02
3.294192132043585186e-01 9.409853885254175765e-01 -7.764991552051998813e-02
3.163940069736872474e-01 9.452936284089721308e-01 -7.946582562124331062e-02
3.031045523738625791e-01 9.494959902976864985e-01 -8.114816015964276819e-02
2.895711450323963376e-01 9.535771539324063850e-01 -8.269941210201930959e-02
2.758140595435279452e-01 9.575228851790621443e-01 -8.412228206905436600e-02
2.618534957713469780e-01 9.613200598439570754e-01 -8.541966300219208663e-02
2.477095240849069568e-01 9.649566789593053695e-01 -8.659462476234586203e-02
2.334020301735242886e-01 9.684218758474687494e-01 -8.765039874488191052e-02
2.189506600657340207e-01 9.717059153311221609e-01 -8.859036259271685365e-02
2.043747659420815377e-01 9.748001855090210332e-01 -8.941802508617859024e-02
1.896933532913536169e-01 9.776971825625083712e-01 -9.013701128414640384e-02
1.749250299133206787e-01 9.803904890959408425e-01 -9.075104798604453904e-02
1.600879572199090661e-01 9.828747465445610842e-01 -9.126394957865811841e-02
1.451998042322546756e-01 9.851456222059072898e-01 -9.167960432561708672e-02
1.302777046145648931e-01 9.871997714657075873e-01 -9.200196115089857851e-02
1.153382170283121372e-01 9.890347957965762715e-01 -9.223501696096977898e-02
1.003972890330865342e-01 9.906491971080754189e-01 -9.238280454336419978e-02
8.547022470441746622e-02 9.920423290202909916e-01 -9.244938107267509919e-02
7.057165608488960573e-02 9.932143456205647647e-01 -9.243881724826956414e-02
5.571551853365299539e-02 9.941661482450465659e-01 -9.235518708157074153e-02
4.091502999155516296e-02 9.948993308039640882e-01 -9.220255834460440447e-02
2.618267413507584587e-02 9.954161241426608964e-01 -9.198498368572645412e-02
1.153018735236598959e-02 9.957193399002283174e-01 -9.170649241309085375e-02
-3.031450560787869036e-03 9.958123142946785356e-01 -9.137108294152228305e-02
-1.749202211821365704e-02 9.956988522287398835e-01 -9.098271589404807735e-02
-3.184207443337400134e-02 9.953831720741682654e-01 -9.054530784543401989e-02
-4.607291826364327131e-02 9.948698514555539552e-01 -9.006272569165985065e-02
-6.017662400790756150e-02 9.941637743175224529e-01 -8.953878162635654780e-02
-7.414601486997528246e-02 9.932700795224805868e-01 -8.897722870279306528e-02
-8.797465740979325266e-02 9.921941111900737242e-01 -8.838175695802419352e-02
-1.016568497103361168e-01 9.909413709546868176e-01 -8.775599007426605758e-02
-1.151876073905836600e-01 9.895174722839450432e-01 -8.710348255142172369e-02
-1.285626476945447016e-01 9.879280969695134473e-01 -8.642771736390156279e-02
-1.417783718831616968e-01 9.861789538717576908e-01 -8.573210407443727921e-02
-1.548318461504696042e-01 9.842757399721545619e-01 -8.501997737743768879e-02
-1.677207812779142604e-01 9.822241037618366644e-01 -8.429459604454297983e-02
-1.804435112315760092e-01 9.800296109713695358e-01 -8.355914224536642454e-02
-1.929989708964941764e-01 9.776977126258140638e-01 -8.281672121693413324e-02
-2.053866731306295546e-01 9.752337153902996825e-01 -8.207036125601184506e-02
-2.176066853084957509e-01 9.726427541546848188e-01 -8.132301400931267465e-02
-2.296596055113728219e-01 9.699297667913366894e-01 -8.057755503748185999e-02
-2.415465385075030447e-01 9.670994710075327960e-01 -7.983678462972926271e-02
-2.532690716519446772e-01 9.641563432033756209e-01 -7.910342884700248545e-02
-2.648292508219940999e-01 9.611045992372911906e-01 -7.838014077264328361e-02
-2.762295564904166389e-01 9.579481769940458857e-01 -7.766950195052750583e-02
-2.874728800252727701e-01 9.546907206446199057e-01 -7.697402399173848553e-02
-2.985625002919860549e-01 9.513355664831079084e-01 -7.629615033185051243e-02
-3.095020606205471925e-01 9.478857302229350967e-01 -7.563825812189113595e-02
-3.202955461884462451e-01 9.443438956329699430e-01 -7.500266023699771190e-02
-3.309472618581121850e-01 9.407124043934498303e-01 -7.439160738767586212e-02
-3.414618104963419998e-01 9.369932470519073409e-01 -7.380729031939868567e-02
-3.518440717924348204e-01 9.331880549603843722e-01 -7.325184208704907385e-02
-3.620991815815094439e-01 9.292980930770445847e-01 -7.272734039139870654e-02
-3.722325116697680625e-01 9.253242535177585992e-01 -7.223580996543269017e-02
-3.822496501492544385e-01 9.212670497462528418e-01 -7.177922499886493779e-02
-3.921563821809185835e-01 9.171266112949160165e-01 -7.135951158964433383e-02
-4.019586712165062470e-01 9.129026789122793861e-01 -7.097855021162323419e-02
-4.116626406219059953e-01 9.085946000374780507e-01 -7.063817818784741409e-02
-4.212745556570673955e-01 9.042013245066197191e-01 -7.034019215912849787e-02
-4.308008057604056362e-01 8.997214004008973198e-01 -7.008635053767546530e-02
-4.402478870786876164e-01 8.951529699514643168e-01 -6.987837593559143023e-02
-4.496223851767043866e-01 8.904937654215290266e-01 -6.971795755798378125e-02
-4.589309578545276436e-01 8.857411048918172325e-01 -6.960675355029058431e-02
-4.681803179937797377e-01 8.808918878815019671e-01 -6.954639328919330621e-02
-4.773772163480730635e-01 8.759425907429275737e-01 -6.953847960616492407e-02
-4.865284241865535653e-01 8.708892617749802723e-01 -6.958459093229370229e-02
-4.956407156932775560e-01 8.657275160068199638e-01 -6.968628335252546879e-02
-5.047208500189280800e-01 8.604525296109312160e-01 -6.984509255688189922e-02
-5.137755528751064560e-01 8.550590339121264538e-01 -7.006253567553849537e-02
-5.228114975550963717e-01 8.495413089673117257e-01 -7.034011298388481714e-02
-5.318352852585789270e-01 8.438931766995717565e-01 -7.067930946284091409e-02
-5.408534245912650640e-01 8.381079935795407998e-01 -7.108159619877024715e-02
-5.498723101038223149e-01 8.321786428571800176e-01 -7.154843160631114973e-02
-5.588981997278116287e-01 8.260975263581001871e-01 -7.208126245635029794e-02
-5.679371909596544477e-01 8.198565558705526168e-01 -7.268152469018507311e-02
-5.769951956369605561e-01 8.134471441622920240e-01 -7.335064399967300419e-02
-5.860779131449344037e-01 8.068601956808282294e-01 -7.409003615185215386e-02
-5.951908018841169934e-01 8.000860970062632083e-01 -7.490110703514434032e-02
-6.043390488245257153e-01 7.931147071431184914e-01 -7.578525240283461029e-02
-6.135275369654608069e-01 7.859353477564422485e-01 -7.674385728806881746e-02
-6.227608105150109763e-01 7.785367934782160271e-01 -7.777829506314261343e-02
-6.320430375988195237e-01 7.709072624328171530e-01 -7.888992611438966351e-02
-6.413633508973187736e-01 7.630545839477130832e-01 -8.000489441005004254e-02
-6.507166994769725266e-01 7.549747996670818084e-01 -8.112248747367782620e-02
-6.600977740073605826e-01 7.466640597808984481e-01 -8.224195805290918093e-02
-6.695010047252115681e-01 7.381186377354090888e-01 -8.336252383791446785e-02
-6.789205601403678347e-01 7.293349455173040452e-01 -8.448336727817373770e-02
-6.883503465475123706e-01 7.203095494836466717e-01 -8.560363550603419802e-02
-6.977840084080009220e-01 7.110391867036388591e-01 -8.672244037557631791e-02
-7.072149296661763840e-01 7.015207817720154893e-01 -8.783885862531905231e-02
-7.166362360640341489e-01 6.917514640472866017e-01 -8.895193217322715229e-02
-7.260407985170156397e-01 6.817285852612272601e-01 -9.006066855233829660e-02
-7.354212376119653172e-01 6.714497374389996054e-01 -9.116404149509656218e-02
-7.447699292858600550e-01 6.609127710621277574e-01 -9.226099167415663382e-02
-7.540790117407469850e-01 6.501158133993052424e-01 -9.335042760700210107e-02
-7.633403936463788453e-01 6.390572869227602038e-01 -9.443122673119741517e-02
-7.725457636772644632e-01 6.277359277207212873e-01 -9.550223665646025151e-02
-7.816866014252406014e-01 6.161508038094972717e-01 -9.656227659899649374e-02
-7.907541897221880278e-01 6.043013332419113759e-01 -9.761013900268006305e-02
-7.997396284001544453e-01 5.921873019024069817e-01 -9.864459135068383289e-02
-8.086338495079097299e-01 5.798088808731817201e-01 -9.966437817007506306e-02
-8.174276339938554292e-01 5.671666432503223998e-01 -1.006682232306817248e-01
-8.261116298552682036e-01 5.542615802842135730e-01 -1.016548319382174353e-01
-8.346763717431177065e-01 5.410951167146079710e-01 -1.026228939202286916e-01
-8.431123020002189161e-01 5.276691251677804173e-01 -1.035710858019054936e-01
-8.514097930983297591e-01 5.139859394812682503e-01 -1.044980741671858587e-01
-8.595591714270808259e-01 5.000483668209290133e-01 -1.054025186988968438e-01
-8.675507423744239777e-01 4.858596984555349496e-01 -1.062830754899251745e-01
-8.753748166247440343e-01 4.714237190559616986e-01 -1.071384005156143376e-01
-8.830217375870208496e-01 4.567447143893009764e-01 -1.079671532557614638e-01
-8.904819098516240095e-01 4.418274772830040886e-01 -1.087680004527564470e-01
-8.977458285606239041e-01 4.266773117404920601e-01 -1.095396199905902951e-01
-9.048041095631040864e-01 4.113000350975828945e-01 -1.102807048776826004e-01
-9.116475202140369438e-01 3.957019781185966978e-01 -1.109899673147653476e-01
-9.182670106630421714e-01 3.798899829420891439e-01 -1.116661428274372120e-01
-9.246537454679814028e-01 3.638713987987932108e-01 -1.123079944414955567e-01
-9.307991353580468141e-01 3.476540754384531140e-01 -1.129143168777892031e-01
-9.366948689619835067e-01 3.312463542177145337e-01 -1.134839407421393137e-01
-9.423329443095175284e-01 3.146570568179749561e-01 -1.140157366848731230e-01
-9.477056999081328037e-01 2.978954715799413955e-01 -1.145086195037298277e-01
-9.528058451932025497e-01 2.809713374604200786e-01 -1.149615521633498560e-01
-9.576264901472786306e-01 2.638948256363694012e-01 -1.153735497042674835e-01
-9.621611738841888695e-01 2.466765188012644272e-01 -1.157436830143073470e-01
-9.664038919955794116e-01 2.293273882191066426e-01 -1.160710824355496440e-01
-9.703491224617248889e-01 2.118587686217083821e-01 -1.163549411805846479e-01
-9.739918499348382275e-01 1.942823310549247617e-01 -1.165945185326279637e-01
-9.773275882117378188e-01 1.766100537990180908e-01 -1.167891428052125202e-01
-9.803524007235223658e-01 1.588541915070504351e-01 -1.169382140386057006e-01
-9.830629188827890719e-01 1.410272427228354275e-01 -1.170412064118090956e-01
-9.854563581437818520e-01 1.231419159562814059e-01 -1.170976703509690464e-01
-9.875305316475277984e-01 1.052110945086763005e-01 -1.171072343172375047e-01
-9.892838613423178273e-01 8.724780025337558476e-02 -1.170696062595504294e-01
-9.907153864896042217e-01 6.926515658825520283e-02 -1.169845747204060898e-01
-9.918247694862710739e-01 5.127635078501036753e-02 -1.168520095854961999e-01
-9.926122989560247634e-01 3.329459596677887545e-02 -1.166718624709334601e-01
-9.930788900850661127e-01 1.533309294954193422e-02 -1.164441667447922296e-01
-9.932260821999452372e-01 -2.595007815757940234e-03 -1.161690371826958751e-01
-9.930560336082726591e-01 -2.047664396446784163e-02 -1.158466692602049958e-01
-9.925715137454500514e-01 -3.829887837045026916e-02 -1.154773380877444910e-01
-9.917758926925123175e-01 -5.604893550284836129e-02 -1.150613969967162337e-01
-9.906731281512357601e-01 -7.371423676925595303e-02 -1.145992757882388913e-01
-9.892677499826129095e-01 -9.128243463766801125e-02 -1.140914786586024188e-01
-9.875648424333625108e-01 -1.087414453421407246e-01 -1.135385818179888151e-01
-9.855700241921210303e-01 -1.260794799914902453e-01 -1.129412308212632415e-01
-9.832894264321511146e-01 -1.432850739163838427e-01 -1.123001376316558469e-01
-9.807296690106478421e-01 -1.603471141075822892e-01 -1.116160774399124339e-01
-9.778978350058988855e-01 -1.772548646166202946e-01 -1.108898852629760790e-01
-9.748014437825718304e-01 -1.939979898095918198e-01 -1.101224523474591960e-01
-9.714484227822065554e-01 -2.105665753846657773e-01 -1.093147224040702387e-01
-9.678470782405740325e-01 -2.269511470842202894e-01 -1.084676876997687917e-01
-9.640060650359355554e-01 -2.431426870527820805e-01 -1.075823850347398386e-01
-9.599343558724590109e-01 -2.591326478120329346e-01 -1.066598916313098305e-01
-9.556412100012019462e-01 -2.749129638437531331e-01 -1.057013209616845945e-01
-9.511361416772655675e-01 -2.904760607904878222e-01 -1.047078185408871348e-01
-9.464288885460997447e-01 -3.058148623017413192e-01 -1.036805577105300996e-01
-9.415293801446465993e-01 -3.209227945704457019e-01 -1.026207354380936076e-01
-9.364477066942316075e-01 -3.357937886201609046e-01 -1.015295681552176588e-01
-9.311940883520219980e-01 -3.504222804178155903e-01 -1.004082876571838062e-01
-9.257788450766757382e-01 -3.648032088996920330e-01 -9.925813708427873305e-02
-9.202123672516936415e-01 -3.789320120097226519e-01 -9.808036700413004516e-02
-9.145050871971625028e-01 -3.928046208589549559e-01 -9.687623161240714598e-02
-9.086674516872359497e-01 -4.064174521232382098e-01 -9.564698506751451168e-02
-9.027098955770312960e-01 -4.197673988027911252e-01 -9.439387797309578554e-02
-8.966428166288074042e-01 -4.328518194723577905e-01 -9.311815402033922495e-02
-8.904765516134971470e-01 -4.456685261541910026e-01 -9.182104680025011956e-02
-8.842213537500601683e-01 -4.582157709481884389e-01 -9.050377679425555821e-02
-8.778873715318359361e-01 -4.704922315542249267e-01 -8.916754854974927313e-02
-8.714846289762405718e-01 -4.824969958211691168e-01 -8.781354804548677229e-02
-8.650230073218738713e-01 -4.942295454553439771e-01 -8.644294025011732552e-02
-8.585122281854762338e-01 -5.056897390184041940e-01 -8.505686687560297388e-02
-8.519618381802797069e-01 -5.168777943408672249e-01 -8.365644432583436985e-02
-8.453811949871850029e-01 -5.277942704729726708e-01 -8.224276183941821305e-02
-8.387794548609190937e-01 -5.384400492892695844e-01 -8.081687982438601203e-02
-8.321655615449090604e-01 -5.488163168574647921e-01 -7.937982838146344367e-02
-8.255482365610661288e-01 -5.589245446757140634e-01 -7.793260601154552991e-02
-8.189359708340065991e-01 -5.687664708758186638e-01 -7.647617850214527557e-02
-8.123370176034436785e-01 -5.783440814827992549e-01 -7.501147798682143708e-02
-8.057593865735346306e-01 -5.876595918141555019e-01 -7.353940217094244447e-02
-7.992108392438459497e-01 -5.967154280948747669e-01 -7.206081371660338908e-02
-7.926988853632600529e-01 -6.055142093570036188e-01 -7.057653977907846210e-02
-7.862307804455564986e-01 -6.140587296854167487e-01 -6.908737168685531727e-02
-7.798135242835081415e-01 -6.223519408643755080e-01 -6.759406475705520556e-02
-7.734538603970908532e-01 -6.303969354726124408e-01 -6.609733823788684071e-02
-7.671582763507622804e-01 -6.381969304680658039e-01 -6.459787536970580668e-02
-7.609330048746669739e-01 -6.457552512970516911e-01 -6.309632355624737732e-02
-7.547840257250171270e-01 -6.530753165566357543e-01 -6.159329463766300555e-02
-7.487170682197290539e-01 -6.601606232332792867e-01 -6.008936525711074117e-02
-7.427376143866090130e-01 -6.670147325355023638e-01 -5.858507731282180248e-02
-7.368509026629328496e-01 -6.736412563333412651e-01 -5.708093848778194451e-02
-7.310619320870946902e-01 -6.800438442127891836e-01 -5.557742284942095157e-02
-7.253754669250713771e-01 -6.862261711491995930e-01 -5.407497151199018581e-02
-7.197960416767166247e-01 -6.921919257997954933e-01 -5.257399335462098477e-02
-7.143279664093137304e-01 -6.979447994119651888e-01 -5.107486578839031538e-02
-7.089753323683536390e-01 -7.034884753409224034e-01 -4.957793556606938934e-02
-7.037420178181157393e-01 -7.088266191675571815e-01 -4.808351962859155199e-02
-6.986316940672966380e-01 -7.139628694048885116e-01 -4.659190598264311561e-02
-6.936478316376143427e-01 -7.189008287794351748e-01 -4.510335460415175468e-02
-6.887937065360001387e-01 -7.236440560720314163e-01 -4.361809836281757558e-02
-6.840724065936437670e-01 -7.281960585011114651e-01 -4.213634396319976966e-02
-6.794868378377704188e-01 -7.325602846302512461e-01 -4.065827289823385760e-02
-6.750397308645764705e-01 -7.367401177807695323e-01 -3.918404241140872879e-02
-6.707336471842276771e-01 -7.407388699294383816e-01 -3.771378646417763297e-02
-6.665709855112093019e-01 -7.445597760708082546e-01 -3.624761670551061854e-02
-6.625539879756132677e-01 -7.482059890233062616e-01 -3.478562344081723851e-02
-6.586847462331357761e-01 -7.516805746580950132e-01 -3.332787659777602940e-02
-6.549652074536412849e-01 -7.549865075296663397e-01 -3.187442668690091546e-02
-6.513971801701198272e-01 -7.581266668872769232e-01 -3.042530575495357506e-02
-6.479823399717216104e-01 -7.611038330465903501e-01 -2.898052832957481381e-02
-6.447222350262944435e-01 -7.639206841012647908e-01 -2.754009235375659906e-02
-6.416182914194792364e-01 -7.665797929546956935e-01 -2.610398010900993188e-02
-6.386718182989324921e-01 -7.690836246526836506e-01 -2.467215912630208591e-02
-6.358840128136521441e-01 -7.714345339984317595e-01 -2.324458308404010742e-02
-6.332559648396791641e-01 -7.736347634319765687e-01 -2.182119269256618116e-02
-6.307886614846417439e-01 -7.756864411569102113e-01 -2.040191656480500049e-02
-6.284829913647045352e-01 -7.775915794980529094e-01 -1.898667207286373892e-02
-6.263397486484814092e-01 -7.793520734745710277e-01 -1.757536619053241128e-02
-6.243596368633841376e-01 -7.809696995739067171e-01 -1.616789632176660746e-02
-6.225432724606991819e-01 -7.824461147127765859e-01 -1.476415111535630750e-02
-6.208911881364325147e-01 -7.837828553724085490e-01 -1.336401126609438467e-02
-6.194038359056324161e-01 -7.849813368961120474e-01 -1.196735030285679333e-02
-6.180815899285017068e-01 -7.860428529382091911e-01 -1.057403536409406292e-02
-6.169247490871535566e-01 -7.869685750542958491e-01 -9.183927961310822327e-03
-6.159335393123434033e-01 -7.877595524237412938e-01 -7.796884731177376043e-03
-6.151081156599460531e-01 -7.884167116962792488e-01 -6.412758176975126567e-03
-6.144485641373296225e-01 -7.889408569554775541e-01 -5.031397400126403317e-03
-6.139549032801244755e-01 -7.893326697928106928e-01 -3.652648822599375428e-03
-6.136270854801981756e-01 -7.895927094869841234e-01 -2.276356901010586666e-03
-6.134649980659275803e-01 -7.897214132840787437e-01 -9.023648332715445471e-04
-6.134684641361189961e-01 -7.897190967749949664e-01 4.694847413579616123e-04
-6.136372431491671220e-01 -7.895859543675757264e-01 1.839349047938284307e-03
-6.139710312692686633e-01 -7.893220598516773601e-01 3.207384486366921320e-03
-6.144694614717266523e-01 -7.889273670563359264e-01 4.573745945876292809e-03
-6.151321034095950102e-01 -7.884017105990441809e-01 5.938586122656729430e-03
-6.159584630441293784e-01 -7.877448067280072852e-01 7.302054839768148779e-03
-6.169479820417330673e-01 -7.869562542590877730e-01 8.664298368529619113e-03
-6.181000369403203409e-01 -7.860355356099767432e-01 1.002545875060846352e-02
-6.194139380882679458e-01 -7.849820179349430438e-01 1.138567312006966495e-02
-6.208889283593952424e-01 -7.837949543643066841e-01 1.274507302469222135e-02
-6.225241816477062873e-01 -7.824734853535666446e-01 1.410378374591173510e-02
-6.243188011459480657e-01 -7.810166401478751963e-01 1.546192361680809833e-02
-6.262718174123951265e-01 -7.794233383682935834e-01 1.681960333762368490e-02
-6.283821862306611106e-01 -7.776923917269884523e-01 1.817692528837118460e-02
-6.306487862677684353e-01 -7.758225058792257434e-01 1.953398283817119399e-02
-6.330704165361856761e-01 -7.738122824206934425e-01 2.089085965104817838e-02
-6.356457936660623309e-01 -7.716602210393280759e-01 2.224762898800945396e-02
-6.383735489944690755e-01 -7.693647218314336733e-01 2.360435300533576808e-02
-6.412522254790761211e-01 -7.669240877924587974e-01 2.496108204912383943e-02
-6.442802744443918428e-01 -7.643365274933344722e-01 2.631785394624121949e-02
-6.474560521694250337e-01 -7.616001579537695632e-01 2.767469329198198047e-02
-6.507778163264432703e-01 -7.587130077243455784e-01 2.903161073484826493e-02
-6.542437222813662911e-01 -7.556730201896399990e-01 3.038860225902775131e-02
-6.578518192672698772e-01 -7.524780571049384248e-01 3.174564846529039086e-02
-6.616000464434719230e-01 -7.491259023793555016e-01 3.310271385118970094e-02
-6.654862288537376491e-01 -7.456142661183741138e-01 3.445974609162402030e-02
-6.695080732982688909e-01 -7.419407889389160182e-01 3.581667532099148954e-02
-6.736631641353347799e-01 -7.381030465700738619e-01 3.717341341835877361e-02
-6.779489590296533530e-01 -7.340985547525539223e-01 3.852985329725754082e-02
-6.823627846659469087e-01 -7.299247744496883961e-01 3.988586820192355220e-02
-6.869018324474578385e-01 -7.255791173825737461e-01 4.124131101200102789e-02
-6.915631542006295263e-01 -7.210589519014611870e-01 4.259601355794829375e-02
-6.963436579086128564e-01 -7.163616092049626127e-01 4.394978594959934870e-02
-7.012401034977572278e-01 -7.114843899179266185e-01 4.530241592055849614e-02
-7.062490987027634226e-01 -7.064245710379778442e-01 4.665366819133066195e-02
-7.113670950377168900e-01 -7.011794132596899098e-01 4.800328385431704148e-02
-7.165903839017653265e-01 -6.957461686841613924e-01 4.935097978403260588e-02
-7.219150928497409803e-01 -6.901220889203913966e-01 5.069644807612729009e-02
-7.273371820595442294e-01 -6.843044335832784153e-01 5.203935551901432699e-02
-7.328524410295832459e-01 -6.782904791913081377e-01 5.337934310212479050e-02
-7.384564855409856410e-01 -6.720775284650243320e-01 5.471602556501526521e-02
-7.441447549206456902e-01 -6.656629200252066614e-01 5.604899099175220112e-02
-7.499125096424190673e-01 -6.590440384872910951e-01 5.737780045518011546e-02
-7.557548293049105581e-01 -6.522183249459708732e-01 5.870198771584755892e-02
-7.616666110252877653e-01 -6.451832878411044581e-01 6.002105898051219440e-02
-7.676425682893738278e-01 -6.379365141930327665e-01 6.133449272527057711e-02
-7.736772302988996763e-01 -6.304756811921818915e-01 6.264173958845617451e-02
-7.797649418572004665e-01 -6.227985681243997096e-01 6.394222233851690196e-02
-7.858998638347930443e-01 -6.149030686098635456e-01 6.523533592211763765e-02
-7.920759742561507277e-01 -6.067872031296086544e-01 6.652044759770954496e-02
-7.982870700485567017e-01 -5.984491318097872048e-01 6.779689715976340569e-02
-8.045267694931542701e-01 -5.898871674296940482e-01 6.906399725877432338e-02
-8.107885154171797781e-01 -5.810997886154117831e-01 7.032103382200664832e-02
-8.170655791648480104e-01 -5.720856531766684849e-01 7.156726657975752415e-02
-8.233510653824256398e-01 -5.628436115401949102e-01 7.280192970167145838e-02
-8.296379176506607500e-01 -5.533727202285579905e-01 7.402423254733390967e-02
-8.359189249949122713e-01 -5.436722553291684079e-01 7.523336053500713494e-02
-8.421867293000283583e-01 -5.337417258939660680e-01 7.642847613194315992e-02
-8.484338336532428748e-01 -5.235808872062243102e-01 7.760871996921644977e-02
-8.546526116340925627e-01 -5.131897538470310272e-01 7.877321208346074743e-02
-8.608353175655963918e-01 -5.025686124903699925e-01 7.992105328727129587e-02
-8.669740977356917844e-01 -4.917180343523834818e-01 8.105132666934523888e-02
-8.730610025921996531e-01 -4.806388872174223725e-01 8.216309922468092997e-02
-8.790879999084095786e-01 -4.693323469609325116e-01 8.325542361434448702e-02
-8.850469889097667409e-01 -4.577999084871572921e-01 8.432734005344114103e-02
-8.909298153451292723e-01 -4.460433959981153773e-01 8.537787832500598473e-02
-8.967282874787049218e-01 -4.340649725093958522e-01 8.640605991655776752e-02
-9.024341929711032773e-01 -4.218671485280668931e-01 8.741090027504808124e-02
-9.080393166100275693e-01 -4.094527898084631690e-01 8.839141117489418553e-02
-9.135354588430371070e-01 -3.968251241028572518e-01 8.934660319271563178e-02
-9.189144550566155090e-01 -3.839877468260713966e-01 9.027548828131286285e-02
-9.241681955375652402e-01 -3.709446255559816219e-01 9.117708243434133331e-02
-9.292886460446010410e-01 -3.577001032956362847e-01 9.205040843205862522e-02
-9.342678689100328837e-01 -3.442589004273692299e-01 9.289449865746784996e-02
-9.390980445837111557e-01 -3.306261152948403170e-01 9.370839797116106706e-02
-9.437714935240530956e-01 -3.168072233553768657e-01 9.449116663219539469e-02
-9.482806983340922313e-01 -3.028080748522992693e-01 9.524188325142590728e-02
-9.526183260341899439e-01 -2.886348909650602312e-01 9.595964776288740117e-02
-9.567772503574275555e-01 -2.742942584039620435e-01 9.664358439807493872e-02
-9.607505739488613195e-01 -2.597931224258843153e-01 9.729284464733509163e-02
-9.645316503458626345e-01 -2.451387782577751639e-01 9.790661019205754156e-02
-9.681141056137744227e-01 -2.303388609255515307e-01 9.848409579096308042e-02
-9.714918595091676101e-01 -2.154013334974146099e-01 9.902455210352849313e-02
-9.746591460421516473e-01 -2.003344737623048433e-01 9.952726843348139174e-02
-9.776105333095339578e-01 -1.851468593761757819e-01 9.999157537534565654e-02
-9.803409424721740706e-01 -1.698473515208254736e-01 1.004168473472264039e-01
-9.828456657526735141e-01 -1.544450771320516891e-01 1.008025049933958944e-01
-9.851203833335806515e-01 -1.389494097657498761e-01 1.011480174407797250e-01
-9.871611790415713017e-01 -1.233699491821052957e-01 1.014529043941449216e-01
-9.889645547095603506e-01 -1.077164997390979845e-01 1.017167380556546347e-01
-9.905274431163633153e-01 -9.199904769699776552e-02 1.019391448554721469e-01
-9.918472194122960328e-01 -7.622773754523851086e-02 1.021198069812616210e-01
-9.929217109488965853e-01 -6.041284747189493154e-02 1.022584636957335480e-01
-9.937492054416769971e-01 -4.456476410382038261e-02 1.023549124328065330e-01
-9.943284574063541159e-01 -2.869395665223212558e-02 1.024090096644888065e-01
-9.946586928212388656e-01 -1.281095060405557443e-02 1.024206715322065198e-01
-9.947396119812466075e-01 3.073698896416288129e-03 1.023898742380020682e-01
-9.945713905221827966e-01 1.894943382808904342e-02 1.023166541927764683e-01
-9.941546786073972575e-01 3.480572008687947416e-02 1.022011079205333017e-01
-9.934905982824350223e-01 5.063207414368096904e-02 1.020433917193778878e-01
-9.925807390167806776e-01 6.641808941868036775e-02 1.018437210818125549e-01
-9.914271514650336847e-01 8.215346222690529665e-02 1.016023698786262530e-01
-9.900323394927146303e-01 9.782801715391159503e-02 1.013196693123835090e-01
-9.883992505242344961e-01 1.134317317258427549e-01 1.009960066481545016e-01
-9.865312642822239297e-01 1.289547602446322605e-01 1.006318237306762231e-01
-9.844321799982860277e-01 1.443874566667834036e-01 1.002276152985772384e-01
-9.821062021851950652e-01 1.597203964128418863e-01 9.978392710762029605e-02
-9.795579250695080065e-01 1.749443970042568741e-01 9.930135387610503073e-02
-9.767923157914086829e-01 1.900505374346747323e-01 9.878053706661568678e-02
-9.738146964852965048e-01 2.050301761936906275e-01 9.822216251918799990e-02
-9.706307253601169638e-01 2.198749678725534784e-01 9.762695795169822055e-02
-9.672463769026782288e-01 2.345768782931344498e-01 9.699569034384265820e-02
-9.636679213301990732e-01 2.491281981134821355e-01 9.632916322147551391e-02
-9.599019034200906297e-01 2.635215548753574999e-01 9.562821385830801157e-02
-9.559551208455145943e-01 2.777499234711272025e-01 9.489371041204539003e-02
-9.518346021446223437e-01 2.918066350191664826e-01 9.412654901195589841e-02
-9.475475844496141775e-01 3.056853841483556655e-01 9.332765081463394174e-02
-9.431014910989363731e-01 3.193802347032367872e-01 9.249795904434798821e-02
-9.385039092521306747e-01 3.328856238918259658e-01 9.163843603386154224e-02
-9.337625676221542603e-01 3.461963649078629301e-01 9.075006028099558142e-02
-9.288853144344931811e-01 3.593076480683475293e-01 8.983382353547465782e-02
-9.238800957161997784e-01 3.722150405154993069e-01 8.889072792978035265e-02
-9.187549340111950125e-01 3.849144845397340364e-01 8.792178316683842143e-02
-9.135179076108997931e-01 3.974022945868439516e-01 8.692800377640390319e-02
-9.081771303815969754e-01 4.096751530182761170e-01 8.591040645099537465e-02
-9.027407322619841468e-01 4.217301046982172008e-01 8.487000747117963428e-02
-8.972168404962538313e-01 4.335645504851158294e-01 8.380782022893433492e-02
-8.916135616598327429e-01 4.451762397083208755e-01 8.272485285673103483e-02
-8.859389645267099489e-01 4.565632617127113324e-01 8.162210596889764302e-02
-8.802010638191755110e-01 4.677240365555714319e-01 8.050057052074705011e-02
-8.744078048728463060e-01 4.786573049405691838e-01 7.936122578990956189e-02
-8.685670492421495581e-01 4.893621174735707791e-01 7.820503748328822002e-02
-8.626865612640199910e-01 4.998378233242259383e-01 7.703295597207748813e-02
-8.567739955905044891e-01 5.100840583758408098e-01 7.584591465635304175e-02
-8.508368856942934988e-01 5.201007329440832105e-01 7.464482845985995207e-02
-8.448826333449552806e-01 5.298880191425934250e-01 7.343059245480280939e-02
-8.389184990478539827e-01 5.394463379706733175e-01 7.220408061567810953e-02
-8.329515934324183135e-01 5.487763461949523025e-01 7.096614470048871748e-02
-8.269888695715947868e-01 5.578789230933455245e-01 6.971761325704464718e-02
-8.210371162099808773e-01 5.667551571257875009e-01 6.845929075148424192e-02
-8.151029518742843871e-01 5.754063325921960903e-01 6.719195681564474332e-02
-8.091928198363955715e-01 5.838339163339572035e-01 6.591636560947111700e-02
-8.033129838964681024e-01 5.920395445309637461e-01 6.463324529427455500e-02
-7.974695249509782258e-01 6.000250096419443846e-01 6.334329761233624401e-02
-7.916683383087435022e-01 6.077922475315198358e-01 6.204719756809408404e-02
-7.859151317163123318e-01 6.153433248231660047e-01 6.074559320594881406e-02
-7.802154240529621809e-01 6.226804265130743143e-01 5.943910547957625273e-02
-7.745745446547376289e-01 6.298058438758209476e-01 5.812832820753256052e-02
-7.689976332264950587e-01 6.367219626887986594e-01 5.681382810988459819e-02
-7.634896403007686017e-01 6.434312517985670832e-01 5.549614492058452947e-02
-7.580553282024055095e-01 6.499362520486424710e-01 5.417579157033290682e-02
-7.526992724783087008e-01 6.562395655848022313e-01 5.285325443473356394e-02
-7.474258637522396276e-01 6.623438455507275613e-01 5.152899364263342774e-02
-7.422393099654547299e-01 6.682517861837606876e-01 5.020344343965673500e-02
-7.371734233242734913e-01 6.739395668029224407e-01 4.879378004106257188e-02
-7.322406202235000050e-01 6.794013989442782009e-01 4.730160607664305600e-02
-7.274532160341380393e-01 6.846318405206253122e-01 4.572843929060010915e-02
-7.228234069213816948e-01 6.896257559485844402e-01 4.407570619202113432e-02
-7.183632531914300179e-01 6.943782748161865248e-01 4.234473604654438728e-02
-7.140846641106208814e-01 6.988847492321562660e-01 4.053675521610944354e-02
-7.099993841153903196e-01 7.031407099861478605e-01 3.865288185202000321e-02
-7.061189803075376137e-01 7.071418216363202225e-01 3.669412094521667250e-02
-7.024548311061696859e-01 7.108838366271432729e-01 3.466135973668932335e-02
-6.990181159054341675e-01 7.143625485264896158e-01 3.255536349037094213e-02
-6.958198055656259484e-01 7.175737444571851364e-01 3.037677163066402133e-02
-6.928706535443306391e-01 7.205131567845594054e-01 2.812609424697068081e-02
-6.901811874537915337e-01 7.231764141084424669e-01 2.580370896824080509e-02
-6.877617008104878193e-01 7.255589915957995073e-01 2.340985821162958752e-02
-6.856222447227887651e-01 7.276561606790689085e-01 2.094464681087658889e-02
-6.837726192423150273e-01 7.294629381355914877e-01 1.840804003199214556e-02
-6.822223640840786585e-01 7.309740345555897356e-01 1.579986198627228791e-02
-6.809807483993881583e-01 7.321838022003231972e-01 1.311979445356904750e-02
-6.800567592636976855e-01 7.330861822486499646e-01 1.036737613212754608e-02
-6.794590885188558360e-01 7.336746514296467181e-01 7.542002335172800012e-03
-6.791961175854057675e-01 7.339421680415908478e-01 4.642925158795691010e-03
-6.792758998355626909e-01 7.338811173639315788e-01 1.669254150555837552e-03
-6.797061400911330598e-01 7.334832564793640763e-01 -1.380042486405248271e-03
-6.804941707828887631e-01 7.327396585383182392e-01 -4.506136113061354545e-03
-6.816469242787525085e-01 7.316406565186728272e-01 -7.710335250933815845e-03
-6.831709008576655195e-01 7.301757865599783903e-01 -1.099408250128309193e-02
-6.850721317743346805e-01 7.283337309846423802e-01 -1.435895072569133742e-02
-6.873561368274597738e-01 7.261022611592045095e-01 -1.780663841880405357e-02
-6.900278758109064103e-01 7.234681803978904036e-01 -2.133896419569751568e-02
-6.930916931941494274e-01 7.204172671690232121e-01 -2.495786030764743021e-02
-6.965512553458904632e-01 7.169342189336286308e-01 -2.866536509105980374e-02
-7.004094795839802545e-01 7.130025970257710677e-01 -3.246361424507702292e-02
-7.046684543068388873e-01 7.086047730769475805e-01 -3.635483082400836619e-02
-7.093293494379389053e-01 7.037218775934109827e-01 -4.034131382140573874e-02
-7.143923163974101875e-01 6.983337514167637927e-01 -4.442542521350377471e-02
-7.198563768056418510e-01 6.924189009356923608e-01 -4.860957532110613682e-02
-7.257192991255249082e-01 6.859544580713372586e-01 -5.289620634111956432e-02
-7.319774624658194062e-01 6.789161462314057260e-01 -5.728777389216772875e-02
-7.386257068017012539e-01 6.712782536193639960e-01 -6.178672641348244982e-02
-7.456571689240867329e-01 6.630136154951835614e-01 -6.639548225307247142e-02
-7.530631035117021366e-01 6.540936072129621692e-01 -7.111640428059631813e-02
-7.608326888345767758e-01 6.444881501074533059e-01 -7.595177186309344519e-02
-7.689528167508418166e-01 6.341657325644397547e-01 -8.090375004852928820e-02
-7.774078668571898776e-01 6.230934488862570619e-01 -8.597435581385232117e-02
-7.861794649044387961e-01 6.112370588495814605e-01 -9.116542125190450763e-02
-7.952462259011229273e-01 5.985610711422290064e-01 -9.647855359611186288e-02
-8.045834827079511031e-01 5.850288541516787122e-01 -1.019150920145163175e-01
-8.141630013823665246e-01 5.706027778506220782e-01 -1.074760611465390564e-01
-8.239526850729962382e-01 5.552443907718113136e-01 -1.131621214080333893e-01
-8.339162688953190017e-01 5.389146362707546434e-01 -1.189735161537847086e-01
-8.439987577204118852e-01 5.216443124701599654e-01 -1.247130078958887528e-01
-8.541466640163368762e-01 5.034240702337062778e-01 -1.303752577586583528e-01
-8.643040530347203543e-01 4.842467534476014857e-01 -1.359544466445324618e-01
-8.744126803829302963e-01 4.641077450376081548e-01 -1.414443042180495158e-01
-8.844121666493901524e-01 4.430053101740363264e-01 -1.468381436224110992e-01
-8.942402108450978604e-01 4.209409320048065895e-01 -1.521289021038428335e-01
-9.038328438172843482e-01 3.979196347811992385e-01 -1.573091876339844652e-01
-9.131247220791416375e-01 3.739502888351694532e-01 -1.623713315208639429e-01
-9.220494616889575168e-01 3.490458915546534868e-01 -1.673074468856752817e-01
-9.305400109141200859e-01 3.232238183077224547e-01 -1.721094927573135480e-01
-9.385290594469865022e-01 2.965060372103198727e-01 -1.767693434018804965e-01
-9.459494809226597356e-01 2.689192817359085663e-01 -1.812788623633461160e-01
-9.527348044506491753e-01 2.404951754452751833e-01 -1.856299805481240184e-01
-9.588197098452126976e-01 2.112703035825822251e-01 -1.898147775449948726e-01
-9.641405402586663564e-01 1.812862269448058394e-01 -1.938255652375869553e-01
-9.686358250263243930e-01 1.505894342837751920e-01 -1.976549726447988931e-01
-9.722468047600734131e-01 1.192312305326832939e-01 -2.012960308205182236e-01
-9.749179501179178198e-01 8.726755934294661010e-02 -2.047422565629710145e-01
-9.765974652640951881e-01 5.475875974468293050e-02 -2.079877336308016966e-01
-9.772377668482596924e-01 2.176925816865139113e-02 -2.110271901415588236e-01
-9.767959293952545030e-01 -1.163280145408086136e-02 -2.138560708416707978e-01
-9.752340883225976143e-01 -4.537598531506802091e-02 -2.164706029870037407e-01
-9.725197923940551714e-01 -7.938604943819244086e-02 -2.188678546600317520e-01
-9.686262982663741417e-01 -1.135864645046624766e-01 -2.210457844723007770e-01
-9.635328008727065408e-01 -1.478989776380613685e-01 -2.230032817564365777e-01
-9.572245946797738325e-01 -1.822442020093029691e-01 -2.247401965361300880e-01
-9.496931623158124669e-01 -2.165422243751252696e-01 -2.262573587696782573e-01
-9.409361886441555134e-01 -2.507132201866701382e-01 -2.275565865860091075e-01
-9.309574999985569255e-01 -2.846780657160914996e-01 -2.286406834641440400e-01
-9.197669299436499468e-01 -3.183589367561103778e-01 -2.295134245398024186e-01
-9.073801145197674112e-01 -3.516798838444708530e-01 -2.301795324483846550e-01
-8.938182214210766974e-01 -3.845673746345890653e-01 -2.306446433243158067e-01
-8.791076188904832778e-01 -4.169507949464210106e-01 -2.309152637658909990e-01
-8.632794912527917974e-01 -4.487629011493893816e-01 -2.309987197366092926e-01
-8.463694089175795021e-01 -4.799402178066171643e-01 -2.309030985041097550e-01
-8.284168613443477769e-01 -5.104233758966013612e-01 -2.306371848133005886e-01
-8.094647618652399679e-01 -5.401573883727929237e-01 -2.302103925497158976e-01
-7.895589334064789799e-01 -5.690918612720063940e-01 -2.296326931726687115e-01
-7.687475840504536251e-01 -5.971811399909867646e-01 -2.289145421869276387e-01
-7.470807810567391405e-01 -6.243843916738297528e-01 -2.280668048791825997e-01
-7.246099314401408531e-01 -6.506656258550771454e-01 -2.271006824752303532e-01
-7.013872765202149306e-01 -6.759936565558657406e-01 -2.260276397800798642e-01
-6.774654070459786848e-01 -7.003420099135350130e-01 -2.248593352509795640e-01
-6.528968045992440405e-01 -7.236887821270793220e-01 -2.236075543278124300e-01
-6.277334140271788598e-01 -7.460164530182392673e-01 -2.222841467114378411e-01
-6.020262506841843608e-01 -7.673116608445614828e-01 -2.209009681431459426e-01
-5.758250453064351904e-01 -7.875649441662812000e-01 -2.194698271017462288e-01
-5.491779284266622430e-01 -8.067704565782189974e-01 -2.180024367026786314e-01
-5.221311553843046571e-01 -8.249256599895092856e-01 -2.165103719589968889e-01
-4.947288722142851314e-01 -8.420310018887671166e-01 -2.150050324495265675e-01
-4.669247031059793329e-01 -8.581138092701959819e-01 -2.135931673003990949e-01
-4.387485957251670565e-01 -8.731780999943660193e-01 -2.122727128314981782e-01
-4.102295329213214159e-01 -8.872279028293041936e-01 -2.110412470540815877e-01
-3.813956759784572492e-01 -9.002672041101407174e-01 -2.098959951256484935e-01
-3.522745076029912825e-01 -9.122999121996832050e-01 -2.088338352288580113e-01
-3.228929731846224005e-01 -9.233298393295201745e-01 -2.078513048660699802e-01
-2.932776189215040019e-01 -9.333607003268804547e-01 -2.069446075785080497e-01
-2.634547254525947957e-01 -9.423961276603354253e-01 -2.061096201155219465e-01
-2.334504356886963061e-01 -9.504397021656356692e-01 -2.053419000946829498e-01
-2.032908755803535250e-01 -9.574949987398568840e-01 -2.046366942072309347e-01
-1.730022666068644910e-01 -9.635656462162051072e-01 -2.039889470354666057e-01
-1.426110288177518115e-01 -9.686554005522500788e-01 -2.033933105588179580e-01
-1.121438733080506872e-01 -9.727682303803333319e-01 -2.028441544332905133e-01
-8.162788306368227997e-02 -9.759084138801635833e-01 -2.023355771346253551e-01
-5.109058117512280811e-02 -9.780806458403401571e-01 -2.018614180585471818e-01
-2.055998548868366582e-02 -9.792901536783602534e-01 -2.014152706718051467e-01
9.935351152930666646e-03 -9.795428210886840681e-01 -2.009904968051383911e-01
4.036631583358013531e-02 -9.788453178872305038e-01 -2.005802421737075125e-01
7.070322629250817836e-02 -9.772052345203156021e-01 -2.001774532018313069e-01
1.009158379746137313e-01 -9.746312196090137769e-01 -1.997748952170087244e-01
1.309733677737103530e-01 -9.711331188091186783e-01 -1.993651720631963165e-01
1.608445346784474206e-01 -9.667221131855351368e-01 -1.989407471652227533e-01
1.904976173509831117e-01 -9.614108552315493439e-01 -1.984939660551975349e-01
2.199005284719142417e-01 -9.552136006116563882e-01 -1.980170803480343911e-01
2.490209054728140248e-01 -9.481463336751890791e-01 -1.975022731270719145e-01
2.778262170521851870e-01 -9.402268847805119734e-01 -1.969416856726360632e-01
3.062838846346384036e-01 -9.314750374894257279e-01 -1.963274454367442690e-01
3.343614176903438318e-01 -9.219126237416758185e-01 -1.956516951365825097e-01
3.620265615866684605e-01 -9.115636052025515301e-01 -1.949066228085619967e-01
3.892474564014273830e-01 -9.004541390942645274e-01 -1.940844926344195143e-01
4.159928048928836497e-01 -8.886126269750271867e-01 -1.931776763217636639e-01
4.422320476014436341e-01 -8.760697451184487061e-01 -1.921786847945239907e-01
4.679355428580252441e-01 -8.628584553688913861e-01 -1.910801999247822847e-01
4.930747493004316029e-01 -8.490139956034705726e-01 -1.898751060172949867e-01
5.176224083576198565e-01 -8.345738492149709087e-01 -1.885565207424509115e-01
5.415527240579316448e-01 -8.195776933374240292e-01 -1.871178252031754086e-01
5.648415374558632962e-01 -8.040673258617172525e-01 -1.855526928170144751e-01
5.874664929565966975e-01 -7.880865716256423292e-01 -1.838551166968009631e-01
6.094071938509503239e-01 -7.716811685037286983e-01 -1.820194352222523904e-01
6.306453444570253586e-01 -7.548986344589090347e-01 -1.800403555107278619e-01
6.511648763985565802e-01 -7.377881169420914542e-01 -1.779129745181354527e-01
6.709520567323118412e-01 -7.204002263285559371e-01 -1.756327975303818290e-01
6.899955758647753346e-01 -7.027868553535115970e-01 -1.731957538413373132e-01
7.082866134673361236e-01 -6.850009867454510681e-01 -1.705982094543996574e-01
7.258188809034841205e-01 -6.670964914482800934e-01 -1.678369766905436489e-01
7.425886390141673843e-01 -6.491279199658550603e-01 -1.649093206352499341e-01
7.585946904606468699e-01 -6.311502894511277217e-01 -1.618129624087996377e-01
7.738383461894476900e-01 -6.132188691936949487e-01 -1.585460792978934108e-01
7.883233659525753501e-01 -5.953889671328914668e-01 -1.551073018401533665e-01
8.020558731792920559e-01 -5.777157199390361431e-01 -1.514957080055345517e-01
8.150442448450192501e-01 -5.602538890650436976e-01 -1.477108146687863277e-01
8.272989773105925426e-01 -5.430576649778896536e-01 -1.437525666137222102e-01
8.388325294043209590e-01 -5.261804815392840950e-01 -1.396213233521449715e-01
8.496591442844467768e-01 -5.096748422234752551e-01 -1.353178440769464697e-01
8.597946518463769339e-01 -4.935921595443905074e-01 -1.308432710994348047e-01
8.692562536246601912e-01 -4.779826087220428454e-01 -1.261991121447931796e-01
8.780622922828582588e-01 -4.628949962573679633e-01 -1.213872218963887306e-01
8.862320078854933891e-01 -4.483766437136250671e-01 -1.164097831892534629e-01
8.937852832069300701e-01 -4.344732866292679296e-01 -1.112692882554563445e-01
9.007423803555042463e-01 -4.212289881194871688e-01 -1.059685204194344699e-01
9.071236709818092381e-01 -4.086860663686119888e-01 -1.005105366299492292e-01
9.129493623031443850e-01 -3.968850348797424710e-01 -9.489865119758650325e-02
9.182392211178844743e-01 -3.858645540370856386e-01 -8.913642108311606305e-02
9.230122979106294423e-01 -3.756613922554324358e-01 -8.322763305310779125e-02
9.272866530684349406e-01 -3.663103947441825325e-01 -7.717629298553803363e-02
9.310790871472474084e-01 -3.578444577037301899e-01 -7.098661757027938113e-02
9.344048770527110248e-01 -3.502945056026605108e-01 -6.466302860789956142e-02
9.372775199372020971e-01 -3.436894690573696343e-01 -5.821015006561566091e-02
9.397084865710499946e-01 -3.380562607533461605e-01 -5.163280800202354331e-02
9.417069859253608399e-01 -3.334197468111641527e-01 -4.493603342276684259e-02
9.432797427105577004e-01 -3.298027110119027827e-01 -3.812506807799102143e-02
9.444307896513925993e-01 -3.272258093579668570e-01 -3.120537315957236379e-02
9.451612763470772505e-01 -3.257075125580448094e-01 -2.418264080201865812e-02
9.454692966641236040e-01 -3.252640341913696220e-01 -1.706280823590057213e-02
9.453497367375984783e-01 -3.259092425289591421e-01 -9.852074387001075878e-03
9.447941458101131174e-01 -3.276545542707465786e-01 -2.556918658420998317e-03
9.437906323113872675e-01 -3.305088088002237079e-01 4.815878422915381533e-03
9.423237877670455065e-01 -3.344781219650850290e-01 1.225921306901025555e-02
9.403746413137424875e-01 -3.395657188657367764e-01 1.976563503018163165e-02
9.379206477769871375e-01 -3.457717456750897811e-01 2.732732380999461363e-02
9.349357124243159456e-01 -3.530930611233715766e-01 3.493606482292433563e-02
9.313902556239801456e-01 -3.615230089597648577e-01 4.258322606578143765e-02
9.272513207005920188e-01 -3.710511734453570964e-01 5.025973591191811723e-02
9.224827282653819127e-01 -3.816631207333087139e-01 5.795606266778086102e-02
9.170452801901707307e-01 -3.933401298431239979e-01 6.566219655275408462e-02
9.108970161709613045e-01 -4.060589178233786622e-01 7.336763477362401309e-02
9.039935254699602574e-01 -4.197913646037846891e-01 8.106137036254033867e-02
8.962883159162693403e-01 -4.345042439409017021e-01 8.873188543029444930e-02
8.877332415706798985e-01 -4.501589677350933960e-01 9.636714945348479056e-02
8.782789896083947889e-01 -4.667113518076472789e-01 1.039546231634373014e-01
8.678756259400580708e-01 -4.841114119401189186e-01 1.114812685357847166e-01
8.564731978781842114e-01 -5.023031995531382909e-01 1.189335652921779257e-01
8.440223907732650188e-01 -5.212246867969441144e-01 1.262975342202397044e-01
8.304752340113198406e-01 -5.408077109978658426e-01 1.335587674959630711e-01
8.157858501126381556e-01 -5.609779883122151256e-01 1.407024660566283947e-01
7.999112389408948864e-01 -5.816552060436662730e-01 1.477134839252612630e-01
7.828120872742423408e-01 -6.027532023506623204e-01 1.545763792339170939e-01
7.644535922667045069e-01 -6.241802409843878463e-01 1.612754715377440473e-01
