1.000000000000000000e+00 0.000000000000000000e+00 0.000000000000000000e+00
9.999999922895614901e-01 4.866649689489716099e-05 -1.142474575016526702e-04
9.999999279717655121e-01 1.637430730893202075e-04 -3.424103432520937641e-04
9.999997001427171073e-01 3.629175102804275401e-04 -6.841095455069475754e-04
9.999991311071365629e-01 6.638144340536340565e-04 -1.138919017820352788e-03
9.999979566418559784e-01 1.083987920649084761e-03 -1.706365885418364980e-03
9.999958073615673459e-01 1.640914024126142751e-03 -2.385930494725491558e-03
9.999921872482984142e-01 2.351983170727235499e-03 -3.177046388830254229e-03
9.999864494133480219e-01 3.234492354347653486e-03 -4.079100190071500640e-03
9.999777691678675140e-01 4.305637052772919894e-03 -5.091431369523604852e-03
9.999651144860426388e-01 5.582502768882530164e-03 -6.213331881975919270e-03
9.999472139530251047e-01 7.082056084484940513e-03 -7.444045644059586742e-03
9.999225222985391737e-01 8.821135097005532860e-03 -8.782767832492179710e-03
9.998891836265976218e-01 1.081643909107499364e-02 -1.022864397900641494e-02
9.998449924621976015e-01 1.308451727835606079e-02 -1.178076883842166245e-02
9.997873527474191446e-01 1.564175641991732285e-02 -1.343818500652428811e-02
9.997132349322426226e-01 1.850436712635107617e-02 -1.519988126496266481e-02
9.996191313198558026e-01 2.168836861189984630e-02 -1.706479063125268536e-02
9.995010098424779166e-01 2.520957166039218891e-02 -1.903178809324672718e-02
9.993542664620268523e-01 2.908355954311240416e-02 -2.109968800906025788e-02
9.991736764105338953e-01 3.332566661219447252e-02 -2.326724115549146446e-02
9.989533445083055296e-01 3.795095427812890387e-02 -2.553313141042568013e-02
9.986866548236550400e-01 4.297418406693417903e-02 -2.789597205760174781e-02
9.983662199667738824e-01 4.840978744194794625e-02 -3.035430170544339834e-02
9.979838303421433299e-01 5.427183206755993583e-02 -3.290657981543464172e-02
9.975304037189141049e-01 6.057398418810983065e-02 -3.555118183974957657e-02
9.969959355169613069e-01 6.732946679523027500e-02 -3.828639397253524868e-02
9.963694502478380732e-01 7.455101326179729149e-02 -4.111040752438675089e-02
9.956389545945079078e-01 8.225081613107508571e-02 -4.402131293513524696e-02
9.947913926613186630e-01 9.044047076636771432e-02 -4.701709344607222368e-02
9.938126039758766739e-01 9.913091359031030170e-02 -5.009561845912702954e-02
9.926872848768255597e-01 1.083323546746661897e-01 -5.325463661725839126e-02
9.913989539754135549e-01 1.180542044819710423e-01 -5.649176864735902526e-02
9.899299224333659719e-01 1.283049946104020678e-01 -5.980450001423560924e-02
9.882612698539977591e-01 1.390922924536391603e-01 -6.319017344162841665e-02
9.863728266365250352e-01 1.504226097589569655e-01 -6.664598136367072545e-02
9.842431636938006045e-01 1.623013051499824499e-01 -7.016895837753518717e-02
9.818495904795913054e-01 1.747324807759839116e-01 -7.375597377512965735e-02
9.791681623112403754e-01 1.877188733575629598e-01 -7.740372423842703520e-02
9.761736980050778056e-01 2.012617400193246198e-01 -8.110872678916200562e-02
9.728398088630449969e-01 2.153607394333523495e-01 -8.486731208900508139e-02
9.691389400572952839e-01 2.300138089426454202e-01 -8.867561819072078411e-02
9.650424254524907486e-01 2.452170384902390143e-01 -9.252958484401140049e-02
9.605205568805328387e-01 2.609645423462460534e-01 -9.642494846151593302e-02
9.555426688368985344e-01 2.772483297997805352e-01 -1.003572378505536988e-01
9.500772394990246728e-01 2.940581761633702107e-01 -1.043217708144621725e-01
9.440920088728483872e-01 3.113814956212119234e-01 -1.083136517235889218e-01
9.375541147514721008e-01 3.292032176360695228e-01 -1.123277701499973830e-01
9.304302470181430307e-01 3.475056688087851953e-01 -1.163588006516214496e-01
9.226868206429618136e-01 3.662684622547455193e-01 -1.204012037808915719e-01
9.142901675082213409e-01 3.854683967181813942e-01 -1.244492283797640625e-01
9.052067469510282072e-01 4.050793677824121031e-01 -1.284969152077019283e-01
8.954370697029336856e-01 4.250326683960540808e-01 -1.324375006396378285e-01
8.849590089357576295e-01 4.452848926440001187e-01 -1.362678388066581592e-01
8.737522261303539706e-01 4.657910125807170343e-01 -1.399849540573954720e-01
8.617983634969266227e-01 4.865045040228785367e-01 -1.435860581290511473e-01
8.490812254793812519e-01 5.073774902709590195e-01 -1.470685662017289785e-01
8.355869472877395232e-01 5.283609029003165647e-01 -1.504301115764632990e-01
8.213041485034819900e-01 5.494046584775961195e-01 -1.536685587323419477e-01
8.062240699441608482e-01 5.704578497872374587e-01 -1.567820145386061292e-01
7.903406921537972085e-01 5.914689499022901531e-01 -1.597688374232716924e-01
7.736508341012776624e-01 6.123860272100887236e-01 -1.626276443302185348e-01
7.561542309158515440e-01 6.331569693124917686e-01 -1.653573153312314359e-01
7.378535897615144945e-01 6.537297135673836301e-01 -1.679569957974092476e-01
7.187546232442767469e-01 6.740524819269843038e-01 -1.704260960748279485e-01
6.988660600511270582e-01 6.940740176620381341e-01 -1.727642886513997833e-01
6.781996328295515353e-01 7.137438215406556319e-01 -1.749715028445053278e-01
6.567700436242384088e-01 7.330123850566034882e-01 -1.770479170811588010e-01
6.345949074856809258e-01 7.518314183729342126e-01 -1.789939488831776837e-01
6.116946751467594590e-01 7.701540707604520586e-01 -1.808102427080958974e-01
5.880925359216241377e-01 7.879351414628408268e-01 -1.824976558314916064e-01
5.638143022107588997e-01 8.051312791064989538e-01 -1.840572424872169710e-01
5.388882771924349280e-01 8.217011679875368957e-01 -1.854902365080664806e-01
5.133451074404720149e-01 8.376056998046624846e-01 -1.867980327302075083e-01
4.872176223291494468e-01 8.528081296581088155e-01 -1.879821674398862164e-01
4.605406621673366341e-01 8.672742153945007804e-01 -1.890442981503454023e-01
4.333508970457614073e-01 8.809723396388924321e-01 -1.899861830005441232e-01
4.056866383852570368e-01 8.938736141117611389e-01 -1.908096600653031716e-01
3.775876451423236801e-01 9.059519660746868652e-01 -1.915166268592078114e-01
3.490949265647680932e-01 9.171842069786626528e-01 -1.921090203043918088e-01
3.202505432986147982e-01 9.275500835992039894e-01 -1.925887974157221572e-01
2.910974085324904426e-01 9.370323121293022695e-01 -1.929579169364888935e-01
2.616790907321515647e-01 9.456165958624308532e-01 -1.932183221341271795e-01
2.320396193707658650e-01 9.532916272318475714e-01 -1.933719249394263706e-01
2.022232949049088957e-01 9.600490750788761574e-01 -1.934205915847949098e-01
1.722745040867261490e-01 9.658835581020825956e-01 -1.933661298681113305e-01
1.422375415436923363e-01 9.707926054924536086e-01 -1.932102781391348556e-01
1.121564384027655126e-01 9.747766057886509961e-01 -1.929546960759596363e-01
8.207479858881328028e-02 9.778387449935113107e-01 -1.926009572901064559e-01
5.203564329070529959e-02 9.799849349809262034e-01 -1.921505437710225028e-01
2.208126396450604476e-02 9.812237331940945051e-01 -1.916048421544039038e-01
-7.746915866787381505e-03 9.815662545950225581e-01 -1.909651417742001256e-01
-3.740846985270437908e-02 9.810260767742322585e-01 -1.902326344356682075e-01
-6.686408900982653003e-02 9.796191390719926062e-01 -1.894084158266194640e-01
-9.607569285258481251e-02 9.773636365009115146e-01 -1.884934884661828569e-01
-1.250065314927947813e-01 9.742799091970485437e-01 -1.874887660750847729e-01
-1.536212787786835898e-01 9.703903280651562380e-01 -1.863950792386539212e-01
-1.818861165708751670e-01 9.657191772251937367e-01 -1.852131822235001668e-01
-2.097688102695600132e-01 9.602925338134592481e-01 -1.839437608010481839e-01
-2.372387757156443622e-01 9.541381456437524333e-01 -1.825874409257652597e-01
-2.642671375908846598e-01 9.472853071926945479e-01 -1.811447981129112872e-01
-2.908267794396951489e-01 9.397647343391335450e-01 -1.796163673598476784e-01
-3.168985493059915948e-01 9.316142442600972018e-01 -1.779612883469250673e-01
-3.424505965638000027e-01 9.228705950156682603e-01 -1.761745282552271419e-01
-3.674525331621087409e-01 9.135727286969321792e-01 -1.742513004374620367e-01
-3.918755700004383224e-01 9.037616688560168310e-01 -1.721870895040638061e-01
-4.156926426565090704e-01 8.934804009137157221e-01 -1.699776751706482680e-01
-4.388785244497544480e-01 8.827737363417863525e-01 -1.676191546421911815e-01
-4.614099249371835243e-01 8.716881616555264278e-01 -1.651079633278621228e-01
-4.832655720887186757e-01 8.602716734738405924e-01 -1.624408937037242207e-01
-5.044262765754574662e-01 8.485736011027871228e-01 -1.596151121681318452e-01
-5.248749768231738555e-01 8.366444182690702114e-01 -1.566281737661165963e-01
-5.445967637307175258e-01 8.245355457672927102e-01 -1.534780346937118234e-01
-5.635788842239559671e-01 8.122991468850090380e-01 -1.501630625302797228e-01
-5.818107231050797523e-01 7.999879175297212042e-01 -1.466820441856330759e-01
-5.992837629585678894e-01 7.876548730000376697e-01 -1.430341915881828407e-01
-6.159915221827875209e-01 7.753531333185627039e-01 -1.392191451795484480e-01
-6.319294715239698323e-01 7.631357089772151658e-01 -1.352369753190880708e-01
-6.470949297912554909e-01 7.510552888383387193e-01 -1.310881817377060055e-01
-6.614869397221504466e-01 7.391640317900597390e-01 -1.267736912131890992e-01
-6.751061252421819425e-01 7.275133635758702644e-01 -1.222948536683992754e-01
-6.879545316166431057e-01 7.161537800113069174e-01 -1.176534369181860967e-01
-7.000354502227768005e-01 7.051346575706021191e-01 -1.128516203102773729e-01
-7.113532298752278660e-01 6.945040720796894496e-01 -1.078919875191774042e-01
-7.219130768146966304e-01 6.843086259957646966e-01 -1.027775187599079681e-01
-7.317208456190289478e-01 6.745932844948296925e-01 -9.751158269006077184e-02
-7.407828234179160143e-01 6.654012203344394916e-01 -9.209792826402360411e-02
-7.491055098882037910e-01 6.567736672163062561e-01 -8.654067679245902589e-02
-7.566953955783976005e-01 6.487497811493242450e-01 -8.084431444334284900e-02
-7.635587411606611363e-01 6.413665091144191699e-01 -7.501368539840895522e-02
-7.697013602391045151e-01 6.346584641643752134e-01 -6.905398585110052168e-02
-7.751284083571635675e-01 6.286578059598474377e-01 -6.297075899958395895e-02
-7.798441808470080172e-01 6.233941256518882312e-01 -5.676989115160741006e-02
-7.838519221524408165e-01 6.188943339755623718e-01 -5.045760901761124628e-02
-7.871536492354052061e-01 6.151825514219133595e-01 -4.404047822520983785e-02
-7.897499916460052338e-01 6.122799994092030795e-01 -3.752540304269555427e-02
-7.916400507970020595e-01 6.102048914806820212e-01 -3.091962725234485149e-02
-7.928212809352011003e-01 6.089723237159779812e-01 -2.423073606684642001e-02
-7.932893942420231603e-01 6.085941637563936357e-01 -1.746665893497523908e-02
-7.930382924207637352e-01 6.090789381098202782e-01 -1.063567303658963237e-02
-7.920600270343618465e-01 6.104317177163273156e-01 -3.746407223050566074e-03
-7.903447907396580208e-01 6.126540021172360850e-01 3.192153881797957227e-03
-7.878809414159279045e-01 6.157436029737241023e-01 1.017066594191885082e-02
-7.846550610000334602e-01 6.196945281192978161e-01 1.717942148446724090e-02
-7.806520506105005808e-01 6.244968677957331016e-01 2.420834737012602864e-02
-7.758552632607766952e-01 6.301366852044554268e-01 3.124700355734644219e-02
-7.702466751207500684e-01 6.365959139931175459e-01 3.828458357069790957e-02
-7.638070958790380560e-01 6.438522657767463686e-01 4.530991708609011931e-02
-7.565164182816459526e-01 6.518791512488741891e-01 5.231147503877539573e-02
-7.483539063723630980e-01 6.606456188534753915e-01 5.927737764321075464e-02
-7.392985213362247565e-01 6.701163153448240761e-01 6.619540568670533032e-02
-7.293292831521523967e-01 6.802514728401121147e-01 7.305301542120598568e-02
-7.184256655007489334e-01 6.910069271489260867e-01 7.983735732978881894e-02
-7.065680205584876639e-01 7.023341722248427343e-01 8.653529898697555345e-02
-6.937380294548852744e-01 7.141804555089585893e-01 9.313345216579659025e-02
-6.799191732938602017e-01 7.264889187066965182e-01 9.961820427087429708e-02
-6.650972187679067282e-01 7.391987881444507247e-01 1.059757540973708251e-01
-6.492607115515367511e-01 7.522456182825140170e-01 1.121921518324518752e-01
-6.324014698795941136e-01 7.655615912115640853e-01 1.182533431312682431e-01
-6.145150700298931401e-01 7.790758740343582955e-01 1.241452170158736240e-01
-5.956013148727227202e-01 7.927150349419017639e-01 1.298536572656127652e-01
-5.756646762563273345e-01 8.064035175515626985e-01 1.353645968939538313e-01
-5.547147017997926532e-01 8.200641717086395444e-01 1.406640752419840712e-01
-5.327663766912625887e-01 8.336188374956542413e-01 1.457382971650383052e-01
-5.098404313629366635e-01 8.469889776851308172e-01 1.505736937479698057e-01
-4.859635864502859226e-01 8.600963523577821457e-01 1.551569839576544541e-01
-4.611687272479566557e-01 8.728637279392712500e-01 1.594752366290730916e-01
-4.354950009454012227e-01 8.852156115379672396e-01 1.635159321836963109e-01
-4.089878312470588417e-01 8.970790002465730550e-01 1.672670234951742774e-01
-3.816988465295602651e-01 9.083841340531865205e-01 1.707169953461369905e-01
-3.536857194259361847e-01 9.190652402386152442e-01 1.738549219593090722e-01
-3.250119176084688699e-01 9.290612566558164032e-01 1.766705221337852849e-01
-2.957463675137885772e-01 9.383165211241322190e-01 1.791542115705838933e-01
-2.659630347561315888e-01 9.467814143443814556e-01 1.812971520278143511e-01
-2.357404269437468058e-01 9.544129442573515698e-01 1.830912970024000108e-01
-2.051610264847346377e-01 9.611752606212429217e-01 1.845294336900330789e-01
-1.743106626794920788e-01 9.670400897535392781e-01 1.856052210261093238e-01
-1.432778338894644399e-01 9.719870808375444815e-01 1.863132236565758215e-01
-1.121529917953386496e-01 9.760040568902504932e-01 1.866489417283350716e-01
-8.102780067087138327e-02 9.790871653737426294e-01 1.866088364241348385e-01
-4.999438517111154390e-02 9.812409254474533382e-01 1.861903511973619918e-01
-1.914458034807616990e-02 9.824781709392261808e-01 1.853919286889535722e-01
1.143080254189832862e-02 9.828198901936732179e-01 1.842130233331604749e-01
4.164268137890311111e-02 9.822949659721298410e-01 1.826541096827153376e-01
7.140436744704944938e-02 9.809398204688470901e-01 1.807166865085852447e-01
1.006321775504050581e-01 9.787979722183157705e-01 1.784032767562264699e-01
1.292459843047053525e-01 9.759195131524318612e-01 1.757174234700099313e-01
1.571696965533709578e-01 9.723605152870751223e-01 1.726636818306602483e-01
1.843316636393950714e-01 9.681823774500103452e-01 1.692476074869749270e-01
2.106649991534787492e-01 9.634511230917802704e-01 1.654757414020005257e-01
2.361078217166210913e-01 9.582366605459663456e-01 1.613555914739124297e-01
2.606034122869957947e-01 9.526120171334876430e-01 1.568956112312691054e-01
2.841002893546480945e-01 9.466525582563810604e-01 1.521051759389297209e-01
3.065522051567541317e-01 9.404352021275970142e-01 1.469945564823693374e-01
3.279180676707591502e-01 9.340376400700016735e-01 1.415748914219938093e-01
3.481617945898319300e-01 9.275375714308571329e-01 1.358581576230740440e-01
3.672521067297098152e-01 9.210119611421355712e-01 1.298571398691042711e-01
3.851622693409999520e-01 9.145363268584789651e-01 1.235853998551917909e-01
4.018697905967373307e-01 9.081840614697396230e-01 1.170572449324974312e-01
4.173560870888081142e-01 9.020257956582790060e-01 1.102876969343835195e-01
4.316061265020867954e-01 8.961288040936201682e-01 1.032924613600691710e-01
4.446080577501452802e-01 8.905564578649524110e-01 9.608789712319916465e-02
4.563528387632855288e-01 8.853677248758298202e-01 8.869098699241233230e-02
4.668338718331285220e-01 8.806167191889739954e-01 8.111930876096157261e-02
4.760466559542108067e-01 8.763522997289093786e-01 7.339100708543247475e-02
4.839884649785736737e-01 8.726177183351649935e-01 6.552476583281317823e-02
4.906580596303832253e-01 8.694503169102448803e-01 5.753978067409908081e-02
4.960554405294361757e-01 8.668812733182038599e-01 4.945573156500847334e-02
5.001816483589882623e-01 8.649353957479370969e-01 4.129275466407655165e-02
5.030386161974360615e-01 8.636309654399166869e-01 3.307141315919863434e-02
5.046290778267660260e-01 8.629796279597097275e-01 2.481266640927458703e-02
5.049565345447015741e-01 8.629863335545606695e-01 1.653783676135286984e-02
5.040252816538235425e-01 8.636493275147283377e-01 8.268573378567513690e-03
5.018404943925335315e-01 8.649601918401751410e-01 2.681241265531202067e-05
4.984083716247687534e-01 8.669039398449501777e-01 -8.165267121269798381e-03
4.937363341362437374e-01 8.694591655753634019e-01 -1.628529235969633504e-02
4.878332729171616644e-01 8.725982500345804693e-01 -2.431075101057041457e-02
4.807098413719362862e-01 8.762876261597737360e-01 -3.221905159047728368e-02
4.723787840175900365e-01 8.804881042580782191e-01 -3.998758976495140477e-02
4.628552929510185154e-01 8.851552591513636159e-01 -4.759382092991640278e-02
4.521573822222202388e-01 8.902398795936268261e-01 -5.501533900712655967e-02
4.403062692897534158e-01 8.956884796060547993e-01 -6.222996124876593871e-02
4.273267520010602394e-01 9.014438702333361642e-01 -6.921581866159279284e-02
4.132475690776671873e-01 9.074457888837166308e-01 -7.595145147533322039e-02
3.981017319335080629e-01 9.136315819111907599e-01 -8.241590889993702373e-02
3.819268158467745700e-01 9.199369344806448412e-01 -8.858885224841252237e-02
3.647651990649927733e-01 9.262966400868135608e-01 -9.445066035265023419e-02
3.466642393600379846e-01 9.326454004459778790e-01 -9.998253607480030170e-02
3.276763788601251282e-01 9.389186449219962816e-01 -1.051666126214366032e-01
3.078591696483827245e-01 9.450533572645155589e-01 -1.099860583058812069e-01
2.872752145939717616e-01 9.509888963041051024e-01 -1.144251783783293147e-01
2.659920201163163411e-01 9.566677964371814724e-01 -1.184695125550089961e-01
2.440817600047863190e-01 9.620365333025373555e-01 -1.221059269262191604e-01
2.216209519411215800e-01 9.670462400455943630e-01 -1.253226990069134517e-01
1.986900509068388887e-01 9.716533600122801984e-01 -1.281095948093595727e-01
1.753729661049865107e-01 9.758202226170673566e-01 -1.304579369609382145e-01
1.517565102875205185e-01 9.795155304727779511e-01 -1.323606630560458242e-01
1.279297923645861534e-01 9.827147476153484940e-01 -1.338123736133742803e-01
1.039835657991943635e-01 9.854003807471609644e-01 -1.348093692022497014e-01
8.000954649456111512e-02 9.875621477833138595e-01 -1.353496764978663613e-01
5.609971461497646750e-02 9.891970305291558629e-01 -1.354330632190153816e-01
3.234561501904825720e-02 9.903092109495524875e-01 -1.350610420875986706e-01
8.837670723504775783e-03 9.909098931131826715e-01 -1.342368641217834002e-01
-1.433547692440937174e-02 9.910170154139655851e-01 -1.329655017297901032e-01
-3.708758886779207203e-02 9.906548599995961268e-01 -1.312536222055406820e-01
-5.933539881800076188e-02 9.898535683993419099e-01 -1.291095523380850207e-01
-8.099912452550729614e-02 9.886485740804537015e-01 -1.265432349320764482e-01
-1.020029128797274309e-01 9.870799640332360569e-01 -1.235661780955655126e-01
-1.222752141144716476e-01 9.851917824662927980e-01 -1.201913981837617329e-01
-1.417490826879674037e-01 9.830312902816310539e-01 -1.164333572935888211e-01
-1.603624046646589807e-01 9.806481942075068181e-01 -1.123078961848740093e-01
-1.780580535710781509e-01 9.780938593237029632e-01 -1.078321634614874402e-01
-1.947839786603843826e-01 9.754205182602708746e-01 -1.030245417818372033e-01
-2.104932312416843698e-01 9.726804896365770503e-01 -9.790457178547537498e-02
-2.251439361658064964e-01 9.699254173881545205e-01 -9.249287432427705236e-02
-2.386992166770222079e-01 9.672055415616416241e-01 -8.681107147622191267e-02
-2.511270816216075175e-01 9.645690099988468713e-01 -8.088170670109184890e-02
-2.624002844428298675e-01 9.620612391312109990e-01 -7.472816437454135596e-02
-2.724961634928362852e-01 9.597243309103985487e-01 -6.837458881434631264e-02
-2.813964729696825651e-01 9.575965517456599407e-01 -6.184580279464380742e-02
-2.890872132652952953e-01 9.557118782304855342e-01 -5.516722543508362220e-02
-2.955584687171292080e-01 9.540996134362821346e-01 -4.836478925632226034e-02
-3.008042597276232577e-01 9.527840766356593383e-01 -4.146485611522277709e-02
-3.048224149903072666e-01 9.517843684894009559e-01 -3.449413167606320274e-02
-3.076144681816778692e-01 9.511142129782031995e-01 -2.747957804100445087e-02
-3.091855819880862111e-01 9.507818766652106346e-01 -2.044832415629313505e-02
-3.095445007827689055e-01 9.507901652161979689e-01 -1.342757363157643172e-02
-3.087035316966837972e-01 9.511364964565812707e-01 -6.444509658702474685e-03
-3.066785522852780166e-01 9.518130485839542132e-01 4.738032071808307225e-04
-3.034890415287869181e-01 9.528069814595405695e-01 7.300520539304823468e-03
-2.991581295622263159e-01 9.541007281543562035e-01 1.400912281392706175e-02
-2.937126603570359706e-01 9.556723531149748929e-01 2.057352333445214287e-02
-2.871832606103680297e-01 9.574959724366122193e-01 2.696817901400767187e-02
-2.796044073767724458e-01 9.595422307939170947e-01 3.316820355987600000e-02
-2.710144865308893314e-01 9.617788285981377916e-01 3.914948243594680577e-02
-2.614558340013272697e-01 9.641710919483942321e-01 4.488878881722734721e-02
-2.509747518783999043e-01 9.666825769584169725e-01 5.036389960025660500e-02
-2.396214919741648242e-01 9.692756991091054930e-01 5.555371040159731710e-02
-2.274502001926281547e-01 9.719123774472476773e-01 6.043834836943711569e-02
-2.145188161288034134e-01 9.745546827694778758e-01 6.499928155584785983e-02
-2.008889236226782948e-01 9.771654784448122744e-01 6.921942355340982012e-02
-1.866255495012979215e-01 9.797090422814449528e-01 7.308323209230936646e-02
-1.717969093919643475e-01 9.821516578690725474e-01 7.657680032374429568e-02
-1.564741012166934175e-01 9.844621641517580235e-01 7.968793958200300065e-02
-1.407307487120397493e-01 9.866124526205948264e-01 8.240625251882584268e-02
-1.246425989868720635e-01 9.885779024584562258e-01 8.472319563603812609e-02
-1.082870796632303539e-01 9.903377452044346274e-01 8.663213040110116780e-02
-9.174282247725083772e-02 9.918753520023264603e-01 8.812836230926264502e-02
-7.508916129271032969e-02 9.931784382117690990e-01 8.920916744876446203e-02
-5.840561325563159434e-02 9.942391820375844347e-01 8.987380632505467815e-02
-4.177135226575307697e-02 9.950542558098282031e-01 9.012352489906039210e-02
-2.526468404661992920e-02 9.956247705567808914e-01 8.996154298649960968e-02
-8.962531864161616540e-03 9.959561364876536871e-01 8.939303034371011425e-02
7.060058606639392498e-03 9.960578438759560838e-01 8.842507092515357325e-02
2.273038760207827733e-02 9.959431705492800546e-01 8.706661593425304990e-02
3.797853618513826607e-02 9.956288236966498451e-01 8.532842639935382667e-02
5.273776241986722485e-02 9.951345249615526356e-01 8.322300608842417291e-02
6.694485484566316258e-02 9.944825487705801770e-01 8.076452562895990173e-02
8.054044072647165153e-02 9.936972245402365678e-01 7.796873872397287741e-02
9.346924797737002355e-02 9.928044138061605794e-01 7.485289135260832227e-02
1.056803210320230307e-01 9.918309734391513866e-01 7.143562481753142068e-02
1.171271921555201573e-01 9.908042159698055018e-01 6.773687345427367723e-02
1.277680107830695966e-01 9.897513776644200068e-01 6.377775775441849038e-02
1.375656343407953841e-01 9.886991044102652060e-01 5.958047357948064587e-02
1.464876846561568302e-01 9.876729647122339806e-01 5.516817806050524492e-02
1.545065744791143392e-01 9.866969982096222003e-01 5.056487269474498752e-02
1.615995088088558185e-01 9.857933071243887291e-01 4.579528407009784974e-02
1.677484656627005744e-01 9.849816969808590228e-01 4.088474257479902951e-02
1.729401606510114764e-01 9.842793718177902385e-01 3.585905938815826810e-02
1.771659992598871303e-01 9.837006879689181860e-01 3.074440200125760220e-02
1.804220201239684351e-01 9.832569693350555751e-01 2.556716848702766942e-02
1.827088318318041971e-01 9.829563859228990230e-01 2.035386072866428656e-02
1.840315449862367780e-01 9.828038962929954714e-01 1.513095682462951841e-02
1.843997003843654281e-01 9.828012534494693364e-01 9.924782917201419030e-03
1.838271933282059345e-01 9.829470726235242095e-01 4.761384738396937794e-03
1.823321932692316960e-01 9.832369583576383576e-01 -3.336007701553256669e-04
1.799370572657410794e-01 9.836636872949393595e-01 -5.335073331284649091e-03
1.766682351253763550e-01 9.842174421273760521e-01 -1.021859618372068269e-02
1.725561636444906122e-01 9.848860912682588786e-01 -1.496052130536523056e-02
1.676351470630973173e-01 9.856555080033428951e-01 -1.953811231414964364e-02
1.619432207429008785e-01 9.865099221561368648e-01 -2.392966426874038391e-02
1.555219951521668587e-01 9.874322966956999847e-01 -2.811461951790596159e-02
1.484164775020832827e-01 9.884047212380359104e-01 -3.207367868845655001e-02
1.406748688133056535e-01 9.894088140643665374e-01 -3.578890586125006018e-02
1.323483347788707021e-01 9.904261241186249620e-01 -3.924382696599026249e-02
1.234907495035322822e-01 9.914385244670266273e-01 -4.242352043064738509e-02
1.141584120065862601e-01 9.924285889147663742e-01 -4.531469915147058602e-02
1.044097362376182198e-01 9.933799438832753292e-01 -4.790578290476969064e-02
9.430491623186175454e-02 9.942775882539667265e-01 -5.018696040082535476e-02
8.390556888292360904e-02 9.951081746716516907e-01 -5.215024028127743239e-02
7.327435759599398857e-02 9.958602467560816462e-01 -5.378949048102342478e-02
6.247460076842420440e-02 9.965244277695504138e-01 -5.510046551013283306e-02
5.156986959635639217e-02 9.970935575020691832e-01 -5.608082135607755231e-02
4.062358010266005348e-02 9.975627754281579662e-01 -5.673011785688755054e-02
2.969858450773561753e-02 9.979295495221039980e-01 -5.704980854677382807e-02
1.885676711463737248e-02 9.981936514512376180e-01 -5.704321812258941748e-02
8.158649756286625795e-03 9.983570801591310495e-01 -5.671550781788542439e-02
-2.336988433303219606e-03 9.984239370643878120e-01 -5.607362909751530816e-02
-1.257347259083507404e-02 9.984002572012834476e-01 -5.512626619674427381e-02
-2.249657125233766458e-02 9.982938015864208925e-01 -5.388376812248833053e-02
-3.205480988679694498e-02 9.981138168873809891e-01 -5.235807080940917124e-02
-4.119975637237148491e-02 9.978707690784242024e-01 -5.056261017982114497e-02
-4.988627666323551535e-02 9.975760581849864028e-01 -4.851222689429868923e-02
-5.807275959392525083e-02 9.972417214401830821e-01 -4.622306360087592020e-02
-6.572131042511412946e-02 9.968801322063068904e-01 -4.371245549684576320e-02
-7.279791332398789783e-02 9.965037018614537612e-01 -4.099881501095721525e-02
-7.927256347305162987e-02 9.961245915296486064e-01 -3.810151139819192845e-02
-8.511936989852068869e-02 9.957544400594380285e-01 -3.504074601736556493e-02
-9.031663039509688073e-02 9.954041140506957319e-01 -3.183742403663190196e-02
-9.484688009605336811e-02 9.950834850137099119e-01 -2.851302328648064668e-02
-9.869691530046563466e-02 9.948012379405617445e-01 -2.508946095659949846e-02
-1.018577941330350706e-01 9.945647146984430975e-01 -2.158895881414488876e-02
-1.043248154909063447e-01 9.943797947394900083e-01 -1.803390760810287194e-02
-1.060974775445505808e-01 9.942508146826903870e-01 -1.444673131846115066e-02
-1.071794168271078679e-01 9.941805273802315490e-01 -1.084975191013029527e-02
-1.075783286908313791e-01 9.941701001519956948e-01 -7.265055259559347403e-03
-1.073058696528328415e-01 9.942191509754847445e-01 -3.714358935773608410e-03
-1.063775419164929015e-01 9.943258205709571973e-01 -2.188825355499872741e-04
-1.048125601587904798e-01 9.944868775387598614e-01 3.200778707390387629e-03
-1.026337005334113650e-01 9.946978530025282206e-01 6.524776299312706057e-03
-9.986713176690846516e-02 9.949532006018338981e-01 9.734126092419729051e-03
-9.654222822804192639e-02 9.952464771734269577e-01 1.281082035080756409e-02
-9.269136493159964296e-02 9.955705390723231796e-01 1.573793350330214558e-02
-8.834969459553955462e-02 9.959177488215341656e-01 1.849972081596611834e-02
-8.355490709763918611e-02 9.962801866487553948e-01 2.108170923482080225e-02
-7.834697196425334520e-02 9.966498614734913275e-01 2.347077968024113143e-02
-7.276786485504815882e-02 9.970189160493401204e-01 2.565524011928534479e-02
-6.686127936685561102e-02 9.973798212403379715e-01 2.762488880101869604e-02
-6.067232584861757816e-02 9.977255548104387861e-01 2.937106711214473517e-02
-5.424721927876897942e-02 9.980497606206311101e-01 3.088670159482045582e-02
-4.763295858791870979e-02 9.983468847444372241e-01 3.216633476370508310e-02
-4.087700009651183686e-02 9.986122857118446827e-01 3.320614446292174948e-02
-3.402692796502503753e-02 9.988423168535234264e-01 3.400395161320267368e-02
-2.713012471218501781e-02 9.990343795188223464e-01 3.455921631234087910e-02
-2.023344493756479637e-02 9.991869467585744458e-01 3.487302236541781758e-02
-1.338289538568117332e-02 9.992995578728540718e-01 3.494805043242394521e-02
-6.623324410510092811e-03 9.993727850007670943e-01 3.478854008734758724e-02
1.876252807913973697e-06 9.994081736518013459e-01 3.440024118240136292e-02
6.451054719888080040e-03 9.994081597261981198e-01 3.379035500201284237e-02
1.268456477519383854e-02 9.993759661281412798e-01 3.296746577221823515e-02
1.866501217140468030e-02 9.993154825267196451e-01 3.194146316134891667e-02
2.435747964409064326e-02 9.992311321558559056e-01 3.072345646706807140e-02
2.972972922632570458e-02 9.991277297599576723e-01 2.932568123303801177e-02
3.475238079606851604e-02 9.990103348851828713e-01 2.776139907632726653e-02
3.939906612224571697e-02 9.988841046889513908e-01 2.604479153498067204e-02
4.364655798283949284e-02 9.987541502982325570e-01 2.419084876510047694e-02
4.747487420176757511e-02 9.986254004988007749e-01 2.221525392958961787e-02
5.086735668561313817e-02 9.985024761943130933e-01 2.013426412770241355e-02
5.381072573388304831e-02 9.983895786490292190e-01 1.796458871699280549e-02
5.629511004783561284e-02 9.982903940361483874e-01 1.572326587826812852e-02
5.831405297598556831e-02 9.982080162710109672e-01 1.342753827066019146e-02
5.986449561430202959e-02 9.981448895313449476e-01 1.109472861856658499e-02
6.094673743267475796e-02 9.981027712719990896e-01 8.742116065352287246e-03
6.156437513433785091e-02 9.980827159456598929e-01 6.386814120390885835e-03
6.172422047998921829e-02 9.980850790597598499e-01 4.045651016032412312e-03
6.143619783157884540e-02 9.981095406481369503e-01 1.735053278919877068e-03
6.071322219970666512e-02 9.981551467278015899e-01 -5.290666949589093414e-04
5.957105861962083693e-02 9.982203668587790180e-01 -2.731418290844731759e-03
5.802816373869000566e-02 9.983031655391196857e-01 -4.857434804135528882e-03
5.610551057581678741e-02 9.984010848566045038e-01 -6.893369329294614031e-03
5.382639751142043183e-02 9.985113355901239496e-01 -8.826383725600671706e-03
5.121624268417596104e-02 9.986308938116079670e-01 -1.064463001884434143e-02
4.830236510458207899e-02 9.987565999857739296e-01 -1.233732364776949850e-02
4.511375394091429736e-02 9.988852575993885097e-01 -1.389480802138343823e-02
4.168082758416552513e-02 9.990137284712677923e-01 -1.530860991810861424e-02
3.803518424826289601e-02 9.991390220934778243e-01 -1.657148532970475346e-02
3.420934600283843247e-02 9.992583766254438116e-01 -1.767745543124354252e-02
3.023649826085105657e-02 9.993693294961443208e-01 -1.862183244218763162e-02
2.615022684566870037e-02 9.994697759536745885e-01 -1.940123523160152200e-02
2.198425483602825178e-02 9.995580143232293269e-01 -2.001359461131993478e-02
1.777218142809204593e-02 9.996327771800092021e-01 -2.045814835302376886e-02
1.354722505863871149e-02 9.996932480982513303e-01 -2.073542605708562914e-02
9.341973000959742646e-03 9.997390640870719158e-01 -2.084722409123072884e-02
5.188139575671453681e-03 9.997703042541691287e-01 -2.079657090408612227e-02
1.116335014393820754e-03 9.997874656367213841e-01 -2.058768310127527187e-02
-2.844153121482844923e-03 9.997914274935165713e-01 -2.022591274875481029e-02
-6.665564227342162147e-03 9.997834056537302505e-01 -1.971768643870040402e-02
-1.032185309168586265e-02 9.997648987581679858e-01 -1.907043671677476765e-02
-1.378886112643142557e-02 9.997376284027990057e-01 -1.829252652563096229e-02
-1.704446924454711132e-02 9.997034752989920614e-01 -1.739316736781535214e-02
-2.006873145143054857e-02 9.996644135993486557e-01 -1.638233193182942263e-02
-2.284398842801734636e-02 9.996224455040314538e-01 -1.527066195814118232e-02
-2.535496058929817553e-02 9.995795381637565535e-01 -1.406937214767983203e-02
-2.758882029824171606e-02 9.995375647378188511e-01 -1.279015093415455766e-02
-2.953524309963850847e-02 9.994982512559579257e-01 -1.144505895379827054e-02
-3.118643800973996613e-02 9.994631306801758930e-01 -1.004642605223545794e-02
-3.253715705541978392e-02 9.994335052764298233e-01 -8.606747668459079417e-03
-3.358468440146444162e-02 9.994104180967247064e-01 -7.138581430662973779e-03
-3.432880553773855897e-02 9.993946340501392855e-01 -5.654444788125066734e-03
-3.477175712108478145e-02 9.993866307173109309e-01 -4.166714487602872323e-03
-3.491815818186828901e-02 9.993865987471393098e-01 -2.687528681838904140e-03
-3.477492351403555643e-02 9.993944513765701254e-01 -1.228692431768601536e-03
-3.435116017218968476e-02 9.994098423430157752e-01 1.984126671765618511e-04
-3.365804810085935850e-02 9.994321912218755433e-01 1.582914040743110861e-03
-3.270870602068715050e-02 9.994607150250163219e-01 2.914528221365787677e-03
-3.151804379388872812e-02 9.994944647447879804e-01 4.183634858494431237e-03
-3.010260258657945429e-02 9.995323654254040235e-01 5.381344101114853180e-03
-2.848038423733211325e-02 9.995732582909074848e-01 6.499556857357207881e-03
-2.667067132795693241e-02 9.996159434563878232e-01 7.531017498449124083e-03
-2.469383953187560474e-02 9.996592217949252790e-01 8.469358641083613026e-03
-2.257116388519462766e-02 9.997019346236807325e-01 9.309137713004388484e-03
-2.032462068315027057e-02 9.997430000040016251e-01 1.004586508060920091e-02
-1.797668674753971282e-02 9.997814446165366187e-01 1.067602359386779151e-02
-1.555013783684848147e-02 9.998164303663258368e-01 1.119707948198452041e-02
-1.306784797820262356e-02 9.998472750870992520e-01 1.160748461207813248e-02
-1.055259148770249650e-02 9.998734669405725528e-01 1.190667020173454861e-02
-8.026849412427417702e-03 9.998946723372079681e-01 1.209503215363636440e-02
-5.512622073383675880e-03 9.999107374316774655e-01 1.217390825562979922e-02
-3.031249314505321708e-03 9.999216834615111127e-01 1.214554756165072899e-02
-6.032399697283911087e-04 9.999276963941828855e-01 1.201307233706480800e-02
1.751888050092856135e-03 9.999291115201480729e-01 1.178043301544497330e-02
4.015755773873974643e-03 9.999263937721309947e-01 1.145235667198207970e-02
6.171258151703338038e-03 9.999201146605478652e-01 1.103428957108533968e-02
8.202685009492529516e-03 9.999109267889170205e-01 1.053233439187841423e-02
1.009582713984927098e-02 9.998995369503879127e-01 9.953182774946377556e-03
1.183806685095532656e-02 9.998866788073877965e-01 9.304043866652969563e-03
1.341845245593380545e-02 9.998730861223703581e-01 8.592569563532145849e-03
1.482775634558606594e-02 9.998594674414640338e-01 7.826777178644864566e-03
1.605851644559014996e-02 9.998464830381766921e-01 7.014970264424617331e-03
1.710506101375062343e-02 9.998347248057847247e-01 6.165658332503957603e-03
1.796351688248837633e-02 9.998246996498306727e-01 5.287476210443728571e-03
1.863180139558789569e-02 9.998168167819252439e-01 4.389103768326116373e-03
1.910959842567358860e-02 9.998113791586653587e-01 3.479186734988567835e-03
1.939831898956188502e-02 9.998085791508178888e-01 2.566259304449089191e-03
1.950104710225728649e-02 9.998084983736514886e-01 1.658669207999965978e-03
1.942247162671022209e-02 9.998111114647115771e-01 7.645058967398105131e-04
1.916880498530521004e-02 9.998162934651484424e-01 -1.084675567902065006e-04
1.874768970010718197e-02 9.998238303489400680e-01 -9.528782704336502931e-04
1.816809382176601609e-02 9.998334321541954006e-01 -1.761802556334462035e-03
1.744019639114426784e-02 9.998447481044741014e-01 -2.528819646094325035e-03
1.657526415254436183e-02 9.998573830670479667e-01 -3.248059720920729553e-03
1.558552080211525817e-02 9.998709146796381786e-01 -3.914245888716322980e-03
1.448401010878573245e-02 9.998849104868142712e-01 -4.522729811348706608e-03
1.328445428704639122e-02 9.998989444604770016e-01 -5.069520749139754673e-03
1.200110903025705320e-02 9.999126123334001193e-01 -5.551307855297418943e-03
1.064861662914969205e-02 9.999255452477227024e-01 -5.965475619909382105e-03
9.241858602233353828e-03 9.999374213080383100e-01 -6.310112430521921598e-03
7.795809252486560204e-03 9.999479747274111485e-01 -6.584012283513042234e-03
6.325391537882017225e-03 9.999570023600812263e-01 -6.786669746703622927e-03
4.845336602031367033e-03 9.999643675225701189e-01 -6.918268338209092663e-03
3.370048255946555670e-03 9.999700011111957165e-01 -6.979662548714545348e-03
1.913473633248601296e-03 9.999739001247374137e-01 -6.972353793491799755e-03
4.889811600338072640e-04 9.999761237926233504e-01 -6.898460635949543382e-03
-8.907531118181009899e-04 9.999767875885010593e-01 -6.760683675757377976e-03
-2.213849861499259455e-03 9.999760554739633989e-01 -6.562265541117411581e-03
-3.469320710767751642e-03 9.999741307657620260e-01 -6.306946466150081983e-03
-4.647151572329014449e-03 9.999712460509796452e-01 -5.998915970265188136e-03
-5.738374540409189699e-03 9.999676525880026867e-01 -5.642761186529799897e-03
-6.735127855547680918e-03 9.999636096270880792e-01 -5.243412410219800215e-03
-7.630703604452896555e-03 9.999593740638508255e-01 -4.806086456818952669e-03
-8.419582945179887590e-03 9.999551908037097592e-01 -4.336228430642080287e-03
-9.097458776504342703e-03 9.999512841673031671e-01 -3.839452511001930149e-03
-9.661245896899702673e-03 9.999478506086117990e-01 -3.321482362464072812e-03
-1.010907882180546793e-02 9.999450529517660557e-01 -2.788091769344767067e-03
-1.044029754685085222e-02 9.999430162822015022e-01 -2.245046082355935980e-03
-1.065542165841876047e-02 9.999418255559165969e-01 -1.698045047388095207e-03
-1.075611330054184779e-02 9.999415249199803402e-01 -1.152667563088835556e-03
-1.074512960783289249e-02 9.999421186708208342e-01 -6.143188854262699372e-04
-1.062626530724654350e-02 9.999435737166277871e-01 -8.818076414998405211e-05
-1.040428627628115638e-02 9.999458233584596067e-01 4.208350416565745031e-04
-1.008485492113470224e-02 9.999487721629836123e-01 9.081294634920063094e-04
-9.674448304747017974e-03 9.999523016693318000e-01 1.369454678724314582e-03
-9.180270011056436072e-03 9.999562766539695779e-01 1.800948209603968212e-03
-8.610156777690282717e-03 9.999605516708879316e-01 2.199162305399712195e-03
-7.972480964279438087e-03 9.999649775894908776e-01 2.561088400142358910e-03
-7.276049947301684723e-03 9.999694078684626675e-01 2.884176493023902534e-03
-6.530003544579215426e-03 9.999737043294708583e-01 3.166349353944610760e-03
-5.743710573158795560e-03 9.999777422282519757e-01 3.406011512426347036e-03
-4.926665633294527273e-03 9.999814144606694599e-01 3.602053043509029738e-03
-4.088387188779674802e-03 9.999846347857568318e-01 3.753848218715671609e-03
-3.238317980231003243e-03 9.999873399945434782e-01 3.861249143119326044e-03
-2.385728763563087478e-03 9.999894910005545645e-01 3.924574550403345415e-03
-1.539626311395712269e-03 9.999910728733554244e-01 3.944593976034833395e-03
-7.086665512493788748e-04 9.999920938785721303e-01 3.922507573767388192e-03
9.892635803657602155e-05 9.999925836249318190e-01 3.859921882194191495e-03
8.754342902108258780e-04 9.999925904497458662e-01 3.758821885576530807e-03
1.613712120872887873e-03 9.999921781979693725e-01 3.621539746320124199e-03
2.307246858980418255e-03 9.999914225659085609e-01 3.450720614963373629e-03
2.950208493548978333e-03 9.999904071885730161e-01 3.249285947138372266e-03
3.537492207559669692e-03 9.999892196496800167e-01 3.020394775487867094e-03
4.064751711969379414e-03 9.999879475858498568e-01 2.767403397850591758e-03
4.528423554230460307e-03 9.999866750422978789e-01 2.493823951104278281e-03
4.925742356724738605e-03 9.999854792173082929e-01 2.203282342879514695e-03
5.254747039898947578e-03 9.999844277081204602e-01 1.899476010984328233e-03
5.514278181608203364e-03 9.999835763428728264e-01 1.586131972919247509e-03
5.703966757245943452e-03 9.999829676532996370e-01 1.266965615478020868e-03
5.824214593745084649e-03 9.999826300123483280e-01 9.456406573318576524e-04
5.876166953628652115e-03 9.999825774311025262e-01 6.257306959434527291e-04
5.861677742194568858e-03 9.999828099815990523e-01 3.106827244531531248e-04
5.783267900939700369e-03 9.999833147873895545e-01 3.782974665993610233e-06
5.644077612841043486e-03 9.999840675029076920e-01 -2.918745906754493798e-04
5.447812999575847234e-03 9.999850341865406111e-01 -5.734168491084367606e-04
5.198688036719599503e-03 9.999861734611965591e-01 -8.382169044698129824e-04
4.901362450040795682e-03 9.999874388503116052e-01 -1.083916079674616170e-03
4.560876383935699371e-03 9.999887811765958423e-01 -1.308442350476102939e-03
4.182582651632690308e-03 9.999901509151197798e-01 -1.510025097816539716e-03
3.772077385962761299e-03 9.999915004011113995e-01 -1.687206100376046573e-03
3.335129909263097586e-03 9.999927858054371566e-01 -1.838846733023615648e-03
2.877612631483816505e-03 9.999939688063965715e-01 -1.964131380561552793e-03
2.405431767040992330e-03 9.999950179043131104e-01 -2.062567118933350541e-03
1.924459633745548119e-03 9.999959093445335290e-01 -2.133979757452924425e-03
1.440469261684425208e-03 9.999966276339335991e-01 -2.178506375150089571e-03
9.590719967826079849e-04 9.999971656549887511e-01 -2.196584521580993796e-03
4.856587335675962929e-04 9.999975243990884000e-01 -2.188938287024210470e-03
2.534535510843031374e-05 9.999977123563466019e-01 -2.156561478512620134e-03
-4.170771040039741796e-04 9.999977446121125491e-01 -2.100698166319605025e-03
-8.371871225852822902e-04 9.999976417102904858e-01 -2.022820890052475992e-03
-1.230971807284682220e-03 9.999974283501683603e-01 -1.924606834181743359e-03
-1.594860151642711220e-03 9.999971319866368669e-01 -1.807912299477213705e-03
-1.925750210421350861e-03 9.999967814035072289e-01 -1.674745809307639837e-03
-2.221030036382240242e-03 9.999964053263220576e-01 -1.527240198018212742e-03
-2.478592303316573195e-03 9.999960311349310738e-01 -1.367624032609580627e-03
-2.696842614939243266e-03 9.999956837276290367e-01 -1.198192718734119363e-03
-2.874701573368962891e-03 9.999953845783453588e-01 -1.021279637680088791e-03
-3.011600752484684933e-03 9.999951510168253455e-01 -8.392276526598781887e-04
-3.107472789684791094e-03 9.999949957495485320e-01 -6.543613105278420520e-04
-3.162735873743574306e-03 9.999949266268980397e-01 -4.689600492417983924e-04
-3.178272965886626538e-03 9.999949466503843531e-01 -2.852327022050731237e-04
-3.155406145288433117e-03 9.999950542030525691e-01 -1.052935683738593265e-04
-3.095866518400698306e-03 9.999952434769902032e-01 6.885970798946422738e-05
-3.001760173395319389e-03 9.999955050644460108e-01 2.353662314417038646e-04
-2.875530696179432952e-03 9.999958266736934664e-01 3.925197363196797893e-04
-2.719918792623904000e-03 9.999961939275621159e-01 5.387840985590804360e-04
-2.537919582640105459e-03 9.999965912015206237e-01 6.728063546863181530e-04
-2.332738145430235562e-03 9.999970024592473861e-01 7.934271374014902284e-04
-2.107743901600310932e-03 9.999974120465862093e-01 8.996884706648642293e-04
-1.866424416927826672e-03 9.999978054093934254e-01 9.908389006668819662e-04
-1.612339204571127792e-03 9.999981697067239494e-01 1.066335972091421317e-03
-1.349074087633324228e-03 9.999984942977026003e-01 1.125846091274838824e-03
-1.080196662570526720e-03 9.999987710879071345e-01 1.169241848836911034e-03
-8.092133763597309567e-04 9.999989947287435399e-01 1.196596903753586148e-03
-5.395286970845103967e-04 9.999991626707600556e-01 1.208178558320789631e-03
-2.744068191896933896e-04 9.999992750787680684e-01 1.204438178718660263e-03
-1.693630168857185835e-05 9.999993346227240565e-01 1.185999638655233814e-03
2.300020092853153394e-04 9.999993461633343017e-01 1.153645983612820334e-03
4.637634723302092987e-04 9.999993163551069708e-01 1.108304530343118656e-03
6.819643084663010776e-04 9.999992531919833505e-01 1.051030630303153961e-03
8.825022306080215718e-04 9.999991655217133069e-01 9.829903365801279103e-04
1.063572906365523691e-03 9.999990625548295098e-01 9.054422214486656205e-04
1.223682171690202878e-03 9.999989533925288665e-01 8.197185960110293631e-04
1.361653968493800560e-03 9.999988465951413774e-01 7.272063844043467765e-04
1.476634033934620411e-03 9.999987498093552141e-01 6.293279028749666857e-04
1.568089421908700626e-03 9.999986694682061472e-01 5.275217887148585943e-04
1.635803987776060942e-03 9.999986105732699970e-01 4.232243157627196134e-04
1.679870014903766780e-03 9.999985765637785518e-01 3.178513220629983031e-04
1.700676205680207165e-03 9.999985692727496600e-01 2.127809615520826186e-04
1.698892299766233994e-03 9.999985889659056548e-01 1.093374755348426234e-04
1.675450618077083641e-03 9.999986344553470907e-01 8.776161485168456938e-06
1.631524861977616753e-03 9.999987032768014039e-01 -8.773030336782019231e-05
1.568506523133825431e-03 9.999987919168973338e-01 -1.791040478210781232e-04
1.487979280177795629e-03 9.999988960753871670e-01 -2.643725888435910975e-04
1.391691773665472420e-03 9.999990109465722865e-01 -3.426777208334085868e-04
1.281529160663496614e-03 9.999991315043595952e-01 -4.132826470574687541e-04
1.159483854692376116e-03 9.999992527763197359e-01 -4.755773129167573695e-04
1.027625855748983720e-03 9.999993700937339636e-01 -5.290819251684683502e-04
8.880730688717373804e-04 9.999994793067775722e-01 -5.734486653245520187e-04
7.429619984030428476e-04 9.999995769565470649e-01 -6.084616288243059135e-04
5.944191890143565773e-04 9.999996603984376842e-01 -6.340350439550190105e-04
4.445337640160975062e-04 9.999997278742606133e-01 -6.502098455959167550e-04
2.953313868565757673e-04 9.999997785332999101e-01 -6.571486984361385453e-04
1.487499434464533614e-04 9.999998124051079351e-01 -6.551295821421536641e-04
6.617211493076382905e-06 9.999998303291118829e-01 -6.445380668269666503e-04
-1.293692511100244850e-04 9.999998338479497706e-01 -6.258584209360525856e-04
-2.576598030962734911e-04 9.999998250728141524e-01 -5.996637051785502727e-04
-3.768678440265611209e-04 9.999998065299143812e-01 -5.666050152953720385e-04
-4.857822470626969391e-04 9.999997809974693341e-01 -5.274000432010434629e-04
-5.833770210223242301e-04 9.999997513424326856e-01 -4.828211303299276540e-04
-6.688181619228122411e-04 9.999997203654799049e-01 -4.336829888606324969e-04
-7.414676931636929964e-04 9.999996906617147907e-01 -3.808302659187507485e-04
-8.008849313694565725e-04 9.999996645031736797e-01 -3.251251229336744181e-04
-8.468250512307577520e-04 9.999996437476021960e-01 -2.674349971466980446e-04
-8.792350569888742525e-04 9.999996297762638875e-01 -2.086207049602759912e-04
-8.982473000903263075e-04 9.999996234618001578e-01 -1.495250375337813290e-04
-9.041707116237029289e-04 9.999996251654976742e-01 -9.096198794484013843e-05
-8.974799441138690782e-04 9.999996347618106407e-01 -3.370673654354680088e-05
-8.788026398153786630e-04 9.999996516867042384e-01 2.151349295639859021e-05
-8.489050615958364547e-04 9.999996750053787853e-01 7.402760935194432456e-05
-8.086763376650299776e-04 9.999997034942413876e-01 1.232277806627225130e-04
-7.591115826770089949e-04 9.999997357316228186e-01 1.685754474002860537e-04
-7.012941650565946783e-04 9.999997701916908399e-01 2.096061753873617369e-04
-6.363773937818162189e-04 9.999998053362672001e-01 2.459333185688807933e-04
-5.655658973471213834e-04 9.999998396997736849e-01 2.772504796335185473e-04
-4.900969633493917725e-04 9.999998719632745559e-01 3.033327733286577451e-04
-4.112220992405373247e-04 9.999999010144804412e-01 3.240369138722385572e-04
-3.301890634843155075e-04 9.999999259915856031e-01 3.393001636240565314e-04
-2.482246018915244281e-04 9.999999463098511177e-01 3.491381949747475325e-04
-1.665181065757578968e-04 9.999999616708701300e-01 3.536419310593732872e-04
-8.620639509386378817e-05 9.999999720554028082e-01 3.529734432412175702e-04
-8.359785261580606136e-06 9.999999777014944025e-01 3.473609941996459033e-04
6.603038276153477782e-05 9.999999790702644997e-01 3.370933247772152732e-04
1.360626508533359065e-04 9.999999768022429514e-01 3.225132904043573204e-04
2.009346738745902412e-04 9.999999716674236039e-01 3.040109588595374629e-04
2.599507042679927225e-04 9.999999645123023306e-01 2.820162852997447171e-04
3.125272846161998553e-04 9.999999562070747139e-01 2.569914828976945214e-04
3.581971295097158715e-04 9.999999475959088224e-01 2.294232080613006395e-04
3.966112045664509653e-04 9.999999394528061858e-01 1.998146781259526705e-04
4.275390360160416037e-04 9.999999324450530302e-01 1.686778366630616109e-04
4.508673085710360510e-04 9.999999271056805306e-01 1.365256772238683991e-04
4.665968320385517750e-04 9.999999238157376569e-01 1.038648305410880593e-04
4.748379779959461980e-04 9.999999227965626902e-01 7.118851306679175315e-05
4.758047066129284615e-04 9.999999241116668269e-01 3.896992637373200254e-05
4.698073201382774698e-04 9.999999276773301471e-01 7.656187543892283866e-06
4.572440935093726507e-04 9.999999332805925567e-01 -2.233713962133135211e-05
4.385919438556723873e-04 9.999999406030106730e-01 -5.063085373518934958e-05
4.143963092637068554e-04 9.999999492483553354e-01 -7.688621799991494953e-05
3.852604130040372275e-04 9.999999587723495953e-01 -1.008083199932322167e-04
3.518340924848903850e-04 9.999999687125844527e-01 -1.221486656759327620e-04
3.148023725287512134e-04 9.999999786168907168e-01 -1.407069962454001854e-04
2.748739602424912299e-04 9.999999880686744058e-01 -1.563323282778014743e-04
2.327698338814089584e-04 9.999999967080184238e-01 -1.689232290518039676e-04
1.892120908403857680e-04 1.000000004247694640e+00 -1.784273498694765345e-04
1.449132104204295748e-04 1.000000010483592661e+00 -1.848402504379272038e-04
1.005658755235895509e-04 1.000000015299435940e+00 -1.882035568146472198e-04
5.683348415534458906e-05 1.000000018665994084e+00 -1.886025039325731143e-04
1.434146681311494791e-05 1.000000020635304132e+00 -1.861629212067065630e-04
-2.633049021953348499e-05 1.000000021330659905e+00 -1.810477261000789781e-04
-6.465523269171834816e-05 1.000000020933311529e+00 -1.734529957292197180e-04
-1.001638720669999216e-04 1.000000019666932083e+00 -1.636036905738579570e-04
-1.324504179532727608e-04 1.000000017780949380e+00 -1.517491070977915592e-04
-1.611752804187538651e-04 1.000000015533817788e+00 -1.381581375826587948e-04
-1.860676314219468930e-04 1.000000013177217317e+00 -1.231144157378470487e-04
-2.069266322407220060e-04 1.000000010942030171e+00 -1.069114257104819690e-04
-2.236215507547906428e-04 1.000000009026770442e+00 -8.984765002933826710e-05
-2.360908084792888038e-04 1.000000007588939699e+00 -7.222182884181959858e-05
-2.443400121483760637e-04 1.000000006739568015e+00 -5.432839862490129545e-05
-2.484390382139956455e-04 1.000000006540990194e+00 -3.645317346332643739e-05
-2.485182506896546715e-04 1.000000007007710634e+00 -1.886932609698654321e-05
-2.447639431937188208e-04 1.000000008110035754e+00 -1.833719359350303540e-06
-2.374131047221203646e-04 1.000000009780019461e+00 1.441636851750451208e-05
-2.267476155276858848e-04 1.000000011919163656e+00 2.966608884045815312e-05
-2.130879844543318979e-04 1.000000014407258497e+00 4.372540963693948707e-05
-1.967867421515775343e-04 1.000000017111732697e+00 5.643102514960744910e-05
-1.782216057906446714e-04 1.000000019896906567e+00 6.764777582524151829e-05
-1.577885302593261816e-04 1.000000022632595575e+00 7.726957500746707780e-05
-1.358947583978254261e-04 1.000000025201604803e+00 8.521984636494631983e-05
-1.129519787466327143e-04 1.000000027505753675e+00 9.145148358600106611e-05
-8.936969362842884113e-05 1.000000029470197394e+00 9.594635093958184399e-05
-6.554889331818325037e-05 1.000000031045931381e+00 9.871434984326063369e-05
-4.187612372641300257e-05 1.000000032210486500e+00 9.979208250491152226e-05
-1.871802560252467729e-05 1.000000032966934072e+00 9.924114894163828639e-05
3.583587057194336292e-06 1.000000033341410521e+00 9.714611816611741556e-05
2.471605274578837717e-05 1.000000033379446096e+00 9.361221801939966392e-05
4.439954722075988220e-05 1.000000033141430267e+00 8.876279098702007932e-05
6.239009407043423982e-05 1.000000032697570429e+00 8.273656534294135411e-05
7.848187979380671898e-05 1.000000032122701166e+00 7.568479211850594928e-05
9.250886400327723764e-05 1.000000031491278252e+00 6.776829870016759267e-05
1.043456869764246986e-04 1.000000030872852941e+00 5.915450934260712299e-05
1.139078879518578131e-04 1.000000030328263456e+00 5.001448157779950834e-05
1.211514581205367649e-04 1.000000029906717991e+00 4.052000545225053357e-05
1.260717620581951724e-04 1.000000029643870469e+00 3.084080979111449770e-05
1.287018702440608409e-04 1.000000029560919490e+00 2.114191633574981859e-05
1.291103532021350086e-04 1.000000029664695589e+00 1.158117870499059064e-05
1.273985945900013691e-04 1.000000029948641123e+00 2.307038771098490694e-06
1.236976861735946743e-04 1.000000030394540662e+00 -6.543471694846717142e-06
1.181649720131585632e-04 1.000000030974823817e+00 -1.484646127681863849e-05
1.109803123160651517e-04 1.000000031655243760e+00 -2.249262345482546597e-05
1.023421392780844577e-04 1.000000032397727168e+00 -2.938838314375610573e-05
9.246337784893683014e-05 1.000000033163198410e+00 -3.545673827674748291e-05
8.156730375356037704e-05 1.000000033914202557e+00 -4.063779474048379465e-05
6.988340932951912722e-05 1.000000034617176459e+00 -4.488899807131337539e-05
5.764334487298049161e-05 1.000000035244256846e+00 -4.818507018441509012e-05
4.507699930619878462e-05 1.000000035774551099e+00 -5.051766396105276849e-05
3.240877918792504345e-05 1.000000036194839570e+00 -5.189475269626360200e-05
1.985413949598017298e-05 1.000000036499717027e+00 -5.233977515448977157e-05
7.616413339398159525e-06 1.000000036691215843e+00 -5.189056024604831054e-05
-4.116019065572496099e-06 1.000000036777982215e+00 -5.059805808484931411e-05
-1.517218906240857619e-05 1.000000036774102430e+00 -4.852490638921578967e-05
-2.540060029416287254e-05 1.000000036697686223e+00 -4.574386282489623274e-05
-3.467087361536076918e-05 1.000000036569321793e+00 -4.233613495432815815e-05
-4.287496595624937842e-05 1.000000036410515936e+00 -3.838963995074125155e-05
-4.992796048319143312e-05 1.000000036242222334e+00 -3.399722617118103351e-05
-5.576843272145729104e-05 1.000000036083544819e+00 -2.925488807946771688e-05
-6.035840427301090831e-05 1.000000035950685540e+00 -2.426000489741248059e-05
-6.368290226695337553e-05 1.000000035856183134e+00 -1.910963177692819991e-05
-6.574914863033275603e-05 1.000000035808464194e+00 -1.389887027046561737e-05
-6.658540858094824969e-05 1.000000035811707821e+00 -8.719342481834588276e-06
-6.623953235408911572e-05 1.000000035866003278e+00 -3.657790558145120247e-06
-6.477722802871240134e-05 1.000000035967761436e+00 1.205179805688808281e-06
-6.228010637702384141e-05 1.000000036110330059e+00 5.796196375051169856e-06
-5.884354090139562622e-05 1.000000036284752536e+00 1.005004576325132273e-05
-5.457438763552767674e-05 1.000000036480604981e+00 1.391041848989585793e-05
-4.958860987877383947e-05 1.000000036686850446e+00 1.733046844616166430e-05
-4.400885282361197137e-05 1.000000036892648714e+00 2.027318490852775661e-05
-3.796201205949604102e-05 1.000000037088075056e+00 2.271157855093311676e-05
-3.157683823709563119e-05 1.000000037264706432e+00 2.462868606292664878e-05
-2.498161781146929791e-05 1.000000037416048038e+00 2.601740093879832425e-05
-1.830196681691312880e-05 1.000000037537789543e+00 2.688014071573598940e-05
-1.165877113409817851e-05 1.000000037627886140e+00 2.722836336932756167e-05
-5.166302772262162927e-06 1.000000037686479937e+00 2.708194769007607949e-05
1.069462608804269198e-06 1.000000037715679468e+00 2.646845423949391047e-05
6.952306281617735766e-06 1.000000037719226853e+00 2.542228490013017834e-05
1.239698923366731317e-05 1.000000037702087008e+00 2.398376007886405243e-05
1.733022608572362721e-05 1.000000037669992681e+00 2.219813329220980263e-05
2.169140392434431276e-05 1.000000037628983041e+00 2.011456315826963521e-05
2.543304458610381660e-05 1.000000037584964918e+00 1.778506275091713674e-05
2.852101352531047316e-05 1.000000037543328446e+00 1.526344585254608822e-05
3.093448275131849946e-05 1.000000037508633755e+00 1.260428889272714698e-05
3.266565936783753787e-05 1.000000037484387594e+00 9.861926306975870787e-06
3.371929492469448892e-05 1.000000037472913217e+00 7.089495722665487523e-06
3.411199405088628182e-05 1.000000037475315962e+00 4.338047811860144717e-06
3.387134363443824818e-05 1.000000037491534988e+00 1.655733880532671661e-06
3.303488611732623284e-05 1.000000037520471619e+00 -9.129176703802281302e-07
3.164896226035955493e-05 1.000000037560175636e+00 -3.327626933454773145e-06
2.976744999138613139e-05 1.000000037608073322e+00 -5.552883192159035341e-06
2.745042667836705263e-05 1.000000037661214147e+00 -7.558355964083970879e-06
2.476278237432591299e-05 1.000000037716520573e+00 -9.319193803321386464e-06
2.177281128063796275e-05 1.000000037771019423e+00 -1.081621041107843235e-05
1.855080789386494267e-05 1.000000037822044163e+00 -1.203595966170976759e-05
1.516769307243168941e-05 1.000000037867393665e+00 -1.297070309734784072e-05
1.169369362285754325e-05 1.000000037905442785e+00 -1.361827524712596503e-05
8.197097006910052396e-06 1.000000037935200536e+00 -1.398185375927545553e-05
4.743100461733169100e-06 1.000000037956316978e+00 -1.406964277291547711e-05
1.392771259285580610e-06 1.000000037969044575e+00 -1.389447918232417538e-05
-1.797867933485894744e-06 1.000000037974160705e+00 -1.347337244565959083e-05
-4.778617537720008349e-06 1.000000037972859301e+00 -1.282698935296260433e-05
-7.505735319794925057e-06 1.000000037966625177e+00 -1.197909569000316921e-05
-9.942421363385940797e-06 1.000000037957099908e+00 -1.095596701493694274e-05
-1.205915167387791917e-05 1.000000037945949938e+00 -9.785780808104497841e-06
-1.383386122212607065e-05 1.000000037934746233e+00 -8.498002070144163194e-06
-1.525197998697545995e-05 1.000000037924863694e+00 -7.122774042340611727e-06
-1.630632812567442405e-05 1.000000037917404105e+00 -5.690325121785227848e-06
-1.699687874794538611e-05 1.000000037913147066e+00 -4.230402261598331182e-06
-1.733039885832998541e-05 1.000000037912529560e+00 -2.771740204932031660e-06
-1.731998083398982450e-05 1.000000037915651507e+00 -1.341574824664132849e-06
-1.698447829937640527e-05 1.000000037922305518e+00 3.479234583662454577e-08
-1.634786142968581415e-05 1.000000037932025965e+00 1.334372575102765029e-06
-1.543850755307542177e-05 1.000000037944151154e+00 2.536806898845329392e-06
-1.428844342513426038e-05 1.000000037957893939e+00 3.624618452030090856e-06
-1.293255572235457028e-05 1.000000037972413436e+00 4.583398387839813049e-06
-1.140778615471343195e-05 1.000000037986883639e+00 5.401924936058263729e-06
-9.752327146954661825e-06 1.000000038000553149e+00 6.072216437865472305e-06
-8.004833304909985813e-06 1.000000038012793580e+00 6.589520408071823833e-06
-6.203662892899274618e-06 1.000000038023133531e+00 6.952241799228895212e-06
-4.386162330461894660e-06 1.000000038031278127e+00 7.161814657138000193e-06
-2.588005304118106261e-06 1.000000038037111905e+00 7.222522249092041581e-06
-8.425965176800937178e-07 1.000000038040689265e+00 7.141271502733109441e-06
8.194515903833337530e-07 1.000000038042213379e+00 6.927328205750624795e-06
2.370762614206063146e-06 1.000000038042005324e+00 6.592019878966141083e-06
3.787555711641850143e-06 1.000000038040468553e+00 6.148413544949893533e-06
5.049918016224127301e-06 1.000000038038050487e+00 5.610975771539935679e-06
6.141988859026016775e-06 1.000000038035204764e+00 4.995222377765242822e-06
7.052056481950433434e-06 1.000000038032357264e+00 4.317365054742230433e-06
7.772569585462506267e-06 1.000000038029878136e+00 3.593961884685842612e-06
8.300067595923724825e-06 1.000000038028060034e+00 2.841578348088591865e-06
8.635034935631417011e-06 1.000000038027105020e+00 2.076464905183708322e-06
8.781685811367257829e-06 1.000000038027120119e+00 1.314256637479835900e-06
8.747687087761012910e-06 1.000000038028119542e+00 5.696997541947370902e-07
8.543827667386620495e-06 1.000000038030034011e+00 -1.435909764719946813e-07
8.183643451873424008e-06 1.000000038032726080e+00 -8.133406028187969079e-07
7.683007403415866737e-06 1.000000038036007899e+00 -1.428785724141085697e-06
7.059694464121602348e-06 1.000000038039661421e+00 -1.980807968968916596e-06
6.332931125940848730e-06 1.000000038043459050e+00 -2.462028429102150476e-06
5.522939284581668409e-06 1.000000038047182072e+00 -2.866863067623489933e-06
4.650483668458965895e-06 1.000000038050636419e+00 -3.191539888946839389e-06
3.736431623110998127e-06 1.000000038053665996e+00 -3.434079378896874718e-06
2.801333370128083982e-06 1.000000038056160001e+00 -3.594240380674148630e-06
1.865030067219361043e-06 1.000000038058056706e+00 -3.673434157930713427e-06
9.462960941192212263e-07 1.000000038059343899e+00 -3.674609900529326408e-06
6.252100040703065265e-08 1.000000038060053331e+00 -3.602115345319696353e-06
-7.705645004468629824e-07 1.000000038060254948e+00 -3.461536508896017389e-06
