5.897165565135677134e+00
-3.027191564346172203e+00
-1.890775465066585781e+00
-4.734972838220571134e+00
-9.345427764975077878e+00
1.301631865990793058e+00
4.609127617337825278e+00
-2.845340955182241061e+00
2.137673183856899362e-01
3.323663877723053162e+00
-8.838008929302610950e-01
-2.756561572107945945e+00
-2.528159400453789285e+00
4.498243085374242334e+00
-2.771166649482943445e+00
-1.217967971385027326e+00
-2.092933126534020083e+00
-1.218392022156440380e+00
1.705735674325914220e+00
4.085840686034541314e+00
6.838637346412459461e-01
-2.191125142379182489e-01
-5.226726516223630270e+00
4.567278315120574916e+00
-3.069107677741022000e-01
-2.407763285468918379e+00
-1.255550970112260689e+00
3.647751277286318761e+00
-7.609037377682131842e-01
-1.815143446582014597e-01
1.414809507786944642e-02
3.011299322818882906e+00
-2.614482333132081227e+00
-2.399090789367670062e+00
1.562633509299068857e+00
-5.948364474896449261e-01
-3.064346033586363038e+00
2.541176718336908280e+00
-2.792712762104622826e+00
5.231854667159968608e-01
5.975578339251906845e-01
3.305721831801362143e+00
6.081323599950152925e+00
3.694072477710858671e+00
-1.891447159317920734e+00
-3.055844817033633642e+00
-4.579673355161276938e+00
-1.789426891428450128e+00
2.955900077051823338e+00
6.414746947043370007e+00
2.870777513142113158e+00
2.124822107675665706e+00
6.399586424303691956e+00
4.813614235394035878e-01
1.085408080379507467e+01
5.667621400379377228e+00
1.845076338872937427e+00
-8.070406812436518029e-01
8.727073349623061915e+00
-2.524466324968489772e+00
-2.735831445823582175e+00
-2.450954646562089057e-01
-5.867907689517115166e+00
5.358660466463894601e+00
-4.426661763331472876e+00
9.626574991375324686e+00
-1.344768080915734298e+00
-2.692907630565414823e-01
3.593327359494753459e+00
4.867035880858874286e+00
3.619259273842602376e+00
-1.198273924765714593e+00
2.043866287436455043e+00
7.666657761118716996e-01
3.411131402805831492e+00
-2.948480960926247896e+00
-2.852738652258054231e+00
-2.095090581314440481e-01
3.869105975957805477e+00
-1.413735627452489707e+00
-9.222023703808321926e-01
7.785919116875514856e-01
5.093987989886438195e-01
5.519248406211105795e+00
1.531308103113552255e+00
2.786435576354022725e+00
3.736896173681078182e+00
6.876393092168829213e+00
2.007891822328352838e+00
4.705455637163451499e-01
-6.367883649733489193e+00
1.149937235920957257e-01
2.114301672952824340e+00
4.904179114799162242e+00
-2.573870242763962590e+00
4.143649689689254068e+00
9.832494519547640976e+00
-1.806550957815187930e+00
-2.381892365330087635e+00
7.233580141828105381e-01
4.171142689432550732e+00
3.010635251728377870e+00
-7.758275663161773306e-01
1.042688170284291793e+01
-4.871673923052256328e+00
1.246740680174879046e+00
-1.784041287438739243e+00
-2.847563593765842782e+00
-1.071718122081322666e-01
2.599420689775846505e+00
1.817944304372049569e+00
1.808415434718306569e+00
4.598480401763799463e+00
4.012525461431869722e+00
3.933648096567808672e+00
6.017389251346470402e+00
4.979855957205716610e-01
3.666044269535260192e+00
1.327941007967613274e+00
7.358623251507976359e-01
-2.067363039847328748e-02
7.786205321391927114e+00
6.532168746308164575e-01
4.251340421822814797e+00
-8.150139604814673477e-01
-4.693177362888520499e+00
3.532277692516636147e+00
6.094403538514021612e+00
4.392176833046368412e-02
1.840464790461537881e+00
8.685257329253978753e+00
6.857340654672891667e+00
6.817512578567005654e+00
7.886896285386304495e-01
-1.744912391911094818e-01
1.518617380636200775e-01
4.011279715386979916e+00
9.480504801744853438e+00
3.964448694936891116e+00
2.603741461309474037e+00
9.397067928180991014e-01
2.052145552523506389e+00
1.492327233519790575e+00
3.822984954653059653e+00
1.057621862223720566e+00
1.313383242220303337e+00
-3.764012841431498835e+00
3.557895546342044302e+00
4.386433929095937323e+00
2.254565210715471224e+00
-1.406058541421605135e+00
1.969074891387552873e+00
6.579878671936410406e+00
6.328830275493308122e+00
1.794278849255675767e-01
-9.755487677612616482e-01
9.262172811926895344e-01
8.389336499036941674e+00
8.633930789234739223e+00
2.922367211148838351e+00
3.308912477347773606e+00
9.368297587614142330e+00
4.530147971668653462e+00
4.801619527409197730e+00
2.732427356402079788e+00
2.066663282717598471e-01
1.154979998142359410e+00
4.558038243668483425e+00
5.760081677589631077e+00
3.883805672447464996e+00
2.956367873878335217e+00
7.314338607899474098e+00
2.308369675497361495e+00
6.329071756699121032e+00
8.323434399690766483e+00
1.191770797296723217e+01
-5.444560345974631677e-01
6.850584103263953395e+00
4.039675743998476953e+00
4.961599477448630502e+00
8.647902346744221092e+00
6.498416946171912123e+00
1.621209890660245456e+00
9.132030943864586803e+00
9.190909080470554215e+00
7.382249748446637838e+00
5.230130209096630622e+00
7.793829999689452226e-01
2.902438565214030763e+00
5.075991341111993016e+00
2.742185650948703923e+00
2.556343296357426742e-01
8.150738391818693196e-02
4.910724895227462028e+00
5.728523734365815301e+00
2.924795482003976321e+00
8.874854367081661977e+00
5.786279727964061870e+00
1.235289616900096199e+00
1.715800775605169415e+00
9.011077583559583104e+00
7.710726203112718835e+00
1.212286354921087828e+01
-6.514296737894659017e+00
9.806009699859583151e+00
1.502103249050979272e+01
2.703128088762670078e+00
9.513210315651287274e+00
2.381249994763551481e+00
3.583847958418616919e+00
1.352466707042188432e+01
2.220569027398795470e+00
3.975751051986927909e+00
6.009866207598011378e+00
2.406256405802364995e+00
1.190887132269889825e+01
2.685938277738903146e+00
6.552232689329286153e+00
1.497045300153834368e+01
7.091786530435165714e-01
-1.587350605695886374e-01
1.238100942180983921e+01
1.999942372677466551e+00
7.303207340350736931e-01
5.536723794803682708e+00
6.182914544863402639e+00
3.416858057747930388e+00
5.714879158983141139e+00
6.100099027579683586e+00
4.486134149219265232e+00
5.917235225699181811e+00
8.363080070180380687e+00
7.003746876143655875e+00
7.898315928333431435e-01
2.330193607240850895e+00
1.776780153959787967e+01
5.736765900533868923e+00
5.183202725643438313e+00
6.635917941837639056e+00
1.702950949685972404e+01
8.089208668607842156e+00
6.594630591902923555e+00
8.114673033034698335e-01
5.079940877209719652e+00
4.737093742216760717e+00
3.120955629401900744e+00
9.204513688044478670e+00
-3.960096198287915037e+00
1.986340296812611594e+00
1.280311069607110053e+00
-6.289449254227492958e-02
2.367151134506791710e+00
6.480554261797193405e+00
4.492545578127007389e+00
7.945080480786971044e+00
9.112978016630469469e+00
1.844345116743836499e+00
-1.870398951571352331e-01
8.197295678207911607e+00
7.831102746997115283e+00
1.422776194639088310e+01
1.169124375860539189e+01
7.439502305163417262e+00
6.854533244452241547e+00
5.106998466994382646e+00
7.293802793998438005e+00
8.655415894595856585e+00
6.281093652582275588e+00
3.895473233416629100e+00
4.720490254125366825e+00
4.530838599280074597e+00
4.430744419655949784e+00
1.045355096591940836e+01
2.188440656725187949e+00
6.566653462096558869e+00
1.088817961183800342e+01
4.626609945452482719e+00
1.085759090510694946e+01
1.045624813662266206e+01
2.564128746761075828e+00
1.743711426375574547e+01
1.587541729923803491e+00
9.070246807602751815e+00
8.978236252683897689e+00
6.617553358329986146e+00
1.179797423389752531e+01
2.704066303263284787e+00
1.376289705019622467e+01
1.910032018779491025e+00
1.361668807145027849e+01
1.021828963469126350e+01
1.225787274175430142e+01
1.470546293575812902e+00
4.542522789501621361e+00
5.161385914961086563e+00
1.345164059393434108e+01
9.013829271704150159e+00
1.097546161033338130e+01
9.500120374898349596e+00
3.946235709255362600e+00
1.132061121206878518e+01
-1.272684219504171876e+00
6.253757799566901809e+00
9.607644848287609562e+00
9.212107988596292429e+00
7.640546352275990216e+00
2.527018877789909190e+00
1.122266087522102218e+01
1.650519528126345747e+01
8.165449469325089638e+00
6.847417242738149668e+00
9.274335192051553989e+00
7.617522374803739282e+00
1.473929600094816905e+01
8.089765080207007131e+00
3.741030587847173905e+00
1.040929270881725088e+01
2.538781256324580848e+00
4.516502183513378732e+00
1.105619264395860490e+01
5.500388625827647537e+00
4.869456808981617257e+00
9.754696293446896149e+00
9.412465293527091603e+00
1.127514578662763789e+01
5.317919440635376915e+00
1.385595406480564051e+01
1.404008285791939414e+01
1.306245023214795964e+01
1.921207289285535413e+00
3.707081737387691422e+00
9.505095073678980100e+00
3.317429200771821129e+00
3.832337793571853446e+00
5.052322761599221224e+00
9.041188792513086270e+00
7.338484616493477830e+00
1.888113005218501428e+01
4.593503351415959557e+00
2.030014442010775610e+01
2.014391981222821215e+01
1.867500508337874976e+01
1.068265631690606554e+01
1.669358595127059885e+01
6.121607411408804822e+00
3.200407362422105706e+01
7.027670150991346176e+00
1.393626028610162315e+01
1.517818635511616421e+01
1.667729243828209107e+01
1.425558185703286540e+01
1.597959497440548660e+01
2.711707981955698621e+00
1.521113269720207484e+01
1.491221669941874772e+01
1.068544677245472130e+01
6.860786410115433220e+00
2.121283510257536520e+01
8.287832186922596822e-01
1.310757461343517427e+01
1.150520874078839917e+01
1.037672996108401868e+01
7.270944881380336788e+00
1.874895792306784870e+01
3.709680121068034797e+00
1.377514633702901392e+01
1.533139153437809554e+01
9.019743624596463505e+00
1.985016970368423017e+01
1.839451480359776525e+01
5.276256144412907467e+00
1.057946539441532607e+01
8.949298344346342304e+00
4.598853936285114408e+00
9.233423018990558617e+00
1.979757760838505831e+01
2.923859368859545071e+01
7.473616755123870803e+00
7.645017060770578965e+00
1.402154395408076049e+01
2.335923736579975341e+01
2.039832961391911681e+01
5.141270427739014437e+00
2.653297099165415673e+00
1.226271256412577237e+01
2.359654758164548838e+01
4.866525897946409884e+00
9.016551043832434331e+00
1.584099021069013880e+01
2.089694080267582521e+01
4.858651006586407917e+00
1.003803161905180907e+01
9.771442163216708110e+00
1.256641053788690598e+01
2.170432962005074984e+01
1.933671730748758222e+01
2.027689222799349267e+01
2.953915558465582336e+01
8.074172477298903416e+00
1.576971411583603278e+01
1.330618176294456667e+01
9.103140349257426323e+00
1.865967880584522476e+01
1.742675734746654825e+01
1.739207942854325140e+01
1.047506448317211536e+01
1.971553600392002537e+01
6.697053547516877536e+00
8.764497301990767042e+00
2.820626753085570826e+01
1.624555983898552114e+01
4.981852511200197675e+00
1.884516384884111417e+01
1.669459925058261618e+01
1.975406472110241651e+01
1.124443663066969989e+01
2.057457681658051740e+01
7.995121711896292283e+00
1.884270214193831450e+01
2.042624754646409713e+01
2.123766355636879410e+01
1.883194260734723713e+01
2.205741109677294887e+01
1.618270607470556044e+01
2.097146212809536436e+01
1.160984509141989740e+01
1.893740340653385701e+01
2.232353989946479089e+01
1.680710716123229176e+01
1.763927144938642400e+01
7.231966689173324525e+00
8.815428924000473287e+00
8.047260161913486698e+00
1.440333610805599562e+01
1.246705030144237725e+01
1.267810928426045791e+01
1.991368198018831492e+01
1.905691391816763058e+01
1.887920253831768491e+01
1.467711500862126428e+01
1.461044865272618942e+01
2.209351270045810978e+01
1.103012824664462066e+01
1.140825223772521646e+01
1.569124697831133730e+01
8.295337732334980174e+00
1.185730219591210677e+01
1.311441572580997317e+01
2.925787120700809751e+01
3.070973261798733844e+01
1.605787421335441678e+01
1.840221639070936988e+01
1.472674182799020492e+01
1.519509219701071601e+01
1.843919367590711289e+01
3.151558882196192712e+01
2.045097967588862886e+01
2.158489454208222114e+01
2.038261969685697039e+01
1.869383699158881029e+01
1.128155257695074631e+01
2.047347739213465445e+01
1.279978941314335295e+01
1.453503044453050386e+01
1.871718939849637309e+01
2.032587628688411741e+01
3.237460475343478095e+01
5.255915965660652667e+00
1.255041217989850466e+01
2.125212914601844005e+01
2.233073048754896206e+01
1.499050896079026174e+01
2.145938185035356582e+01
2.174563566981200324e+01
1.224710384437836908e+01
2.072615989001760184e+01
1.442811328836491391e+01
1.969498452529633070e+01
2.204825854685381259e+01
2.123871461297907715e+01
1.835337762598303257e+01
1.152133885986915018e+01
1.906057230692663751e+01
1.924490609459394008e+01
2.305991537121827761e+01
3.136580045141381845e+01
3.338336245672972069e+01
2.216777450039161224e+01
2.183876098293617218e+01
8.472014224822798312e+00
3.338336245672972069e+01
1.046886078951968457e+01
2.215602406960641702e+01
1.216869373195903314e+01
2.063310909796662074e+01
2.005017909270905818e+01
3.338336245672972069e+01
3.338336245672972069e+01
1.310836993223266589e+01
2.204970173134227451e+01
1.225787831596112376e+01
1.606257803193280509e+01
2.209741000204240180e+01
2.249312529794423554e+01
1.652258538457703452e+01
3.042850633201273070e+01
3.338336245672972069e+01
2.085798715658928160e+01
2.071159619875317404e+01
2.925787120700809751e+01
9.979342426177975511e+00
1.242726623758899152e+01
3.200407362422105706e+01
2.610508183607744215e+01
2.182010368489874708e+01
2.220443858421646510e+01
2.139421883503068500e+01
3.338336245672972069e+01
1.907391717410006748e+01
2.175189368314973848e+01
1.839073529188685896e+01
1.907271524342300850e+01
2.214056793432996173e+01
2.124365778647727510e+01
1.238520222389353975e+01
3.338336245672972069e+01
1.219752683668487592e+01
1.994054781614009642e+01
1.505507377118905055e+01
2.214056793432996173e+01
1.975957354591107418e+01
1.330095405321184288e+01
2.205741109677294887e+01
2.504994767557097290e+01
2.022330192489168255e+01
7.427764713131002949e+00
3.256975356931859977e+01
3.042850633201273070e+01
2.040607516971078894e+01
7.344760696541905887e+00
2.125387216540402591e+01
1.078108729130661914e+01
1.496014738037559866e+01
2.205741109677294887e+01
1.004893741601185297e+01
2.240998524057854269e+01
2.861776587170183817e+01
1.598449215553798375e+01
2.104699164646793008e+01
1.658742449604431357e+01
1.087097486052574702e+01
1.296283893129405307e+01
3.338336245672972069e+01
9.576425953770668187e+00
2.233073048754896206e+01
3.338336245672972069e+01
1.674899607563924420e+01
1.937532948340071925e+01
2.180348640047955300e+01
2.033146689314268230e+01
2.201578301729113818e+01
3.338336245672972069e+01
3.237460475343478095e+01
1.360538116800531938e+01
1.371023322778590625e+01
3.089384530984829524e+01
1.332843572937082222e+01
2.896542708419327639e+01
2.185784949739146299e+01
2.233957595434440080e+01
3.338336245672972069e+01
2.125212914601844005e+01
1.776871944648334534e+01
9.648478696728590265e+00
3.136580045141381845e+01
2.010631106149036995e+01
2.222857230415658591e+01
2.664255383913025810e+01
1.846753192348525019e+01
2.229438755695704799e+01
2.013791358050546521e+01
2.933492218493913128e+01
2.233957595434440080e+01
2.142722787623562297e+01
3.338336245672972069e+01
1.951520817001144792e+01
3.338336245672972069e+01
1.784983228342474604e+01
1.892576728905147831e+01
2.172591492373160094e+01
1.843163206386638819e+01
3.338336245672972069e+01
2.054498671309001878e+01
2.027821250498709205e+01
3.338336245672972069e+01
3.089384530984829524e+01
2.006381803009192311e+01
1.151451612878511810e+01
3.338336245672972069e+01
2.212256817129052777e+01
2.207720015475728204e+01
3.338336245672972069e+01
2.459156877782606898e+01
1.075288758469963923e+01
2.206790740597945799e+01
3.052225616986148538e+01
1.795300484429978738e+01
3.338336245672972069e+01
3.251574393487964443e+01
2.226546798207681732e+01
1.059244750222715936e+01
2.055587417889707780e+01
2.205343719799310165e+01
2.232810185525916680e+01
2.185620776356302386e+01
3.338336245672972069e+01
3.338336245672972069e+01
2.195846855562757582e+01
1.857571416660783825e+01
3.338336245672972069e+01
1.200910341546615534e+01
2.032211575920601732e+01
2.214056793432996173e+01
1.130838291304645438e+01
3.156411687646948394e+01
1.665446031617168643e+01
3.338336245672972069e+01
3.338336245672972069e+01
9.800192158731610093e+00
3.338336245672972069e+01
9.133251122770204233e+00
1.487064527230851674e+01
1.987680271852572744e+01
2.852842076955412765e+01
3.251574393487964443e+01
3.338336245672972069e+01
2.213864792681102500e+01
2.110174462901145631e+01
1.866617008575878955e+01
2.210386552154829332e+01
3.156411687646948394e+01
9.230291232848351513e+00
3.117897152542250794e+01
2.896542708419327639e+01
3.338336245672972069e+01
2.017255783772923294e+01
2.240998524057854269e+01
2.232353989946479089e+01
3.089384530984829524e+01
2.147051189137090432e+01
2.061817866584239667e+01
2.050335092698048101e+01
1.984122118104723143e+01
2.077439692435726926e+01
2.217551744372941158e+01
9.558800729069831803e+00
3.338336245672972069e+01
3.338336245672972069e+01
1.858114114989813714e+01
1.568124468184135978e+01
2.205760063339550925e+01
1.793266006557460202e+01
3.338336245672972069e+01
3.338336245672972069e+01
3.283267433512932598e+01
1.111274020710590094e+01
1.922732548225754101e+01
3.338336245672972069e+01
1.131162974703321211e+01
1.388786965073507318e+01
3.338336245672972069e+01
3.338336245672972069e+01
2.248925037005026084e+01
2.016084600637275770e+01
1.265768647319363360e+01
3.338336245672972069e+01
2.212256817129052777e+01
2.664255383913025810e+01
3.338336245672972069e+01
3.117897152542250794e+01
2.150487740894186572e+01
1.789179996997453870e+01
2.064094876509564358e+01
2.457268579920733487e+01
2.009348934231179484e+01
2.896909260695669275e+01
1.310437035800378958e+01
2.123463369836859727e+01
2.209256736189212589e+01
1.366519281416715614e+01
2.096060983934360067e+01
3.117897152542250794e+01
3.338336245672972069e+01
3.338336245672972069e+01
3.256975356931859977e+01
2.163953127455352643e+01
1.908728896022455856e+01
8.199755348100207897e+00
2.457268579920733487e+01
1.091224742889483323e+01
3.132864515358185642e+01
2.233073048754896206e+01
2.194158393141767860e+01
1.049900037065671299e+01
3.200407362422105706e+01
9.391956417374970556e+00
1.350626601816290950e+01
3.338336245672972069e+01
3.338336245672972069e+01
2.086179290503823580e+01
2.515348891587911950e+01
1.582468902827127444e+01
3.338336245672972069e+01
2.176872492438302942e+01
2.118590055929135119e+01
2.233090287078312386e+01
9.907605679246634267e+00
2.173479716559065977e+01
1.960344651861552734e+01
1.101257020812082388e+01
1.362917959655895039e+01
3.338336245672972069e+01
2.078809974255948134e+01
2.232810185525916680e+01
2.188455743924904340e+01
1.955956794398181486e+01
3.338336245672972069e+01
1.822327852265074810e+01
2.218229928038917720e+01
2.243568543750769706e+01
3.251574393487964443e+01
3.338336245672972069e+01
3.338336245672972069e+01
3.338336245672972069e+01
2.232810185525916680e+01
2.818610401463180182e+01
2.010721386376644659e+01
2.191279324374172788e+01
1.796505585929860516e+01
2.203548183987552989e+01
1.981854104283111084e+01
3.338336245672972069e+01
2.208764877134196780e+01
1.854913403127130778e+01
3.338336245672972069e+01
3.338336245672972069e+01
2.059505813813222730e+01
1.477503440834947668e+01
2.148651439462862456e+01
1.895633482308175033e+01
1.572239004759781267e+01
2.207458327310695623e+01
3.052225616986148538e+01
2.222857230415658591e+01
1.700197618151110035e+01
1.563580010563450351e+01
2.014209443143988310e+01
1.822109211210792168e+01
2.457268579920733487e+01
9.912212699773069957e+00
3.338336245672972069e+01
3.338336245672972069e+01
2.102886768595130107e+01
2.231401606127325010e+01
2.232353989946479089e+01
3.338336245672972069e+01
3.141056450530031441e+01
1.051637336185735982e+01
1.677124096551148824e+01
3.338336245672972069e+01
1.803731868959528839e+01
3.338336245672972069e+01
3.338336245672972069e+01
2.010501953351582927e+01
2.028514456918704312e+01
2.149544104407016221e+01
3.140746608265543927e+01
2.989761575552239492e+01
2.115497942520915231e+01
3.141056450530031441e+01
2.622863010226575753e+01
2.199768464517072886e+01
2.064679465544531212e+01
2.200962606953953582e+01
3.338336245672972069e+01
2.122434166246807763e+01
3.338336245672972069e+01
1.292110430230951224e+01
2.231401606127325010e+01
1.606977464130361000e+01
1.107951355210947675e+01
2.152532018439158179e+01
2.206790740597945799e+01
2.243523919046307213e+01
2.926687724651850786e+01
1.527976112361476702e+01
3.198030194992644226e+01
1.044627100671845632e+01
2.052114613431600532e+01
8.452057019743426380e+00
2.000205039641510041e+01
2.037686166063883419e+01
1.865257623679982402e+01
8.892986716164754668e+00
2.216048424013394325e+01
2.045691389931106485e+01
2.232569910040931660e+01
2.131661811786930727e+01
3.338336245672972069e+01
2.182644956808874070e+01
3.338336245672972069e+01
3.338336245672972069e+01
3.338336245672972069e+01
1.816250743064241036e+01
2.202702357506625219e+01
2.218229928038917720e+01
2.003289209646579394e+01
1.982881640606663964e+01
2.199674893453164159e+01
3.237879115443345768e+01
2.097154893317183877e+01
3.338336245672972069e+01
1.997506839466694473e+01
2.359654758164548838e+01
3.156411687646948394e+01
2.062513447793906707e+01
2.002985869035430966e+01
3.338336245672972069e+01
1.405733318304070956e+01
1.527038910022687723e+01
3.326637894572862564e+01
2.002884624199635510e+01
2.217551744372941158e+01
3.037758701363957670e+01
1.483185333900607361e+01
3.338336245672972069e+01
3.338336245672972069e+01
2.195553350041021901e+01
2.145864976396757839e+01
3.237460475343478095e+01
1.269566523613014830e+01
2.457268579920733487e+01
3.198030194992644226e+01
1.817180402776264003e+01
1.815113109368049393e+01
3.338336245672972069e+01
1.617847011433547522e+01
3.338336245672972069e+01
3.338336245672972069e+01
2.199674893453164159e+01
2.158333987541124088e+01
1.279906733476152247e+01
2.919626337020052276e+01
2.281727838054555235e+01
2.115828314511526997e+01
2.233957595434440080e+01
3.338336245672972069e+01
2.030334095178496767e+01
3.338336245672972069e+01
3.237460475343478095e+01
2.063267743970800083e+01
1.614210235831403750e+01
3.338336245672972069e+01
3.338336245672972069e+01
2.218229928038917720e+01
3.326637894572862564e+01
3.338336245672972069e+01
2.229438755695704799e+01
2.212926075166047823e+01
3.338336245672972069e+01
3.326637894572862564e+01
2.240998524057854269e+01
1.316412579620923040e+01
3.326637894572862564e+01
1.266956616766221799e+01
9.152832593893650781e+00
2.188455743924904340e+01
2.050258118908044480e+01
3.117897152542250794e+01
2.932890904395146592e+01
3.117897152542250794e+01
1.826111084796986361e+01
1.863217244041888776e+01
2.233957595434440080e+01
3.338336245672972069e+01
1.983987796064702636e+01
2.240998524057854269e+01
2.005461626857130497e+01
2.095095296808321450e+01
1.662706349796146199e+01
2.019990682726289322e+01
3.117897152542250794e+01
3.136580045141381845e+01
2.359654758164548838e+01
2.822112555583782623e+01
2.626794714970042222e+01
2.234500624236671840e+01
2.146065159517259247e+01
3.338336245672972069e+01
2.359654758164548838e+01
2.222857230415658591e+01
2.781395215146092426e+01
2.937898187190170418e+01
2.233073048754896206e+01
3.150248210311637465e+01
1.230126899279498076e+01
2.664255383913025810e+01
2.122434166246807763e+01
1.957019807093302788e+01
2.217551744372941158e+01
2.163279240863369779e+01
2.141716830490697276e+01
1.941931295066567387e+01
1.131611650276435022e+01
3.338336245672972069e+01
1.871492916198939582e+01
2.789024043096841510e+01
1.311338936363031848e+01
1.105537839218308349e+01
3.338336245672972069e+01
3.089384530984829524e+01
2.274719393888207719e+01
3.326637894572862564e+01
1.396810642834935479e+01
2.188455743924904340e+01
2.153648564719417990e+01
2.199674893453164159e+01
2.212926075166047823e+01
2.109401776611741397e+01
3.338336245672972069e+01
1.058944463778241740e+01
2.025695563806436184e+01
2.424828955791087992e+01
2.876755978207296494e+01
3.338336245672972069e+01
2.233957595434440080e+01
3.338336245672972069e+01
2.233073048754896206e+01
2.113555956589965135e+01
1.877581039918644024e+01
2.444078824698047825e+01
2.457268579920733487e+01
3.338336245672972069e+01
3.338336245672972069e+01
3.338336245672972069e+01
3.117897152542250794e+01
3.338336245672972069e+01
1.928234756138925121e+01
2.226603619928078714e+01
3.338336245672972069e+01
2.295364428507765098e+01
2.184405495345046688e+01
1.629909936978453544e+01
2.148068446357862271e+01
1.817943012638095723e+01
2.207700007337324166e+01
2.240998524057854269e+01
1.188268109332706857e+01
2.232353989946479089e+01
1.449096683478539482e+01
2.353467007248348963e+01
1.911649943037384602e+01
3.338336245672972069e+01
3.338336245672972069e+01
3.237460475343478095e+01
2.240998524057854269e+01
1.856889802930629685e+01
2.789169739532991343e+01
1.171022224656143251e+01
2.162903437396347783e+01
2.160240205085299081e+01
3.338336245672972069e+01
1.158449440850110967e+01
2.213474437327695199e+01
3.338336245672972069e+01
2.060330054349974560e+01
3.338336245672972069e+01
3.338336245672972069e+01
3.338336245672972069e+01
3.338336245672972069e+01
3.338336245672972069e+01
3.338336245672972069e+01
3.338336245672972069e+01
3.338336245672972069e+01
3.338336245672972069e+01
3.338336245672972069e+01
3.338336245672972069e+01
3.338336245672972069e+01
3.338336245672972069e+01
3.338336245672972069e+01
3.338336245672972069e+01
3.338336245672972069e+01
3.338336245672972069e+01
3.338336245672972069e+01
3.338336245672972069e+01
3.338336245672972069e+01
3.338336245672972069e+01
3.338336245672972069e+01
3.338336245672972069e+01
3.338336245672972069e+01
