2.708080845906864376e+00
-4.520084358053402251e-01
1.070015417126487289e+00
-1.461259467236004639e+01
-2.121626813160623826e+01
9.534814926762814835e+00
1.071370905274802787e+01
-1.652052691426421660e+01
-2.747422153134566614e+00
-1.905731327069612746e+01
-2.047053411696870029e+01
7.855044579508358993e+00
-2.394671337302416347e+01
-1.640029159826076466e+01
-3.024536700201944939e+01
-2.906735459818748879e+01
6.577794447890676466e+00
-2.398858750572297538e+01
1.707383722681562688e+01
-1.711666569575351105e+01
-2.139729746574220215e+01
-2.150713662614295529e+01
1.595538921262310339e+00
-2.237929085032198984e+01
-2.495382640198367596e+01
-1.687570995929102580e+01
6.935406691240255661e+00
1.400091665181278033e+00
-2.403280620287663183e+01
-1.921349202633497555e+01
1.001960015690488426e+01
-3.933612694203092897e+00
-2.096675838332948061e+01
3.203140208266770372e+00
-3.116220820487389886e+01
1.102155711562109097e+01
-2.520267120639833180e+01
-1.006610734311790267e+01
-2.194783297978328207e+01
-2.532631387238949117e+01
-1.885379132014189807e+01
-7.522098730010810641e+00
-1.210444972222994764e+01
9.116752285985862514e+00
-2.364633991659621159e+01
-2.280644406839947180e+01
1.247764947662594892e+01
-1.579183135556549900e+01
-2.181662513961301642e+01
-1.297491131329905301e+01
-2.917957877526872679e+01
-1.454081788112778462e+01
9.201510622009717366e+00
3.513429892068707705e+00
-2.508266480398152254e+01
7.275565183854890705e+00
-1.135893068080684465e+01
-2.931864409030996654e+01
-2.202909646858933712e+01
2.382721950024529356e+00
-2.160952535347812642e+01
-2.018474629802757381e+00
-1.690725629227830140e+01
4.910938523732650829e+00
-2.534847890338438248e+01
9.211197542017810491e+00
1.094071052164650126e+01
-1.868641142115000520e+01
-1.922995392248521185e+01
8.742548432333051567e-01
-2.257615525462027151e+01
9.745245088872719563e+00
8.732338841812673280e+00
-2.076008467310250083e+01
8.918268929871690176e+00
-1.573463564019518124e+01
-1.779244633937419451e+01
-1.535338024614856600e+01
-2.563899974266795212e+01
-2.328304482424467281e+01
5.555834151804550647e-02
-1.171989070178322478e+01
-1.949291277369349729e+01
-1.049573956042508271e+01
-1.130659674626907218e+01
4.976006526109534533e+00
-1.289350804366516812e+01
6.181204201186066172e+00
-1.419886915169367825e+01
-5.050751229587766566e+00
-1.186908533834935930e+01
1.134773157666050558e+01
-7.934998440816662946e-01
-1.433680179108772812e+01
-1.744632201366229296e+01
6.673710741453568573e+00
9.627013708614079235e+00
-6.537007661771174760e+00
4.345195754510601027e+00
-1.973955310427959020e+01
6.317112162129905784e+00
1.168710863901230645e+01
7.075699548212794454e+00
-2.564024308110034767e+01
-1.925083579673509604e+01
-2.295162460131038173e+01
5.877719513433213194e+00
1.411106323345688907e+01
-2.734241475544351729e+01
-8.931168257230471141e+00
6.145141346186170139e+00
7.778270842392857709e+00
-2.027355051361225335e+01
-3.068337160198777447e+00
1.184871431948225506e+01
1.192788442726079268e+01
1.484454595795113718e+01
-1.275006067712872593e+01
-1.977859918081810164e+01
2.034251028842194220e+00
1.296652836078194504e+01
1.574330405885245554e+01
-1.662841979354971400e+01
6.152283236387768639e+00
1.356105053605008415e+01
6.509382159360296072e+00
4.887772811155571162e+00
1.202299925297756999e+01
-1.586483291318740108e+01
-6.806630531739784828e+00
-1.454413023769343738e+01
-1.446985564084256382e+01
-2.615476245912290665e+01
-2.887598562929774904e+00
1.417173394967977273e+01
-1.716540945669086682e+01
-2.322931981578871330e+01
1.665316557091951921e+01
-1.843677282734311262e+01
9.699520628286348867e+00
-1.749293911998593387e+01
-1.742531631607293718e+01
-1.287729236929387344e+00
-1.989091870529395933e+01
9.131135732484271017e+00
1.093845307112870913e+01
1.230145046715127322e+01
-2.285607399291140140e+01
-1.939062167625921163e+01
-9.124932822743847538e+00
-7.167266461331986527e+00
4.570599045346511069e+00
6.422787923907097962e+00
6.023510828330791433e+00
7.948601179297392960e+00
-1.944793589854496574e+01
-5.194224721004551348e+00
7.852851037040879056e+00
-7.014026123034521554e+00
-2.306864780746531451e+01
-1.868925425903557525e+01
6.181396965586158032e+00
-1.939096616816435059e+01
8.104411900902119825e+00
1.055433887765712164e+01
-4.029836693461879449e+00
1.253332569181261036e+01
-5.597713382348715960e+00
5.095270683894257857e+00
6.570319360267972364e+00
6.428914843788541944e+00
-1.441131496907327936e+01
1.698238595954565255e+01
1.308508226128930829e+01
4.913306405463992554e+00
-2.010503062670154506e+01
-8.203918276562468748e+00
-1.246595880152155189e+01
1.312905652635947540e+01
9.940682512072216426e+00
-1.181990936928876224e+01
-2.040587230855715717e+01
1.511822495910999109e+01
-6.511036527833584664e+00
-7.027398450674974484e+00
-3.244616700362504602e+00
1.022192482978758399e+01
1.091081169090576175e+01
1.403242117428747449e+01
9.581834685775733718e+00
8.923308516030752813e+00
-1.949490843334818990e+01
1.084502709349932204e+01
1.459137695655705613e+01
-8.571422377336817888e+00
5.143302853195225177e-01
1.219508781499843764e+01
8.903360711670039507e+00
1.604726019254538372e+01
7.696164158901167340e+00
1.207451443633288868e+01
-1.271571130065580668e+01
1.199159586490783624e+01
1.142520585649730336e+01
-1.541347435487865880e+01
8.335649078133030798e+00
-1.735446838182761553e+01
1.124477409088204993e+01
1.041132996285654322e+01
7.386544996119739359e+00
-1.288996166636343688e+01
-1.036701385523188712e+01
1.304221433785881779e+01
-6.697517146349405870e+00
9.791415059924052144e+00
1.388193015617473058e+01
5.450136781662096475e+00
5.706308569587055679e+00
1.750386724822298135e+01
1.105443225481628389e+01
5.399153717816161269e+00
8.554070948987662959e+00
1.200358171746824532e+01
1.135979343533871599e+01
7.071091139584243734e+00
-4.330965020222758532e+00
-9.275690032851436229e+00
1.119437776330351220e+01
1.045022874144147984e+01
7.749551937886448805e+00
-1.904784728972996888e+01
1.435223311353815134e+01
7.686076633061342811e+00
1.471286736436108278e+01
-2.218516153595576412e+01
1.004022885698469381e+01
1.389162354822917500e+01
8.750803088223674919e+00
9.498704650037534947e+00
-5.669254581417715322e-01
1.689423331285687979e+01
-2.167011081625840063e+01
1.178209391219298574e+01
1.564001473516417029e+01
7.207271849190638235e+00
-7.456784893833232175e+00
1.213069016899304131e+01
6.334806128856955709e+00
-1.498968454986822962e+01
1.045463149967361183e+01
1.308818373402099944e+01
9.422916440622476131e+00
1.312609667235632394e+01
1.187398962359196375e+01
1.499718819452809804e+01
6.688590411991524043e+00
1.229205737252213737e+01
1.264801450889408052e+01
1.048877396587096023e+01
1.385798344339411692e+01
2.016857450187955791e+01
-5.376487088227336564e+00
1.402316382836226971e+01
1.748399919425181892e+01
1.510043203168808290e+01
-1.879937853156451411e+01
1.542467787115482380e+01
6.959278703633598795e+00
1.208299591097453352e+01
1.372493367154817001e+01
1.329266052339473525e+01
1.210874767538815533e+01
1.623544946263772815e+01
1.658683494174808004e+01
-1.336312188095245723e+01
-6.676234705092717325e-01
1.441476972215970065e+01
1.378073551425844379e+01
1.639809667851528374e+01
5.291246882087440540e+00
-1.596575514936056273e+01
1.549211011320546660e+01
1.988253557609973043e+01
1.167258264205296747e+01
1.647731297448649102e+01
1.197669397785406176e+01
1.552136597622008196e+01
9.840539634248646195e+00
1.526820217548856284e+01
1.805471888268325387e+01
9.678599348859025397e+00
-1.136485916855691691e+01
1.692607550660331128e+01
1.679353038978040402e+01
9.344782817125476981e+00
-6.248664891140752076e+00
1.730773307883007561e+01
1.517606625036936130e+01
1.733637327975019815e+01
1.478052694129472933e+01
2.036872642523931276e+01
8.102565308361164398e+00
1.439393881224208727e+01
1.668172815007326548e+01
-4.623699636704330374e+00
7.804506531820226911e+00
-7.947761750008532466e+00
1.309729039726919275e+01
1.641886997322737329e+01
1.597229447960376802e+01
1.820518215491399161e+01
1.015089745726698922e+01
9.191628653096508117e+00
-8.521112084488329685e+00
1.657228033912049980e+01
1.300782407521097106e+01
1.539848030072756480e+01
1.767795264286973733e+01
1.566996759005121298e+01
7.825675625461468776e+00
1.445398768560897373e+01
1.053612494235986041e+01
1.514843479623307942e+01
1.284932544767434770e+01
9.202114237088768078e+00
1.097310668610440487e+01
1.377188546221375276e+01
-3.146042550380428349e+00
9.169980492209379719e+00
8.552433768956882787e+00
1.565374376568584580e+01
1.409837350023130931e+01
1.561235035941784233e+01
1.204230546336103735e+01
3.384765685727168627e+00
1.538961258071823046e+01
1.629739280425969383e+01
1.462985604523287009e+01
1.687445965023109551e+01
9.037167807809922238e+00
1.966784390450147768e+01
1.931802442075426995e+01
1.420275509064216735e+01
1.514140634241804761e+01
1.856268463352111553e+01
-1.061529251853182032e+01
1.333355889145521189e+01
1.133248266769410861e+01
1.114634460360286639e+01
1.191488111010233730e+01
1.052405123889485772e+01
1.923775944005980421e+01
1.398793793364204063e+01
1.668049354074518575e+01
1.106490580156475012e+01
1.668605705025320773e+01
1.428654017173698776e+00
3.102019623633824885e+00
1.282640968404533055e+01
1.467543145095838852e+01
1.950959367146587553e+01
-1.545689685783437284e+01
1.807063410934770076e+01
1.669266493537838159e+01
1.576811167561199056e+01
1.453991901460234715e+01
-1.317328005190599605e+01
-5.537069522790179832e+00
9.252928357486585043e+00
1.765173636947394087e+01
1.293806799136801544e+01
1.504735608697934168e+01
1.534459325300728594e+01
4.737871543114389183e+00
1.896663891162489790e+01
1.319235746810259613e+01
6.091095320411489489e+00
1.903284136255738446e+01
1.255451845827842661e+01
1.350551353452039294e+01
-7.573091904807660590e+00
9.289406462582949331e+00
2.047675437885500926e+01
2.078376585826363154e+01
1.451066085928714777e+01
1.243110692017200769e+01
1.251832308482079803e+01
2.063795667210850127e+01
9.758960081698941025e+00
1.765867983682391085e+01
1.178689567003072725e+01
1.539835720145640430e+01
2.112249710916888645e+01
1.955366233352273397e+01
2.083839091116065845e+01
1.510673394093013044e+01
1.909601219902872060e+01
1.996706599869619225e+01
2.104531119103017289e+01
1.663733656694474305e+01
1.347934848518658058e+01
1.195289384291571366e+01
1.744564107807432407e+01
1.850082169620909056e+01
1.872147603633119672e+01
1.858680748897202761e+01
1.887107242707568489e+01
1.608560431070841190e+01
1.411944097450717805e+01
1.746524104160403823e+01
1.963408929025929339e+01
2.063793422264354049e+01
1.003474366994819178e+01
2.037739973591046905e+01
1.986062479332143127e+01
1.329451434257752496e+01
1.799066005580850458e+01
2.012477779226085772e+01
2.063062615801774413e+01
2.041449074894722671e+01
1.273908379817040348e+01
1.206868969339227782e+01
1.792049813835402361e+01
1.413842193273545789e+01
1.921867690988906929e+01
1.777662176253127413e+01
1.961144845662609271e+01
2.014316116930348954e+01
1.965687218110109669e+01
1.784234008330381727e+01
2.045455285046157101e+01
1.693929055288281305e+01
1.750770620896204832e+01
1.491651300889697218e+01
1.725090450736593439e+01
2.102194783651151511e+01
1.805343995135182666e+01
1.624516200143956013e+01
1.776850054237504040e+01
2.005624818238819174e+01
1.950782139165067264e+01
2.063474709648097516e+01
2.000817773430106428e+01
1.827601301122445321e+01
1.959106803301071409e+01
1.443999838149110637e+01
1.196654541157741924e+01
1.882218065726122092e+01
2.013415204973633976e+01
2.043123671203338887e+01
1.859894759892925009e+01
2.114446322936847267e+01
1.759721263875859165e+01
2.015748660960280958e+01
1.763148710393659258e+01
1.937880842848447571e+01
2.065706433655414642e+01
2.109466741114193411e+01
1.375741400507859247e+01
2.078683992184743090e+01
1.652085055991561902e+01
1.921182547079024516e+01
1.639446769127040326e+01
2.029826470147008521e+01
2.043204821343274347e+01
2.052313271765818214e+01
1.982533856682005435e+01
1.646775193811980387e+01
1.294650741306542230e+01
2.130230834635660031e+01
1.411879210837913057e+01
1.466758614643610414e+01
2.006889903856461999e+01
1.441636763921535547e+01
2.056003196692449819e+01
2.043792890189525480e+01
1.777662176253127413e+01
2.104324191807489797e+01
1.950455328033848090e+01
2.118866681860513879e+01
1.827087803860385762e+01
2.043732966811186813e+01
2.038080266131046514e+01
1.777662176253127413e+01
1.979592480684981481e+01
1.838829005308999953e+01
2.099481699097102450e+01
1.807718398807074323e+01
2.071908678391556435e+01
1.642850048276446628e+01
1.883924680858645928e+01
1.945907576980013332e+01
1.964483743692817441e+01
2.050462201386111261e+01
2.073374783803307153e+01
2.088509464823014028e+01
1.768339348287629065e+01
2.052229407439980591e+01
1.854238292247895004e+01
1.700326455825888061e+01
2.106300077763463818e+01
1.289189172435330377e+01
1.862999486461139043e+01
1.854238292247895004e+01
2.022568150774814910e+01
2.015112412134723030e+01
2.059797636495325790e+01
2.031578354558024913e+01
2.069406702539782117e+01
2.089968665935034053e+01
2.008873819864949795e+01
2.095747543234723764e+01
2.091198734162126271e+01
1.995704519413787281e+01
1.750097096042735600e+01
1.916174844457830417e+01
2.124154229829564144e+01
1.925649408931612427e+01
1.998151813858309822e+01
1.777662176253127413e+01
2.106300077763463818e+01
2.071379212646239765e+01
1.674082501177621651e+01
2.106300077763463818e+01
2.118866681860513879e+01
1.703090717153132871e+01
1.812350430669329882e+01
2.106300077763463818e+01
2.069482549408262528e+01
1.971426799041562816e+01
1.806261898236552454e+01
1.813059510059620294e+01
1.698845540422020051e+01
1.906104878263852598e+01
1.737286622259236779e+01
2.012278114785317484e+01
2.069406702539782117e+01
1.809658992211515383e+01
1.748998298947709173e+01
2.071148682599569568e+01
1.930717604385914399e+01
2.045098867644701102e+01
2.124154229829564144e+01
1.737583885986884980e+01
2.024930468706278219e+01
2.118866681860513879e+01
2.108133319655199855e+01
1.818102556149408855e+01
2.128537011279997060e+01
2.008047865588137171e+01
2.026307570643178835e+01
2.107436605172057753e+01
1.720622148840461207e+01
2.048681830550824756e+01
1.381823906160923698e+01
1.729559217898584578e+01
2.041173281426765129e+01
1.839407365550053797e+01
2.070587614123567377e+01
1.967965090531071581e+01
2.031483151528454201e+01
1.711402592673519862e+01
2.050751733178206493e+01
1.843798945461222871e+01
2.089451391058846852e+01
2.108071253629147179e+01
2.022287595191233578e+01
1.812099582293710753e+01
2.095631443534953320e+01
2.104304501497766111e+01
2.104304501497766111e+01
2.102358627476781194e+01
1.862650882305035438e+01
1.951589223959885544e+01
2.102085284228135720e+01
2.091807999998037104e+01
2.130230834635660031e+01
1.933382764965051948e+01
1.501675768725444193e+01
2.096896109700090349e+01
1.758201957199062093e+01
1.503383573055073796e+01
2.091230442749618490e+01
1.809156319320408102e+01
2.022187799203829428e+01
2.067877565564163689e+01
2.069406702539782117e+01
2.092199279522208855e+01
2.074490202719176324e+01
1.340902657078701132e+01
1.570471417209675380e+01
1.485003869150275335e+01
2.019561214616331668e+01
2.105355254441887070e+01
1.836813314264909991e+01
2.130230834635660031e+01
1.985074984464258563e+01
2.065961490321517147e+01
2.064591674233880880e+01
1.601917285538790736e+01
1.656773696109605609e+01
2.091802077368706847e+01
2.077583950706096516e+01
2.094368452630272159e+01
2.106300077763463818e+01
2.059401704658608878e+01
1.766960397446058195e+01
1.502074644447173668e+01
2.004330025334146015e+01
2.096488454306891924e+01
2.096896109700090349e+01
1.830515058652332883e+01
2.069406702539782117e+01
1.609773169642290824e+01
2.027088072903312366e+01
2.118866681860513879e+01
1.962785530926126398e+01
1.906104878263852598e+01
1.790513373921707085e+01
1.461556898071384047e+01
2.108133319655199855e+01
2.039613468090722392e+01
2.066559908864438810e+01
2.099481699097102450e+01
2.075462829385348584e+01
2.118866681860513879e+01
2.117847752251904936e+01
2.078506709864486623e+01
2.078683992184743090e+01
2.034613145353010921e+01
2.095822707429601195e+01
2.078683992184743090e+01
1.997574393039408847e+01
2.118866681860513879e+01
1.892043885698285166e+01
2.117847752251904936e+01
2.118866681860513879e+01
1.903600598376546316e+01
2.093392344040134034e+01
2.042662138190122079e+01
2.060052919435599605e+01
1.792467199279217382e+01
1.447701579696108531e+01
2.118866681860513879e+01
2.060762420071120005e+01
2.005389539881676342e+01
1.787106701197484426e+01
2.043935581524892342e+01
1.777489996721353194e+01
2.082662169073443437e+01
2.118866681860513879e+01
1.949120735042067309e+01
1.915311876066099117e+01
2.062631030013690392e+01
2.074182232539991944e+01
1.770209343179979200e+01
1.629220151613831291e+01
2.013755334325008306e+01
2.092150671922660976e+01
1.816314587310784745e+01
2.130230834635660031e+01
1.876963420479122391e+01
2.085860474718823099e+01
2.114446322936847267e+01
2.068569247849667292e+01
1.577591432404742378e+01
2.039693699413047412e+01
2.095822707429601195e+01
1.898523754432649113e+01
2.085010633837005045e+01
2.118866681860513879e+01
1.821088684800760760e+01
2.108218435444763017e+01
2.093213354489881439e+01
2.110161692701372260e+01
1.871336568163447467e+01
2.097713331479275922e+01
2.097698788864470032e+01
2.043438768519270710e+01
1.776968771573246997e+01
2.118866681860513879e+01
2.023200380685365118e+01
2.075232359243070590e+01
2.025437840972503167e+01
1.917953934917541048e+01
2.004706386464352974e+01
2.030051802209802148e+01
1.906104878263852598e+01
2.089190395546097889e+01
1.879355639441432047e+01
2.104372795891285364e+01
2.093312075255734328e+01
2.075462829385348584e+01
1.749636760343577180e+01
2.118866681860513879e+01
2.129580828417376637e+01
2.089190395546097889e+01
1.759372094080373472e+01
1.812350430669329882e+01
2.118866681860513879e+01
2.096825505632146047e+01
1.767415756801701221e+01
1.880692598810785299e+01
2.059210037905274859e+01
2.118866681860513879e+01
2.082662169073443437e+01
2.036674860147799393e+01
2.118866681860513879e+01
2.118866681860513879e+01
1.866787568341572268e+01
2.118866681860513879e+01
2.103815957555153204e+01
2.085736014904415825e+01
2.032045410369120475e+01
2.099348596677297252e+01
2.067660052229597767e+01
1.896715437601140053e+01
2.059210037905274859e+01
1.610678050088411695e+01
2.104372795891285364e+01
2.089382080483905568e+01
1.959259977537034558e+01
1.991352822009201162e+01
2.075462829385348584e+01
2.074205320044829648e+01
2.006042141970147696e+01
2.129580828417376637e+01
2.108944629371687896e+01
1.964483743692817441e+01
1.831437302838025261e+01
1.990390939810350801e+01
2.078683992184743090e+01
1.724717146559569159e+01
2.118866681860513879e+01
2.118866681860513879e+01
2.078683992184743090e+01
2.118866681860513879e+01
2.073307320398187059e+01
1.989242485439669039e+01
2.118866681860513879e+01
1.824234989349329084e+01
1.829149575658394866e+01
2.089891906285494727e+01
2.096499111814910421e+01
1.888531489020453691e+01
2.063040252338856106e+01
2.005378934417024439e+01
1.768680870332683241e+01
2.118866681860513879e+01
1.483816337754073800e+01
2.118866681860513879e+01
2.118866681860513879e+01
2.118866681860513879e+01
2.102667551541714985e+01
1.812780174500010943e+01
2.062631030013690392e+01
2.118866681860513879e+01
1.627573342706143578e+01
2.089382080483905568e+01
1.903600598376546316e+01
1.903600598376546316e+01
2.045999098330188559e+01
2.011561278291118171e+01
2.080102912997590892e+01
2.020967259593793131e+01
1.894720140798228059e+01
1.714262876770153454e+01
2.094979788513405694e+01
1.842679799974549582e+01
2.069406702539782117e+01
2.077008550645501472e+01
2.104304501497766111e+01
1.770671189632143339e+01
2.126318752942529144e+01
2.118866681860513879e+01
2.059018608422473662e+01
2.118866681860513879e+01
2.018846308528335598e+01
2.126318752942529144e+01
1.775674692736606275e+01
2.099139596603659186e+01
2.085928887467306581e+01
1.794011415428208167e+01
2.067994445152909222e+01
1.754740532720461488e+01
2.019126275740310206e+01
2.113847384699234055e+01
2.055961830975605409e+01
2.053350539974915279e+01
2.118866681860513879e+01
2.093040273589899769e+01
2.086356362952092880e+01
2.097855161969786053e+01
2.105355254441887070e+01
1.903600598376546316e+01
2.108218435444763017e+01
2.101552396687868907e+01
1.815482975639742236e+01
1.957507335614866761e+01
2.130230834635660031e+01
1.903600598376546316e+01
2.015559288665957638e+01
1.469203229924611520e+01
2.130230834635660031e+01
2.079818721247862001e+01
1.789966168234893118e+01
2.114204068397858904e+01
2.031682984678456450e+01
1.397105426872100331e+01
2.004681132395161569e+01
2.079208716546912683e+01
2.097178394995063400e+01
1.790858853981375276e+01
2.114446322936847267e+01
2.100011017850794204e+01
2.057651158034888184e+01
1.945286232742623866e+01
1.774489293889930508e+01
2.062823224231419061e+01
2.088819066730537344e+01
2.128537011279997060e+01
2.072411800971088525e+01
2.050049344281453401e+01
2.118866681860513879e+01
1.820880208886802976e+01
2.062631030013690392e+01
1.804371900859024791e+01
2.013066780193432947e+01
2.118866681860513879e+01
2.073409494922757901e+01
2.087349597046234351e+01
2.098260332297927633e+01
2.067994445152909222e+01
2.068008789906677336e+01
2.118866681860513879e+01
2.118866681860513879e+01
1.957239271858627561e+01
2.104372795891285364e+01
2.057651158034888184e+01
1.999126296112089918e+01
2.114446322936847267e+01
1.801484630384207719e+01
1.738116511363327632e+01
2.056552986418692797e+01
2.104863151405162824e+01
2.073654280038073239e+01
2.118866681860513879e+01
1.998569266011767454e+01
1.964483743692817441e+01
1.773841754859894593e+01
1.785441057164316803e+01
6.774718591033368931e+00
2.086356362952092880e+01
2.104372795891285364e+01
1.903600598376546316e+01
2.124154229829564144e+01
1.811173841449934940e+01
2.118866681860513879e+01
2.118866681860513879e+01
2.118866681860513879e+01
2.056648530484728354e+01
2.060030651661920942e+01
2.118866681860513879e+01
2.130230834635660031e+01
1.750182493881313306e+01
1.914811990334700553e+01
2.059401704658608878e+01
1.742831893239754493e+01
1.805073587535876811e+01
2.114981484635728748e+01
2.109466741114193411e+01
1.912248125200488857e+01
1.777490782110979595e+01
2.117847752251904936e+01
2.002880547678716638e+01
1.765586994900502305e+01
2.130230834635660031e+01
2.042313221480207375e+01
2.090453475575627706e+01
2.118866681860513879e+01
2.055994884488302432e+01
1.989755242616053721e+01
2.053954437391099219e+01
1.900892735206177875e+01
1.674940178178578165e+01
2.118866681860513879e+01
2.129580828417376637e+01
2.130230834635660031e+01
2.046959544177209267e+01
1.922227000606365976e+01
2.089190395546097889e+01
1.795617555605831228e+01
1.903600598376546316e+01
2.057651158034888184e+01
2.060106328601130343e+01
1.308959641056019940e+01
2.118866681860513879e+01
2.130230834635660031e+01
2.118866681860513879e+01
1.500557506380745032e+01
1.951463363333048662e+01
1.718816927769519864e+01
1.869229384163405427e+01
1.848965037387635135e+01
2.076489643004430263e+01
2.127462826441767874e+01
2.022128274106194823e+01
2.130230834635660031e+01
2.062647968062183423e+01
2.130230834635660031e+01
2.056432463867044902e+01
2.099191224424949453e+01
1.640986672007987224e+01
2.065105376034989604e+01
1.850112017847740020e+01
2.072275394999982367e+01
2.119658916012021166e+01
2.082343634984603753e+01
1.852015467264788029e+01
1.958013721050162559e+01
2.130525907932957352e+01
1.714315831821690850e+01
1.748477742154757308e+01
2.118460089170726945e+01
2.089796593907352928e+01
2.078597303730365908e+01
2.055994884488302432e+01
2.130230834635660031e+01
2.102667551541714985e+01
1.948200938049879483e+01
1.904347978079718118e+01
2.104324191807489797e+01
1.903600598376546316e+01
2.124154229829564144e+01
2.016834777716994154e+01
2.054041112949510151e+01
1.964001757609483789e+01
2.012208363263289712e+01
1.874177356944169404e+01
2.091748819453301778e+01
2.114981484635728748e+01
1.969430741490388215e+01
1.947794279889536639e+01
2.091144346631376649e+01
1.604104362479760582e+01
1.958178322253008119e+01
1.925945217063697612e+01
2.092501564365873890e+01
2.123036183201270077e+01
2.118866681860513879e+01
1.920794654760148390e+01
2.130230834635660031e+01
1.935418950963721230e+01
2.109466741114193411e+01
2.079679916830243513e+01
1.733755599365531097e+01
2.105601473476328422e+01
1.777950523866067911e+01
1.875402071846343688e+01
2.055994884488302432e+01
2.037330196029193630e+01
2.061756015881925208e+01
1.996969813077327416e+01
2.101552396687868907e+01
1.744618416089750212e+01
2.118866681860513879e+01
1.966042818134097558e+01
2.118460089170726945e+01
2.015203706694878605e+01
2.060646226766773026e+01
2.099712112089830285e+01
1.744618416089750212e+01
1.948820558483831178e+01
1.031782293284641838e+01
1.903782684724788865e+01
2.118866681860513879e+01
2.130230834635660031e+01
2.130230834635660031e+01
2.130230834635660031e+01
2.130230834635660031e+01
2.130230834635660031e+01
2.059230448044753459e+01
2.118866681860513879e+01
2.130230834635660031e+01
2.130230834635660031e+01
2.118866681860513879e+01
2.130230834635660031e+01
2.130230834635660031e+01
2.130230834635660031e+01
2.130230834635660031e+01
2.130230834635660031e+01
2.130230834635660031e+01
2.130230834635660031e+01
2.130230834635660031e+01
2.130230834635660031e+01
2.130230834635660031e+01
2.130230834635660031e+01
2.130230834635660031e+01
2.130230834635660031e+01
2.130230834635660031e+01
