1.000000000000000000e+00 0.000000000000000000e+00 0.000000000000000000e+00
9.999999992877409705e-01 -1.634403699787947598e-05 3.402063864403367634e-05
9.999999931381216012e-01 -5.782800986692898605e-05 1.018810691899165279e-04
9.999999704516008281e-01 -1.331955121926493108e-04 2.033616972568828125e-04
9.999999112765113329e-01 -2.511278326602140766e-04 3.382045346155727211e-04
9.999997836266814044e-01 -4.202340496794515403e-04 5.061135942028795924e-04
9.999995396220069388e-01 -6.490412283731209191e-04 7.067553249611920616e-04
9.999991109839808656e-01 -9.459847268224526751e-04 9.397590849562452442e-04
9.999984039223679400e-01 -1.319398617080758942e-03 1.204717651111077495e-03
9.999972934531907720e-01 -1.777506224961288841e-03 1.501187763808665802e-03
9.999956171919561765e-01 -2.328410791012214872e-03 1.828690704565335981e-03
9.999931686695811006e-01 -2.980086253444908569e-03 2.186712904963097892e-03
9.999896902217658701e-01 -3.740368152118628449e-03 2.574706585053104010e-03
9.999848655056026159e-01 -4.616944651043920593e-03 2.992090419505309597e-03
9.999783116999830801e-01 -5.617347675287732815e-03 3.438250229881291854e-03
9.999695714488852083e-01 -6.748944156685058801e-03 3.912539701547578311e-03
9.999581046088574787e-01 -8.018927381424170373e-03 4.414281123924574529e-03
9.999432798639896758e-01 -9.434308431413546137e-03 4.942766152979445431e-03
9.999243662733433569e-01 -1.100190771039552193e-02 5.497256595117573121e-03
9.999005248172255778e-01 -1.272834654507944314e-02 6.076985211903431459e-03
9.998708000098077697e-01 -1.462003885115832971e-02 6.681156545344069109e-03
9.998341116464281031e-01 -1.668318285397723047e-02 7.308947763792616494e-03
9.997892467544561290e-01 -1.892375285386460257e-02 7.959509528870449199e-03
9.997348518168457376e-01 -2.134749102674236149e-02 8.631966884159496950e-03
9.996694253374461825e-01 -2.395989925161316758e-02 9.325420166774870886e-03
9.995913108167766570e-01 -2.676623095789806492e-02 1.003894594328630201e-02
9.994986902062884537e-01 -2.977148298737121446e-02 1.077159797180826488e-02
9.993895779081312103e-01 -3.298038746761312867e-02 1.152240819241639840e-02
9.992618153860924890e-01 -3.639740369647576079e-02 1.229038774836479185e-02
9.991130664516830739e-01 -4.002671004001157745e-02 1.307452804086790647e-02
9.989408132872780177e-01 -4.387219584964821562e-02 1.387380182046511756e-02
9.987423532657803138e-01 -4.793745340806672417e-02 1.468716431819802083e-02
9.985147966234355632e-01 -5.222576991723526518e-02 1.551355441999389094e-02
9.982550650391746050e-01 -5.674011954632435240e-02 1.635189588775618277e-02
9.979598911701816899e-01 -6.148315556174050595e-02 1.720109863070860487e-02
9.976258191892649618e-01 -6.645720256621276412e-02 1.806006003051702918e-02
9.972492063650264527e-01 -7.166424887869295157e-02 1.892766632361829460e-02
9.968262257207856081e-01 -7.710593909172380744e-02 1.980279404401202176e-02
9.963528698026922203e-01 -8.278356684781884578e-02 2.068431152951743721e-02
9.958249555814677745e-01 -8.869806788121110952e-02 2.157108049415888337e-02
9.952381305057466099e-01 -9.485001337598408799e-02 2.246195766891961529e-02
9.945878797180498498e-01 -1.012396036960160478e-01 2.335579651259308415e-02
9.938695344370391815e-01 -1.078666625462611078e-01 2.425144899386488806e-02
9.930782815018804888e-01 -1.147306316285709588e-01 2.514776744507910694e-02
9.922091740663375736e-01 -1.218305658584405288e-01 2.604360648738334588e-02
9.912571434216479460e-01 -1.291651292116528238e-01 2.693782502611264187e-02
9.902170119183639763e-01 -1.367325912717176628e-01 2.782928831437005146e-02
9.890835069482265540e-01 -1.445308245501646660e-01 2.871687008179945461e-02
9.878512759378563768e-01 -1.525573026520885001e-01 2.959945472453368379e-02
9.865149022966701597e-01 -1.608090993587847628e-01 3.047593955124981713e-02
9.850689222520546684e-01 -1.692828886978015590e-01 3.134523707918612095e-02
9.835078424955587817e-01 -1.779749460682151785e-01 3.220627737288570686e-02
9.818261585547983783e-01 -1.868811504853859218e-01 3.305801041734585805e-02
9.800183737970286080e-01 -1.959969880048389179e-01 3.389940851618526707e-02
9.780790189620425235e-01 -2.053175563792432878e-01 3.472946870441125100e-02
9.760026721143262307e-01 -2.148375709957409674e-01 3.554721516439279805e-02
9.737839788973682298e-01 -2.245513721331361956e-01 3.635170163274087374e-02
9.714176729668013710e-01 -2.344529335697458083e-01 3.714201378498212247e-02
9.688985964737764078e-01 -2.445358725630987495e-01 3.791727158420345883e-02
9.662217204657395087e-01 -2.547934612122451092e-01 3.867663157925912976e-02
9.633821650687149907e-01 -2.652186392022987671e-01 3.941928913768374954e-02
9.603752193133754389e-01 -2.758040279191134037e-01 4.014448059815838021e-02
9.571963604666955394e-01 -2.865419459098180743e-01 4.085148532724363485e-02
9.538412727318915652e-01 -2.974244256524715690e-01 4.153962766513315946e-02
9.503058651816945757e-01 -3.084432315854926387e-01 4.220827874540027114e-02
9.465862887938160108e-01 -3.195898793349664091e-01 4.285685817411362397e-02
9.426789524627332550e-01 -3.308556560655895873e-01 4.348483555428608871e-02
9.385805378686413736e-01 -3.422316418690851125e-01 4.409173184239256749e-02
9.342880130925234061e-01 -3.537087320925688116e-01 4.467712052464208744e-02
9.297986448757312727e-01 -3.652776604987668652e-01 4.524062860180894791e-02
9.251100094331360379e-01 -3.769290231403292224e-01 4.578193737270547237e-02
9.202200017406928501e-01 -3.886533028219213981e-01 4.630078300780067491e-02
9.151268432310314394e-01 -4.004408940164449482e-01 4.679695690603755120e-02
9.098290878442747420e-01 -4.122821280957606471e-01 4.727030582955731725e-02
9.043256263955323782e-01 -4.241672987317726684e-01 4.772073181277951270e-02
8.986156892352336056e-01 -4.360866873207523420e-01 4.814819184408956204e-02
8.926988471934576008e-01 -4.480305882823975017e-01 4.855269732022480383e-02
8.865750108144918595e-01 -4.599893340853585255e-01 4.893431327530094882e-02
8.802444279028043272e-01 -4.719533198528243489e-01 4.929315738825762461e-02
8.737076794162467186e-01 -4.839130274052171332e-01 4.962939877429836666e-02
8.669656737564324089e-01 -4.958590486020467147e-01 4.994325656763278637e-02
8.600196395196625376e-01 -5.077821078514446196e-01 5.023499830447269998e-02
8.528711167843444629e-01 -5.196730836637321049e-01 5.050493811676853156e-02
8.455219470224047962e-01 -5.315230291344564817e-01 5.075343474857713089e-02
8.379742617326068066e-01 -5.433231912525126051e-01 5.098088940821078607e-02
8.302304699028364432e-01 -5.550650289400973492e-01 5.118774347041452066e-02
8.222932444162220911e-01 -5.667402297431607394e-01 5.137447604374408006e-02
8.141655075223428462e-01 -5.783407251035336261e-01 5.154160141906158343e-02
8.058504154997176983e-01 -5.898587041568604805e-01 5.168966641562477982e-02
7.973513426392304648e-01 -6.012866260136565666e-01 5.181924764161741775e-02
7.886718646801486043e-01 -6.126172304940687985e-01 5.193094868615318049e-02
7.798157418309604738e-01 -6.238435473000755183e-01 5.202539725978888585e-02
7.707869015064422458e-01 -6.349589036217486715e-01 5.210324230041020466e-02
7.615894209102375134e-01 -6.459569301866711077e-01 5.216515106101535931e-02
7.522275095888814045e-01 -6.568315657735133151e-01 5.221180619542976908e-02
7.427054920787216075e-01 -6.675770602220088001e-01 5.224390285735178163e-02
7.330277907617011035e-01 -6.781879759820145237e-01 5.226214582737061243e-02
7.231989090395876119e-01 -6.886591882539204734e-01 5.226724668172915561e-02
7.132234149290923586e-01 -6.989858837813098802e-01 5.225992101564278652e-02
7.031059251725462200e-01 -7.091635583644160246e-01 5.224088573294839027e-02
6.928510899505277987e-01 -7.191880131695431722e-01 5.221085641276258099e-02
6.824635782741923506e-01 -7.290553499152041539e-01 5.217054476269192276e-02
6.719480641261627030e-01 -7.387619650202692512e-01 5.212065616697742626e-02
6.613092134098292885e-01 -7.483045428029488910e-01 5.206188733678642627e-02
6.505516717578838648e-01 -7.576800478219605228e-01 5.199492406870219463e-02
6.396800532419799623e-01 -7.668857164528165571e-01 5.192043911631908509e-02
6.286989300166700989e-01 -7.759190477928502583e-01 5.183909017874068631e-02
6.176128229222968002e-01 -7.847777939884447163e-01 5.175151800871200664e-02
6.064261930633855213e-01 -7.934599500770028735e-01 5.165834464210303234e-02
5.951434343713627451e-01 -8.019637434345708860e-01 5.156017174950890125e-02
5.837688671531512385e-01 -8.102876229177772283e-01 5.145757910984718325e-02
5.723067326204187566e-01 -8.184302477859496383e-01 5.135112320502137340e-02
5.607611883879995984e-01 -8.263904764859998364e-01 5.124133593398481207e-02
5.491363049242924399e-01 -8.341673553789987761e-01 5.112872344388353502e-02
5.374360629312712190e-01 -8.417601074833700459e-01 5.101376507538140509e-02
5.256643516271276573e-01 -8.491681213053848820e-01 5.089691241877600941e-02
5.138249679004870396e-01 -8.563909398232049108e-01 5.077858847709872114e-02
5.019216163015923771e-01 -8.634282496861573897e-01 5.065918693205503226e-02
4.899579098328132321e-01 -8.702798706862933109e-01 5.053907150839913320e-02
4.779373714982811938e-01 -8.769457455546224578e-01 5.041857543214696424e-02
4.658634365703566149e-01 -8.834259301297887612e-01 5.029800097791009561e-02
4.537394555289609999e-01 -8.897205839423755203e-01 5.017761910057564473e-02
4.415686976285296828e-01 -8.958299612535579604e-01 5.005766914655958993e-02
4.293543550464198333e-01 -9.017544025824612008e-01 4.993835863991817614e-02
4.170995475660116414e-01 -9.074943267523748469e-01 4.981986313870966077e-02
4.048073277474322773e-01 -9.130502234819197760e-01 4.970232615715117902e-02
3.924806865387777677e-01 -9.184226465433852349e-01 4.958585914930862398e-02
3.801225592808739617e-01 -9.236122075067492165e-01 4.947054155028580286e-02
3.677358320589741991e-01 -9.286195700843753453e-01 4.935642087113811804e-02
3.553233483553048799e-01 -9.334454450880376175e-01 4.924351284402111312e-02
3.428879159570177304e-01 -9.380905860067586532e-01 4.913180161439067994e-02
3.304323140748603449e-01 -9.425557852109500701e-01 4.902123997739540884e-02
3.179593006287133594e-01 -9.468418707855096317e-01 4.891174965593828722e-02
3.054716196570436693e-01 -9.509497039918374250e-01 4.880322161823071048e-02
2.929720088082714002e-01 -9.548801773561839124e-01 4.869551643301310573e-02
2.804632068730290029e-01 -9.586342133793092080e-01 4.858846466096932576e-02
2.679479613172924823e-01 -9.622127638601083444e-01 4.848186728121366834e-02
2.554290357773799092e-01 -9.656168098236231900e-01 4.837549615207600850e-02
2.429092174788330949e-01 -9.688473620417049625e-01 4.826909450574989879e-02
2.303913245422234413e-01 -9.719054621324919596e-01 4.816237747669682712e-02
2.178782131399492339e-01 -9.747921842228192135e-01 4.805503266401523615e-02
2.053727844691227156e-01 -9.775086371556571674e-01 4.794672072828234932e-02
1.928779915066832218e-01 -9.800559672226791808e-01 4.783707602365783879e-02
1.803968455139237925e-01 -9.824353614000703727e-01 4.772570726629878080e-02
1.679324222586896787e-01 -9.846480510637006800e-01 4.761219824037277865e-02
1.554878679246075313e-01 -9.866953161577879383e-01 4.749610854316829722e-02
1.430664046778438170e-01 -9.885784897891680689e-01 4.737697437098625786e-02
1.306713358630805233e-01 -9.902989632172596313e-01 4.725430934765272734e-02
1.183060508016487988e-01 -9.918581912077646390e-01 4.712760539761710887e-02
1.059740291660884737e-01 -9.932576977160847420e-01 4.699633366569197501e-02
9.367884490681566145e-02 -9.944990818643519859e-01 4.685994548554778261e-02
8.142416970809601695e-02 -9.955840241738920238e-01 4.671787339909660997e-02
6.921928187112839914e-02 -9.965140982838703865e-01 4.656551547759990584e-02
5.706827563980434309e-02 -9.972912765123710388e-01 4.640394375667859089e-02
4.497491887327524640e-02 -9.979176619892322631e-01 4.623419563840431429e-02
3.294265944683418684e-02 -9.983954692327855485e-01 4.605727395410223052e-02
2.097463231396032995e-02 -9.987270055922202738e-01 4.587414714761165607e-02
9.073667151392612526e-03 -9.989146535736261878e-01 4.568574956636364121e-02
-2.757703487719712077e-03 -9.989608540599653752e-01 4.549298184811253337e-02
-1.451723558397128439e-02 -9.988680904281835859e-01 4.529671139168743588e-02
-2.620296469266674561e-02 -9.986388735603852762e-01 4.509777290069667127e-02
-3.781319667900691350e-02 -9.982757277404356033e-01 4.489696898971373001e-02
-4.934649820665110154e-02 -9.977811774224893959e-01 4.469507084308642353e-02
-6.080168703447071804e-02 -9.971577348537540297e-01 4.449281891713380288e-02
-7.217782217193619010e-02 -9.964078885302236621e-01 4.429092367711975897e-02
-8.347419393922338171e-02 -9.955340924611461029e-01 4.409006636101193977e-02
-9.469031397382991766e-02 -9.945387562155509897e-01 4.389089976264320264e-02
-1.058259052212922463e-01 -9.934242357222460296e-01 4.369404902748634523e-02
-1.168808919435206650e-01 -9.921928247932245704e-01 4.350011245482660049e-02
-1.278553897743470447e-01 -9.908467473393912650e-01 4.330966230066755907e-02
-1.387496958481274079e-01 -9.893881502468537814e-01 4.312324557623205268e-02
-1.495642790236741682e-01 -9.878190968817158746e-01 4.294138483741852946e-02
-1.602997702224207288e-01 -9.861415611912979218e-01 4.276457896104405437e-02
-1.709569528965531049e-01 -9.843574223699728121e-01 4.259330390414647199e-02
-1.815367536398806159e-01 -9.824684600583047933e-01 4.242801344303056416e-02
-1.920402329514647732e-01 -9.804763500448859803e-01 4.226913988912574943e-02
-2.024685761594792466e-01 -9.783826604411478556e-01 4.211709477907684546e-02
-2.128230845104323865e-01 -9.761888483004654837e-01 4.197226953681516132e-02
-2.231051664267424961e-01 -9.738962566540358967e-01 4.183503610565552505e-02
-2.333163289337103485e-01 -9.715061119372887521e-01 4.170574754873732776e-02
-2.434581692551750498e-01 -9.690195217819477236e-01 4.158473861637492636e-02
-2.535323665755636613e-01 -9.664374731502971549e-01 4.147232627910692193e-02
-2.635406739646420915e-01 -9.637608307896977644e-01 4.136881022543567599e-02
-2.734849104600395875e-01 -9.609903359869297335e-01 4.127447332343028852e-02
-2.833669533015409914e-01 -9.581266056035045997e-01 4.118958204552904817e-02
-2.931887303102155840e-01 -9.551701313746772115e-01 4.111438685602328280e-02
-3.029522124046688525e-01 -9.521212794564835047e-01 4.104912256083487199e-02
-3.126594062460575918e-01 -9.489802902067386858e-01 4.099400861931633278e-02
-3.223123470029943261e-01 -9.457472781875299050e-01 4.094924941790694523e-02
-3.319130912270757405e-01 -9.424222323783364441e-01 4.091503450557240629e-02
-3.414637098294978079e-01 -9.390050165904956225e-01 4.089153879104073797e-02
-3.509662811490624201e-01 -9.354953700753025903e-01 4.087892270192516192e-02
-3.604228841018319307e-01 -9.318929083195850449e-01 4.087733230589685879e-02
-3.698355914027456337e-01 -9.281971240241253529e-01 4.088689939413869129e-02
-3.792064628496734646e-01 -9.244073882618083493e-01 4.090774152737630676e-02
-3.885375386606431114e-01 -9.205229518138554612e-01 4.093996204484724732e-02
-3.978308328553381568e-01 -9.165429466839551953e-01 4.098365003663298478e-02
-4.070883266724229510e-01 -9.124663877915227816e-01 4.103888027984459175e-02
-4.163119620148060251e-01 -9.082921748467064349e-01 4.110571313922159464e-02
-4.255036349156062769e-01 -9.040190944111073934e-01 4.118419443277624575e-02
-4.346651890183375055e-01 -8.996458221494896268e-01 4.127435526319372938e-02
-4.437984090656744152e-01 -8.951709252790217564e-01 4.137621181578354096e-02
-4.528947076757637857e-01 -8.905995687434108410e-01 4.145836673298555070e-02
-4.619482557061369565e-01 -8.859344942010063395e-01 4.151969766247747690e-02
-4.709530754077091985e-01 -8.811787829098223224e-01 4.155908532061725058e-02
-4.799030533763366524e-01 -8.763358650664794247e-01 4.157541601617850691e-02
-4.887919541943915869e-01 -8.714095281250552327e-01 4.156758431016114447e-02
-4.976134347086433318e-01 -8.664039239937517678e-01 4.153449580454274259e-02
-5.063610588816992442e-01 -8.613235750088493736e-01 4.147507005155212645e-02
-5.150283131453006202e-01 -8.561733785880175640e-01 4.138824357375699148e-02
-5.236086221750116954e-01 -8.509586104687226760e-01 4.127297298397881314e-02
-5.320953649974189403e-01 -8.456849264422375834e-01 4.112823819279627646e-02
-5.404818913330144969e-01 -8.403583624996178170e-01 4.095304569019034974e-02
-5.487615380706131196e-01 -8.349853333129529931e-01 4.074643188673698208e-02
-5.569276457625956800e-01 -8.295726289832046074e-01 4.050746649868515459e-02
-5.649735750246259736e-01 -8.241274099949497112e-01 4.023525596028555001e-02
-5.728927227188926885e-01 -8.186572003283025811e-01 3.992894684587571658e-02
-5.806785377965166806e-01 -8.131698786890978470e-01 3.958772928349651998e-02
-5.883245366726616021e-01 -8.076736678299901717e-01 3.921084034122720302e-02
-5.958243180072002598e-01 -8.021771219473341485e-01 3.879756736699471048e-02
-6.031715767646157467e-01 -7.966891121514285690e-01 3.834725126234857229e-02
-6.103601174292339060e-01 -7.912188100207908636e-01 3.785928967060382677e-02
-6.173838662559382184e-01 -7.857756692644179974e-01 3.733314005984725986e-02
-6.242368824422530604e-01 -7.803694055293219911e-01 3.676832268157988887e-02
-6.309133681150888018e-01 -7.750099744038414507e-01 3.616442338623090946e-02
-6.374076770345146192e-01 -7.697075476801474858e-01 3.552109627742282283e-02
-6.437143219276016959e-01 -7.644724879518250971e-01 3.483806618768717223e-02
-6.498279803775949270e-01 -7.593153216342540812e-01 3.411513095931670292e-02
-6.557434992073183366e-01 -7.542467105065933097e-01 3.335216351517993755e-02
-6.614558973106631212e-01 -7.492774218843457623e-01 3.254911370560343437e-02
-6.669603669021071379e-01 -7.444182975406378189e-01 3.170600991882744496e-02
-6.722522731712748945e-01 -7.396802215023778881e-01 3.082296044404275043e-02
-6.773271523473871625e-01 -7.350740868542970929e-01 2.990015457759863035e-02
-6.821807081968439546e-01 -7.306107616894608192e-01 2.893786346461157954e-02
-6.868088069959044084e-01 -7.263010543491479343e-01 2.793644066987786140e-02
-6.912074710392428489e-01 -7.221556780980273871e-01 2.689632247367722967e-02
-6.953728707638112683e-01 -7.181852153823397034e-01 2.581802788972641788e-02
-6.993013155856905305e-01 -7.144000818193726454e-01 2.470215840417781111e-02
-7.029892435652084215e-01 -7.108104900659705239e-01 2.354939743613986003e-02
-7.064332100323078567e-01 -7.074264137122462381e-01 2.236050952170330272e-02
-7.096298753197241016e-01 -7.042575513441758916e-01 2.113633922487458822e-02
-7.125759917657631393e-01 -7.013132909154926597e-01 1.987780978013240635e-02
-7.152683901611505135e-01 -6.986026745653954872e-01 1.858592147252463925e-02
-7.177039658253621113e-01 -6.961343640142043654e-01 1.726174976230522920e-02
-7.198796645068864519e-01 -6.939166066643788211e-01 1.590644316207035294e-02
-7.217924683088554616e-01 -6.919572025294302708e-01 1.452122087519185263e-02
-7.234393818463044079e-01 -6.902634721083376057e-01 1.310737020506734518e-02
-7.248174188438787358e-01 -6.888422253182676647e-01 1.166624374531839529e-02
-7.259235893830358055e-01 -6.876997315938178090e-01 1.019925636158161737e-02
-7.267548880056413640e-01 -6.868416912567486543e-01 8.707881975965763716e-03
-7.273082828763262064e-01 -6.862732082563325342e-01 7.193650165606656210e-03
-7.275807061990509084e-01 -6.859987643770694143e-01 5.658142587058566375e-03
-7.275850781166490755e-01 -6.860048933973240670e-01 4.152553831134133538e-03
-7.273273256400485387e-01 -6.862855033378063574e-01 2.678186986835593211e-03
-7.268132871688890440e-01 -6.868339833154936125e-01 1.236282795199409581e-03
-7.260487252485091636e-01 -6.876432377807029095e-01 -1.719827754927810964e-04
-7.250393399101040526e-01 -6.887057212867531142e-01 -1.545500725644605817e-03
-7.237907823929515816e-01 -6.900134736886687215e-01 -2.883230984398372360e-03
-7.223086690518295550e-01 -6.915581556653845885e-01 -4.184204127582569037e-03
-7.205985952588991328e-01 -6.933310844578060017e-01 -5.447522848166734544e-03
-7.186661491173050864e-01 -6.953232697129689832e-01 -6.672363174739464817e-03
-7.165169248134105606e-01 -6.975254493225521157e-01 -7.857975434492965594e-03
-7.141565354457913850e-01 -6.999281251422233563e-01 -9.003684958232264016e-03
-7.115906251817002426e-01 -7.025215984768887756e-01 -1.010889252602781112e-02
-7.088248806054952000e-01 -7.052960052159625848e-01 -1.117307455329279164e-02
-7.058650411383132761e-01 -7.082413505023998912e-01 -1.219578301828404786e-02
-7.027169084238653607e-01 -7.113475428195341621e-01 -1.317664513328884943e-02
-6.993863545914170698e-01 -7.146044273808196401e-01 -1.411536276305695725e-02
-6.958793293235983057e-01 -7.180018187094650006e-01 -1.501171159535502272e-02
-6.922018656734322262e-01 -7.215295322977151038e-01 -1.586554006984294829e-02
-6.883600845916914013e-01 -7.251774152392168604e-01 -1.667676807278332257e-02
-6.843601981421669755e-01 -7.289353757325137684e-01 -1.744538540637814716e-02
-6.802085113984780440e-01 -7.327934113592396992e-01 -1.817145004276489104e-02
-6.759114230314814398e-01 -7.367416360469932757e-01 -1.885508617387916114e-02
-6.714754246109863045e-01 -7.407703056341325976e-01 -1.949648206948795259e-02
-6.669070986591861816e-01 -7.448698419617565403e-01 -2.009588775670006697e-02
-6.622131155058667007e-01 -7.490308554268625407e-01 -2.065361253515527254e-02
-6.574002290069047572e-01 -7.532441659399871092e-01 -2.117002234286901111e-02
-6.524752711977640507e-01 -7.575008222404404634e-01 -2.164553698835487011e-02
-6.474451459625404359e-01 -7.617921195324189876e-01 -2.208062726515495552e-02
-6.423168218065686830e-01 -7.661096154156973315e-01 -2.247581196527312017e-02
-6.370973238266527394e-01 -7.704451440951398666e-01 -2.283165480822474391e-02
-6.317937249776152120e-01 -7.747908288637936902e-01 -2.314876130248870803e-02
-6.264131367371027492e-01 -7.791390928647158320e-01 -2.342777555607411868e-02
-6.209626992724673888e-01 -7.834826681468167742e-01 -2.366937705270012390e-02
-6.154495712141263564e-01 -7.878146030397600308e-01 -2.387427740973787835e-02
-6.098809191391550977e-01 -7.921282678822361145e-01 -2.404321713358731696e-02
-6.042639068670775382e-01 -7.964173591466361390e-01 -2.417696238756742930e-02
-5.986056846669766118e-01 -8.006759020111993141e-01 -2.427630178669816854e-02
-5.929133784712664612e-01 -8.048982514380321751e-01 -2.434204323295720979e-02
-5.871940791868537346e-01 -8.090790918219401551e-01 -2.437501080371823683e-02
-5.814548321890873339e-01 -8.132134352807298683e-01 -2.437604170513305024e-02
-5.757026270779708188e-01 -8.172966186625046925e-01 -2.434598330122107052e-02
-5.699443877697069061e-01 -8.213242993494772604e-01 -2.428569022839081881e-02
-5.641869629898760286e-01 -8.252924499409511894e-01 -2.419602160405213281e-02
-5.584371172275299777e-01 -8.291973519004004478e-01 -2.407783833689837102e-02
-5.527015222023157204e-01 -8.330355882530099398e-01 -2.393200054535722307e-02
-5.469867488895310270e-01 -8.368040354206784937e-01 -2.375936508963862048e-02
-5.412992601408451732e-01 -8.404998542813568729e-01 -2.356078322175943207e-02
-5.356454039313764959e-01 -8.441204805387507726e-01 -2.333709835690673390e-02
-5.300314072569780599e-01 -8.476636144869172940e-01 -2.308914396852318474e-02
-5.244633706990077249e-01 -8.511272102521787453e-01 -2.281774160856672035e-02
-5.189472636676020212e-01 -8.545094645921343934e-01 -2.252369905351871496e-02
-5.134889203285821768e-01 -8.578088053284302905e-01 -2.220780857589492799e-02
-5.080940362136258104e-01 -8.610238794864193412e-01 -2.187084534025595176e-02
-5.027681655082735235e-01 -8.641535412109649927e-01 -2.151356592202128062e-02
-4.975167190077125490e-01 -8.671968395234836979e-01 -2.113670694676521647e-02
-4.923449627261132222e-01 -8.701530059809398088e-01 -2.074098384711463988e-02
-4.872580171415774042e-01 -8.730214422929625240e-01 -2.032708973387781573e-02
-4.822608570554984819e-01 -8.758017079485995726e-01 -1.989569437760939710e-02
-4.773583120423142145e-01 -8.784935078995135260e-01 -1.944744329645771430e-02
-4.725550674632441051e-01 -8.810966803417038529e-01 -1.898295694584451257e-02
-4.678556660156233393e-01 -8.836111846331490272e-01 -1.850283000529156369e-02
-4.632645097878532736e-01 -8.860370893801423620e-01 -1.800763075753032336e-02
-4.587858627887593244e-01 -8.883745607205776329e-01 -1.749790055490644397e-02
-4.544238539192526072e-01 -8.906238508280536204e-01 -1.697415336801709473e-02
-4.501824803536039199e-01 -8.927852866564359724e-01 -1.643687541149183723e-02
-4.460656112973281906e-01 -8.948592589404573694e-01 -1.588652484184371882e-02
-4.420769920886127857e-01 -8.968462114640701754e-01 -1.532353152237217637e-02
-4.382202486103746741e-01 -8.987466306046039133e-01 -1.474829685018987785e-02
-4.344988919803696170e-01 -9.005610351573247740e-01 -1.416119364056794318e-02
-4.309163234872706028e-01 -9.022899664417581844e-01 -1.356256606394469141e-02
-4.274758397412544708e-01 -9.039339786881174232e-01 -1.295272963111884085e-02
-4.241806380083602002e-01 -9.054936296993780775e-01 -1.233197122234582985e-02
-4.210338216986773130e-01 -9.069694717819567487e-01 -1.170054915627283948e-02
-4.180384059792709439e-01 -9.083620429355755421e-01 -1.105869329488149387e-02
-4.151973234836212057e-01 -9.096718582907284967e-01 -1.040660518085483391e-02
-4.125134300902310036e-01 -9.108994017801956833e-01 -9.744458204044849706e-03
-4.099895107439150421e-01 -9.120451180292746818e-01 -9.072397793986863510e-03
-4.076282852941057744e-01 -9.131094044478008653e-01 -8.390541635685849070e-03
-4.054324143252808765e-01 -9.140926035056085031e-01 -7.698979906186034089e-03
-4.034045049553151574e-01 -9.149949951718256980e-01 -6.997775529727925936e-03
-4.015471165781726026e-01 -9.158167894972939482e-01 -6.286964449595444128e-03
-3.998627665278668419e-01 -9.165581193184491049e-01 -5.566555915059619164e-03
-3.983539356410177312e-01 -9.172190330601820429e-01 -4.836532782134105035e-03
-3.970230736956065209e-01 -9.177994876145152414e-01 -4.096851827171435825e-03
-3.958726047036688067e-01 -9.182993412713685855e-01 -3.347444072647776884e-03
-3.949049320356561310e-01 -9.187183466772491647e-01 -2.588215124808162550e-03
-3.941224433540291838e-01 -9.190561437973729930e-01 -1.819045523174462773e-03
-3.935275153333123166e-01 -9.193122528565155216e-01 -1.039791102255264565e-03
-3.931225181433299354e-01 -9.194860672337842322e-01 -2.502833661413556400e-04
-3.929098196716518943e-01 -9.195768462865175907e-01 5.496701229764632555e-04
-3.928917894603891625e-01 -9.195837080786385398e-01 1.360285340967791468e-03
-3.930708023313951860e-01 -9.195056219890310745e-01 2.181801380828253187e-03
-3.934492416726349528e-01 -9.193414011758767046e-01 3.014480012491574119e-03
-3.940295023569750366e-01 -9.190896948733855432e-01 3.858605220830110902e-03
-3.948139932629192717e-01 -9.187489804980027985e-01 4.714482718871664327e-03
-3.958051393648562288e-01 -9.183175555419741398e-01 5.582439432829978260e-03
-3.970053833581957403e-01 -9.177935292331326211e-01 6.462822955098202794e-03
-3.984171867823428914e-01 -9.171748139409457989e-01 7.356000960887492529e-03
-4.000430306017880300e-01 -9.164591163102571159e-01 8.262360583705606262e-03
-4.018854152026784532e-01 -9.156439281057975332e-01 9.182307744361741311e-03
-4.039411707316858946e-01 -9.147291818278013853e-01 1.010244061636447407e-02
-4.062096161774243486e-01 -9.137134367974789617e-01 1.102306429695545584e-02
-4.086900669519840101e-01 -9.125950709615286982e-01 1.194447304961313537e-02
-4.113818299535603740e-01 -9.113722820019187765e-01 1.286694936808825511e-02
-4.142841981403077023e-01 -9.100430884457709757e-01 1.379076301138467027e-02
-4.173964446136499418e-01 -9.086053308023347430e-01 1.471617000651821890e-02
-4.207178162090687290e-01 -9.070566727564157716e-01 1.564341161606425459e-02
-4.242475265923854044e-01 -9.053946024500695300e-01 1.657271326769978528e-02
-4.279847488597838812e-01 -9.036164338868700741e-01 1.750428344316180482e-02
-4.319286076403019980e-01 -9.017193084956333093e-01 1.843831252428237283e-02
-4.360781707002732155e-01 -8.997001968930944393e-01 1.937497159402658264e-02
-4.404324400502500070e-01 -8.975559008877099787e-01 2.031441119075510018e-02
-4.449903425563090376e-01 -8.952830557694620994e-01 2.125676001426206330e-02
-4.497507200593512389e-01 -8.928781329332758920e-01 2.220212358250536755e-02
-4.547123190080889499e-01 -8.903374428863939372e-01 2.315058283835357347e-02
-4.598737796138874789e-01 -8.876571386927705198e-01 2.410219270612551715e-02
-4.652336245385200186e-01 -8.848332199102169060e-01 2.505698059819903498e-02
-4.707902471292312319e-01 -8.818615370786202501e-01 2.601494487251771598e-02
-4.765418992193062309e-01 -8.787377968200298373e-01 2.697605324243269528e-02
-4.824866785166341265e-01 -8.754575676137146267e-01 2.794024114098375700e-02
-4.886225156075535980e-01 -8.720162863113926077e-01 2.890741004245315701e-02
-4.949471606085931175e-01 -8.684092654596584637e-01 2.987742574481936503e-02
-5.014581695045796650e-01 -8.646317014981291793e-01 3.085011661759828883e-02
-5.081528902179958118e-01 -8.606786839029165748e-01 3.182527182048780490e-02
-5.150284484614156000e-01 -8.565452053456450443e-01 3.280263949922798683e-02
-5.220817334323396564e-01 -8.522261729382761830e-01 3.378192496615386314e-02
-5.293093834177620138e-01 -8.477164206333953622e-01 3.476278887404793405e-02
-5.367077713843096953e-01 -8.430107228482552895e-01 3.574484539309295827e-02
-5.442729906387633321e-01 -8.381038093786667975e-01 3.672766040197689846e-02
-5.520008406531418110e-01 -8.329903816656665239e-01 3.771074970550485073e-02
-5.598868131582469543e-01 -8.276651304736721837e-01 3.869357729241865856e-02
-5.679260786195370336e-01 -8.221227550334485601e-01 3.967555364850289951e-02
-5.761134732193206043e-01 -8.163579836965465519e-01 4.065603414145288474e-02
-5.844434864794250117e-01 -8.103655961398402718e-01 4.163431749538022697e-02
-5.929102496685408896e-01 -8.041404471492739070e-01 4.260964437421606299e-02
-6.015075251482265850e-01 -7.976774920008571357e-01 4.358119609461934274e-02
-6.102286968208743279e-01 -7.909718134442378368e-01 4.454809349028365784e-02
-6.190667618515978132e-01 -7.840186502797776846e-01 4.550939595073324323e-02
-6.280143238437578823e-01 -7.768134275039207948e-01 4.646410065877704110e-02
-6.370635876544604725e-01 -7.693517879797739933e-01 4.741114205171571144e-02
-6.462063560415574059e-01 -7.616296255702192930e-01 4.834939153213525798e-02
-6.554340283371833387e-01 -7.536431196496216067e-01 4.927765745463458247e-02
-6.647376013443649923e-01 -7.453887708873638829e-01 5.019468541508360221e-02
-6.741076726524452001e-01 -7.368634381721858029e-01 5.109915886895393528e-02
-6.835344465636608025e-01 -7.280643765208067997e-01 5.198970010486448495e-02
-6.930077428169102438e-01 -7.189892757878255658e-01 5.286487159870072172e-02
-7.025170082852466580e-01 -7.096362999667040761e-01 5.372317777246073817e-02
-7.120513318106810319e-01 -7.000041268441210551e-01 5.456306718031887076e-02
-7.215994623232414584e-01 -6.900919877425337745e-01 5.538293514224808256e-02
-7.311498303707246738e-01 -6.798997070588881364e-01 5.618112684288118636e-02
-7.406905731610603505e-01 -6.694277412815902162e-01 5.695594091010058868e-02
-7.502095631906242623e-01 -6.586772171436723333e-01 5.770563348411834187e-02
-7.596944404991963218e-01 -6.476499685481615920e-01 5.842842278354459101e-02
-7.691326485556592152e-01 -6.363485718826424886e-01 5.912249417015658093e-02
-7.785114737381840788e-01 -6.247763793245471042e-01 5.978600570879900183e-02
-7.878180883288461445e-01 -6.129375497274835993e-01 6.041709421311002720e-02
-7.970395968957839639e-01 -6.008370766725690260e-01 6.101388176163231869e-02
-8.061630858866950522e-01 -5.884808132678852610e-01 6.157448266240490853e-02
-8.151756762062984940e-01 -5.758754932843915819e-01 6.209701083742732997e-02
-8.240645784981582844e-01 -5.630287482283876654e-01 6.257958759154279293e-02
-8.328171507988242350e-01 -5.499491199693167243e-01 6.302034972341785668e-02
-8.414209581805665028e-01 -5.366460685675921161e-01 6.341745792952985239e-02
-8.498638339491012550e-01 -5.231299749803539623e-01 6.376910544554748039e-02
-8.581339419157216764e-01 -5.094121383635744627e-01 6.407352686334963354e-02
-8.662198392202865582e-01 -4.955047677365268521e-01 6.432900705632163540e-02
-8.741105391437037353e-01 -4.814209678289161909e-01 6.453389014064501994e-02
-8.817955733169762222e-01 -4.671747189913544318e-01 6.468658839620194945e-02
-8.892650527095844470e-01 -4.527808511155734239e-01 6.478559106758428887e-02
-8.965097267638924006e-01 -4.382550115808410696e-01 6.482947296365244860e-02
-9.035210400351877391e-01 -4.236136273163507715e-01 6.481690277323624849e-02
-9.102911856995288264e-01 -4.088738611446058879e-01 6.474665101499058051e-02
-9.168131553042125903e-01 -3.940535626466172281e-01 6.461759754117084309e-02
-9.230807841586154971e-01 -3.791712138645739749e-01 6.442873851820257736e-02
-9.290887917963751574e-01 -3.642458702299916640e-01 6.417919281138320664e-02
-9.348328169831006118e-01 -3.492970971736306662e-01 6.386820770683315773e-02
-9.403094467965087411e-01 -3.343449029361922342e-01 6.349516391083709355e-02
-9.455162393673034460e-01 -3.194096681545026128e-01 6.305957977487930410e-02
-9.504517399382521603e-01 -3.045120728452778147e-01 6.256111470384484452e-02
-9.551154899745450955e-01 -2.896730214464799391e-01 6.199957171486539242e-02
-9.595080291392653615e-01 -2.749135666037997860e-01 6.137489912494885347e-02
-9.636308900321063353e-01 -2.602548324062302632e-01 6.068719135663640241e-02
-9.674865856757222105e-01 -2.457179377795988828e-01 5.993668886226048015e-02
-9.710785898205951394e-01 -2.313239207401485420e-01 5.912377717870384575e-02
-9.744113102243641134e-01 -2.170936641919166965e-01 5.824898513565563568e-02
-9.774900551435444784e-01 -2.030478239221711612e-01 5.731298225100286275e-02
-9.803209933529264397e-01 -1.892067594091819682e-01 5.631657535697554007e-02
-9.829111080792656274e-01 -1.755904680070569657e-01 5.526070450978840670e-02
-9.852681452999428879e-01 -1.622185230143680379e-01 5.414643824362429247e-02
-9.874005569130428484e-01 -1.491100160681466114e-01 5.297496823674182481e-02
-9.893174393319984494e-01 -1.362835042339679004e-01 5.174760346315379622e-02
-9.910284680950208758e-01 -1.237569620878009730e-01 5.046576390763404807e-02
-9.925438291066940311e-01 -1.115477390076487496e-01 4.913097392472647734e-02
-9.938741471463168331e-01 -9.967252181431185409e-02 4.774485532393922538e-02
-9.950304122850277544e-01 -8.814730282241481363e-02 4.630912026343129290e-02
-9.960239048518636507e-01 -7.698735328658215527e-02 4.482556403328984834e-02
-9.968661195783079521e-01 -6.620720215468126058e-02 4.329605780703123935e-02
-9.975686895323648828e-01 -5.582061997155252087e-02 4.172254143633916112e-02
-9.981433104276687951e-01 -4.584060771365366244e-02 4.010701635939847853e-02
-9.986016658616400088e-01 -3.627939027840679231e-02 3.845153868762726801e-02
-9.989553540003042187e-01 -2.714841430241873160e-02 3.675821252929660499e-02
-9.992149251383026787e-01 -1.844202311746657996e-02 3.506318399566057953e-02
-9.993914621614661264e-01 -1.016132860209644981e-02 3.336846282247461076e-02
-9.994955270491701071e-01 -2.306733334906807195e-03 3.167604448660308464e-02
-9.995371385661470098e-01 5.122043742948988523e-03 2.998790692238742506e-02
-9.995257538530503139e-01 1.212594152732114280e-02 2.830600757985390209e-02
-9.994702538516057055e-01 1.870653107061786419e-02 2.663228080616839716e-02
-9.993789324771152893e-01 2.486599025169598798e-02 2.496863552908281172e-02
-9.992594894311505049e-01 3.060707899778059710e-02 2.331695321898830456e-02
-9.991190265303265816e-01 3.593311523091333864e-02 2.167908610458173929e-02
-9.989640474129137804e-01 4.084795168215545058e-02 2.005685561604395040e-02
-9.988004604734797010e-01 4.535595368783797154e-02 1.845205102899675001e-02
-9.986335848665218728e-01 4.946197805393293123e-02 1.686642828232065572e-02
-9.984681594128870241e-01 5.317135304744351199e-02 1.530170894314420924e-02
-9.983083542374032726e-01 5.648985954786232139e-02 1.375957929292344166e-02
-9.981577849623148868e-01 5.942371336746409688e-02 1.224168950947953673e-02
-9.980195292785467576e-01 6.197954872668198778e-02 1.074965292111640033e-02
-9.978961457152921710e-01 6.416440285022483037e-02 9.285045310459578635e-03
-9.977896944276943847e-01 6.598570163105210717e-02 7.849404247405881302e-03
-9.977017598222751582e-01 6.745124629292584273e-02 6.444228432511680746e-03
-9.976334748400839114e-01 6.856920096806756737e-02 5.070977034240725656e-03
-9.975855467181495850e-01 6.934808109450010805e-02 3.731069005703812041e-03
-9.975582840506020954e-01 6.979674252795946277e-02 2.425882368818354628e-03
-9.975516249717025774e-01 6.992437125581174584e-02 1.156753456162855917e-03
-9.975651662839271072e-01 6.974047359517211719e-02 -7.502389683239937650e-05
-9.975981933551549830e-01 6.925486675434838757e-02 -1.268199214361644773e-03
-9.976497106099198042e-01 6.847766963575285804e-02 -2.421566300074448359e-03
-9.977184724406094052e-01 6.741929375945927838e-02 -3.533964214700014393e-03
-9.978030143654906814e-01 6.609043418952739724e-02 -4.604278309748252064e-03
-9.979016842615484606e-01 6.450206034996097681e-02 -5.631441313532300000e-03
-9.980126735014381856e-01 6.266540662357780733e-02 -6.614434463857988243e-03
-9.981340478254466797e-01 6.059196263500912782e-02 -7.552288679986495813e-03
-9.982637777813251345e-01 5.829346312835595456e-02 -8.444085764915697234e-03
-9.983997685673037248e-01 5.578187736054279755e-02 -9.288959627659739565e-03
-9.985398891166106239e-01 5.306939794294704416e-02 -1.008609751404928624e-02
-9.986820002654944739e-01 5.016842907625595344e-02 -1.083474123363808821e-02
-9.988239818511740475e-01 4.709157413651571256e-02 -1.153418836959396038e-02
-9.989637585913840878e-01 4.385162258378561689e-02 -1.218379345797978089e-02
-9.990993246033156305e-01 4.046153617848659984e-02 -1.278296912259585527e-02
-9.992287664268052483e-01 3.693443450422791152e-02 -1.333118715155869743e-02
-9.993502844246396899e-01 3.328357980939902067e-02 -1.382797950202974829e-02
-9.994622124418139908e-01 2.952236119291988189e-02 -1.427293921997422471e-02
-9.995630356155023044e-01 2.566427817205191309e-02 -1.466572126251542048e-02
-9.996514062383351495e-01 2.172292368189372019e-02 -1.500604321134053377e-02
-9.997261575892673058e-01 1.771196656694146165e-02 -1.529368586669456638e-02
-9.997863156587977196e-01 1.364513363472073110e-02 -1.552849371275038561e-02
-9.998311087084634785e-01 9.536191349849554993e-03 -1.571037524654434608e-02
-9.998599746182713632e-01 5.398927253845852738e-03 -1.583930316419447648e-02
-9.998725659899228013e-01 1.247131201445347663e-03 -1.591531439974672169e-02
-9.998687529881952196e-01 -2.905423491930363492e-03 -1.593851001369718176e-02
-9.998486239175171653e-01 -7.044998894672796150e-03 -1.590905492998678783e-02
-9.998117620455512222e-01 -1.117425114601946351e-02 -1.586119076121840846e-02
-9.997583629191706400e-01 -1.528835457323563310e-02 -1.579502358673662288e-02
-9.996886982049270065e-01 -1.938251642342192146e-02 -1.571068161614594394e-02
-9.996031141192427416e-01 -2.345198331569967390e-02 -1.560831493620882734e-02
-9.995020295095448093e-01 -2.749204758601313248e-02 -1.548809521986912151e-02
-9.993859335980295189e-01 -3.149805350749586286e-02 -1.535021539855760050e-02
-9.992553834014625824e-01 -3.546540337019676858e-02 -1.519488929910510142e-02
-9.991110008420367450e-01 -3.938956340492193869e-02 -1.502235124674543114e-02
-9.989534695658147667e-01 -4.326606953701172403e-02 -1.483285563583304316e-02
-9.987835314866775338e-01 -4.709053295702587266e-02 -1.462667647002838592e-02
-9.986019830749603976e-01 -5.085864549654039307e-02 -1.440410687381572796e-02
-9.984096714110910487e-01 -5.456618479855496889e-02 -1.416545857731333659e-02
-9.982074900255379912e-01 -5.820901927335461745e-02 -1.391106137641350167e-02
-9.979963745472296699e-01 -6.178311283205049909e-02 -1.364126257034962465e-02
-9.977772981833136212e-01 -6.528452939142716238e-02 -1.335642637882918961e-02
-9.975512670536892390e-01 -6.870943714513325085e-02 -1.305693334089494569e-02
-9.973193154041660735e-01 -7.205411259765555354e-02 -1.274317969768214848e-02
-9.970825007223774739e-01 -7.531494435889844741e-02 -1.241557676122772604e-02
-9.968418987807160514e-01 -7.848843669853930449e-02 -1.207455027145817178e-02
-9.965985986305562205e-01 -8.157121286063266641e-02 -1.172053974343771968e-02
-9.963536975719001765e-01 -8.456001814018024310e-02 -1.135399780689766436e-02
-9.961082961223264309e-01 -8.745172272455938034e-02 -1.097538953999267416e-02
-9.958634930087445492e-01 -9.024332430380019310e-02 -1.058519179914176045e-02
-9.956203802049733431e-01 -9.293195045471124016e-02 -1.018389254671143822e-02
-9.953800380375668055e-01 -9.551486080476978557e-02 -9.771990178187962145e-03
-9.951435303816275058e-01 -9.798944898250726288e-02 -9.349992850365728900e-03
-9.949118999675694575e-01 -1.003532443618295050e-01 -8.918417811951531715e-03
-9.946861638189391508e-01 -1.026039136083108372e-01 -8.477790737850883496e-03
-9.944673088404785144e-01 -1.047392620359880455e-01 -8.028645068264526896e-03
-9.942562875746252526e-01 -1.067572347835537422e-01 -7.571521353582255816e-03
-9.940540141436039479e-01 -1.086559178191084107e-01 -7.106966605918654811e-03
-9.938613603931745200e-01 -1.104335387827775350e-01 -6.635533657992926521e-03
-9.936791522529745402e-01 -1.120884676765365739e-01 -6.157780529914053461e-03
-9.935081663272368191e-01 -1.136192174105154634e-01 -5.674269804294556317e-03
-9.933491267284767501e-01 -1.150244442148802143e-01 -5.185568009982400098e-03
-9.932027021655431831e-01 -1.163029479261164095e-01 -4.692245014572431205e-03
-9.930695032962112423e-01 -1.174536721561744712e-01 -4.194873425737287442e-03
-9.929500803532698150e-01 -1.184757043524858056e-01 -3.694028001304083819e-03
-9.928449210518320855e-01 -1.193682757563297309e-01 -3.190285067898333392e-03
-9.927544487843679155e-01 -1.201307612664311714e-01 -2.684221947881383716e-03
-9.926790211087371807e-01 -1.207626792140068100e-01 -2.176416394222898711e-03
-9.926189285332852608e-01 -1.212636910547619656e-01 -1.667446032876240304e-03
-9.925743936018569524e-01 -1.216336009825800396e-01 -1.157887812162547306e-03
-9.925455702803914759e-01 -1.218723554688514593e-01 -6.483174586192659702e-04
-9.925325436455798567e-01 -1.219800427305678392e-01 -1.393089387311685244e-04
-9.925353298749014508e-01 -1.219568921294704733e-01 3.685660740633404974e-04
-9.925538765362068583e-01 -1.218032735036986836e-01 8.747387277105090524e-04
-9.925880631738849269e-01 -1.215196964325432616e-01 1.378643515844187820e-03
-9.926377021875367745e-01 -1.211068094340820994e-01 1.879718798661403779e-03
-9.927025399979906295e-01 -1.205653990946686238e-01 2.377407320954360529e-03
-9.927822584944161477e-01 -1.198963891284673400e-01 2.871156727846885769e-03
-9.928764767552492598e-01 -1.191008393644936297e-01 3.360420078736416939e-03
-9.929847530346120887e-01 -1.181799446579242518e-01 3.844656359885145671e-03
-9.931065870049091693e-01 -1.171350337218093618e-01 4.323330996036614526e-03
-9.932414222453076480e-01 -1.159675678747425914e-01 4.795916361357658968e-03
-9.933886489648604545e-01 -1.146791396995395923e-01 5.261892289920968961e-03
-9.935476069481158357e-01 -1.132714716075435835e-01 5.720746585851652424e-03
-9.937175887101736826e-01 -1.117464143028236295e-01 6.171975533163029902e-03
-9.938978428472996507e-01 -1.101059451402619654e-01 6.615084405203509009e-03
-9.940875775684032689e-01 -1.083521663713453570e-01 7.049587973528960091e-03
-9.942859643919165213e-01 -1.064873032713832546e-01 7.475011015904637138e-03
-9.944921419918950622e-01 -1.045137021418765244e-01 7.890888823028621366e-03
-9.947052201764908785e-01 -1.024338281818540364e-01 8.296767703456180490e-03
-9.949242839813356998e-01 -1.002502632221820011e-01 8.692205486092606861e-03
-9.951483978598173463e-01 -9.796570331713103097e-02 9.076772019512267115e-03
-9.953766099517405985e-01 -9.558295618785757342e-02 9.450049667254942568e-03
-9.956079564114430624e-01 -9.310493851291640199e-02 9.811633798148363533e-03
-9.958414657760858990e-01 -9.053467306146650850e-02 1.016113327060924436e-02
-9.960761633545672789e-01 -8.787528566545922681e-02 1.049817090978528468e-02
-9.963110756173161331e-01 -8.513000202779953673e-02 1.082238397631862629e-02
-9.965452345671198531e-01 -8.230214436424358737e-02 1.113342462543806706e-02
-9.967776820711241603e-01 -7.939512787763006174e-02 1.143096035502397766e-02
-9.970074741342206393e-01 -7.641245706393355597e-02 1.171467444123713841e-02
-9.972336850942131736e-01 -7.335772185056484151e-02 1.198426636026132808e-02
-9.974554117194236458e-01 -7.023459356831900091e-02 1.223945219468015704e-02
-9.976717771897705145e-01 -6.704682075937647145e-02 1.247996502299183672e-02
-9.978819349428252883e-01 -6.379822482478597623e-02 1.270555529076163384e-02
-9.980850723669230096e-01 -6.049269551589136346e-02 1.291599116192109625e-02
-9.982804143240778805e-01 -5.713418627519590426e-02 1.311105884874567105e-02
-9.984672264862234359e-01 -5.372670943317849751e-02 1.329056291907824115e-02
-9.986448184691651964e-01 -5.027433126857464712e-02 1.345432657941505669e-02
-9.988125467495932996e-01 -4.678116694060206054e-02 1.360219193253236515e-02
-9.989698173515502155e-01 -4.325137530253571339e-02 1.373402020840617729e-02
-9.991160882898809659e-01 -3.968915360691083194e-02 1.384969196726358771e-02
-9.992508717594033030e-01 -3.609873211344541422e-02 1.394910727370105540e-02
-9.993737360598131669e-01 -3.248436861151823146e-02 1.403218584091232152e-02
-9.994843072476878865e-01 -2.885034286970590903e-02 1.409886714418513882e-02
-9.995822705083452497e-01 -2.520095102546675986e-02 1.414911050295075690e-02
-9.996673712417633029e-01 -2.154049992855351647e-02 1.418289513080185464e-02
-9.997394158582481039e-01 -1.787330145213680138e-02 1.420022015303229121e-02
-9.997982722810448974e-01 -1.420366678592219212e-02 1.420110459139415325e-02
-9.998438701546163987e-01 -1.053590072574292491e-02 1.418558731591295329e-02
-9.998762007588444245e-01 -6.874295974205892924e-03 1.415372696374895579e-02
-9.998953166309403340e-01 -3.223127466959915290e-03 1.410560182524017020e-02
-9.999013308983677462e-01 4.133532609573798214e-04 1.404130969740911838e-02
-9.998944163275698127e-01 4.030923654452678306e-03 1.396096770535966598e-02
-9.998748040947518234e-01 7.625395649463327825e-03 1.386471209213071230e-02
-9.998427822863825698e-01 1.119262110228072191e-02 1.375269797770901047e-02
-9.997986941384365833e-01 1.472849712409628718e-02 1.362509908803263489e-02
-9.997429360246957719e-01 1.822897130834288601e-02 1.348210745493848110e-02
-9.996759552056574405e-01 2.169004683907058487e-02 1.332393308812062326e-02
-9.995982473507413202e-01 2.510778746933347780e-02 1.315080362027037583e-02
-9.995103538475553773e-01 2.847832235936547177e-02 1.296296392666271627e-02
-9.994128589129506191e-01 3.179785076517911702e-02 1.276067572053661558e-02
-9.993063865214770747e-01 3.506264656912350119e-02 1.254421712568812991e-02
-9.991915971676292862e-01 3.826906264487571485e-02 1.231388222775449577e-02
-9.990691844789483245e-01 4.141353505030544169e-02 1.206998060571453160e-02
-9.989398716976177761e-01 4.449258704263446551e-02 1.181283684516526086e-02
-9.988044080486591092e-01 4.750283291130231317e-02 1.154279003495676734e-02
-9.986635650131899800e-01 5.044098162493609872e-02 1.126019324877701282e-02
-9.985181325254641749e-01 5.330384028979805872e-02 1.096541301327585982e-02
-9.983689151125608729e-01 5.608831741803837340e-02 1.065882876430326344e-02
-9.982167279956375427e-01 5.879142600500578131e-02 1.034083229281094855e-02
-9.980623931716087194e-01 6.141028641575572988e-02 1.001182718193050804e-02
-9.979067354939629153e-01 6.394212908173754761e-02 9.672228236694373898e-03
-9.977505787711894447e-01 6.638429700943238032e-02 9.322460907810335012e-03
-9.975947419009557615e-01 6.873424810344522240e-02 8.962960710836043524e-03
-9.974400350577645735e-01 7.098955730722270041e-02 8.594172642028214196e-03
-9.972872559513292767e-01 7.314791856516848767e-02 8.216550592062877439e-03
-9.971371861723421492e-01 7.520714661045652116e-02 7.830556758739247447e-03
-9.969905876416811363e-01 7.716517858329599577e-02 7.436661059691390512e-03
-9.968481991784085006e-01 7.902007548477915644e-02 7.035340546040207144e-03
-9.967107332011690968e-01 8.077002347174211394e-02 6.627078817824102498e-03
-9.965788725767993350e-01 8.241333499828996934e-02 6.212365441951447735e-03
-9.964532676291172342e-01 8.394844980978115323e-02 5.791695373322364691e-03
-9.963345333199851162e-01 8.537393579513294362e-02 5.365568379672678960e-03
-9.962232466138247755e-01 8.668848970330311765e-02 4.934488470600001571e-03
-9.961199440358231572e-01 8.789093772972400576e-02 4.498963331141813543e-03
-9.960251194331041225e-01 8.898023597831876408e-02 4.059503760188996717e-03
-9.959392219471582264e-01 8.995547080451893329e-02 3.616623113936382698e-03
-9.958626542048254482e-01 9.081585904443241486e-02 3.170836754495279415e-03
-9.957957707341181797e-01 9.156074813498667198e-02 2.722661503722363652e-03
-9.957388766101565869e-01 9.218961612949908013e-02 2.272615102255353455e-03
-9.956922263354711644e-01 9.270207161271043494e-02 1.821215673689105096e-03
-9.956560229579082266e-01 9.309785351886551430e-02 1.368981193776627357e-03
-9.956304174283583386e-01 9.337683085594213062e-02 9.164289644983884386e-04
-9.956155081995180511e-01 9.353900233862445790e-02 4.640750928104689908e-04
-9.956113410658905538e-01 9.358449593209437756e-02 1.243397385780804255e-05
-9.956179092442408729e-01 9.351356830818252641e-02 -4.379822215769078181e-04
-9.956351536927385837e-01 9.332660421488636615e-02 -8.866640556252063793e-04
-9.956629636660553340e-01 9.302411575973196234e-02 -1.333105328120614674e-03
-9.957011775027352352e-01 9.260674160693627144e-02 -1.776803577847279984e-03
-9.957495836402243672e-01 9.207524608782446940e-02 -2.217260580456291517e-03
-9.958079218520327069e-01 9.143051822347765534e-02 -2.653982843230541858e-03
-9.958758847006153880e-01 9.067357065813709538e-02 -3.086482096845446360e-03
-9.959531191986922272e-01 8.980553850147704464e-02 -3.514275784232304828e-03
-9.960392286708881215e-01 8.882767807748444266e-02 -3.936887546604056314e-03
-9.961337748067651265e-01 8.774136557735601194e-02 -4.353847706650260975e-03
-9.962362798955388676e-01 8.654809561354447067e-02 -4.764693748849991098e-03
-9.963462292320263147e-01 8.524947967186134734e-02 -5.168970796788631764e-03
-9.964630736826602941e-01 8.384724445837585249e-02 -5.566232087298153899e-03
-9.965862323997367600e-01 8.234323013774176581e-02 -5.956039441170996214e-03
-9.967150956714300181e-01 8.073938845953794463e-02 -6.337963730126141247e-03
-9.968490278945248972e-01 7.903778076922587936e-02 -6.711585339633116716e-03
-9.969873706562771831e-01 7.724057590040940557e-02 -7.076494627126395098e-03
-9.971294459113254627e-01 7.535004794522799643e-02 -7.432292375069864121e-03
-9.972745592391426550e-01 7.336857389992558487e-02 -7.778590238259593635e-03
-9.974220031671375830e-01 7.129863118291018820e-02 -8.115011184683891543e-03
-9.975710605441971968e-01 6.914279502295414548e-02 -8.441189929193505109e-03
-9.977210079492061512e-01 6.690373571557817201e-02 -8.756773359172593391e-03
-9.978711191188858187e-01 6.458421574611115934e-02 -9.061420951343598235e-03
-9.980206683791750244e-01 6.218708677841855437e-02 -9.354805178787093528e-03
-9.981689340643188357e-01 5.971528650884061484e-02 -9.636611907211874856e-03
-9.983152019078526118e-01 5.717183538547302574e-02 -9.906540779471532596e-03
-9.984587683897604427e-01 5.455983319355107303e-02 -1.016430558729220293e-02
-9.985989440242559745e-01 5.188245550835893921e-02 -1.040963462915252616e-02
-9.987350565728790874e-01 4.914295001777144872e-02 -1.064227105324160386e-02
-9.988664541679217468e-01 4.634463271724028471e-02 -1.086197318441423434e-02
-9.989925083315962517e-01 4.349088398075358353e-02 -1.106851483406511363e-02
-9.991126168768332816e-01 4.058514451201968715e-02 -1.126168559185534816e-02
-9.992262066761459227e-01 3.763091118084573028e-02 -1.144129109824546138e-02
-9.993327362856201379e-01 3.463173275039246185e-02 -1.160715329681908693e-02
-9.994316984117860292e-01 3.159120550168098562e-02 -1.175911066542071649e-02
-9.995226222098855251e-01 2.851296876239810957e-02 -1.189701842517881976e-02
-9.996050754028805718e-01 2.540070034768761309e-02 -1.202074872654217315e-02
-9.996786662114340860e-01 2.225811192121874768e-02 -1.213019081152191293e-02
-9.997430450860375073e-01 1.908894428538411223e-02 -1.222525115140406758e-02
-9.997979062334561018e-01 1.589696260999107214e-02 -1.230585355927664611e-02
-9.998429889307024476e-01 1.268595160926891743e-02 -1.237193927680107358e-02
-9.998780786208271154e-01 9.459710677412866767e-03 -1.242346703474904446e-02
-9.999030077859285548e-01 6.222048993222149479e-03 -1.246041308692209283e-02
-9.999176565939220662e-01 2.976780604658797041e-03 -1.248277121717130192e-02
-9.999219533167637008e-01 -2.722804956459563136e-04 -1.249055271933785516e-02
-9.999158745189948849e-01 -3.521325292781941549e-03 -1.248378635004058525e-02
-9.998994450166442949e-01 -6.766554658635030341e-03 -1.246251825434330045e-02
-9.998727376076934625e-01 -1.000418423645174984e-02 -1.242681186444162013e-02
-9.998358725764722177e-01 -1.323044928978830276e-02 -1.237674777161525130e-02
-9.997890169754867218e-01 -1.644160950490038825e-02 -1.231242357179622611e-02
-9.997323836893017290e-01 -1.963395373586200587e-02 -1.223395368520559072e-02
-9.996662302861776261e-01 -2.280380468200072369e-02 -1.214146915060958405e-02
-9.995908576642080767e-01 -2.594752348760058849e-02 -1.203511739484052802e-02
-9.995066084997005218e-01 -2.906151425424816429e-02 -1.191506197831674468e-02
-9.994138655064903620e-01 -3.214222845667744077e-02 -1.178148231737902868e-02
-9.993130495157666049e-01 -3.518616925350086938e-02 -1.163457338433791267e-02
-9.992046173868184278e-01 -3.818989568479089214e-02 -1.147454538619553828e-02
-9.990890597598721667e-01 -4.115002674909314789e-02 -1.130162342306789518e-02
-9.989668986628829073e-01 -4.406324535310319340e-02 -1.111604712738713252e-02
-9.988386849847632476e-01 -4.692630212791605582e-02 -1.091807028500912068e-02
-9.987049958280795892e-01 -4.973601910645628066e-02 -1.070796043938841008e-02
-9.985664317547110480e-01 -5.248929325740797625e-02 -1.048599848001082260e-02
-9.984236139383592112e-01 -5.518309987168349556e-02 -1.025247821629327212e-02
-9.982771812381049381e-01 -5.781449579818867535e-02 -1.000770593817094066e-02
-9.981277872074424407e-01 -6.038062252635588434e-02 -9.751999964593830936e-03
-9.979760970533729791e-01 -6.287870911361662096e-02 -9.485690181148184741e-03
-9.978227845602177792e-01 -6.530607495666745921e-02 -9.209117568003601789e-03
-9.976685289928107769e-01 -6.766013240604065726e-02 -8.922633719364251453e-03
-9.975140119936573013e-01 -6.993838922411861614e-02 -8.626600355572857509e-03
-9.973599144885026968e-01 -7.213845088732413757e-02 -8.321388828979613128e-03
-9.972069136145410573e-01 -7.425802273377256346e-02 -8.007379624645422425e-03
-9.970556796852190207e-01 -7.629491195818219329e-02 -7.684961856900538076e-03
-9.969068732052478454e-01 -7.824702945630361561e-02 -7.354532762726355595e-03
-9.967611419490433056e-01 -8.011239152154310539e-02 -7.016497192870610987e-03
-9.966191181153594147e-01 -8.188912139681817082e-02 -6.671267101545152317e-03
-9.964814155703832776e-01 -8.357545068499266927e-02 -6.319261035491646576e-03
-9.963486271910096947e-01 -8.516972062149429090e-02 -5.960903623134698390e-03
-9.962213223194257283e-01 -8.667038321291671565e-02 -5.596625064474732014e-03
-9.961000443395097159e-01 -8.807600224555439672e-02 -5.226860622305292206e-03
-9.959853083848858590e-01 -8.938525416790828182e-02 -4.852050115271963095e-03
-9.958775991877877320e-01 -9.059692885123886430e-02 -4.472637413223515095e-03
-9.957773690771652975e-01 -9.170993023222884233e-02 -4.089069935240930570e-03
-9.956850361337314936e-01 -9.272327684175510343e-02 -3.701798150667230496e-03
-9.956009825088868448e-01 -9.363610222365957581e-02 -3.311275083401149510e-03
-9.955255529136869397e-01 -9.444765524725576289e-02 -2.917955819661287482e-03
-9.954590532832321426e-01 -9.515730031711379378e-02 -2.522297019374866028e-03
-9.954017496210645355e-01 -9.576451748343732528e-02 -2.124756431297170067e-03
-9.953538670273562872e-01 -9.626890245608293872e-02 -1.725792411924533844e-03
-9.953155889138703971e-01 -9.667016652498244822e-02 -1.325863448225702255e-03
-9.952870564078688531e-01 -9.696813638941419178e-02 -9.254276841838830932e-04
-9.952683679463403266e-01 -9.716275389823655906e-02 -5.249424511150054071e-04
-9.952595790611206139e-01 -9.725407570284939907e-02 -1.248638017068180251e-04
-9.952607023546855558e-01 -9.724227282429258323e-02 2.743539522914019511e-04
-9.952717076656106832e-01 -9.712763013552956626e-02 6.722586988075565390e-04
-9.952925224219176803e-01 -9.691054575960315887e-02 1.068400980695617111e-03
-9.953230321797633673e-01 -9.659153038399491409e-02 1.462334447573226340e-03
-9.953630813441800562e-01 -9.617120649117355535e-02 1.853616304317458590e-03
-9.954124740678409466e-01 -9.565030750498663970e-02 2.241807756273449855e-03
-9.954709753231103520e-01 -9.502967685223627503e-02 2.626474451210484944e-03
-9.955383121419408843e-01 -9.431026693849016429e-02 3.007186918034893131e-03
-9.956141750175064864e-01 -9.349313803691561287e-02 3.383521002239142910e-03
-9.956982194608082759e-01 -9.257945708869111390e-02 3.755058298032217315e-03
-9.957900677048628912e-01 -9.157049641335059109e-02 4.121386577058140308e-03
-9.958893105484860619e-01 -9.046763232725249515e-02 4.482100213567929113e-03
-9.959955093311115837e-01 -8.927234366824139677e-02 4.836800605865721782e-03
-9.961081980295500848e-01 -8.798621022448725737e-02 5.185096593802993037e-03
-9.962268854670838225e-01 -8.661091106544695217e-02 5.526604872046157572e-03
-9.963510576248264528e-01 -8.514822277289688102e-02 5.860950398793054322e-03
-9.964801800448431779e-01 -8.360001757003411582e-02 6.187766799563459638e-03
-9.966137003141349870e-01 -8.196826134673776409e-02 6.506696765638468605e-03
-9.967510506182413188e-01 -8.025501157922164397e-02 6.817392446673938532e-03
-9.968916503529082762e-01 -7.846241514249302496e-02 7.119515836964851463e-03
-9.970349087820112866e-01 -7.659270601425992309e-02 7.412739154790991443e-03
-9.971802277297089345e-01 -7.464820286919875147e-02 7.696745214230371786e-03
-9.973270042946443814e-01 -7.263130656280394892e-02 7.971227788785945415e-03
-9.974746335739007597e-01 -7.054449750438826494e-02 8.235891966133834785e-03
-9.976225113843621983e-01 -6.839033291918497626e-02 8.490454493268137851e-03
-9.977700369691309135e-01 -6.617144399991685411e-02 8.734644111288795629e-03
-9.979166156767061979e-01 -6.389053294863922261e-02 8.968201879055431175e-03
-9.980616616007430553e-01 -6.155036991013054792e-02 9.190881484911943636e-03
-9.982046001683793079e-01 -5.915378979859065023e-02 9.402449545674229983e-03
-9.983448706653458293e-01 -5.670368901990865268e-02 9.602685892067006762e-03
-9.984819286863608756e-01 -5.420302209227625262e-02 9.791383839795572350e-03
-9.986152484996516643e-01 -5.165479816844104066e-02 9.968350445444536245e-03
-9.987443253148465816e-01 -4.906207746341570419e-02 1.013340674640829733e-02
-9.988686774439333727e-01 -4.642796759197596879e-02 1.028638798407718012e-02
-9.989878483454897040e-01 -4.375561982078877282e-02 1.042714380952882575e-02
-9.991014085429495983e-01 -4.104822524050737859e-02 1.055553847100637772e-02
-9.992089574082806402e-01 -3.830901086364676966e-02 1.067145098250314034e-02
-9.993101248031003303e-01 -3.554123565450657135e-02 1.077477527281742002e-02
-9.994045725699598481e-01 -3.274818649783504260e-02 1.086542031449090097e-02
-9.994919958672625615e-01 -2.993317411332235140e-02 1.094331023209879107e-02
-9.995721243420570001e-01 -2.709952892337058605e-02 1.100838438941965230e-02
-9.996447231357528107e-01 -2.425059688190782381e-02 1.106059745507689471e-02
-9.997095937186374348e-01 -2.138973527229154001e-02 1.109991944631174947e-02
-9.997665745499311196e-01 -1.852030848257931947e-02 1.112633575061866033e-02
-9.998155415609856211e-01 -1.564568376663037774e-02 1.113984712504787096e-02
-9.998564084601211377e-01 -1.276922699963782548e-02 1.114046967305576050e-02
-9.998891268584845227e-01 -9.894298436777738265e-03 1.112823479886080290e-02
-9.999136862172064433e-01 -7.024248483695930828e-03 1.110318913934098435e-02
-9.999301136170243298e-01 -4.162413487536938128e-03 1.106539447358661707e-02
-9.999384733524183666e-01 -1.312111557152002839e-03 1.101492761030004562e-02
-9.999388663531725285e-01 1.523361578995074961e-03 1.095188025331000035e-02
-9.999314294371201006e-01 4.340736668872479526e-03 1.087635884554285018e-02
-9.999163343986525732e-01 7.136774978737928619e-03 1.078848439186498587e-02
-9.998937869383650590e-01 9.908272272931312186e-03 1.068839226127950813e-02
-9.998640254399672189e-01 1.265206272402632191e-02 1.057623196902575911e-02
-9.998273196013085506e-01 1.536502274610617065e-02 1.045216693919149772e-02
-9.997839689270462404e-01 1.804407474430552022e-02 1.031637424850424985e-02
-9.997343010911122763e-01 2.068619077416997132e-02 1.016904435202011479e-02
-9.996786701777219397e-01 2.328839610482173056e-02 1.001038079147479817e-02
-9.996174548101950386e-01 2.584777268038129100e-02 9.840599887102518400e-03
-9.995510561773387481e-01 2.836146247457553560e-02 9.659930413763475471e-03
-9.994798959675611494e-01 3.082667073395823146e-02 9.468613262249700110e-03
-9.994044142212478166e-01 3.324066910567466393e-02 9.266901086662065676e-03
-9.993250671122382300e-01 3.560079864621369661e-02 9.055057938768125772e-03
-9.992423246694834837e-01 3.790447270810304997e-02 8.833358890261244420e-03
-9.991566684501518303e-01 4.014917970201275360e-02 8.602089643846242209e-03
-9.990685891755753945e-01 4.233248573223308969e-02 8.361546134075671655e-03
-9.989785843414968891e-01 4.445203710398265562e-02 8.112034118854100778e-03
