-1.675400568219208708e+01
-1.756271381910200802e+01
-2.290643996610521427e+01
-2.384159666942456468e+01
-1.565469801959152640e+00
-1.061103275136281177e+01
-3.273963696511575372e-01
-7.227373619683159944e+00
-1.057043459875940705e+01
-2.481376125297054003e+01
-1.136550670651359063e+01
-2.222424744273956065e+01
-4.942836437197653865e+00
1.809694338858759011e+01
3.555929337947909108e+00
-2.842251940557377310e+01
-2.906805421001636347e+01
-9.697582837452079829e+00
-6.433701542236348381e+00
4.064959087260969994e+00
-2.588744467700171725e+01
-1.222884066837592876e+01
5.389584899439549659e+00
-1.115581499184953529e+00
-1.686809812449251567e+01
-7.318944638624476973e+00
-1.914378194404032030e+01
-2.596039143457337772e+01
-2.262317749105462639e+01
-1.973317693572445464e+01
-2.925744493045552375e+01
3.938288134115396577e+00
-2.694679408456385517e+01
-2.318043935050339144e+01
-2.578056187496555651e+01
1.285140930843047791e+01
2.584933358022546424e-01
-2.237815264736571663e+01
-2.618748657267034652e+00
1.535253635288294172e+00
-1.230452557329862451e+01
-2.008317730609084606e+01
-2.565009468539637183e+01
1.985199454496910221e+01
6.770075917047046588e+00
7.477826507040074233e+00
1.898564273478773856e+01
-2.158753958203807599e+01
2.069077823867173649e+01
1.754422935863874500e+01
2.298314799270765096e+00
-1.316184541979039935e+01
-2.813069003946782942e+00
4.579284822792134335e+00
-1.262158150322651107e+00
1.156314375561816554e+01
-6.252709667443713926e+00
-2.164647475769012175e+01
-1.971786760263306704e+01
2.832511804264907784e-01
3.436277651588139914e-01
-1.907107358999252611e+01
-2.136144980756092338e+01
-8.533419529080608079e-01
1.727275979524845440e+01
-1.044636460786863630e+01
1.286569649615910116e+01
-2.393820428364990249e+01
1.525521661101579163e+01
-2.408160067586372932e+01
-1.282897961904786222e+01
2.149058188350917931e+01
-2.351477629098105737e+01
2.429420223546309288e+01
-1.771021858136059723e+00
-2.605055563480729575e+01
-7.436737503397765181e+00
-4.637471117772020257e+00
2.444237302499078979e+01
2.535735320088401856e+00
1.090214055000471127e+01
1.040321585150555705e+01
1.946531414199975440e+00
2.597418199444101017e+00
-1.321072166503963530e+01
-3.952811459482931777e+00
5.808352742225573628e+00
-1.470785280497057101e+01
-1.060137617719665037e+01
7.466056544981954701e+00
1.927030739009547844e+01
-8.325662149169909654e+00
4.277681087712781327e+00
8.832369736289322759e+00
6.581478397025616545e+00
-1.022212693771477454e+01
-9.622239430302030883e+00
-2.019232719279522570e+01
-1.915877597007115440e+01
2.425094141434499306e+01
5.607469629523253118e+00
-1.821689281935459803e+01
-1.934837244764803232e-01
-7.016515532824713297e+00
1.007484418816504679e+01
3.074228096294027157e+00
9.431854716716021159e+00
-2.471302567162789998e+01
-2.238235897219297943e+00
-1.666517120550344444e+01
2.027833944252992904e+00
2.346837053800689432e+01
2.302128552670207284e+01
-2.423863811310881999e+01
1.523847281893711525e+01
-2.656299774513658463e+01
2.133146080507196274e+01
-2.248255741074862968e+01
-1.316607361244060215e+01
1.303409833932008688e+01
-1.024992586172741582e+00
-8.311948495010120785e-01
2.019632587147414782e+01
-1.107484930970167980e+01
-2.032262328775949101e+01
1.171606403549470699e+01
-2.322731306386265970e+01
1.074877486608273713e+01
-2.226998730967504159e+01
-2.227419141676079306e+01
-1.124517809503053556e+01
1.774112309096901541e+01
-1.341874464087461583e+01
-1.977565504350239678e+01
-1.837760897320851683e+01
1.847460378806379211e+01
9.351339421962386211e+00
1.711016593458323243e+01
-3.589069537974182156e-01
-9.760155450722608705e+00
1.259478847380966160e+00
2.468132648714220778e+01
9.323151062700201219e-01
2.400068561623931629e+01
-1.178711049578701875e+01
2.462008069207798044e+01
2.285174732813931087e+01
-1.736899707299579987e+01
-1.773710683300586899e+00
1.027374005708151827e+01
-1.807323085393366924e+01
2.126072596240495827e+01
-9.122259838402358767e+00
-1.190338748740006203e+01
-9.285899723348176593e+00
-2.398301180397223575e+01
-6.732369438677576756e-02
-1.383934528999047764e+01
-1.884114121064050451e+01
-6.193944797329779206e+00
3.071120239651757178e+00
1.054473063658912935e+01
-1.379077511667388567e+00
-1.820358970915637897e+01
1.036342323633430951e+01
2.738175967392790611e+01
1.117355368323030174e+00
-1.157974048320833660e+01
-1.951358220180577163e+01
-1.737177206054080614e+01
2.216427426695383218e+01
-1.567945282316327038e+01
-1.812195687966707780e+01
-2.257540234622726238e+00
4.659114024084678007e+00
1.120564625492534105e+01
-2.360582848451013405e+01
1.521086791057403431e+01
-1.559350350518801243e+01
8.342562156336679635e+00
-2.082874552060856743e+01
-1.594382229670195450e+01
2.000282015329996810e+01
1.277772749608242009e+01
3.278923512290596864e+00
1.047471524378413932e+01
2.230732226345789826e+01
-9.357594996494038142e+00
9.063354024720283064e+00
1.054339849471835677e+01
8.476921294705318743e+00
1.377257697026414718e+01
2.086698324234059498e+01
1.585870292674049331e+01
8.841262553394303225e+00
-2.450670181407506831e+01
-5.983080265029209421e+00
1.469225011528924796e+01
1.733122482369132555e+01
6.276916661989657698e+00
-1.990517536042604974e+01
2.028996123975669974e+01
2.224845383908068897e+01
-1.730677228277254454e+00
-6.575944598410895736e+00
2.551489087357449392e+01
-2.096902301250245060e+01
2.044411868367837837e+00
3.302327813866768214e+00
2.499289673895746589e+01
2.433262233708214950e+01
2.098412493431479575e+01
2.481715348253473508e+01
-1.068479366350228865e+01
2.221940100531424278e+01
-1.757563606316777882e+00
2.545683944516451902e+01
-3.685876826748949231e+00
1.408587658088890393e+01
5.364464181372594176e+00
9.576822390269487117e-01
-8.915656384929265599e+00
6.649048029640051816e+00
-5.879304842633610306e+00
-8.498729480731995523e+00
1.678900543651905863e+01
2.329099965578012643e+01
1.586070977062002818e+01
2.282042856923989405e+01
2.531344418656597739e+01
-7.133125096559069789e+00
8.078135819346080382e+00
-1.335761691916108340e+01
2.383713879568989569e+01
-1.668104127334071407e+01
-9.271228581234003840e+00
1.218417438098832406e+01
-3.840334260464619121e+00
1.028186523612230552e+01
-1.151547915401636324e+01
-2.332119206767871944e+01
6.227179630759053452e+00
1.507386930767562028e+01
2.036333906257016046e+00
1.873202265238789010e+01
1.909848833226197939e+01
9.645285452136610260e+00
2.360743722673600686e+01
2.146915759415603731e+01
1.911894685561566831e+01
1.423626821711676982e+01
7.419002147618223297e+00
-1.347690773088486615e+00
8.671023716805326131e+00
2.228717733027336223e+01
6.312539438734630082e+00
6.819357593787105820e+00
1.029705602273276277e+01
2.629890199237237169e+01
6.641628739272745996e+00
1.675208290560119551e+01
2.359896076754398209e+01
2.133744620996826669e+01
2.261477462755715351e+01
1.775794734169490496e+01
1.244754149135686916e+01
2.430412272138660157e+01
-2.161764009584504542e+00
1.150517015293796419e+01
1.851722016479883592e+01
1.674521246440589195e+01
2.683386766143308932e+01
2.545092077992819668e+01
9.138412033593549921e+00
2.425521705350341861e+01
-1.219541349531233365e+01
2.029503481835431344e+01
2.406106424636286434e+01
1.656698456824080878e+01
2.397313703703153820e+01
2.161485989658157436e+01
-7.539691685701479962e+00
2.238766909465291022e+01
2.530954616429335147e+01
1.538368393015848312e+01
2.367899170569980782e+01
1.193387652421146505e+01
1.455159343608903733e+01
5.531552884297080475e+00
2.464008139221617100e+01
1.795235125526592412e+01
9.474156722210862469e+00
1.574799857709307460e+01
2.521622142562885927e+01
2.324351396992157603e+01
2.512808166107350161e+01
2.412396611077235775e+01
2.911356307510634345e+00
2.573332041239785895e+01
5.243008970747021991e+00
1.571261309346063939e+01
2.369392605208177116e+01
1.473643879877720764e+01
2.487925439654698323e+01
2.813838739574359948e+01
1.499204227904547437e+01
2.796732960655166877e+01
1.184561069331571659e+01
1.430991210898246813e+01
2.327726917533078677e+01
1.647677313371456265e+01
2.771318293187993476e+01
2.085615780963373567e+01
2.505114474277164049e+01
1.088620492541620344e+01
2.276991949559565143e+01
2.474238216659324507e+01
1.269031692303055436e+01
8.299054120611705443e+00
2.527311621934607189e+01
1.193032708663733743e+01
1.747837272251154772e+01
2.542320835062835727e+01
2.096013490775256827e+01
2.281686439938557243e+01
1.660134540780617129e+01
2.603640670444951866e+01
2.686228901093868870e+01
1.819341488244965888e+00
2.016280808074089492e+01
2.793434724076328735e+01
5.060740715296613068e+00
2.745561812212683606e+01
1.374250221489388579e+01
1.253169888705781787e+01
2.650346042798899049e+01
2.351752917373203999e+01
1.260014948291400927e+01
3.443875529320516105e+00
2.017435066753952100e+01
2.497483954528176398e+01
3.214375939307764218e-01
7.263157165892303091e+00
2.413182594667042835e+01
9.960476853384818696e+00
2.828593704489781757e+01
2.761424349004329315e+01
2.589087987133941127e+01
2.765833374169265824e+01
1.414948030026016212e+01
1.223941607525135922e+01
1.851498328452863262e+01
2.665235894950599516e+01
1.340621473463820301e+01
2.969230238242310094e+01
2.696400481566944407e+01
1.586665027997872102e+01
6.759866882136465804e+00
2.555931054902621824e+01
2.840352900110392298e+01
1.215470890690580852e+01
2.612163554990334902e+01
2.605176824019718040e+01
3.656564310390726380e+00
2.546648099973066692e+01
2.259464537063096046e+01
2.522246956472047330e+01
2.462501672745489500e+01
1.753151136975427704e+01
2.768612974045289121e+01
2.623454724554607864e+01
2.382488594988985398e+01
2.219811412729769273e+01
8.152359592586799764e+00
2.481123350813912509e+01
2.144944096261997757e+01
2.831215850604220918e+01
1.784823736853638820e+01
2.596265171893740131e+01
1.639422505874213343e+01
1.671572674124232449e+01
2.845309475286774514e+01
6.426042396723172345e+00
2.996695630030552238e+01
1.633011752203884370e+01
3.307202584283393421e+00
4.936793864865428816e+00
2.649297842091171518e+01
2.877264690073504028e+01
2.904908392518459692e+01
1.659946820343571616e+01
2.724335976505945567e+01
2.112623994381992176e+01
1.845159545973530157e+01
1.167046663651334804e+01
2.498379102945181174e+01
1.604721218531710747e+01
3.095217247427508767e+01
2.413362540129249112e+01
2.023389070178962257e+01
2.724333125325621552e+01
1.518069789527391578e+01
9.157448129501831957e+00
2.909800205870091361e+01
2.678348923735974552e+01
2.713978207138186249e+01
2.695071246585573377e+01
2.421580231903017832e+01
2.840469922134222713e+01
1.945704388398554485e+01
3.029560525159037354e+01
2.651023684848269824e+01
2.763733564695917977e+01
2.787132090209194502e+01
2.561166381445754681e+01
2.974385459373219831e+01
2.860544641382426434e+01
2.418985640596633147e+01
2.974292379957304888e+01
2.929906562777205892e+01
2.810748047444768005e+01
2.812276141405278906e+01
3.125328292831440535e+01
1.759852574630097521e+01
3.021133390401586283e+01
2.644395610942325803e+01
9.229502785327253989e+00
3.032663835432855137e+01
2.971301920753353443e+01
1.627308507738648657e+01
2.730452557758433940e+01
2.998915218383618253e+01
3.004982318265634689e+01
2.920483841085293264e+01
2.445928199542518655e+01
2.867492752649044263e+01
2.776895901617599094e+01
2.820175311877044422e+01
2.825843561270172799e+01
1.466453096156964264e+01
2.885094399091091688e+01
2.966553936619155962e+01
2.518397995343771356e+01
2.846733417726539273e+01
8.585426190145748038e+00
2.893584070604368463e+01
2.804576750349506753e+01
2.853586145868314716e+01
2.591201047109440125e+01
2.992576149505890726e+01
1.992962141420251143e+01
2.851726504892596736e+01
2.816093971614049707e+01
2.810401970898283963e+01
2.983797804787340979e+01
3.021133390401586283e+01
3.133595951279742309e+01
2.996315500793167175e+01
2.815186026901399430e+01
2.724649515713385739e+01
2.477780015450345275e+01
3.045775506497118101e+01
3.064908143911742755e+01
2.843327926115004800e+01
3.125328292831440535e+01
1.408691054368897611e+01
3.055068754109632678e+01
2.738616173241844010e+01
2.848059107467619100e+01
3.133595951279742309e+01
2.521389580011429743e+01
2.923561217775537457e+01
2.857643974944275200e+01
2.916792219256420893e+01
2.661763332767990420e+01
2.842418423784210546e+01
2.952107075247684165e+01
2.916136784538447202e+01
2.741192213255526866e+01
3.001748578631275421e+01
2.950953907797115860e+01
2.789043105504198294e+01
3.007460403515766956e+01
3.116800143464056205e+01
2.944710727337627532e+01
2.937398950392033470e+01
1.486760282286773283e+01
1.951327338837302960e+01
3.133595951279742309e+01
1.734641127415244100e+01
3.090971779507077244e+01
2.863370783171025380e+01
2.122240917203383503e+01
3.126487717123231747e+01
2.868947949098719619e+01
2.768855357304097708e+01
2.799931763878250734e+01
3.133595951279742309e+01
3.133595951279742309e+01
3.133595951279742309e+01
3.038816072561860437e+01
3.133595951279742309e+01
3.009100469816394607e+01
3.133595951279742309e+01
3.133595951279742309e+01
2.976629197418366246e+01
2.923449258608073720e+01
2.863168759324029011e+01
3.044900097685924578e+01
3.032032922550789422e+01
1.992897936782501489e+01
2.886315222991638407e+01
2.938530942744068142e+01
3.133595951279742309e+01
2.867941176071346732e+01
2.958813902420564546e+01
3.044563438103113029e+01
2.879627614832582339e+01
3.133595951279742309e+01
3.035512771994611469e+01
3.045775506497118101e+01
3.027140530615655578e+01
3.044900097685924578e+01
2.948871450598936406e+01
2.690119681246216743e+01
2.993962399661802820e+01
3.042554407018968021e+01
2.065513228403844437e+01
2.650589923681194904e+01
2.955758715142981785e+01
1.833223913163840990e+01
3.133595951279742309e+01
1.911614507369812799e+01
3.133595951279742309e+01
2.938586672067971506e+01
2.198188556335705002e+01
2.943389047498128619e+01
2.948633146623735968e+01
3.133595951279742309e+01
3.050832692598963192e+01
3.040507422057537568e+01
3.077458414220669169e+01
3.049589173122812014e+01
3.133595951279742309e+01
2.888876241402160261e+01
2.724554344413589035e+01
2.871067557596624553e+01
3.048210271800946813e+01
2.994233317452327015e+01
3.085955996977909521e+01
2.883383790757252996e+01
3.125328292831440535e+01
3.133595951279742309e+01
3.033185290063257256e+01
2.941744183679878333e+01
2.911748933094941094e+01
2.729636892154375971e+01
3.095217247427508767e+01
2.884787873015282145e+01
3.026850516329670882e+01
2.985094026919675159e+01
2.898414403589353938e+01
2.997009356220851117e+01
3.042554407018968021e+01
3.035512771994611469e+01
1.709418960098589935e+01
3.133595951279742309e+01
3.026033833101153547e+01
3.133595951279742309e+01
3.051620779192747790e+01
3.016369698905110042e+01
3.055068754109632678e+01
3.133595951279742309e+01
3.053883137805113535e+01
3.049718366536674097e+01
3.133595951279742309e+01
2.853795112574303516e+01
2.941267668006818070e+01
2.736650112960971981e+01
3.016048815123678395e+01
3.021438224283961205e+01
2.942843740930250362e+01
2.840579482542756296e+01
2.069177875602737160e+01
3.026033833101153547e+01
2.972013384290533011e+01
3.049500832218540225e+01
3.100193135590641447e+01
2.809441685562785196e+01
3.032032922550789422e+01
3.030677731030849387e+01
3.133595951279742309e+01
3.133595951279742309e+01
3.133595951279742309e+01
2.969975613679059379e+01
2.868704552006505537e+01
3.051620779192747790e+01
2.994974863612244675e+01
3.038816072561860437e+01
3.133595951279742309e+01
3.133595951279742309e+01
2.932972364132663401e+01
3.133595951279742309e+01
2.848759797342892952e+01
3.045775506497118101e+01
2.852853520079905891e+01
2.868614484407810039e+01
2.889746450186772364e+01
2.922020389318457489e+01
3.050832692598963192e+01
3.011542467215142338e+01
3.133595951279742309e+01
3.049257532175245444e+01
3.133595951279742309e+01
2.953143454965126224e+01
2.513643161289985173e+01
3.064908143911742755e+01
2.710427373236154480e+01
3.055068754109632678e+01
3.133595951279742309e+01
2.982519402945592901e+01
2.715641067246103901e+01
2.951838343980875123e+01
2.995221119852497438e+01
2.812042291486359602e+01
3.085955996977909521e+01
3.009529481371907877e+01
2.925923074146224323e+01
2.923033809428389773e+01
3.133595951279742309e+01
2.955736086298302112e+01
3.048210271800946813e+01
3.133595951279742309e+01
2.807335994277325852e+01
2.917535183669657073e+01
3.133595951279742309e+01
2.976451366427006207e+01
3.036643728398900421e+01
2.918503234123117807e+01
2.554203449478152521e+01
3.133595951279742309e+01
2.818221489062548812e+01
2.769636427476622842e+01
3.126487717123231747e+01
2.807770399692714847e+01
2.865552576533199058e+01
2.960306267004418501e+01
3.133595951279742309e+01
2.924035886122153016e+01
3.012295766028743316e+01
3.133595951279742309e+01
1.872579953796000041e+01
3.133595951279742309e+01
1.355954648486298986e+01
2.837030375591772113e+01
2.969705791444557974e+01
1.750669888575637856e+01
2.790138286996642236e+01
2.996998533640303464e+01
1.832973985969301367e+01
2.939475009552893070e+01
2.156927000252628090e+01
2.937798657545385339e+01
3.006595068625968636e+01
3.133595951279742309e+01
2.969156347767059856e+01
3.009386225012991289e+01
2.837459008461150844e+01
2.927381882008850766e+01
3.032032922550789422e+01
3.068831434700957317e+01
2.932197660422292529e+01
2.912064477029399612e+01
3.027165881628701527e+01
3.032032922550789422e+01
3.035271157061329461e+01
2.064780706960742762e+01
3.133595951279742309e+01
2.891166268801415740e+01
3.095453748033960650e+01
2.886219100718664521e+01
2.967817646702176759e+01
3.016138432304386896e+01
2.984948610042422246e+01
3.133595951279742309e+01
3.026045645777530169e+01
2.958812379985372232e+01
3.025635907083849574e+01
2.824580238197482629e+01
1.770346567571499108e+01
3.026033833101153547e+01
3.044900097685924578e+01
3.133595951279742309e+01
3.133595951279742309e+01
3.044138142187366114e+01
2.936368381931060867e+01
3.020713123727962923e+01
3.022906747840642083e+01
2.911748933094941094e+01
2.913209432451841963e+01
3.133595951279742309e+01
2.897971809779769714e+01
3.035271157061329461e+01
2.961503471199754500e+01
2.797711645097428956e+01
2.899844108050704250e+01
3.020171640487930986e+01
3.043294315459677080e+01
3.133595951279742309e+01
3.034769486856348664e+01
3.133595951279742309e+01
2.957555764887491634e+01
2.855905473695719010e+01
3.034769486856348664e+01
2.813778014435906627e+01
2.976451366427006207e+01
3.035512771994611469e+01
3.030677731030849387e+01
3.049894807239434158e+01
3.048210271800946813e+01
3.009100469816394607e+01
2.855765395818220043e+01
2.747169405527871433e+01
2.865706560979454309e+01
3.009386225012991289e+01
3.133595951279742309e+01
3.045775506497118101e+01
2.885444374830268544e+01
2.710022323179451220e+01
2.833103332624446580e+01
3.055068754109632678e+01
2.898030005991414981e+01
2.890002625509979950e+01
3.040507422057537568e+01
2.631725876842296685e+01
2.932714397785733240e+01
2.706378576569175820e+01
3.116800143464056205e+01
3.125328292831440535e+01
3.030677731030849387e+01
2.936923218360223231e+01
3.125328292831440535e+01
2.900964012517051671e+01
3.133595951279742309e+01
2.885000675362320521e+01
3.133595951279742309e+01
2.589396869010674607e+01
1.834637232644670846e+01
2.963855200675989465e+01
2.891230532367885786e+01
3.004561913438029208e+01
2.057671446586783404e+01
2.948979706277360435e+01
3.051329048274237721e+01
2.950607131723406695e+01
2.924035886122153016e+01
3.034769486856348664e+01
1.834006378243590873e+01
2.742520909572798260e+01
2.977569945888758696e+01
3.050747640504356539e+01
2.863497703997706267e+01
2.017598538409916031e+01
2.762908743221746377e+01
2.802666767646102386e+01
2.946432703607624504e+01
2.931600108165518748e+01
3.038904316432860497e+01
3.064908143911742755e+01
2.929638205116322425e+01
2.952671629720654067e+01
1.869538296656639886e+01
3.133595951279742309e+01
1.809789194032823900e+01
2.987240913058197833e+01
2.899572201191842780e+01
2.817850186309685512e+01
1.969929494297775818e+01
3.049894807239434158e+01
3.049894807239434158e+01
2.931580633611897113e+01
2.940179110881820179e+01
2.639572241483021742e+01
3.133595951279742309e+01
2.905880765172317126e+01
2.887134119647921793e+01
2.765015670714494433e+01
2.899124377778738904e+01
1.872579953796000041e+01
2.892188584519380967e+01
3.133595951279742309e+01
3.064908143911742755e+01
3.014604590562694142e+01
3.090971779507077244e+01
3.116800143464056205e+01
2.929549547065395032e+01
3.044900097685924578e+01
2.954063057488068367e+01
2.158370354716504025e+01
2.494184142465818610e+01
3.038816072561860437e+01
2.996362067200872659e+01
2.903798163534570875e+01
2.676444011419244262e+01
2.689374949343721610e+01
2.876798464276095757e+01
2.928063112103689392e+01
3.030677731030849387e+01
3.032032922550789422e+01
2.731374714463089504e+01
2.812711834529266852e+01
2.927494712428711310e+01
3.133595951279742309e+01
3.048210271800946813e+01
3.125328292831440535e+01
3.133595951279742309e+01
2.834728947106984975e+01
2.932957872174149472e+01
3.133595951279742309e+01
3.048021415414774893e+01
2.811346771976613823e+01
2.903424401458169868e+01
2.963994476370628917e+01
3.133595951279742309e+01
2.913160530877619792e+01
2.871397307623835360e+01
2.928176454847459098e+01
2.765895260608805728e+01
3.035512771994611469e+01
2.972787223977358195e+01
3.025562929791555788e+01
2.946481183923562241e+01
2.520633361072585998e+01
2.810428826617264164e+01
3.032032922550789422e+01
2.151840601925997376e+01
2.936753380718378992e+01
3.133595951279742309e+01
3.038816072561860437e+01
3.133595951279742309e+01
3.043294315459677080e+01
3.116800143464056205e+01
3.133595951279742309e+01
3.025635907083849574e+01
2.939754746464295110e+01
2.854735530372208885e+01
2.984859311731896270e+01
2.958649446956533069e+01
2.219811412729769273e+01
2.756145814751808487e+01
3.034769486856348664e+01
2.877550289169627717e+01
3.025635907083849574e+01
3.133595951279742309e+01
2.836838068639059784e+01
2.925037696586707270e+01
3.044900097685924578e+01
3.030677731030849387e+01
3.133595951279742309e+01
3.133595951279742309e+01
3.044563438103113029e+01
3.001324366896227858e+01
3.016048815123678395e+01
3.044563438103113029e+01
2.684586578576891824e+01
2.872894649493658648e+01
3.045775506497118101e+01
3.133595951279742309e+01
2.920199419457786050e+01
3.043294315459677080e+01
1.419749932496368672e+01
2.748491373940827742e+01
3.017018537439272308e+01
3.045443604458433029e+01
3.013774895873477178e+01
2.915708435325028702e+01
3.025562929791555788e+01
3.049718366536674097e+01
3.035512771994611469e+01
3.012257307284508556e+01
2.892511442271097977e+01
3.116800143464056205e+01
2.935631590697154891e+01
2.984441407280793257e+01
2.897488402724587431e+01
2.962171953634817356e+01
2.867688773728371388e+01
1.831694519102947538e+01
3.006838477641067087e+01
3.034769486856348664e+01
3.133595951279742309e+01
1.627658682366332954e+01
2.229986901873639837e+01
2.978555300108228820e+01
1.856666029342033042e+01
2.825067619110877359e+01
3.133595951279742309e+01
3.055068754109632678e+01
3.048210271800946813e+01
3.034769486856348664e+01
3.126487717123231747e+01
3.034109146914321187e+01
2.924202113640651390e+01
2.931264511245622373e+01
3.048210271800946813e+01
2.844327609438912319e+01
3.040507422057537568e+01
3.133595951279742309e+01
2.978172593422607051e+01
2.823152644515770149e+01
3.055068754109632678e+01
2.897805874694530104e+01
2.745124205665752015e+01
2.061474177624689830e+01
3.133595951279742309e+01
3.006433027398228930e+01
2.062673332284737882e+01
2.990290384253929545e+01
3.133595951279742309e+01
3.133595951279742309e+01
2.980188170249699908e+01
2.904908425371552383e+01
3.048838464988133978e+01
2.962050301702359789e+01
2.993888953933691610e+01
3.020171640487930986e+01
3.006492009659846332e+01
2.110353547815248021e+01
3.133595951279742309e+01
2.774959999722271320e+01
2.911956599684849678e+01
2.935958011575018034e+01
2.962751908837065784e+01
3.133595951279742309e+01
3.133595951279742309e+01
3.133595951279742309e+01
3.133595951279742309e+01
3.020171640487930986e+01
3.001072169037170667e+01
1.744373174773652124e+01
2.928304300305773467e+01
2.863087686363844497e+01
2.736684941861880560e+01
2.939674794854069972e+01
3.003683190523298663e+01
3.030637692703264463e+01
3.133595951279742309e+01
3.013164294474927729e+01
3.049257532175245444e+01
2.936063052500292869e+01
2.845414524986539107e+01
3.027733668342262874e+01
2.864736358465824750e+01
2.993888953933691610e+01
3.051329048274237721e+01
3.016455302889633572e+01
2.934875282668842544e+01
3.055068754109632678e+01
3.133595951279742309e+01
3.133595951279742309e+01
3.133595951279742309e+01
2.407318677734971857e+01
2.964998691512533924e+01
1.954202999052317935e+01
2.704770257157068158e+01
3.040507422057537568e+01
6.026363100099015213e+00
3.045775506497118101e+01
3.070867880035512698e+01
2.860268708578429298e+01
3.044563438103113029e+01
2.863427369390679189e+01
2.962436773768234133e+01
2.796677668073381540e+01
2.858274884512473690e+01
3.036846218859620095e+01
3.133595951279742309e+01
3.133595951279742309e+01
3.133595951279742309e+01
3.133595951279742309e+01
3.133595951279742309e+01
3.116800143464056205e+01
3.133595951279742309e+01
3.133595951279742309e+01
3.133595951279742309e+01
3.133595951279742309e+01
3.133595951279742309e+01
3.133595951279742309e+01
3.133595951279742309e+01
3.133595951279742309e+01
3.133595951279742309e+01
3.133595951279742309e+01
3.133595951279742309e+01
3.133595951279742309e+01
3.133595951279742309e+01
3.133595951279742309e+01
3.133595951279742309e+01
3.133595951279742309e+01
3.133595951279742309e+01
3.133595951279742309e+01
