1.000000000000000000e+00 0.000000000000000000e+00 0.000000000000000000e+00
9.999965049458524602e-01 1.418433458604418090e-03 -2.231380010000662013e-03
9.999823245627623702e-01 3.981083403462310280e-03 -4.416286217920539423e-03
9.999492345342846367e-01 7.661061659172854581e-03 -6.545216858629429243e-03
9.998857285979518839e-01 1.242655340968040756e-02 -8.609029503843545691e-03
9.997774431099992754e-01 1.824095548379970483e-02 -1.059897644377740672e-02
9.996076402409158623e-01 2.506302569953593185e-02 -1.250674107214002836e-02
9.993577391557798562e-01 3.284704974655497378e-02 -1.432447536665841167e-02
9.990078836487656933e-01 4.154303217487888278e-02 -1.604483830949215289e-02
9.985375339371964643e-01 5.109691769118222121e-02 -1.766103484754780531e-02
9.979260697202714248e-01 6.145084815870616168e-02 -1.916685476500169794e-02
9.971533912214169959e-01 7.254345949070049870e-02 -2.055671064191781638e-02
9.962005048132261953e-01 8.431022107910168817e-02 -2.182567391515220431e-02
9.950500800182381367e-01 9.668381858768526627e-02 -2.296950795040351989e-02
9.936869652253847995e-01 1.095945789562778327e-01 -2.398469698450142809e-02
9.920986503832388559e-01 1.229709344157904755e-01 -2.486846980903668902e-02
9.902756662296896550e-01 1.367399203151625220e-01 -2.561881714105352856e-02
9.882119112729761401e-01 1.508276997228067406e-01 -2.623450176097042591e-02
9.859048997070957165e-01 1.651601061914391155e-01 -2.671506068583292745e-02
9.833559256591831721e-01 1.796631948564481884e-01 -2.706079887784032870e-02
9.805701415424257217e-01 1.942637912437173708e-01 -2.727277425155272272e-02
9.775565507269806664e-01 2.088900268370030289e-01 -2.735277402411597295e-02
9.743279171380658799e-01 2.234718506130120852e-01 -2.730328273615482623e-02
9.709005966406245580e-01 2.379415063803549391e-01 -2.712744254170801686e-02
9.672942970776942095e-01 2.522339668150206382e-01 -2.682900660987806718e-02
9.635317755137654538e-01 2.662873165044031820e-01 -2.641228668695058332e-02
9.596384825341535141e-01 2.800430780101962891e-01 -2.588209602657086730e-02
9.556421643295528456e-01 2.934464768418639236e-01 -2.524368900134001462e-02
9.515724337393638432e-01 3.064466431964799065e-01 -2.450269875950616613e-02
9.474603214502617110e-01 3.189967502695345569e-01 -2.366507428618838671e-02
9.433378181817508867e-01 3.310540907855378800e-01 -2.273701817366049691e-02
9.392374179897998721e-01 3.425800950612662987e-01 -2.172492630595275129e-02
9.351916718475132839e-01 3.535402953397510650e-01 -2.063533052748581231e-02
9.312327594899809657e-01 3.639042422798376974e-01 -1.947484520277336512e-02
9.273920862128492981e-01 3.736453803335484936e-01 -1.825011839391072616e-02
9.236999099620208931e-01 3.827408892883958913e-01 -1.696778819382333686e-02
9.201850027098563700e-01 3.911714995063778066e-01 -1.563444456450490891e-02
9.168743488365226346e-01 3.989212883800257181e-01 -1.425659684798228320e-02
9.137928820676344266e-01 4.059774652817887408e-01 -1.284064694935004892e-02
9.109632614929882299e-01 4.123301518448383440e-01 -1.139286804027083572e-02
9.084056863260037140e-01 4.179721638219298097e-01 -9.919388500710080506e-03
9.061377483684528444e-01 4.228988000646542456e-01 -8.426180707886452709e-03
9.047350738415989024e-01 4.259465335745246106e-01 -4.900221267813167220e-03
9.040876728265174744e-01 4.273447332617955063e-01 -1.405522426152732655e-03
9.041953414866633620e-01 4.271142803588265924e-01 2.047982198258832803e-03
9.050470545815184620e-01 4.252765447599468063e-01 5.450658467913505403e-03
9.066214007276246489e-01 4.218534581506679371e-01 8.793067323172804386e-03
9.088870733482118380e-01 4.168677580201455291e-01 1.206586898722193830e-02
9.118034186535720620e-01 4.103433852924464054e-01 1.525973929659713707e-02
9.153210455907941911e-01 4.023060153796893523e-01 1.836530130444241279e-02
9.193825052945252541e-01 3.927836996241126921e-01 2.137307491880238025e-02
9.239230490194150214e-01 3.818075913095958507e-01 2.427344691994360801e-02
9.288714737315615366e-01 3.694127277109651719e-01 2.705666322855792769e-02
9.341510634110770095e-01 3.556388371099940549e-01 2.971284475171763820e-02
9.396806316506115531e-01 3.405311375082221703e-01 3.223202750110758935e-02
9.453756673678191946e-01 3.241410921349900387e-01 3.460422695142366389e-02
9.511495805025984573e-01 3.065270860513177320e-01 3.681952578933562342e-02
9.569150386502870420e-01 2.877549884685142167e-01 3.886818331102236818e-02
9.625853789925089554e-01 2.678985671001410940e-01 4.074076378866511167e-02
9.680760730231887656e-01 2.470397241598301652e-01 4.242828018664780709e-02
9.733062149023071763e-01 2.252685286279802190e-01 4.392234872155408726e-02
9.781999983305400548e-01 2.026830261357977503e-01 4.521534898955627269e-02
9.826881421637486680e-01 1.793888161038918738e-01 4.630058379659026530e-02
9.867092220817507142e-01 1.554983953111714057e-01 4.717243248324447941e-02
9.902108649059884193e-01 1.311302773885597017e-01 4.782649148901840785e-02
9.931507638989108822e-01 1.064079082314460523e-01 4.825969618288812601e-02
9.954974776623068955e-01 8.145840732088488467e-02 4.847041860833761068e-02
9.972309819589090241e-01 5.641117372964851717e-02 4.845853673292505048e-02
9.983429525718208186e-01 3.139640250664330057e-02 4.822547200850370308e-02
9.988367676553473462e-01 6.543561641996781947e-03 4.777419346627326951e-02
9.987272292349955727e-01 -1.802011844488415893e-02 4.710918809915167621e-02
9.980400148158488083e-01 -4.217109211920104517e-02 4.623639881973096860e-02
9.968108806813091860e-01 -6.579083564577502263e-02 4.516313272154016262e-02
9.950846477016984659e-01 -8.876703385804207702e-02 4.389794361994630439e-02
9.929140077549053478e-01 -1.109945844491943695e-01 4.245049383045958191e-02
9.903581938064328627e-01 -1.323763976802384834e-01 4.083140080493342927e-02
9.874815591337221532e-01 -1.528239796243096582e-01 3.905207456683525147e-02
9.843521111522848255e-01 -1.722577972841370098e-01 3.712455187031856590e-02
9.810400430414606410e-01 -1.906074333975406598e-01 3.506133268434820371e-02
9.776163022565920180e-01 -2.078115469734586052e-01 3.287522402245433156e-02
9.741512295296804735e-01 -2.238176622195466592e-01 3.057919536354013548e-02
9.707132956213275765e-01 -2.385818133355130377e-01 2.818624900790248078e-02
9.677683485034401789e-01 -2.507385351469248458e-01 2.355115781625798446e-02
9.652802247388266865e-01 -2.605325395587306803e-01 1.889255872359815736e-02
9.633211346928826080e-01 -2.679738204069717078e-01 1.422912520313958026e-02
9.619441627936847761e-01 -2.730782352117868683e-01 9.578661568374894492e-03
9.611832309736980662e-01 -2.758663802959517852e-01 4.958212891447990114e-03
9.610533265505819545e-01 -2.763628148064420365e-01 3.841946383830461068e-04
9.615509617873009285e-01 -2.745956380972048860e-01 -4.127468834258596689e-03
9.626548419291778291e-01 -2.705964105678755893e-01 -8.561207217057983931e-03
9.643267280793168528e-01 -2.644003953017863284e-01 -1.290167817035229800e-02
9.665124898694726907e-01 -2.560470864322768603e-01 -1.713366088850735991e-02
9.691433496828918415e-01 -2.455809798493572838e-01 -2.124197692885233454e-02
9.721373245138873465e-01 -2.330525325108352419e-01 -2.521144474216708425e-02
9.754008728956208296e-01 -2.185192482791628033e-01 -2.902687297819049952e-02
9.788307523681387678e-01 -2.020468210950054355e-01 -3.267309607228972845e-02
9.823160875850353024e-01 -1.837102608379831969e-01 -3.613505383138455873e-02
9.857406405138940952e-01 -1.635949239879389006e-01 -3.939791473260988858e-02
9.889852627042170496e-01 -1.417973708525174237e-01 -4.244724046174279397e-02
9.919304960148556116e-01 -1.184259743340552173e-01 -4.526918692195874838e-02
9.944592735495357827e-01 -9.360121252049592722e-02 -4.785073464794847159e-02
9.964596581395033237e-01 -6.745558911144913794e-02 -5.017993941194925922e-02
9.978275430016447789e-01 -4.013314178650272124e-02 -5.224619197765049267e-02
9.984692296915989029e-01 -1.178851860136583690e-02 -5.404047462390033918e-02
9.983037935395703277e-01 1.741437460769505036e-02 -5.555560138743273479e-02
9.972651474687694861e-01 4.730412843500880760e-02 -5.678642908931558902e-02
9.953037220433192944e-01 7.770393422204421863e-02 -5.773002717996054273e-02
9.923876927631460898e-01 1.084339650347421885e-01 -5.838579625148690444e-02
9.885037043503005494e-01 1.393139420167003595e-01 -5.875552762822015829e-02
9.836570647634805820e-01 1.701657827015378988e-01 -5.884339957949109162e-02
9.778714071455443246e-01 2.008162225647642796e-01 -5.865590916236744501e-02
9.711878437651776386e-01 2.310993030917564972e-01 -5.820174221589522606e-02
9.636636601219891185e-01 2.608586286874335913e-01 -5.749158730763037628e-02
9.553706178138013927e-01 2.899493099239878191e-01 -5.653790222053167724e-02
9.463929500134211636e-01 3.182395304274452941e-01 -5.535464366374819034e-02
9.368251425489505513e-01 3.456116972946364219e-01 -5.395697217202891777e-02
9.267695963529671843e-01 3.719631583370853201e-01 -5.236094458898852416e-02
9.163342637888984843e-01 3.972064918011082302e-01 -5.058320615534315362e-02
9.056303429418720574e-01 4.212693939470590343e-01 -4.864069315915874048e-02
8.947701016002761465e-01 4.440942058488116517e-01 -4.655035551352540435e-02
8.838648877572906626e-01 4.656371323505468229e-01 -4.432890669412060947e-02
8.730233674397149812e-01 4.858672131246392079e-01 -4.199260638193814954e-02
8.623500147988214515e-01 5.047651084589630521e-01 -3.955707908392046973e-02
8.519438647121078123e-01 5.223217613241926127e-01 -3.703717008370778496e-02
8.418975253935624403e-01 5.385369931884852468e-01 -3.444683840506600203e-02
8.322964381426247726e-01 5.534180847994972785e-01 -3.179908511091049383e-02
8.232183635543693923e-01 5.669783855718564247e-01 -2.910591423396253694e-02
8.147330682161662008e-01 5.792359870491464724e-01 -2.637832293369420100e-02
8.069021829133523616e-01 5.902124877725383190e-01 -2.362631706885769817e-02
7.997792023360856817e-01 5.999318692544660658e-01 -2.085894822183228386e-02
7.934095968470157301e-01 6.084194959469746422e-01 -1.808436825947048326e-02
7.878310086517841260e-01 6.157012462963439292e-01 -1.530989771308693785e-02
7.830735073523873435e-01 6.218027772597111147e-01 -1.254210455878958935e-02
7.791598830420291000e-01 6.267489210079483231e-01 -9.786890335450302431e-03
7.761059585588337972e-01 6.305632098703004562e-01 -7.049580915528914568e-03
7.739209060514515848e-01 6.332675237672727997e-01 -4.335019615759400785e-03
7.726075564729374401e-01 6.348818532835617257e-01 -1.647660679934252140e-03
7.721626939083618968e-01 6.354241709992356490e-01 1.008338528994609084e-03
7.725773296929606682e-01 6.349104035744118635e-01 3.629028033408643328e-03
7.738369540570396721e-01 6.333544972296401010e-01 6.210579642320683547e-03
7.759217655272780956e-01 6.307685695544126281e-01 8.749206294371281514e-03
7.788068805195077493e-01 6.271631408992646151e-01 1.124108727866006754e-02
7.831198249694267810e-01 6.216793891488661128e-01 1.543387147907769597e-02
7.886987639414391182e-01 6.144688324245823896e-01 1.955618759718450242e-02
7.954751606237028261e-01 6.055264700204646688e-01 2.360290313494545211e-02
8.033687741630477497e-01 5.948434738228798313e-01 2.756795260572238865e-02
8.122877699568752385e-01 5.824087771404610203e-01 3.144418124577889884e-02
8.221288744301081808e-01 5.682108623372477130e-01 3.522322012281059456e-02
8.327776296264358669e-01 5.522397282591328116e-01 3.889539729005418028e-02
8.441088055700076698e-01 5.344890107305632077e-01 4.244969006660496980e-02
8.559870285952397850e-01 5.149582193604339553e-01 4.587372370363633489e-02
8.682676810339945428e-01 4.936550419577661053e-01 4.915382150890861002e-02
8.807981211238403718e-01 4.705976547284905775e-01 5.227511084111637757e-02
8.934192611920666049e-01 4.458169631226767682e-01 5.522168816279757891e-02
9.059675267382204522e-01 4.193586860446713027e-01 5.797684450158392677e-02
9.182771990076475932e-01 3.912851866878059304e-01 6.052335021190397707e-02
9.301831195369215655e-01 3.616769482001989111e-01 6.284379491804717444e-02
9.415237080634770717e-01 3.306335933715618958e-01 6.492097509964069035e-02
9.521442168490247271e-01 2.982743559218172247e-01 6.673831818025721674e-02
9.619001171510281889e-01 2.647379276110816138e-01 6.828032850219223349e-02
9.706604899608264336e-01 2.301816303453812496e-01 6.953303757085535497e-02
9.783112759968094485e-01 1.947798948366566973e-01 7.048443880147473029e-02
9.847582318344929586e-01 1.587220652769761320e-01 7.112488603685350463e-02
9.899294418653674654e-01 1.222095900497029430e-01 7.144743558002214501e-02
9.937772503864781282e-01 8.545269817692109637e-02 7.144811351799848498e-02
9.962795041513106131e-01 4.866669615666331661e-02 7.112609365267687223e-02
9.974400314320714944e-01 1.206804645320255776e-02 7.048377617349896318e-02
9.972883261101884722e-01 -2.412959572223530996e-02 6.952676291384522755e-02
9.958784507024371901e-01 -5.971920828826908501e-02 6.826373112194916715e-02
9.932872163341831540e-01 -9.450392260822546020e-02 6.670621358896018649e-02
9.896117364547030171e-01 -1.283000929102946774e-01 6.486829817614313265e-02
9.849664812257935553e-01 -1.609398019334749019e-01 6.276626382835416573e-02
9.794799787890237086e-01 -1.922727285387119400e-01 6.041817275742526056e-02
9.732913171379362627e-01 -2.221673439918988580e-01 5.784343950789049699e-02
9.665465965192278075e-01 -2.505114432257561363e-01 5.506239713459194773e-02
9.593954687170266338e-01 -2.772120524567938671e-01 5.209587893217552945e-02
9.519878785863729043e-01 -3.021947827712606061e-01 4.896483137040971712e-02
9.444710975455072877e-01 -3.254027194095465148e-01 4.568997046943852613e-02
9.369871111786121087e-01 -3.467949481739029394e-01 4.229149016022725610e-02
9.296703961114706205e-01 -3.663448242074638928e-01 3.878882754248429848e-02
9.226460968636210902e-01 -3.840380855096166002e-01 3.520048663221968244e-02
9.160285928032861902e-01 -3.998709054913440752e-01 3.154391935944240999e-02
9.105150358966932478e-01 -4.126700624371708037e-01 2.580564118522797948e-02
9.060470342614658223e-01 -4.227006704474074450e-01 2.007629399502828399e-02
9.027102422095337753e-01 -4.300090749909687426e-01 1.437213411581501551e-02
9.005625512069462824e-01 -4.346394026008416622e-01 8.707910373789071873e-03
8.996349298440027287e-01 -4.366320533961475236e-01 3.097227933882180061e-03
8.999323422048495225e-01 -4.360228722421430336e-01 -2.447075655720122242e-03
9.014346975794290673e-01 -4.328429691514100175e-01 -7.912557257634964328e-03
9.040978129805271601e-01 -4.271191508635510115e-01 -1.328681124045012242e-02
9.078543961702840726e-01 -4.188749188524105715e-01 -1.855714113675701465e-02
9.126150799787753343e-01 -4.081319825584988625e-01 -2.371027127178194915e-02
9.182695578325458241e-01 -3.949122290033066363e-01 -2.873210915872471266e-02
9.246878848127608741e-01 -3.792400801051339365e-01 -3.360756892762341297e-02
9.317220173687913443e-01 -3.611451564885254095e-01 -3.832046540795976813e-02
9.392076670967967056e-01 -3.406651514596278352e-01 -4.285348750067010520e-02
9.469665388433731179e-01 -3.178488018601006715e-01 -4.718825793380206080e-02
9.548090100696938753e-01 -2.927588251436055167e-01 -5.130548420818898531e-02
9.625372865517766163e-01 -2.654746763131015652e-01 -5.518520237718919919e-02
9.699490393660312737e-01 -2.360949668987003258e-01 -5.880711123551295855e-02
9.768414908505270722e-01 -2.047393838025594603e-01 -6.215098961142583728e-02
9.830158750138344725e-01 -1.715499513643554963e-01 -6.519718400822512028e-02
9.882821539379866849e-01 -1.366914976488723676e-01 -6.792714822220828619e-02
9.924638302809749568e-01 -1.003512169384969122e-01 -7.032401130553996016e-02
9.954026617945470612e-01 -6.273726446146629665e-02 -7.237314595694874231e-02
9.969630616087505892e-01 -2.407637445452336100e-02 -7.406270673088245771e-02
9.970359619615126734e-01 1.538944513159103827e-02 -7.538410688688258754e-02
9.955419316857655465e-01 5.540702405986704798e-02 -7.633240459684823009e-02
9.924333696580901476e-01 9.571677091283029015e-02 -7.690657365840025683e-02
9.876956457073280404e-01 1.360578193503261257e-01 -7.710964058064948001e-02
9.813471229741058677e-01 1.761733236576238371e-01 -7.694867835686491908e-02
9.734380653247767246e-01 2.158156368838273498e-01 -7.643465661194263905e-02
9.640485030425578472e-01 2.547511158345057702e-01 -7.558215716958972819e-02
9.532851925387431091e-01 2.927643285669175310e-01 -7.440897248445954570e-02
9.412778551903573376e-01 3.296614880086791710e-01 -7.293561102692269760e-02
9.281749124405929141e-01 3.652729942457399459e-01 -7.118473804084811396e-02
9.141389471685814616e-01 3.994550313787862406e-01 -6.918058187734556219e-02
8.993421156147720641e-01 4.320902262009608252e-01 -6.694833541694382439e-02
8.839617124564717043e-01 4.630874298369611619e-01 -6.451357927776121826e-02
8.681760580108669467e-01 4.923807259973371764e-01 -6.190174910543691511e-02
8.521608357265004763e-01 5.199277985632029253e-01 -5.913766387952177489e-02
8.360859647980355414e-01 5.457078065215769103e-01 -5.624512647316113473e-02
8.201130509830673043e-01 5.697189169894451011e-01 -5.324660220976227404e-02
8.043934216204208232e-01 5.919756393916272286e-01 -5.016297628427685701e-02
7.890667204345692687e-01 6.125060885315541936e-01 -4.701338692161433769e-02
7.742600148693681295e-01 6.313492841562698965e-01 -4.381512815123152910e-02
7.600873534260373932e-01 6.485525722738421095e-01 -4.058361408515238217e-02
7.466497021140129364e-01 6.641692310886798678e-01 -3.733239550748163743e-02
7.340351865689498378e-01 6.782563035835417198e-01 -3.407321927211384716e-02
7.223195683682877011e-01 6.908726805464212584e-01 -3.081612129144557788e-02
7.115668892884092767e-01 7.020774427706131249e-01 -2.756954461036155435e-02
7.018302245190638500e-01 7.119284594020173218e-01 -2.434047503926000527e-02
6.931524941873501433e-01 7.204812308320855951e-01 -2.113458793450124357e-02
6.855672911684494997e-01 7.277879588112655673e-01 -1.795640085984601120e-02
6.790996915115954380e-01 7.338968231575169199e-01 -1.480942796175206168e-02
6.737670215188114042e-01 7.388514430935817501e-01 -1.169633289359809508e-02
6.695795623732008206e-01 7.426905014134912442e-01 -8.619077998736665580e-03
6.665411791411500753e-01 7.454475109431882851e-01 -5.579068195731380284e-03
6.646498659784697560e-01 7.471507047687445668e-01 -2.577288598976596248e-03
6.638982035258067516e-01 7.478230341662212011e-01 3.855646402131452169e-04
6.642737278924202293e-01 7.474822608460522932e-01 3.308960462609580530e-03
6.657592134266051564e-01 7.461411328397615783e-01 6.192415981118087540e-03
6.690154626969377905e-01 7.431740358563418969e-01 1.053242675200363743e-02
6.738842779900230395e-01 7.386884090476667497e-01 1.482179150082752611e-02
6.803176159202464213e-01 7.326696735567914676e-01 1.906212143741795387e-02
6.882580994742432123e-01 7.250933122296845390e-01 2.325409276109027812e-02
6.976385565965428359e-01 7.159260539073285523e-01 2.739721974327088971e-02
7.083814219591945127e-01 7.051272536298901494e-01 3.148964004565418806e-02
7.203980502271818409e-01 6.926504884302215892e-01 3.552791441206493844e-02
7.335879969868134287e-01 6.784453884385842626e-01 3.950684433536296586e-02
7.478383320130748135e-01 6.624597198642732110e-01 4.341931285996615542e-02
7.630230582395328698e-01 6.446417296090075633e-01 4.725615525164927888e-02
7.790027179020184711e-01 6.249427504084472673e-01 5.100606773510861502e-02
7.956242738008407756e-01 6.033200502558522249e-01 5.465556371886251541e-02
8.127213571355834665e-01 5.797398904783036544e-01 5.818898771640389905e-02
8.301149723711744866e-01 5.541807336702403441e-01 6.158859732713777013e-02
8.476147424698592392e-01 5.266365167531522617e-01 6.483472294638827071e-02
8.650207630602748665e-01 4.971198773954657035e-01 6.790601313280587858e-02
8.821261105798759994e-01 4.656651962655111721e-01 7.077977062698677380e-02
8.987200166811434299e-01 4.323312961135241106e-01 7.343237983247165312e-02
9.145916798108504331e-01 3.972036249305521682e-01 7.583982121973133206e-02
9.295346367125125742e-01 3.603957479282628995e-01 7.797826184546205464e-02
9.433515649367040234e-01 3.220499848980088453e-01 7.982470443110518954e-02
9.558593368763859122e-01 2.823370576649864017e-01 8.135767083001835265e-02
9.668941019565869821e-01 2.414546572233836064e-01 8.255788997546735508e-02
9.763161423195629851e-01 1.996248999634769594e-01 8.340895632926705050e-02
9.840142340482742611e-01 1.570907131032215076e-01 8.389792316040310671e-02
9.899092545589799341e-01 1.141112648148052688e-01 8.401579619256181741e-02
9.939568087992597389e-01 7.095662690702803088e-02 8.375789747321589485e-02
9.961487009087837130e-01 2.790191914113627353e-02 8.312407654925821343e-02
9.965131496080509299e-01 -1.477877304476581111e-02 8.211875559780032474e-02
9.951137277811537007e-01 -5.681839681337156472e-02 8.075080612774220012e-02
9.920470909193929154e-01 -9.796254311468086118e-02 7.903326609783584145e-02
9.874396363953554800e-01 -1.379744005511883143e-01 7.698291660939141079e-02
9.814432980968459397e-01 -1.766388357777348428e-01 7.461974568527617035e-02
9.742307231147572244e-01 -2.137654529911062751e-01 7.196633229105160734e-02
9.659900961888499005e-01 -2.491905604256298701e-01 6.904718632223563746e-02
9.569198737532258470e-01 -2.827780457684671567e-01 6.588807981054733975e-02
9.472236656398970167e-01 -3.144192280863661315e-01 6.251540148219983384e-02
9.371054636517345271e-01 -3.440318061497736890e-01 5.895556167618481308e-02
9.267653681209057082e-01 -3.715580591700791135e-01 5.523446827017862437e-02
9.163959120691234084e-01 -3.969624754039607906e-01 5.137708743958035312e-02
9.061790328011747331e-01 -4.202289881846095199e-01 4.740709646802995086e-02
8.962836966059145594e-01 -4.413579903935877513e-01 4.334662995146858211e-02
8.868641462173090240e-01 -4.603632805681979745e-01 3.921611592110599287e-02
8.780587139524391738e-01 -4.772690702594519774e-01 3.503419480113845186e-02
8.699891260032253104e-01 -4.921071561251182946e-01 3.081771170993010886e-02
8.627602143886750063e-01 -5.049143341928467033e-01 2.658177129204430250e-02
8.564599512370265622e-01 -5.157301096891379055e-01 2.233984384750550833e-02
8.511597238001803456e-01 -5.245947350240117713e-01 1.810391178805122875e-02
8.469147763443926058e-01 -5.315475915449333622e-01 1.388464618170542203e-02
8.437647554013995022e-01 -5.366259176199525971e-01 9.691604151081611995e-03
8.417343066286886444e-01 -5.398638762056583440e-01 5.533439004183190492e-03
8.408336838060475049e-01 -5.412919487889278347e-01 1.418116073235024463e-03
8.410593426290350338e-01 -5.409366388210294918e-01 -2.646871771422251024e-03
8.423945035042219587e-01 -5.388204658001339853e-01 -6.654294133789857499e-03
8.448096782256115933e-01 -5.349622303280899827e-01 -1.059698318613662947e-02
8.482631650466923023e-01 -5.293775301461400851e-01 -1.446764793935916178e-02
8.527015251479200808e-01 -5.220795067965406933e-01 -1.825870649177880820e-02
8.580600607413191305e-01 -5.130798017116036114e-01 -2.196213989769057323e-02
8.642633209415661044e-01 -5.023896988542504438e-01 -2.556937122099507687e-02
8.712256659170872775e-01 -4.900214282993703430e-01 -2.907117329064635297e-02
8.793686188871278064e-01 -4.748958001792251138e-01 -3.442546489741475646e-02
8.884818121848058192e-01 -4.571969271517090649e-01 -3.964024059041131726e-02
8.983866289586019960e-01 -4.369253173299565418e-01 -4.469955277593085780e-02
9.088848072178469240e-01 -4.140893866080241903e-01 -4.958542542956925064e-02
9.197603338944637663e-01 -3.887096285269559526e-01 -5.427789748894851912e-02
9.307819605480588399e-01 -3.608228348706349897e-01 -5.875518388412909188e-02
9.417064296545176738e-01 -3.304861876322872649e-01 -6.299396139110224890e-02
9.522824615799966308e-01 -2.977810140291802798e-01 -6.696978169699081829e-02
9.622555004213390051e-01 -2.628159751371704211e-01 -7.065760758482085568e-02
9.713731538564501777e-01 -2.257294507288180874e-01 -7.403246020821183104e-02
9.793911920020025308e-01 -1.866908929809712459e-01 -7.707015654056924292e-02
9.860798991055241824e-01 -1.459009536062338963e-01 -7.974810704112711424e-02
9.912305074876017752e-01 -1.035902442046530703e-01 -8.204613540434914365e-02
9.946613941352857591e-01 -6.001666674914760136e-02 -8.394727609016815195e-02
9.962236949646250395e-01 -1.546134514772078139e-02 -8.543850226032657924e-02
9.958059963621458399e-01 2.977670854940470818e-02 -8.651133761201679206e-02
9.933378012113489586e-01 7.538695934378819574e-02 -8.716231080744914206e-02
9.887915359187413600e-01 1.210544256457851409e-01 -8.739322057821329037e-02
9.821829600780500602e-01 1.664670853552733532e-01 -8.721119235777605172e-02
9.735699514560937073e-01 2.113232022712639158e-01 -8.662852215577529491e-02
9.630497534977922047e-01 2.553381725467714358e-01 -8.566231868664833660e-02
9.507548775238812144e-01 2.982505358277690033e-01 -8.433396878153306964e-02
9.368479357950312281e-01 3.398268703553497527e-01 -8.266846233303985769e-02
9.215157365485283636e-01 3.798653858882921064e-01 -8.069362037745994587e-02
9.049629942914791947e-01 4.181981311282088054e-01 -7.843927292187212463e-02
8.874059989425326922e-01 4.546918317763710693e-01 -7.593643189376773905e-02
8.690665506426760167e-01 4.892474616065304316e-01 -7.321649976494451484e-02
8.501664106462257786e-01 5.217987151897922615e-01 -7.031054696736588339e-02
8.309224512481461211e-01 5.523095938342105216e-01 -6.724868231659272833e-02
8.115426175348399163e-01 5.807713358939040615e-01 -6.405953139360651138e-02
7.922227478554279001e-01 6.071989214909170318e-01 -6.076982913605259717e-02
7.731442433283745030e-01 6.316273642181562398e-01 -5.740412542237813276e-02
7.544725323140076823e-01 6.541079736430837066e-01 -5.398459658057158661e-02
7.363562445307878512e-01 6.747047374295815914e-01 -5.053095164139330409e-02
7.189269907589831421e-01 6.934909350081691626e-01 -4.706041970315234801e-02
7.022996362016886707e-01 7.105460593458496898e-01 -4.358780376168986531e-02
6.865729563452092066e-01 7.259530918175519654e-01 -4.012558649186154236e-02
6.718305712135180796e-01 7.397961487812045878e-01 -3.668407443202150592e-02
6.581420650225161539e-01 7.521584976976046777e-01 -3.327156852617693672e-02
6.455642115087387722e-01 7.631209253872269782e-01 -2.989455076751848864e-02
6.341422391368003453e-01 7.727604307466442446e-01 -2.655787856312223638e-02
6.239110838948721538e-01 7.811492082031505912e-01 -2.326498025832662159e-02
6.148965897560019211e-01 7.883538855340928020e-01 -2.001804692542432165e-02
6.071166277138057010e-01 7.944349796044700707e-01 -1.681821698053274222e-02
6.005821134322498756e-01 7.994465353519966122e-01 -1.366575142185775041e-02
5.952979109908247413e-01 8.034359163560077510e-01 -1.056019848139867420e-02
5.912636160812948516e-01 8.064437190709141667e-01 -7.500547264286893355e-03
5.884742165094062338e-01 8.085037869091251661e-01 -4.485370537427445237e-03
5.869206311945158738e-01 8.096433045484665580e-01 -1.512957247441994516e-03
5.865901312688560632e-01 8.098829569265798556e-01 1.418564377164537645e-03
5.874666485737953803e-01 8.092371412478834847e-01 4.311112129301681098e-03
5.895309780325855842e-01 8.077142238949200914e-01 7.166542465069144358e-03
5.927608812246535352e-01 8.053168373664336688e-01 9.986549441800185792e-03
5.971310991483838038e-01 8.020422152408808181e-01 1.277256900269613422e-02
6.026132827665440228e-01 7.978825656774555242e-01 1.552568780823702921e-02
6.091758505869989682e-01 7.928254861093558814e-01 1.824655601403699090e-02
6.167837833248156487e-01 7.868544235427546996e-01 2.093530363824807478e-02
6.253983666817587439e-01 7.799491862264609221e-01 2.359146044456420302e-02
6.349768945039440116e-01 7.720865133653154189e-01 2.621387958524292253e-02
6.454723460514650846e-01 7.632407099646221216e-01 2.880066559764213677e-02
6.574596806935391058e-01 7.527746700574255989e-01 3.282491304290867384e-02
6.707963023944163439e-01 7.407275152623781223e-01 3.681685407902909879e-02
6.853918257325090080e-01 7.270323295283397380e-01 4.077315871808476211e-02
7.011436145210595550e-01 7.116185703779261962e-01 4.468844675195084853e-02
7.179357171790941017e-01 6.944142304571181423e-01 4.855512057905107814e-02
7.356379334608168508e-01 6.753483124563792739e-01 5.236322502073170737e-02
7.541051035573215211e-01 6.543536250819717015e-01 5.610034437113180228e-02
7.731767204178547903e-01 6.313698895141424128e-01 5.975154852770483277e-02
7.926769727608790062e-01 6.063471222073826272e-01 6.329940118334972943e-02
8.124153276570134086e-01 5.792492313170348739e-01 6.672404346444171797e-02
8.321877555939279913e-01 5.500577315324539640e-01 7.000336578838496637e-02
8.517786854751484560e-01 5.187754475901444895e-01 7.311327881547660668e-02
8.709637503731766373e-01 4.854300431254728321e-01 7.602809096365155395e-02
8.895133462064145347e-01 4.500771826118133978e-01 7.872099493326611963e-02
9.071969752907687035e-01 4.128031144255295271e-01 8.116465911654258125e-02
9.237882870791402912e-01 3.737264572746611946e-01 8.333191193149747100e-02
9.390706634199523783e-01 3.329989845795474634e-01 8.519649856709481106e-02
9.528431312784333418e-01 2.908052348243774787e-01 8.673388114585686703e-02
9.649263294282323100e-01 2.473608311650253022e-01 8.792204588065387350e-02
9.751682150508635960e-01 2.029094685687683197e-01 8.874227547580322562e-02
9.834491787492157799e-01 1.577186161872531911e-01 8.917984276514764885e-02
9.896862474650971464e-01 1.120740783090986153e-01 8.922458309226881379e-02
9.938360962379985120e-01 6.627364883992131750e-02 8.887130849259172738e-02
9.958966596756073653e-01 2.062017094164467212e-02 8.812003607155641238e-02
9.959072263124248980e-01 -2.458563450471486223e-02 8.697601527596324211e-02
9.939470041503742914e-01 -6.905218745927467483e-02 8.544955275823346019e-02
9.901322520022884932e-01 -1.125035439873822984e-01 8.355564769591489194e-02
9.846121669984752023e-01 -1.546850442130046910e-01 8.131346318564780518e-02
9.775637936656376148e-01 -1.953678615851330846e-01 7.874566934113286232e-02
9.691862674601264827e-01 -2.343522917714056519e-01 7.587770007426831997e-02
9.596947227110391720e-01 -2.714697154555026914e-01 7.273696785248388863e-02
9.493141828911204616e-01 -3.065832610421838078e-01 6.935207917368878261e-02
9.382737147072526263e-01 -3.395872720556911695e-01 6.575208870904335201e-02
9.268010736764726865e-01 -3.704057439440124888e-01 6.196582295937498597e-02
9.151180055296445071e-01 -3.989899333385549807e-01 5.802129590075261883e-02
9.034363025285984117e-01 -4.253153597970470434e-01 5.394523046075873352e-02
8.919546528859769730e-01 -4.493784182405777816e-01 4.976269160210233106e-02
8.808562694295477558e-01 -4.711928037339163655e-01 4.549682988717942272e-02
8.703072430082723354e-01 -4.907859236287161475e-01 4.116872899103211220e-02
8.604555376948435086e-01 -5.081954399695601809e-01 3.679734682190506645e-02
8.521347956157591108e-01 -5.224331326256257402e-01 3.050074705267237507e-02
8.452735581532275777e-01 -5.337841656026549586e-01 2.423761936510313714e-02
8.399724524220819610e-01 -5.423301164156498766e-01 1.801978767498233977e-02
8.363009790327752269e-01 -5.481427533282833275e-01 1.185693033880854189e-02
8.342992514120527447e-01 -5.512821519416664096e-01 5.757125756973696488e-03
8.339795525329550818e-01 -5.517956438811667530e-01 -2.725983256536687258e-04
8.353276479603295446e-01 -5.497175335806949725e-01 -6.225725069728371176e-03
8.383038332876087129e-01 -5.450695253577763078e-01 -1.209572903381086681e-02
8.428437291581570845e-01 -5.378618114875277634e-01 -1.787558610701636685e-02
8.488588684343990609e-01 -5.280947800148299009e-01 -2.355732156846567643e-02
8.562371480121477862e-01 -5.157613062076872312e-01 -2.913160527966357147e-02
8.648432423391938517e-01 -5.008495918837412297e-01 -3.458740395434840853e-02
8.745190965106719450e-01 -4.833465108085079343e-01 -3.991170173952756500e-02
8.850846329476713681e-01 -4.632414049545595658e-01 -4.508930165917329758e-02
8.963388156027394249e-01 -4.405302552606867317e-01 -5.010272144656097160e-02
9.080612173498037176e-01 -4.152201221085455862e-01 -5.493219751356070990e-02
9.200142273766632739e-01 -3.873337165517489744e-01 -5.955580985539540850e-02
9.319460137229503838e-01 -3.569139261145661823e-01 -6.394973817977236963e-02
9.435943198517164898e-01 -3.240280827352672866e-01 -6.808865518561821317e-02
9.546911226989751587e-01 -2.887717303396817314e-01 -7.194625657279936359e-02
9.649681141530099815e-01 -2.512716315523697008e-01 -7.549591916007486470e-02
9.741628917713754943e-01 -2.116877532341681634e-01 -7.871146885385174596e-02
9.820256636376225590e-01 -1.702139940370230864e-01 -8.156802991310892204e-02
9.883261947733329444e-01 -1.270774671165906256e-01 -8.404291707370202535e-02
9.928606581815372367e-01 -8.253622752314834776e-02 -8.611652391469658274e-02
9.954580123840810479e-01 -3.687543265133808729e-02 -8.777315569302390763e-02
9.959855177658858416e-01 9.597962598363277142e-03 -8.900175387398884252e-02
9.943530314659710934e-01 5.656175816399956063e-02 -8.979646345094401128e-02
9.905157855839856751e-01 1.036859854713515910e-01 -9.015700296405555758e-02
9.844754513155985487e-01 1.506409039362489877e-01 -9.008881026474795106e-02
9.762794123923922429e-01 1.971050667675290913e-01 -8.960295322083054737e-02
9.660183012417117299e-01 2.427730010099610480e-01 -8.871581191304753200e-02
9.538219754158296926e-01 2.873620844929801743e-01 -8.744855542766662160e-02
9.398542158915680345e-01 3.306182770247473313e-01 -8.582645022577788108e-02
9.243065019627116907e-01 3.723204646082019509e-01 -8.387804683305938314e-02
9.073912536947963403e-01 4.122832905064438558e-01 -8.163429645857318839e-02
8.893349317817500488e-01 4.503584618766834913e-01 -7.912764905312166808e-02
8.703713505502365111e-01 4.864346232453259367e-01 -7.639117984370891179e-02
8.507355007934838120e-01 5.204359693613145321e-01 -7.345778359173495142e-02
8.306581049000778538e-01 5.523198250337638671e-01 -7.035946602135111083e-02
8.103610472712903245e-01 5.820734475464253155e-01 -6.712675136372653339e-02
7.900537468649980744e-01 6.097103105949305268e-01 -6.378821489982795800e-02
7.699304722376654198e-01 6.352661121320075654e-01 -6.037014060400333615e-02
7.501685465325006463e-01 6.587947178597430842e-01 -5.689629700456571432e-02
7.309273519620869131e-01 6.803642132909425433e-01 -5.338781938231709767e-02
7.123480200147492836e-01 7.000531955609928803e-01 -4.986318336517209932e-02
6.945536831004979206e-01 7.179473956480868502e-01 -4.633825361172032309e-02
6.776501631297967565e-01 7.341366852325595938e-01 -4.282639127559771663e-02
6.617269798352134469e-01 7.487124917734049312e-01 -3.933860494139370528e-02
6.468585738833403376e-01 7.617656211715823078e-01 -3.588373137448270384e-02
6.331056547254061417e-01 7.733844695391263180e-01 -3.246863443251356285e-02
6.205165989130181359e-01 7.836535935129439467e-01 -2.909841260839884924e-02
6.091288399608064674e-01 7.926526013772277057e-01 -2.577660774100155525e-02
5.989702049151938157e-01 8.004553240198523101e-01 -2.250540932652909595e-02
5.900601651032426620e-01 8.071292244962883222e-01 -1.928585052597255739e-02
5.824109788882465555e-01 8.127350068548865325e-01 -1.611799336438721197e-02
5.760287126541506764e-01 8.173263881689948329e-01 -1.300110175569836254e-02
5.709141328172651075e-01 8.209500018486654005e-01 -9.933801878609318028e-03
5.670634666366356491e-01 8.236454048311631082e-01 -6.914230101412534996e-03
5.644690332150129608e-01 8.254451658612320664e-01 -3.940169136529669824e-03
5.637815125022936913e-01 8.259242592600810617e-01 2.512479205020821255e-04
5.648449602976208794e-01 8.251856998951558886e-01 4.390090534827114158e-03
5.676345600431949023e-01 8.232372542270304239e-01 8.483684151849302246e-03
5.721209503086476245e-01 8.200737394768087274e-01 1.253894434253954339e-02
5.782700540953670254e-01 8.156776234368141587e-01 1.656217493498297888e-02
5.860426642003575548e-01 8.100196764361874413e-01 2.055887003785827546e-02
5.953938048184886922e-01 8.030596940914751514e-01 2.453351696430296214e-02
6.062718911784549247e-01 7.947473167604029998e-01 2.848939795321620699e-02
6.186177121453592109e-01 7.850229778715787088e-01 3.242838965319832373e-02
6.323632656712896427e-01 7.738190183335043049e-01 3.635076059919623015e-02
6.474304839363884678e-01 7.610610076945100166e-01 4.025496838869995625e-02
6.637298940758526999e-01 7.466693141349877161e-01 4.413745995863534166e-02
6.811592714386487390e-01 7.305609640756074441e-01 4.799248026299274966e-02
6.996023550387010514e-01 7.126518274040786194e-01 5.181189671300012733e-02
7.189277085943509560e-01 6.928591552112939311e-01 5.558504888487559442e-02
7.389878242789454932e-01 6.711044826614784853e-01 5.929863509346076922e-02
7.596185785593992934e-01 6.473168895395076117e-01 6.293664928427844529e-02
7.806391583653027322e-01 6.214365848107983314e-01 6.648038306302272993e-02
8.018525789987968055e-01 5.934187494582712219e-01 6.990850825889453890e-02
8.230469101133135457e-01 5.632375350036561423e-01 7.319725487291557642e-02
8.439973102373982128e-01 5.308900755806383875e-01 7.632069726467675952e-02
8.644689416115188818e-01 4.964003324633211589e-01 7.925115770838436768e-02
8.842207943966507999e-01 4.598225559479586777e-01 8.195973085375188316e-02
9.030103929576321908e-01 4.212441256867037187e-01 8.441692520994126259e-02
9.205992892743665168e-01 3.807875225545265252e-01 8.659340884686042572e-02
9.367591742441060410e-01 3.386111979822279405e-01 8.846083669812494776e-02
9.512783636191779468e-01 2.949091439926719849e-01 8.999272707328491439e-02
9.639683502285459893e-01 2.499090299561829431e-01 9.116534639337878221e-02
9.746700673243320345e-01 2.038688579375638743e-01 9.195855499755474505e-02
9.832594880018399319e-01 1.570721912319302249e-01 9.235656427475918973e-02
9.896521988996730412e-01 1.098221205516824450e-01 9.234855718111609213e-02
9.938066351420893341e-01 6.243423716245743993e-02 9.192913072201283620e-02
9.957257452371205408e-01 1.522896921937282738e-02 9.109852987589703299e-02
9.954569619378468293e-01 -3.147630477044960351e-02 8.986265672505421020e-02
9.930904763921208911e-01 -7.737493091741336204e-02 8.823285470842187617e-02
9.887559344231912073e-01 -1.221780284202109990e-01 8.622548408801949948e-02
9.826177816416759025e-01 -1.656205534427962478e-01 8.386131908459650008e-02
9.748695666765849754e-01 -2.074661067187643648e-01 8.116480814849576231e-02
9.657275615442815209e-01 -2.475103178871114751e-01 7.816324548159099550e-02
9.554240724050458988e-01 -2.855827496806854215e-01 7.488590386413368494e-02
9.442007949085264862e-01 -3.215473684331633941e-01 7.136317636064881675e-02
9.323025221503650206e-01 -3.553017141349502084e-01 6.762576839688470842e-02
9.199714485400425357e-01 -3.867749671441652048e-01 6.370397315396371385e-02
9.074422389900947961e-01 -4.159251471512930842e-01 5.962705345938847795e-02
8.949379584806187449e-01 -4.427356940481929071e-01 5.542274352070149929e-02
8.826668892168658687e-01 -4.672116734958523532e-01 5.111687487156658244e-02
8.708202060238133813e-01 -4.893758272865910142e-01 4.673312340848535806e-02
8.595704377513339045e-01 -5.092646556340666431e-01 4.229286870966975087e-02
8.490706137338167592e-01 -5.269246805664515865e-01 3.781515299896216764e-02
8.394539786880413912e-01 -5.424090010546289697e-01 3.331672499887558536e-02
8.308341548211318761e-01 -5.557742146616609924e-01 2.881215323183995702e-02
8.233056338956006304e-01 -5.670777494706487065e-01 2.431399374169874658e-02
8.169444920655990483e-01 -5.763756249100707718e-01 1.983299837636428795e-02
8.118092342044074261e-01 -5.837206410873745366e-01 1.537835138598632294e-02
8.079416903311306131e-01 -5.891609830003955439e-01 1.095792388923437499e-02
8.053679032087999179e-01 -5.927392177785879568e-01 6.578537543000179295e-03
8.040989622557314087e-01 -5.944916589698012732e-01 2.246230375890749184e-03
8.041317539911086998e-01 -5.944480708280847070e-01 -2.033480877138959392e-03
8.054496130220644146e-01 -5.926316865957719227e-01 -6.255346520514156253e-03
8.080228699776818013e-01 -5.890595170112121748e-01 -1.041414153450211447e-02
8.124459560299583938e-01 -5.828084636734818247e-01 -1.632163435352750741e-02
8.185303019614285081e-01 -5.740369831999342365e-01 -2.214101832183714563e-02
8.261718313427354188e-01 -5.627291913038249271e-01 -2.786585952239402364e-02
8.352430345208949891e-01 -5.488608057961085196e-01 -3.348789495623802348e-02
8.455929639313659596e-01 -5.324024372129724236e-01 -3.899667765456386881e-02
8.570473285055519863e-01 -5.133234059405203942e-01 -4.437929263219391601e-02
8.694088465684490785e-01 -4.915960429910362639e-01 -4.962015798462580257e-02
8.824580279753477807e-01 -4.672004049031862061e-01 -5.470092715733065880e-02
8.959545588500279489e-01 -4.401292973629460370e-01 -5.960050918736395364e-02
9.096394529857361189e-01 -4.103934588132119310e-01 -6.429522302421393498e-02
9.232381095726411857e-01 -3.780267077753933225e-01 -6.875909939388268055e-02
9.364643748591523487e-01 -3.430908107297729881e-01 -7.296433869409775508e-02
9.490256444753710774e-01 -3.056797876286532767e-01 -7.688192591629726402e-02
9.606289645060721583e-01 -2.659233469847833708e-01 -8.048239370469630061e-02
9.709879969874332106e-01 -2.239891397547664198e-01 -8.373671290355595709e-02
9.798306165893161390e-01 -1.800835476469419827e-01 -8.661727727075520245e-02
9.869068101662303860e-01 -1.344507811776746165e-01 -8.909893681824918032e-02
9.919964720420332283e-01 -8.737015586204904816e-02 -9.116002412724390214e-02
9.949166381360506906e-01 -3.915153629213793951e-02 -9.278331167809594771e-02
9.955276922441745890e-01 9.870922930737408008e-03 -9.395683718147045116e-02
9.937381145706212227e-01 5.934646837577167017e-02 -9.467453897932968931e-02
9.895074263552328109e-01 1.089164726241722975e-01 -9.493665485832887552e-02
9.828471084306202865e-01 1.582236986894764996e-01 -9.474985419702920686e-02
9.738194224542783273e-01 2.069215596813334113e-01 -9.412709349084316668e-02
9.625342234593710078e-01 2.546828318819825965e-01 -9.308720659162267319e-02
9.491440017558021580e-01 3.012073343134800685e-01 -9.165426088134637217e-02
9.338375134506082809e-01 3.462281871750406692e-01 -8.985672673648688324e-02
9.168324391435714871e-01 3.895163911849147675e-01 -8.772651833749610384e-02
8.983675435901748996e-01 4.308836125579389997e-01 -8.529796833028648051e-02
8.786947963044187127e-01 4.701831966691370490e-01 -8.260679718750452150e-02
8.580718612827644698e-01 5.073095526987390080e-01 -7.968913128746869801e-02
8.367552844431027648e-01 5.421961416736248429e-01 -7.658061321052860027e-02
8.149946128509791832e-01 5.748123566678381424e-01 -7.331563525217163479e-02
7.930275826576284048e-01 6.051596069192731742e-01 -6.992671430170598057e-02
7.710764229915323398e-01 6.332669116130861253e-01 -6.644401437292479784e-02
7.493452477969088088e-01 6.591862808437942700e-01 -6.289501312308444503e-02
7.280184504744952045e-01 6.829881184658246340e-01 -5.930430114638547689e-02
7.072599779194098657e-01 7.047568315011429885e-01 -5.569349777992017164e-02
6.872133397365239871e-01 7.245867796402326588e-01 -5.208126442431261494e-02
6.680022022295439843e-01 7.425786507090744726e-01 -4.848339558501819219e-02
6.497314217553510352e-01 7.588363066926302469e-01 -4.491296852637053499e-02
6.324883847160818195e-01 7.734641114519655858e-01 -4.138053413610117554e-02
6.163445386883169563e-01 7.865647259405038616e-01 -3.789433390730258255e-02
6.013570183924799029e-01 7.982373390017376558e-01 -3.446053051734653677e-02
5.875702894588115122e-01 8.085762907193394522e-01 -3.108344206380645597e-02
5.750177509346037219e-01 8.176700395738761840e-01 -2.776577243182169752e-02
5.637232534122993410e-01 8.256004230925467757e-01 -2.450883241105288393e-02
5.537025031657188956e-01 8.324421631094132135e-01 -2.131274800368721661e-02
5.449643336899860913e-01 8.382625701969116383e-01 -1.817665385795422597e-02
5.375118346789815593e-01 8.431214064880575565e-01 -1.509887094085208409e-02
5.313433349913522230e-01 8.470708713732950645e-01 -1.207706846138215800e-02
5.264532408594155832e-01 8.501556799858084323e-01 -9.108410711015368921e-03
5.228327338070496433e-01 8.524132096858310081e-01 -6.189689942410175026e-03
5.204703347727034357e-01 8.538736947327015825e-01 -3.317446699437289273e-03
5.193523420636847465e-01 8.545604538934920003e-01 -4.880791758602827032e-04
5.194631512442471344e-01 8.544901398408796256e-01 2.302056754293161159e-03
5.207854650924554907e-01 8.536730028439530882e-01 5.056555201081826441e-03
5.233004015246792706e-01 8.521131644826385187e-01 7.778874050682424261e-03
5.269875070268928985e-01 8.498088999611773664e-01 1.047225342862479619e-02
5.318246827683497102e-01 8.467529301037579614e-01 1.313963752357403571e-02
5.383925522229392469e-01 8.425232529296106110e-01 1.699108178009676659e-02
5.465682101874409504e-01 8.371559865888587026e-01 2.082583203625253468e-02
5.563138434959488121e-01 8.306069921217343888e-01 2.464958724069525597e-02
5.675864678276714148e-01 8.228219171396513598e-01 2.846690054270159878e-02
5.803368366764439790e-01 8.137369130800438111e-01 3.228099438771091234e-02
5.945081900878841363e-01 8.032794884794336454e-01 3.609356790497193074e-02
6.100348690657796391e-01 7.913695419952193610e-01 3.990459735722211299e-02
6.268408296820328074e-01 7.779206220663057447e-01 4.371213195069509339e-02
6.448381014325582639e-01 7.628414613027831859e-01 4.751208908337734710e-02
6.639252471694895297e-01 7.460378321548027936e-01 5.129805513344030954e-02
6.839858966578428179e-01 7.274147652024770538e-01 5.506110011793170778e-02
7.048874417574112483e-01 7.068791615158760422e-01 5.878961689809677343e-02
7.264799972886469837e-01 6.843428149569904528e-01 6.246919792815339156e-02
7.485957461704826343e-01 6.597258382082419326e-01 6.608256462762132633e-02
7.710487982553513309e-01 6.329604572782575600e-01 6.960956602141880889e-02
7.936356967948016150e-01 6.039951034706371180e-01 7.302726399155076709e-02
8.161367017059621976e-01 5.727986904572105464e-01 7.631012193315545034e-02
8.383179618413351131e-01 5.393649195201785096e-01 7.943031142061507399e-02
8.599346568359284015e-01 5.037164119189853073e-01 8.235814734409564741e-02
8.807351414386991317e-01 4.659084287297280969e-01 8.506265569378514135e-02
9.004660618921880300e-01 4.260319114621642367e-01 8.751226979943863005e-02
9.188783376068142550e-01 3.842155677474912712e-01 8.967564073787742673e-02
9.357338174903017114e-01 3.406267413076881634e-01 9.152253652050157395e-02
9.508123368930216923e-01 2.954708483844110112e-01 9.302479363739607487e-02
9.639188282972597221e-01 2.489892349072121147e-01 9.415727490325215276e-02
9.748900874787056470e-01 2.014554069568214867e-01 9.489878076579473520e-02
9.836007768061406642e-01 1.531697040853503555e-01 9.523285861428869292e-02
9.899682655963588651e-01 1.044526092649200461e-01 9.514845708959371318e-02
9.939559662987309530e-01 5.563700638436323148e-02 9.464038025205909199e-02
9.955749212871070064e-01 7.059791445723009873e-03 9.370950924963712680e-02
9.948835189599206652e-01 -4.094669595407382512e-02 9.236277562119320217e-02
9.919853558816313921e-01 -8.806293713875082418e-02 9.061288873603222382e-02
9.870253976407837859e-01 -1.339897397769816978e-01 8.847783796020308733e-02
9.801847091081452579e-01 -1.784545994441954220e-01 8.598020585045051956e-02
9.716741120259367870e-01 -2.212166347612035677e-01 8.314634030538922693e-02
9.617271765108578174e-01 -2.620699340382072751e-01 8.000544011051727300e-02
9.505929611496395371e-01 -3.008452751898225142e-01 7.658860943859786830e-02
9.385288875186853508e-01 -3.374102941311205028e-01 7.292793308861465762e-02
9.257940770693696697e-01 -3.716682693393908998e-01 6.905561661277527519e-02
9.126434017231628282e-01 -4.035557554669862435e-01 6.500322536276156860e-02
8.993224150394438787e-01 -4.330393349565836436e-01 6.080104531907279397e-02
8.860632481263063243e-01 -4.601117655126674144e-01 5.647757763333746683e-02
8.730814809954079436e-01 -4.847877877216659193e-01 5.205916909785991697e-02
8.605739405428679545e-01 -5.070998272461989531e-01 4.756977288437304330e-02
8.487173328569738162e-01 -5.270937862980051847e-01 4.303082813872814716e-02
8.376675900006752551e-01 -5.448250753762343690e-01 3.846124336102211411e-02
8.275597981163551609e-01 -5.603549932592098992e-01 3.387746671299850243e-02
8.185085720664339037e-01 -5.737475243112661882e-01 2.929362612562562765e-02
8.106087489332114426e-01 -5.850665893296791431e-01 2.472172293217719807e-02
8.039362857255983874e-01 -5.943737602831288269e-01 2.017186433907440860e-02
7.985492631179652578e-01 -6.017264303779169543e-01 1.565252202846214788e-02
7.944889150209364370e-01 -6.071764183273263837e-01 1.117080628874169215e-02
7.917806218334819679e-01 -6.107689785370714608e-01 6.732747087747331834e-03
7.904348224201018791e-01 -6.125421860430060317e-01 2.343575298786630505e-03
7.904478156756763463e-01 -6.125266653145843287e-01 -1.992001221310811879e-03
7.918024367735597702e-01 -6.107456344047572649e-01 -6.269530860240805394e-03
7.944686058407539608e-01 -6.072152394316573387e-01 -1.048456415218177937e-02
7.984037579894183168e-01 -6.019451581946597685e-01 -1.463241526565151052e-02
8.035531735222334326e-01 -5.949394551578037760e-01 -1.870794183229303534e-02
8.098502358669273926e-01 -5.861976724939825800e-01 -2.270534596462680729e-02
8.178204949514542577e-01 -5.747703419761592825e-01 -2.844900939467394016e-02
8.272560690507105852e-01 -5.607902523975156761e-01 -3.409324186757577146e-02
8.380047737378460981e-01 -5.442226402319280121e-01 -3.962806646392420112e-02
8.498908645213058000e-01 -5.250309585585388739e-01 -4.504092218417599103e-02
8.627152225011754938e-01 -5.031812606110922514e-01 -5.031645247462424725e-02
8.762559690055625738e-01 -4.786470235729133327e-01 -5.543639440258819884e-02
8.902696914079657464e-01 -4.514143128830670482e-01 -6.037958630855319586e-02
9.044934549552059444e-01 -4.214871418436733075e-01 -6.512211139357078349e-02
9.186477526533506355e-01 -3.888928306643958388e-01 -6.963759232037550206e-02
9.324405040828397384e-01 -3.536871181703134526e-01 -7.389764708130580617e-02
9.455721528254856789e-01 -3.159587348781273675e-01 -7.787250887552557566e-02
9.577418316346133498e-01 -2.758331159669566435e-01 -8.153180261361214765e-02
9.686544682871718326e-01 -2.334749252279104403e-01 -8.484545841534107957e-02
9.780286004834445324e-01 -1.890890838816461916e-01 -8.778472904655940101e-02
9.856045658734285952e-01 -1.429200561920558887e-01 -9.032326506841743818e-02
9.911526464364907030e-01 -9.524923787681538467e-02 -9.243819029271151122e-02
9.944806888829724745e-01 -4.639041876590688923e-02 -9.411111279213087155e-02
9.954407066384713954e-01 3.316562544691301073e-03 -9.532900481982492513e-02
9.939340021379594603e-01 5.351370278983930834e-02 -9.608488959102483296e-02
9.899144318841629486e-01 1.038338495921467819e-01 -9.637828414590000892e-02
9.833895646237423849e-01 1.539103352871362962e-01 -9.621536460523862078e-02
9.744196413931301981e-01 2.033866572482009860e-01 -9.560884124097888959e-02
9.631144161301742335e-01 2.519256303869827907e-01 -9.457755340385216869e-02
9.496281160461393922e-01 2.992174913733827712e-01 -9.314581570158608770e-02
9.341528927082042300e-01 3.449865364376416554e-01 -9.134256434867590868e-02
9.169112235182840243e-01 3.889960106802546336e-01 -8.920036442306114588e-02
8.981477618760530524e-01 4.310511181234126243e-01 -8.675434392563034780e-02
8.781211233796027971e-01 4.710001694432677244e-01 -8.404111912649923910e-02
8.570960422463564932e-01 5.087340123643357970e-01 -8.109776866674163476e-02
8.353362485996173037e-01 5.441839869668685381e-01 -7.796090284036108486e-02
8.130983171855810099e-01 5.773187093928227043e-01 -7.466586124202524710e-02
7.906266347752710644e-01 6.081400128989045140e-01 -7.124605829688714087e-02
7.681495379251165323e-01 6.366783694741703359e-01 -6.773248354290459239e-02
7.458765925113236550e-01 6.629880855601838485e-01 -6.415335292023428837e-02
7.239969255358794653e-01 6.871425200369072339e-01 -6.053389926955990430e-02
7.026784789830388123e-01 7.092295194645715783e-01 -5.689628486548444636e-02
6.820680334516464605e-01 7.293472112275221075e-01 -5.325961590944873481e-02
6.622918428654407386e-01 7.476002446164051740e-01 -4.964003807697080217e-02
6.434567270516340365e-01 7.640965261307974821e-01 -4.605089296365803136e-02
6.256514826180026301e-01 7.789444599210786357e-01 -4.250291710537339868e-02
6.089484909811267999e-01 7.922506776071477352e-01 -3.900446771381621547e-02
5.934054228562249955e-01 8.041182231391429402e-01 -3.556176200574735768e-02
5.790669589612206236e-01 8.146451468144655372e-01 -3.217911974052171942e-02
5.659664657248621999e-01 8.239234567195892200e-01 -2.885920113249620250e-02
5.541275815964060714e-01 8.320383743844764757e-01 -2.560323456306904527e-02
5.435656837508588968e-01 8.390678430909651597e-01 -2.241123043095930023e-02
5.342892165073896971e-01 8.450822410133429496e-01 -1.928217904050798584e-02
5.263008717791149982e-01 8.501442563448753376e-01 -1.621423165577636286e-02
5.195986186237666615e-01 8.543088871360720038e-01 -1.320486477871001506e-02
5.141765837987907206e-01 8.576235342778103510e-01 -1.025102838573216379e-02
5.100257884860098789e-01 8.601281615954716742e-01 -7.349279323254687135e-03
5.071347483688655178e-01 8.618555021894610535e-01 -4.495901360598006380e-03
5.054899453159592548e-01 8.628312948638907631e-01 -1.687013565728463869e-03
5.050761793054497906e-01 8.630745386946261366e-01 1.081331263745624344e-03
5.058768091329818306e-01 8.625977575097525385e-01 3.813056389590644898e-03
5.078738900610668683e-01 8.614072693260703684e-01 6.511977480354513501e-03
5.110482160374774097e-01 8.595034586546760336e-01 9.181723959931215387e-03
5.153792735545312809e-01 8.568810521115479695e-01 1.182566393618850013e-02
5.208451137388391272e-01 8.535293999969651990e-01 1.444683145078271697e-02
5.274221489341544000e-01 8.494327684839239057e-01 1.704785497709601638e-02
5.356781807127988237e-01 8.441656512183027816e-01 2.083317753060187974e-02
5.454985033659488503e-01 8.377508529915731472e-01 2.461041881551289875e-02
5.568426465187018559e-01 8.301333456393699128e-01 2.838445261951970389e-02
5.696642685970527697e-01 8.212485683348775822e-01 3.215885127075480965e-02
5.839098950957957168e-01 8.110232065668250279e-01 3.593569678989963490e-02
5.995175170589396307e-01 7.993761419894114262e-01 3.971538349656231204e-02
6.164150803623276165e-01 7.862196206546722133e-01 4.349641404100892256e-02
6.345189065832409492e-01 7.714606889842254844e-01 4.727519255490897354e-02
6.537320988341669414e-01 7.550029461827389987e-01 5.104582059822282414e-02
6.739430006616669022e-01 7.367486577122136504e-01 5.479990379496229441e-02
6.950237923741855450e-01 7.166012658919886924e-01 5.852637942604504984e-02
7.168293259501813397e-01 6.944683195991854241e-01 6.221137765413554260e-02
7.391963154704181971e-01 6.702648244761963969e-01 6.583813129698341815e-02
7.619430127462097913e-01 6.439169873923780152e-01 6.938695087264734607e-02
7.848695048863824075e-01 6.153662941316954127e-01 7.283528267257509403e-02
8.077587689794846204e-01 5.845738182449929932e-01 7.615786748540043227e-02
8.303786057743798299e-01 5.515246137409751670e-01 7.932701588923456171e-02
8.524845464622773372e-01 5.162319981960913351e-01 8.231301239047286722e-02
8.738237825580685847e-01 4.787414907620508586e-01 8.508465487199994015e-02
8.941401082148932034e-01 4.391341374656893559e-01 8.760992779514932549e-02
9.131797891163780934e-01 3.975289408053127027e-01 8.985679765037168920e-02
9.306981871496258218e-01 3.540841183649363622e-01 9.179410790708057710e-02
9.464668829725115806e-01 3.089969509382319846e-01 9.339253918447550096e-02
9.602809593162284774e-01 2.625020466268054298e-01 9.462558987601256411e-02
9.719660476194517118e-01 2.148679417427924176e-01 9.547052449914272820e-02
9.813847101329218336e-01 1.663920756754565800e-01 9.590923303698872804e-02
9.884417372390360557e-01 1.173943042835034478e-01 9.592894558795066196e-02
9.930879892504232975e-01 6.820924062893328477e-02 9.552275325335317369e-02
9.953225014505219237e-01 1.917781747183625041e-02 9.468989811502338816e-02
9.951926925636241927e-01 -2.936146127369227560e-02 9.343581131479991586e-02
9.927926569239959864e-01 -7.708108318691209160e-02 9.177189688535712653e-02
9.882596629247450970e-01 -1.236724247438045765e-01 8.971507791594773851e-02
9.817691080544530546e-01 -1.688525665188786995e-01 8.728713863641113235e-02
9.735282796433157859e-01 -2.123697076037641129e-01 8.451390916622858462e-02
9.637693307872647885e-01 -2.540069816528132685e-01 8.142434773449280794e-02
9.527418992508310813e-01 -2.935846051642262977e-01 7.804957766028382260e-02
9.407057759049419765e-01 -3.309604092356052130e-01 7.442193361413218522e-02
9.279239757302314429e-01 -3.660289071938175876e-01 7.057406462765990207e-02
9.146564889252729591e-01 -3.987191245530453121e-01 6.653813134841281285e-02
9.011549034846496609e-01 -4.289914617311695877e-01 6.234512364679983126e-02
8.876580041866853898e-01 -4.568338750764769918e-01 5.802431325543464663e-02
8.743883745579605904e-01 -4.822576523762039935e-01 5.360284575850732952e-02
8.615499636012482476e-01 -5.052930313017112152e-01 4.910546768325653455e-02
8.493265306210464605e-01 -5.259848699111666637e-01 4.455437803733119234e-02
8.378808496814396101e-01 -5.443885336509630690e-01 3.996918942388986290e-02
8.273545386303070570e-01 -5.605661184474443060e-01 3.536698165220684281e-02
8.178683736805638649e-01 -5.745830882414405538e-01 3.076243020093768696e-02
8.095229562481630614e-01 -5.865053700576490225e-01 2.616799257629073144e-02
8.023996111220488281e-01 -5.963969215463135187e-01 2.159413713101239127e-02
7.965614114357826292e-01 -6.043177650415828550e-01 1.704960090822805682e-02
7.920542441846005755e-01 -6.103224680262747670e-01 1.254166524838019360e-02
7.889078486034618587e-01 -6.144590415419733942e-01 8.076440022101775973e-03
7.871367775352761109e-01 -6.167682244057504093e-01 3.659149270388096023e-03
7.867412483638193121e-01 -6.172831209188104351e-01 -7.055873509027085072e-04
7.877078648973697694e-01 -6.160291619647465522e-01 -5.013481661323326150e-03
7.900102047420620721e-01 -6.130243629941073413e-01 -9.260316020649674018e-03
7.936092783186304844e-01 -6.082798565074357677e-01 -1.344169725960582019e-02
7.984538759354480320e-01 -6.018006805416816762e-01 -1.755282813803992620e-02
8.044808284123995401e-01 -5.935868077163032330e-01 -2.158829903459114422e-02
8.116152147736361844e-01 -5.836344010957951189e-01 -2.554190282945108942e-02
8.203656624406816533e-01 -5.709858015604327708e-01 -3.124355668033996711e-02
8.305198460293394813e-01 -5.557699269228500993e-01 -3.684216847403036510e-02
8.419142419898878460e-01 -5.379494781165125028e-01 -4.232666476423947721e-02
8.543617540116305031e-01 -5.174872815636891721e-01 -4.768325197122961351e-02
8.676520421772694336e-01 -4.943509082589980230e-01 -5.289524740903951694e-02
8.815523675525529512e-01 -4.685176974288651763e-01 -5.794301923319445519e-02
8.958091346428161961e-01 -4.399800655835665042e-01 -6.280405342762741816e-02
9.101503003517659174e-01 -4.087509328359230643e-01 -6.745316476125197414e-02
9.242887872539945482e-01 -3.748690461259020501e-01 -7.186286520734869177e-02
9.379269885950983765e-01 -3.384039292409737887e-01 -7.600389726368296517e-02
9.507623817027474056e-01 -2.994601496569446186e-01 -7.984593081828333938e-02
9.624941773582255111e-01 -2.581805706480924112e-01 -8.335841092050517986e-02
9.728308304603613399e-01 -2.147482621456145158e-01 -8.651153074024720002e-02
9.814981309609321913e-01 -1.693867821734049983e-01 -8.927729031591556674e-02
9.882474956683593437e-01 -1.223586157450578527e-01 -9.163058901095447184e-02
9.928640050403692019e-01 -7.396166834821532587e-02 -9.355028977054141714e-02
9.951736881503634446e-01 -2.452384918754090676e-02 -9.502018810628506951e-02
9.950495643241648036e-01 2.560406796641084837e-02 -9.602981966178431028e-02
9.924160067159609744e-01 7.605696875147273384e-02 -9.657504792165100271e-02
9.872510992049776668e-01 1.264648420554680686e-01 -9.665838784496638691e-02
9.795868034953830739e-01 1.764625915195561501e-01 -9.628904061653772994e-02
9.695069215578023814e-01 2.256996281621700684e-01 -9.548263711522636532e-02
9.571430089269925556e-01 2.738486813212705484e-01 -9.426071036676317294e-02
9.426685458668269124e-01 3.206133433872392913e-01 -9.264993739876888068e-02
9.262917883905231742e-01 3.657339851105355644e-01 -9.068120621298111916e-02
9.082477882191484220e-01 4.089918255126729352e-01 -8.838857253057461061e-02
8.887900863588497069e-01 4.502110942285351136e-01 -8.580817307387328396e-02
8.681825530092139864e-01 4.892593662750547301e-01 -8.297715794474910811e-02
8.466917768391184484e-01 5.260462655801317888e-01 -7.993269545466112624e-02
8.245803125818313983e-01 5.605208155388436975e-01 -7.671109031759380803e-02
8.021009914846470856e-01 5.926677597454769186e-01 -7.334704230182804985e-02
7.794923969935482200e-01 6.225031863673515797e-01 -6.987305891942745262e-02
7.569755177742026886e-01 6.500697715044378988e-01 -6.631902378832792155e-02
7.347515177670136399e-01 6.754319183475288035e-01 -6.271191272662250682e-02
7.130005109452547396e-01 6.986710183643091154e-01 -5.907564276359228428e-02
6.918811964140482162e-01 7.198810056064146590e-01 -5.543103502746142552e-02
6.715311950690353582e-01 7.391643214786692839e-01 -5.179587057985703125e-02
6.520679287235893185e-01 7.566283590590686670e-01 -4.818501824740859668e-02
