1.000000000000000000e+00 0.000000000000000000e+00 0.000000000000000000e+00
9.999999962218851790e-01 -3.406654785354977998e-05 7.997322037948187683e-05
9.999999647061648123e-01 -1.146201522267114036e-04 2.396872439088612995e-04
9.999998530699252264e-01 -2.540422686548612745e-04 4.788767122737394881e-04
9.999995742424422351e-01 -4.646701717406548273e-04 7.972434598139119862e-04
9.999989987541947345e-01 -7.587918278965805887e-04 1.194456639901179560e-03
9.999979456057936922e-01 -1.148640755364406692e-03 1.670152838614879414e-03
9.999961717467310551e-01 -1.646390854316499668e-03 2.223936169759137445e-03
9.999933601972326169e-01 -2.264151185411737884e-03 2.855378344712261336e-03
9.999891068498942825e-01 -3.013960670281501733e-03 3.564018710113365639e-03
9.999829059912072049e-01 -3.907782682103243949e-03 4.349364245980818708e-03
9.999741345865661435e-01 -4.957499488728824531e-03 5.210889516527718833e-03
9.999620353759356428e-01 -6.174906504824822541e-03 6.148036565697227729e-03
9.999456988310583272e-01 -7.571706303209267686e-03 7.160214749290780278e-03
9.999240440289705045e-01 -9.159502329095001172e-03 8.246800495510213033e-03
9.998957985006888816e-01 -1.094979225433989969e-02 9.407136985785522626e-03
9.998594771182942598e-01 -1.295396090212904902e-02 1.064053374791786889e-02
9.998133600883253314e-01 -1.518327266584910441e-02 1.194626615383664360e-02
9.997554701244549813e-01 -1.764886333934148274e-02 1.332357481465382305e-02
9.996835488779167722e-01 -2.036173126932511179e-02 1.477166486620166974e-02
9.995950327101378319e-01 -2.333272773465411287e-02 1.628970513886414742e-02
9.994870278985741319e-01 -2.657254645132012955e-02 1.787682720626061067e-02
9.993562853738906515e-01 -3.009171209682943299e-02 1.953212430821423679e-02
9.991991750944384520e-01 -3.390056774289526564e-02 2.125465014443862766e-02
9.990116601724974288e-01 -3.800926108140764009e-02 2.304341753650438959e-02
9.987892708760218730e-01 -4.242772932550583492e-02 2.489739695690311796e-02
9.985270786396743814e-01 -4.716568266542142673e-02 2.681551492540728762e-02
9.982196702297854163e-01 -5.223258615772832097e-02 2.879665227442902015e-02
9.978611222195343800e-01 -5.763763992688573229e-02 3.083964228670387636e-02
9.974449759431058826e-01 -6.338975755965318981e-02 3.294326871036266924e-02
9.969642131107978589e-01 -6.949754257626314380e-02 3.510626365829688095e-02
9.964112322809980382e-01 -7.596926286733221567e-02 3.732730540066202252e-02
9.957778263995232804e-01 -8.281282299255658674e-02 3.960501606138642355e-02
9.950551616319250892e-01 -9.003573424645355816e-02 4.193795923164518602e-02
9.942337577298693274e-01 -9.764508240796093697e-02 4.432463751540333813e-02
9.933034701884267959e-01 -1.056474931047685084e-01 4.676349002430703339e-02
9.922534744668589646e-01 -1.140490947400020633e-01 4.925288984138320725e-02
9.910722525610027311e-01 -1.228554789484695708e-01 5.179114147516779981e-02
9.897475822303616333e-01 -1.320716585722537528e-01 5.437647832798928049e-02
9.882665291971807209e-01 -1.417020231711136058e-01 5.700706020415152731e-02
9.866154426477387052e-01 -1.517502921120293391e-01 5.968097088564923436e-02
9.847799543774338193e-01 -1.622194653143409770e-01 6.239621580476639034e-02
9.827449819305217327e-01 -1.731117717622988605e-01 6.515071984440756747e-02
9.804947360920944766e-01 -1.844286159354164845e-01 6.794232529824366373e-02
9.780127330935673990e-01 -1.961705223486844007e-01 7.076879002366612270e-02
9.752818118930162150e-01 -2.083370784392901964e-01 7.362778582108360503e-02
9.722841568876319229e-01 -2.209268760837355960e-01 7.651689707320910583e-02
9.690013264067768306e-01 -2.339374520788048140e-01 7.943361967762030407e-02
9.654142873200655117e-01 -2.473652279712819924e-01 8.237536030498150696e-02
9.615034560750396198e-01 -2.612054496741055831e-01 8.533943601384523514e-02
9.572487464528347534e-01 -2.754521273601470699e-01 8.832307425086458053e-02
9.526296242973203432e-01 -2.900979761782724875e-01 9.132341326251193492e-02
9.476251694331341291e-01 -3.051343583889450928e-01 9.433750294099291223e-02
9.422141449405545544e-01 -3.205512275674192169e-01 9.736230612295641851e-02
9.363750739000725742e-01 -3.363370755705300530e-01 1.003947003548387451e-01
9.300863236567916692e-01 -3.524788830070978984e-01 1.034314801332624351e-01
9.233261975845032943e-01 -3.689620739908698321e-01 1.064693596228819539e-01
9.160730342517205971e-01 -3.857704759875097422e-01 1.095049758474887919e-01
9.083053138075563027e-01 -4.028862855921927499e-01 1.125348923431444131e-01
9.000017713147442366e-01 -4.202900410906460493e-01 1.155556032547061657e-01
8.911415166611693639e-01 -4.379606026628332094e-01 1.185635378494808712e-01
8.817041605810354010e-01 -4.558751410838022267e-01 1.215550654140353515e-01
8.716699462135080179e-01 -4.740091357595273558e-01 1.245265004925866781e-01
8.610198855217530145e-01 -4.923363829060274921e-01 1.274741084180805450e-01
8.497358997903545763e-01 -5.108290146369917073e-01 1.303941110802497305e-01
8.378009633158863823e-01 -5.294575296681476306e-01 1.332826928688456425e-01
8.251992493057966893e-01 -5.481908362754837061e-01 1.361360067250753925e-01
8.119162769066833318e-01 -5.669963080592743676e-01 1.389501802302759714e-01
7.979390581964600493e-01 -5.858398529670340027e-01 1.417213216582289548e-01
7.832562438978041275e-01 -6.046859959167333320e-01 1.444455259164567906e-01
7.678582665045168287e-01 -6.234979752378352336e-01 1.471188803025174074e-01
7.517374794597997401e-01 -6.422378530132462071e-01 1.497374700038633100e-01
7.348882909875456004e-01 -6.608666392616945329e-01 1.522973832743501621e-01
7.173072911559549292e-01 -6.793444297491701978e-01 1.547947162270160160e-01
6.989933707482315350e-01 -6.976305570619280028e-01 1.572255771912965949e-01
6.799478305286186242e-01 -7.156837544143725971e-01 1.595860905933265683e-01
6.601744795241056840e-01 -7.334623315052385406e-01 1.618724003302699777e-01
6.396797209929406813e-01 -7.509243615772392966e-01 1.640806726235275459e-01
6.184726248204370780e-01 -7.680278786811648439e-01 1.662070983509239819e-01
5.965649851699641459e-01 -7.847310839976010532e-01 1.682478948742618108e-01
5.739713623216233795e-01 -8.009925599302343269e-01 1.701993073955625768e-01
5.507091077518285749e-01 -8.167714905561603844e-01 1.720576098924759545e-01
5.267983716424555762e-01 -8.320278869025833357e-01 1.738191057002593798e-01
5.022620921568506924e-01 -8.467228154174080146e-01 1.754801278239270512e-01
4.771259659800479724e-01 -8.608186279148558606e-01 1.770370390791387860e-01
4.514183997902240786e-01 -8.742791912074903138e-01 1.784862321736489232e-01
4.251704425058204229e-01 -8.870701145837819324e-01 1.798241298521884024e-01
3.984156983359753434e-01 -8.991589732561792170e-01 1.810471852360675815e-01
3.711902208490485133e-01 -9.105155258889847669e-01 1.821518824941749382e-01
3.435323884632333624e-01 -9.211119243183630845e-01 1.831347379840846112e-01
3.154827619527508786e-01 -9.309229135985763737e-01 1.839923020004321785e-01
2.870839247511713932e-01 -9.399260205489722297e-01 1.847211612624220234e-01
2.583803070183413597e-01 -9.481017290351626547e-01 1.853179422632420248e-01
2.294179946175621820e-01 -9.554336402949710205e-01 1.857793155913406435e-01
2.002445243234496630e-01 -9.619086167147814503e-01 1.861020013171369170e-01
1.709086667466611642e-01 -9.675169075745162495e-01 1.862827755190640810e-01
1.414601986177270732e-01 -9.722522554091548308e-01 1.863184780002820895e-01
1.119496662168225909e-01 -9.761119817809488231e-01 1.862060212224188882e-01
8.242814186763232354e-02 -9.790970514186229101e-01 1.859424004558926091e-01
5.294697552957685488e-02 -9.812121138570426560e-01 1.855247051183805951e-01
2.355754362158662615e-02 -9.824655219020312913e-01 1.849501312445476497e-01
-5.689002709736573626e-03 -9.828693264489033465e-01 1.842159950019768011e-01
-3.471466955497507639e-02 -9.824377222638213114e-01 1.833330952763786437e-01
-6.347584096262950948e-02 -9.811903672240577245e-01 1.823082304646933272e-01
-9.193126857541435160e-02 -9.791496387040621308e-01 1.811481070034253738e-01
-1.200421800914941994e-01 -9.763403648864633633e-01 1.798593240429530171e-01
-1.477723624730165053e-01 -9.727895562669274243e-01 1.784483606555819779e-01
-1.750882210749059587e-01 -9.685261398644681163e-01 1.769215654192693998e-01
-2.019588160630740592e-01 -9.635806983639917389e-01 1.752851481999364025e-01
-2.283558776405221202e-01 -9.579852161312890635e-01 1.735451739423615747e-01
-2.542538017059316480e-01 -9.517728337585581455e-01 1.717075582722689675e-01
-2.796296276364230171e-01 -9.449776125259372606e-01 1.697780647097811291e-01
-3.044629999187050684e-01 -9.376343099054513797e-01 1.677623032962495819e-01
-3.287361153554254067e-01 -9.297781669912239533e-01 1.656657304419311139e-01
-3.524336575506967772e-01 -9.214447085158636863e-01 1.634936498103904678e-01
-3.755427203348739584e-01 -9.126695559088748855e-01 1.612512140662427373e-01
-3.980527217277630703e-01 -9.034882536693513710e-01 1.589434273253108876e-01
-4.199553099652967858e-01 -8.939361091621087496e-01 1.565751481599238770e-01
-4.412442630306568914e-01 -8.840480458033455058e-01 1.541510930264350099e-01
-4.619153830398249894e-01 -8.738584694780939799e-01 1.516758399966785520e-01
-4.819663867361457243e-01 -8.634011479260725874e-01 1.491538326896445499e-01
-5.013967932508636149e-01 -8.527091027438352677e-01 1.465893843138406649e-01
-5.202078101885474481e-01 -8.418145135779872001e-01 1.439866817443854197e-01
-5.384022189993168395e-01 -8.307486340252981938e-01 1.413497895716557262e-01
-5.559842605050074882e-01 -8.195417187093978484e-01 1.386826540701562582e-01
-5.729595213547565846e-01 -8.082229609690022576e-01 1.359891070470985175e-01
-5.893348220976486473e-01 -7.968204405679992774e-01 1.332728695399208463e-01
-6.051181074765086265e-01 -7.853610808219607664e-01 1.305375553406271372e-01
-6.203183394679998575e-01 -7.738706145276201820e-01 1.277866743323802790e-01
-6.349453935200634058e-01 -7.623735580804866796e-01 1.250236356302862062e-01
-6.490099583685127183e-01 -7.508931931701128271e-01 1.222517505237960961e-01
-6.625234397502749450e-01 -7.394515554517219202e-01 1.194742352226978305e-01
-6.754978682712813320e-01 -7.280694296061581694e-01 1.166942134123368363e-01
-6.879458116322455519e-01 -7.167663502167559431e-01 1.139147186265785511e-01
-6.998802913653773272e-01 -7.055606079111214068e-01 1.111386964491819090e-01
-7.113147041892916578e-01 -6.944692602374313850e-01 1.083690065557779553e-01
-7.222627480477954443e-01 -6.835081467682082579e-01 1.056084246096226364e-01
-7.327383528606646879e-01 -6.726919079491930908e-01 1.028596440247966370e-01
-7.427556159807613412e-01 -6.620340072365471507e-01 1.001252776106335007e-01
-7.523287423216667991e-01 -6.515467560918322132e-01 9.740785911094108906e-02
-7.614719890932266644e-01 -6.412413414307669424e-01 9.470984465110535155e-02
-7.701996150587997469e-01 -6.311278551483728849e-01 9.203361410548892285e-02
-7.785258342073801963e-01 -6.212153253695963384e-01 8.938147239671322131e-02
-7.864647737159277119e-01 -6.115117491006190065e-01 8.675565073748779665e-02
-7.940304360619923063e-01 -6.020241259816878632e-01 8.415830782466603155e-02
-8.012366651338839185e-01 -5.927584928672607889e-01 8.159153099419559629e-02
-8.080971161750268861e-01 -5.837199589834468627e-01 7.905733734462523643e-02
-8.146252293905817954e-01 -5.749127414360218902e-01 7.655767483584931254e-02
-8.208342070377494526e-01 -5.663402008646296615e-01 7.409442336883736990e-02
-8.267369938162287824e-01 -5.580048770600640751e-01 7.166939585122185374e-02
-8.323462603719299358e-01 -5.499085243817174451e-01 6.928433925281339556e-02
-8.376743897250999993e-01 -5.420521468313260760e-01 6.694093565438608007e-02
-8.427334664333597791e-01 -5.344360326570217756e-01 6.464080329242934131e-02
-8.475352683006411869e-01 -5.270597883783901816e-01 6.238549760199843530e-02
-8.520912604445345373e-01 -5.199223721387348229e-01 6.017651225931142100e-02
-8.564125915369790176e-01 -5.130221263050573910e-01 5.801528022533371243e-02
-8.605100920364510131e-01 -5.063568092494031836e-01 5.590317479125676142e-02
-8.643942742337156204e-01 -4.999236262572073763e-01 5.384151062651011677e-02
-8.680753339377108579e-01 -4.937192595191436939e-01 5.183154482973870159e-02
-8.715631536331437390e-01 -4.877398971727587296e-01 4.987447798302281632e-02
-8.748673069468042574e-01 -4.819812613689167802e-01 4.797145520950974601e-02
-8.779970642653774915e-01 -4.764386353458265333e-01 4.612356723455474788e-02
-8.809613993535786447e-01 -4.711068895002271106e-01 4.433185145042863040e-02
-8.837689968276941643e-01 -4.659805064512319572e-01 4.259729298463125341e-02
-8.864282603460216237e-01 -4.610536050974212707e-01 4.092082577184823905e-02
-8.889473213842096211e-01 -4.563199636721003705e-01 3.930333362959527455e-02
-8.913340484700644772e-01 -4.517730418052627872e-01 3.774565133760455354e-02
-8.935960567589650294e-01 -4.474060016037741394e-01 3.624856572101534113e-02
-8.957407178375756951e-01 -4.432117277636922203e-01 3.481281673743075872e-02
-8.977751696500397838e-01 -4.391828467305183281e-01 3.343909856789099161e-02
-8.997063264472342503e-01 -4.353117449245995085e-01 3.212806071178572059e-02
-9.015408886659532772e-01 -4.315905860499285041e-01 3.088030908568263275e-02
-9.032853526510352671e-01 -4.280113275052782607e-01 2.969640712598179549e-02
-9.049460201394349257e-01 -4.245657359170150191e-01 2.857687689521589552e-02
-9.065290074310530244e-01 -4.212454018131155942e-01 2.752220019170241450e-02
-9.080402541767526037e-01 -4.180417534579171646e-01 2.653281966211526455e-02
-9.094855317194018296e-01 -4.149460698670063286e-01 2.560913991637992285e-02
-9.108704509289727858e-01 -4.119494930214487316e-01 2.475152864410802220e-02
-9.122004694776892908e-01 -4.090430393003174347e-01 2.396031773157555195e-02
-9.134808985059380548e-01 -4.062176101502370518e-01 2.323580437801425411e-02
-9.147169086341354616e-01 -4.034640020104562352e-01 2.257825220972996955e-02
-9.159135352799695484e-01 -4.007729155118293085e-01 2.198789239028651338e-02
-9.170756832444048046e-01 -3.981349639680581420e-01 2.146492472470087898e-02
-9.182081305335501042e-01 -3.955406811776457365e-01 2.100951875528766707e-02
-9.193155313869390000e-01 -3.929805285552687155e-01 2.062181484646982352e-02
-9.204024184859641577e-01 -3.904449016117079729e-01 2.030192525554170430e-02
-9.214732043191362632e-01 -3.879241358021070507e-01 2.004993518603168101e-02
-9.225321816835170274e-01 -3.854085117631702584e-01 1.986590381996777843e-02
-9.235835233041000958e-01 -3.828882599609852999e-01 1.974986532500390760e-02
-9.246312805551000213e-01 -3.803535647724687885e-01 1.970182983201888491e-02
-9.256793812690601309e-01 -3.777945680249996108e-01 1.972178437845851715e-02
-9.267316266214216114e-01 -3.752013720206335279e-01 1.980969381235532858e-02
-9.277916870797228155e-01 -3.725640420733898339e-01 1.996550165163395868e-02
-9.288630974079312708e-01 -3.698726085904749938e-01 2.018913089299554861e-02
-9.299492507175828315e-01 -3.671170687309618375e-01 2.048048476437462281e-02
-9.310533915584211506e-01 -3.642873876783814802e-01 2.083944741467992981e-02
-9.321786080421363696e-01 -3.613734995669108940e-01 2.126588453426919018e-02
-9.333278229936143866e-01 -3.583653081043529087e-01 2.175964389937011523e-02
-9.345037841248678978e-01 -3.552526869389077691e-01 2.232055583344919047e-02
-9.357090532275559314e-01 -3.520254798208269365e-01 2.294843357834901176e-02
-9.369459943807632030e-01 -3.486735006144159876e-01 2.364307356786788869e-02
-9.382167611715341859e-01 -3.451865332205126813e-01 2.440425559634539637e-02
-9.395143676937800503e-01 -3.415844099488641872e-01 2.515641339281858221e-02
-9.408370724780505956e-01 -3.378680693425273884e-01 2.589926899526941162e-02
-9.421830996634944499e-01 -3.340384943183427047e-01 2.663254388526399216e-02
-9.435506412109666563e-01 -3.300967136312074612e-01 2.735595911505207117e-02
-9.449378591892670931e-01 -3.260438033120266477e-01 2.806923544850635499e-02
-9.463428881337502263e-01 -3.218808880730336663e-01 2.877209351583860306e-02
-9.477638374762642481e-01 -3.176091426741284862e-01 2.946425398198280685e-02
-9.491987940450800076e-01 -3.132297932438548038e-01 3.014543772848770481e-02
-9.506458246331587203e-01 -3.087441185486337614e-01 3.081536604871181612e-02
-9.521029786327855904e-01 -3.041534512038882587e-01 3.147376085606399393e-02
-9.535682907342613035e-01 -2.994591788207313643e-01 3.212034490498164030e-02
-9.550397836860010647e-01 -2.946627450819572225e-01 3.275484202428698838e-02
-9.565154711130405829e-01 -2.897656507411605076e-01 3.337697736251005187e-02
-9.579933603905924633e-01 -2.847694545389267140e-01 3.398647764471442179e-02
-9.594714555689357605e-01 -2.796757740301759054e-01 3.458307144030993430e-02
-9.609477603455629513e-01 -2.744862863169124090e-01 3.516648944128432375e-02
-9.624202810801453234e-01 -2.692027286808294506e-01 3.573646475023452285e-02
-9.638870298475227250e-01 -2.638268991104427696e-01 3.629273317752768763e-02
-9.653460275235703492e-01 -2.583606567176816582e-01 3.683503354687256426e-02
-9.667953068984508347e-01 -2.528059220391465911e-01 3.736310800853367281e-02
-9.682329158114275636e-01 -2.471646772175546680e-01 3.787670235937450752e-02
-9.696569203010909632e-01 -2.414389660592307918e-01 3.837556636887148875e-02
-9.710654077645461957e-01 -2.356308939638691036e-01 3.885945411019851164e-02
-9.724564901188214039e-01 -2.297426277231807146e-01 3.932812429544249588e-02
-9.738283069574864559e-01 -2.237763951854614686e-01 3.978134061397400195e-02
-9.751790286952293219e-01 -2.177344847835548380e-01 4.021887207296377664e-02
-9.765068596929150635e-01 -2.116192449241492690e-01 4.064049333900665584e-02
-9.778100413554601245e-01 -2.054330832368349846e-01 4.104598507978839822e-02
-9.790868551946922960e-01 -1.991784656818485488e-01 4.143513430470957548e-02
-9.803356258492332831e-01 -1.928579155159555747e-01 4.180773470336329733e-02
-9.815547240533439854e-01 -1.864740121164566167e-01 4.216358698075111516e-02
-9.827425695466095457e-01 -1.800293896638494595e-01 4.250249918811346839e-02
-9.838976339163130191e-01 -1.735267356842376263e-01 4.282428704824845639e-02
-9.850184433643606186e-01 -1.669687894531378392e-01 4.312877427419496007e-02
-9.861035813906684488e-01 -1.603583402629061294e-01 4.341579288016380461e-02
-9.871516913850143515e-01 -1.536982255565688404e-01 4.368518348361381809e-02
-9.881614791194853753e-01 -1.469913289314083993e-01 4.393679559738788293e-02
-9.891317151338236968e-01 -1.402405780162115367e-01 4.417048791084818987e-02
-9.900612370061844247e-01 -1.334489422266350311e-01 4.438612855897904053e-02
-9.909489515020692973e-01 -1.266194304036791229e-01 4.458359537846037085e-02
-9.917938365944906076e-01 -1.197550883407769995e-01 4.476277614975504582e-02
-9.925949433487479823e-01 -1.128589962055074475e-01 4.492356882429808518e-02
-9.933513976655660160e-01 -1.059342658624136124e-01 4.506588173592594726e-02
-9.940624018767424408e-01 -9.898403810386047219e-02 4.518963379573885664e-02
-9.947272361878893854e-01 -9.201147979628425400e-02 4.529475466964828778e-02
-9.953452599633179076e-01 -8.501978094957581000e-02 4.538118493792517999e-02
-9.959159128486102519e-01 -7.801215171769390611e-02 4.544887623613177302e-02
-9.964387157269456452e-01 -7.099181933892169394e-02 4.549779137689062558e-02
-9.969132715057904548e-01 -6.396202502445723359e-02 4.552790445201832653e-02
-9.973392657311295206e-01 -5.692602080426572425e-02 4.553920091462801412e-02
-9.977184092401684135e-01 -4.992102074303229886e-02 4.545183366310676792e-02
-9.980506988223922793e-01 -4.296269506173279462e-02 4.526600315831572074e-02
-9.983365258625349625e-01 -3.606668192128877071e-02 4.498196535979476218e-02
-9.985766670034237347e-01 -2.924857198200097805e-02 4.460003105817970936e-02
-9.987722721320745345e-01 -2.252389343823434781e-02 4.412056497090420526e-02
-9.989248497417894113e-01 -1.590809766681022808e-02 4.354398461519903146e-02
-9.990362497336170433e-01 -9.416545617429238069e-03 4.287075897497508170e-02
-9.991086437302169054e-01 -3.064495061628810975e-03 4.210140698058970760e-02
-9.991445029837938696e-01 3.132911196598158268e-03 4.123649582272897324e-02
-9.991465739672511503e-01 9.160656060190746144e-03 4.027663912367240168e-02
-9.991178517439643914e-01 1.500385775613818050e-02 3.922249499102715975e-02
-9.990615512165773593e-01 2.064777827521530745e-02 3.807476398061268585e-02
-9.989810763589335174e-01 2.607783059732505723e-02 3.683418699653567135e-02
-9.988799875377049053e-01 3.127958468431811523e-02 3.550154315761226698e-02
-9.987619670315068809e-01 3.623877224165555910e-02 3.407764766016573715e-02
-9.986307828553560029e-01 4.094129027023375028e-02 3.256334966785247309e-02
-9.984902509973446749e-01 4.537320344995131316e-02 3.095953025954786830e-02
-9.983441961724884850e-01 4.952074541702386479e-02 2.926710046645956617e-02
-9.981964111960064390e-01 5.337031901751123492e-02 2.748699942953275119e-02
-9.980506150749826055e-01 5.690849563989283655e-02 2.562019270787660452e-02
-9.979104099136334449e-01 6.012201374969993600e-02 2.366767076837874087e-02
-9.977792367234716853e-01 6.299777676908872859e-02 2.163044768589206246e-02
-9.976603302257487371e-01 6.552285046372635646e-02 1.950956008238255782e-02
-9.975566727299108871e-01 6.768446001838154813e-02 1.730606633222284488e-02
-9.974709471686755702e-01 6.946998700108737712e-02 1.502104605940990378e-02
-9.974054893679884515e-01 7.086696643360451686e-02 1.265559995088012119e-02
-9.973622396288205350e-01 7.186308420308758216e-02 1.021084990829270421e-02
-9.973426936977906054e-01 7.244617506627118453e-02 7.687939558654089539e-03
-9.973478532052186818e-01 7.260422151306430982e-02 5.088035141959868640e-03
-9.973781756527030362e-01 7.232535377107851549e-02 2.412326791633269581e-03
-9.974335240379404999e-01 7.159785124620857144e-02 -3.379697790647923084e-04
-9.975131162125250306e-01 7.041014570680262374e-02 -3.161611174297098825e-03
-9.976154740791195463e-01 6.875082653004720157e-02 -6.057323789266603337e-03
-9.977383727479206543e-01 6.660864833876307955e-02 -9.023800856145125504e-03
-9.978787897889395131e-01 6.397254136463899343e-02 -1.205969906178824998e-02
-9.980328547364767378e-01 6.083162487975918992e-02 -1.516363474048164871e-02
-9.981957990254308744e-01 5.717522404180183648e-02 -1.833417964899961006e-02
-9.983619065658388969e-01 5.299289049914598232e-02 -2.156985633556502899e-02
-9.985244651923720349e-01 4.827442709992337683e-02 -2.486913311888719336e-02
-9.986757192593873622e-01 4.300991704333680804e-02 -2.823041869832135231e-02
-9.988068236894924734e-01 3.718975780183800262e-02 -3.165205642133869790e-02
-9.989077998242729128e-01 3.080470012846832362e-02 -3.513231823990697195e-02
-9.989674934695990105e-01 2.384589244422414059e-02 -3.866939839304196769e-02
-9.989735355744389089e-01 1.630493087509147024e-02 -4.226140685866992819e-02
-9.989123060308745528e-01 8.173915176749929276e-03 -4.590636262400055873e-02
-9.987689011334671685e-01 -5.544892537881779965e-04 -4.960218682979603694e-02
-9.985271052874966635e-01 -9.886983126820902967e-03 -5.334669585016492410e-02
-9.981693676070274579e-01 -1.982955867096518332e-02 -5.713759437572618616e-02
-9.976767840941699328e-01 -3.038741867244911313e-02 -6.097246857407551124e-02
-9.970290861391035708e-01 -4.156488918191873772e-02 -6.484877940732262924e-02
-9.962046361250056492e-01 -5.336532601118011004e-02 -6.876385619191542620e-02
-9.951804309614368238e-01 -6.579101523561990683e-02 -7.271489049086606038e-02
-9.939321144022568166e-01 -7.884306802157489691e-02 -7.669893043267110577e-02
-9.924339990279101853e-01 -9.252131021149863355e-02 -8.071287555448079798e-02
-9.906590987849617225e-01 -1.068241672229837957e-01 -8.475347226921851884e-02
-9.885791729759885182e-01 -1.217485449498103278e-01 -8.881731005716921035e-02
-9.861647825782439147e-01 -1.372897074931256900e-01 -9.290081848182822621e-02
-9.833853597377746336e-01 -1.534411526971592998e-01 -9.700026512731926842e-02
-9.802092912348558951e-01 -1.701944866146493374e-01 -1.011117545502504128e-01
-9.766040166448085591e-01 -1.875392981801015102e-01 -1.052312283322997671e-01
-9.725361418238008815e-01 -2.054630355213471760e-01 -1.093544663109576459e-01
-9.679715682307573621e-01 -2.239508854884232347e-01 -1.134770890545909044e-01
-9.628756384530550161e-01 -2.429856581199503485e-01 -1.175945616342819050e-01
-9.572132981348471237e-01 -2.625476778969555447e-01 -1.217021987287379564e-01
-9.509492743127967440e-01 -2.826146837481893770e-01 -1.257951710800523926e-01
-9.440482699456027582e-01 -3.031617398649300021e-01 -1.298685132973954326e-01
-9.364751741826097264e-01 -3.241611594524496653e-01 -1.339171329830876056e-01
-9.281952876555092935e-01 -3.455824435851895249e-01 -1.379358211313247151e-01
-9.191745617990293438e-01 -3.673922373388749940e-01 -1.419192637245489108e-01
-9.093798509158217414e-01 -3.895543053413121903e-01 -1.458620544266628627e-01
-8.987791754026115409e-01 -4.120295288109802057e-01 -1.497587082466247665e-01
-8.873419942549553019e-01 -4.347759260360553046e-01 -1.536036760211850205e-01
-8.750394846732706400e-01 -4.577486980843660236e-01 -1.573913595424394352e-01
-8.618448263102518325e-01 -4.809003013262500015e-01 -1.611161271353281355e-01
-8.477334874368661621e-01 -5.041805480978516218e-01 -1.647723294730689403e-01
-8.326835100684190083e-01 -5.275367365338654579e-01 -1.683543154056210411e-01
-8.166757908911713715e-01 -5.509138102592754382e-01 -1.718564475684191406e-01
-7.996943546707649952e-01 -5.742545482538248258e-01 -1.752731175364920790e-01
-7.817266167126847298e-01 -5.974997847966604381e-01 -1.785987602932434803e-01
-7.627636308876361015e-01 -6.205886589689326716e-01 -1.818278677940148580e-01
-7.428003197353483245e-01 -6.434588927472327802e-01 -1.849550014222565986e-01
-7.218356832218314478e-01 -6.660470962695541619e-01 -1.879748031606534586e-01
-6.998729828488907678e-01 -6.882890984074488960e-01 -1.908820053305877174e-01
-6.769198980004381694e-01 -7.101203003428989691e-01 -1.936714387903134271e-01
-6.529886516558939258e-01 -7.314760494357127607e-01 -1.963380395243383147e-01
-6.280961029031451037e-01 -7.522920302861129116e-01 -1.988768536026968292e-01
-6.022638040370388302e-01 -7.725046695559651955e-01 -2.012830405377577236e-01
-5.755180204278163014e-01 -7.920515508181308340e-01 -2.035518751164699380e-01
-5.478897117797556504e-01 -8.108718354627417746e-01 -2.056787478359007881e-01
-5.194144738653037052e-01 -8.289066855064004535e-01 -2.076591641178725522e-01
-4.901324403053936574e-01 -8.460996840284582543e-01 -2.094887425227540123e-01
-4.600881444635557815e-01 -8.623972488991321628e-01 -2.111632122213589202e-01
-4.293303420210792809e-01 -8.777490354673025408e-01 -2.126784100159129220e-01
-3.979117952945478431e-01 -8.921083239400383613e-01 -2.140302772248219576e-01
-3.658890208378695608e-01 -9.054323873086941310e-01 -2.152148567604066920e-01
-3.333220023315962566e-01 -9.176828358543223096e-01 -2.162282907330447257e-01
-3.002738711969254459e-01 -9.288259344939414630e-01 -2.170668189088109101e-01
-2.668105577752991064e-01 -9.388328895042278299e-01 -2.177267783306092441e-01
-2.330004162828492320e-01 -9.476801014755481534e-01 -2.182046043852097217e-01
-1.989138270787997320e-01 -9.553493817019723666e-01 -2.184968335611732759e-01
-1.646458468915502349e-01 -9.618261447967643152e-01 -2.185914686160582709e-01
-1.302687493329660051e-01 -9.671048332902804079e-01 -2.184909885405271202e-01
-9.585452334698213450e-02 -9.711856590186017657e-01 -2.181979458529716975e-01
-6.147444481126914523e-02 -9.740744894555970479e-01 -2.177149487450263377e-01
-2.719866738898880226e-02 -9.757826966542512137e-01 -2.170446461734691079e-01
6.904164251649920481e-03 -9.763269718632169303e-01 -2.161897159544095837e-01
4.076727619088920535e-02 -9.757291090646000864e-01 -2.151528558389138590e-01
7.432609977347988395e-02 -9.740157607951019925e-01 -2.139367774784597942e-01
1.075185771082142194e-01 -9.712181696720373347e-01 -2.125442031253661213e-01
1.402854361806932237e-01 -9.673718790560397185e-01 -2.109778648587663785e-01
1.725704345918844529e-01 -9.625164262510444990e-01 -2.092405060816141527e-01
2.043205712899213156e-01 -9.566950215765956944e-01 -2.073348849990761800e-01
2.354862659890863685e-01 -9.499542165541910999e-01 -2.052637797636397143e-01
2.660215062685535869e-01 -9.423435643339476142e-01 -2.030299949571766072e-01
2.958839626155289060e-01 -9.339152753550880037e-01 -2.006363690746589545e-01
3.250350719246673514e-01 -9.247238710874189360e-01 -1.980857826775735964e-01
3.534400901899987790e-01 -9.148258385439802520e-01 -1.953811668965174109e-01
3.810681153289776635e-01 -9.042792880894811036e-01 -1.925255119810121707e-01
4.078920812624103887e-01 -8.931436168964244082e-01 -1.895218756191908438e-01
4.338887245403239001e-01 -8.814791802218551187e-01 -1.863733907795477596e-01
4.590385249533627809e-01 -8.693469724930321663e-01 -1.830832728602526105e-01
4.833256217026828394e-01 -8.568083200003928646e-01 -1.796548259674448089e-01
5.067377068188267941e-01 -8.439245868013152130e-01 -1.760914481813267152e-01
5.292658976216676470e-01 -8.307568952388296735e-01 -1.723966357066925303e-01
5.509045900989063549e-01 -8.173658622762225434e-01 -1.685739858417790171e-01
5.716512951493744055e-01 -8.038113526422988597e-01 -1.646271987351149435e-01
5.915064596890342585e-01 -7.901522495740987972e-01 -1.605600779336022188e-01
6.104732746516594588e-01 -7.764462437355680313e-01 -1.563765297557281331e-01
6.285574719324181769e-01 -7.627496406837900311e-01 -1.520805615510601727e-01
6.457671123209012265e-01 -7.491171870508696040e-01 -1.476762789306149404e-01
6.621123664507234663e-01 -7.356019154115267522e-01 -1.431678820720553580e-01
6.776052907562020167e-01 -7.222550076161388111e-01 -1.385596612188108034e-01
6.922596003736032344e-01 -7.091256761885768034e-01 -1.338559915031064251e-01
7.060904408562296286e-01 -6.962610632198886762e-01 -1.290613272296096958e-01
7.191141604906419182e-01 -6.837061560346984201e-01 -1.241801957591252697e-01
7.313480849073207279e-01 -6.715037187689352205e-01 -1.192171911307470245e-01
7.428102955750036651e-01 -6.596942388767341736e-01 -1.141769675564267561e-01
7.535194136558762690e-01 -6.483158874823030660e-01 -1.090642329144113493e-01
7.634943905809326026e-01 -6.374044924101536225e-01 -1.038837423578414937e-01
7.727543065833282210e-01 -6.269935226649190341e-01 -9.864029214242389654e-02
7.813181783045679563e-01 -6.171140830902532848e-01 -9.333871376292550426e-02
7.892047764659056996e-01 -6.077949179149227943e-01 -8.798386847273130529e-02
7.964324544772242165e-01 -5.990624218927392830e-01 -8.258064224428487976e-02
8.030189887395171588e-01 -5.909406577607421163e-01 -7.713394121130223713e-02
8.089814312862526613e-01 -5.834513787760564618e-01 -7.164868761659924645e-02
8.143359753044154825e-01 -5.766140551449731033e-01 -6.612981627255505590e-02
8.190978339786338935e-01 -5.704459032266595564e-01 -6.058227152497060175e-02
8.232811330119270687e-01 -5.649619164770496305e-01 -5.501100469565942119e-02
8.268988170943575300e-01 -5.601748971942663857e-01 -4.942097196478033305e-02
8.299625705160559308e-01 -5.560954882337597605e-01 -4.381713264090595500e-02
8.324953587928799470e-01 -5.527085785334457935e-01 -3.827148298368657220e-02
8.345130440020219753e-01 -5.500117050292731014e-01 -3.278879920123606295e-02
8.360300362129904350e-01 -5.480004215213987173e-01 -2.737367791903030922e-02
8.370593270713271306e-01 -5.466684004842020661e-01 -2.203053849509292728e-02
8.376125352669754331e-01 -5.460075306143648000e-01 -1.676362486371752239e-02
8.376999627141855642e-01 -5.460080103195061874e-01 -1.157700687694930217e-02
8.373306602872618853e-01 -5.466584374383443024e-01 -6.474581123060326772e-03
8.365125019755640379e-01 -5.479458955543765608e-01 -1.460071211768710492e-03
8.352522663413296522e-01 -5.498560373190596318e-01 3.462972473233021271e-03
8.335557241847157961e-01 -5.523731652379832990e-01 8.291173542967184007e-03
8.314277313418143578e-01 -5.554803103952737908e-01 1.302133087080662409e-02
8.288723255633534404e-01 -5.591593095982663186e-01 1.765042032629631982e-02
8.258928264445912770e-01 -5.633908814173048674e-01 2.217559693241053301e-02
8.224919374009364015e-01 -5.681547015754346841e-01 2.659419739418664164e-02
8.186718487095812069e-01 -5.734294781109303685e-01 3.090374293821873675e-02
8.144343406654873663e-01 -5.791930266933463800e-01 3.510194239504149660e-02
8.097808859310159368e-01 -5.854223464224606044e-01 3.918669545012516686e-02
8.047127501929438598e-01 -5.920936963805859543e-01 4.315609598415388187e-02
7.992310902791188720e-01 -5.991826731437809306e-01 4.700843541956752775e-02
7.933370489300529682e-01 -6.066642893880976883e-01 5.074220598808398125e-02
7.870318454687261767e-01 -6.145130536547865896e-01 5.435610383312863142e-02
7.803168616650110190e-01 -6.227030512649673888e-01 5.784903186180015422e-02
7.731937221495408519e-01 -6.312080263013047920e-01 6.122010226318402165e-02
7.656643687954591826e-01 -6.400014645032564564e-01 6.446863861344909186e-02
7.577311285550695219e-01 -6.490566768550120047e-01 6.759417749315914381e-02
7.493967743115371727e-01 -6.583468835827065435e-01 7.059646954850469502e-02
7.406645783828977869e-01 -6.678452982211504629e-01 7.347547993558925516e-02
7.315383583959578218e-01 -6.775252113612847404e-01 7.623138809534311944e-02
7.220225153303488907e-01 -6.873600736487889273e-01 7.886458681592260767e-02
7.121220636170215723e-01 -6.973235775724713204e-01 8.137568054940130802e-02
7.018426532597470402e-01 -7.073897375587909764e-01 8.376548295997972293e-02
6.911905840315899496e-01 -7.175329678763939789e-01 8.603501369163039925e-02
6.801728118796450673e-01 -7.277281578519696481e-01 8.818549435385371338e-02
6.687969477494351001e-01 -7.379507439059013185e-01 9.021834373484512171e-02
6.570712491141178502e-01 -7.481767779327275214e-01 9.213517226167483587e-02
6.450046045620013713e-01 -7.583829915767887897e-01 9.393777573687403515e-02
6.326065118578675373e-01 -7.685468559868563476e-01 9.562812838994344533e-02
6.198870499484407937e-01 -7.786466366741310319e-01 9.720837529060419313e-02
6.068568454293380432e-01 -7.886614431447230844e-01 9.868082417797481576e-02
5.935270340294969138e-01 -7.985712730294609596e-01 1.000479367661839813e-01
5.799092176990672254e-01 -8.083570504894305175e-01 1.013123195921429714e-01
5.660154179079219805e-01 -8.180006587337985691e-01 1.024767144752604942e-01
5.518580257743127548e-01 -8.274849665460076720e-01 1.035439886617650906e-01
5.374497496469704538e-01 -8.367938487741470865e-01 1.045171247280141380e-01
5.228035607594769818e-01 -8.459122008000868886e-01 1.053992103177428669e-01
5.079326375635109247e-01 -8.548259470587574738e-01 1.061934277876940835e-01
4.928503093282239900e-01 -8.635220437328279264e-01 1.069030438345399264e-01
4.775699995672471609e-01 -8.719884757981619661e-01 1.075313991735477731e-01
4.621051698234713845e-01 -8.802142486411221878e-01 1.080818983361530455e-01
4.464692643056455967e-01 -8.881893745095055248e-01 1.085579996495906474e-01
4.306756558308787453e-01 -8.959048540942127214e-01 1.089632054571193776e-01
4.147375934842195133e-01 -9.033526535684230918e-01 1.093010526322678866e-01
3.986681523615073219e-01 -9.105256774349191895e-01 1.095751034350535419e-01
3.824801857154942475e-01 -9.174177375502898801e-01 1.097889367523934290e-01
3.661862797786440415e-01 -9.240235187071309531e-01 1.099461397590473510e-01
3.497987114897674332e-01 -9.303385411622789869e-01 1.100503000295108835e-01
3.333294093064331221e-01 -9.363591205008505725e-01 1.101049981254039883e-01
3.167899172414999076e-01 -9.420823252227802369e-01 1.101138006771628375e-01
3.001913622206632271e-01 -9.475059324310936004e-01 1.100802539733110874e-01
2.835444248190286398e-01 -9.526283819897735095e-01 1.100078780653245686e-01
2.668593133987575694e-01 -9.574487295042786172e-01 1.099001613911593372e-01
2.501457416370398978e-01 -9.619665984600622721e-01 1.097605559159278016e-01
2.334129094042092789e-01 -9.661821318343216669e-01 1.095924727840081048e-01
2.166694869258393719e-01 -9.700959434741885934e-01 1.093992784730775658e-01
1.999236021401796515e-01 -9.737090695111313421e-01 1.091842914371796147e-01
1.831828311432847356e-01 -9.770229200569294781e-01 1.089507792229669619e-01
1.664541915985876253e-01 -9.800392314016339590e-01 1.087019560407034707e-01
1.497441389753459973e-01 -9.827600189088213645e-01 1.084409807694418637e-01
1.330585654711948784e-01 -9.851875307785418201e-01 1.081709553740034802e-01
1.164028014677856299e-01 -9.873242028239544998e-01 1.078949237099492420e-01
9.978161936497478846e-02 -9.891726143840053886e-01 1.076158706916193059e-01
8.319923963802540456e-02 -9.907354454718630965e-01 1.073367217975062793e-01
6.665933896357137400e-02 -9.920154352373701245e-01 1.070603428866813422e-01
5.016506026343880986e-02 -9.930153418016441913e-01 1.067895402996845988e-01
3.371902452058851002e-02 -9.937379035032948282e-01 1.065270612171883707e-01
1.732334422821534339e-02 -9.941858015785863811e-01 1.062755942498147671e-01
9.796383411983002054e-04 -9.943616242823442031e-01 1.060377702327062049e-01
-1.531095139156517237e-02 -9.942678324424953917e-01 1.058161631987816487e-01
-3.154774282507652461e-02 -9.939067264288771186e-01 1.056132915050339710e-01
-4.773049464639654571e-02 -9.932804145063298673e-01 1.054316190867106429e-01
-6.385938652124352466e-02 -9.923907825331050869e-01 1.052735568147465384e-01
-7.993499823492070111e-02 -9.912394649582292327e-01 1.051414639323631356e-01
-9.595828789078651722e-02 -9.898278170656455988e-01 1.050376495472929023e-01
-1.119305692165445260e-01 -9.881568884086664450e-01 1.049643741566147759e-01
-1.278534880155373088e-01 -9.862273973754681622e-01 1.049238511816802111e-01
-1.437289977870712110e-01 -9.840397068250149593e-01 1.049182484910572560e-01
-1.595593345266549390e-01 -9.815938007328640635e-01 1.049496898898113761e-01
-1.753469907039751363e-01 -9.788892617877592572e-01 1.050202565537672050e-01
-1.910946884035190085e-01 -9.759252498827296618e-01 1.051319883876487282e-01
-2.068053516000435410e-01 -9.727004814485625817e-01 1.052868852861713334e-01
-2.224820775286364960e-01 -9.692132095829995020e-01 1.054869082772557365e-01
-2.381281070969682168e-01 -9.654612049358178849e-01 1.057339805265488097e-01
-2.537467942755476935e-01 -9.614417373181072257e-01 1.060299881823726503e-01
-2.693415743904267745e-01 -9.571515580135544488e-01 1.063767810400825381e-01
-2.849159312319061721e-01 -9.525868827804433447e-01 1.067761730046033058e-01
-3.004733628824551306e-01 -9.477433755453836817e-01 1.072299423296388526e-01
-3.160173461573450582e-01 -9.426161328035653764e-01 1.077398316117215704e-01
-3.315512995425130005e-01 -9.371996687556382044e-01 1.083075475168996105e-01
-3.470785445060230456e-01 -9.314879012282021309e-01 1.089347602174652874e-01
-3.626022650523196833e-01 -9.254741384434322926e-01 1.096231025157264338e-01
-3.781254653824169254e-01 -9.191510667236164611e-01 1.103741686314345244e-01
-3.936509255184270639e-01 -9.125107392384241844e-01 1.111895126291349845e-01
-4.091811547476099098e-01 -9.055445659266180281e-01 1.120706464614244363e-01
-4.247183427396644118e-01 -8.982433047497182521e-01 1.130190376039199723e-01
-4.402643081915632028e-01 -8.905970544628815100e-01 1.140361062577039536e-01
-4.558204448571669398e-01 -8.825952491179854809e-01 1.151232220951472485e-01
-4.713876648245030609e-01 -8.742266545456192084e-01 1.162817005253805741e-01
-4.869663389123524144e-01 -8.654793670963359942e-01 1.175127984563309330e-01
-5.025562340700964192e-01 -8.563408149570582717e-01 1.188177095312257375e-01
-5.181564476811250097e-01 -8.467977623958058420e-01 1.201975588188545774e-01
-5.337653386910149456e-01 -8.368363173267678867e-01 1.216533969387366687e-01
-5.493804555077291818e-01 -8.264419426278862835e-01 1.231861936047448369e-01
-5.649984606528613007e-01 -8.155994716842185355e-01 1.247968305737630623e-01
-5.806150521810864440e-01 -8.042931286719456896e-01 1.264860939896869374e-01
-5.962248819301317893e-01 -7.925065541394080704e-01 1.282546661176001135e-01
-6.118214707164032484e-01 -7.802228364822854090e-01 1.301031164683611185e-01
-6.273971206525452704e-01 -7.674245499491205713e-01 1.320318923202011274e-01
-6.429428248332873519e-01 -7.540937998497925232e-01 1.340413086513444485e-01
-6.584481747154976583e-01 -7.402122756720604935e-01 1.361315375061991351e-01
-6.739012656079008678e-01 -7.257613128385127510e-01 1.383025968273876305e-01
-6.892886007857624842e-01 -7.107219638565531739e-01 1.405543387968508362e-01
-7.045949948561843756e-01 -6.950750796256049968e-01 1.428864377414928721e-01
-7.198034771204513405e-01 -6.788014016664744021e-01 1.452983776723428544e-01
-7.348951958108203009e-01 -6.618816660255413264e-01 1.477894395409670159e-01
-7.498493242196050401e-01 -6.442967195786994949e-01 1.503586883128004703e-01
-7.646429698873573599e-01 -6.260276494141678860e-01 1.530049599740642141e-01
-7.792510881728827998e-01 -6.070559259067271896e-01 1.557268486068186797e-01
-7.936464016887398998e-01 -5.873635600058502160e-01 1.585226936852374979e-01
-8.077993272491374999e-01 -5.669332751438572737e-01 1.613905677650544768e-01
-8.216779121395132446e-01 -5.457486940250351193e-01 1.643282647569480892e-01
-8.352477816745776940e-01 -5.237945403802474198e-01 1.673332889929038392e-01
-8.484721001595676437e-01 -5.010568555619694386e-01 1.704028453117651387e-01
-8.613115475024480938e-01 -4.775232296104752749e-01 1.735338304055904224e-01
-8.737243138367046802e-01 -4.531830461424135592e-01 1.767228256813311305e-01
-8.856661145984066064e-01 -4.280277400984713321e-01 1.799660919019074323e-01
-8.970902285500672591e-01 -4.020510670386265306e-01 1.832595658760976798e-01
-9.079475612497731607e-01 -3.752493822943583912e-01 1.865988594668369915e-01
-9.181867364192041192e-01 -3.476219278813749147e-01 1.899792611815925014e-01
-9.277542175607237374e-01 -3.191711246498954435e-01 1.933957405955129272e-01
-9.365944620043030744e-01 -2.899028667100843615e-01 1.968429558371690147e-01
-9.446501093230849078e-01 -2.598268147275645257e-01 2.003152643371526320e-01
-9.518622057365664357e-01 -2.289566842496276733e-01 2.038067370009933876e-01
-9.581704657190658336e-01 -1.973105248101766351e-01 2.073111759194281312e-01
-9.635135715469215212e-01 -1.649109851855175835e-01 2.108221356709495953e-01
-9.678295109520004269e-01 -1.317855598500432546e-01 2.143329482040583212e-01
-9.710559524059226844e-01 -9.796681142752852733e-02 2.178367512104396886e-01
-9.731306568467501528e-01 -6.349256376726875040e-02 2.213265198165426939e-01
-9.739919238892571496e-01 -2.840606021111338059e-02 2.247951013313834179e-01
-9.735790697465921406e-01 7.243918327353895958e-03 2.282352526949676941e-01
-9.718329332541403298e-01 4.340298066391432702e-02 2.316396801771355152e-01
-9.686964055480428160e-01 8.001110289057705716e-02 2.350010807839167104e-01
-9.641149781362772231e-01 1.170026605607800696e-01 2.383121847410563654e-01
-9.580373033365916502e-01 1.543065192862231594e-01 2.415657983458644742e-01
-9.504157603710418067e-01 1.918461867581616742e-01 2.447548464127247692e-01
-9.412070198292753487e-01 2.295400283155204224e-01 2.478724134881560848e-01
-9.303725987682925913e-01 2.673015471790042286e-01 2.509117829817060774e-01
-9.178793984284013829e-01 3.050397293776588858e-01 2.538664733521789341e-01
-9.037002164322164299e-01 3.426594522405447263e-01 2.567302705071253244e-01
-8.878142254088312590e-01 3.800619541441152549e-01 2.594972556187098989e-01
-8.702074102548863488e-01 4.171453620313678168e-01 2.621618276315985097e-01
-8.508729567067775390e-01 4.538052720890863867e-01 2.647187198378824768e-01
-8.298115845443797545e-01 4.899353779213950211e-01 2.671630100186394019e-01
-8.070318195592707244e-01 5.254281396259835590e-01 2.694901237987431530e-01
-7.825501993751766694e-01 5.601754863942209894e-01 2.716958310271263000e-01
-7.563914092746932827e-01 5.940695446425980908e-01 2.737762351740574696e-01
-7.285883453290438183e-01 6.270033832579662292e-01 2.757277559245550069e-01
-6.991821033086115245e-01 6.588717673121031737e-01 2.775471053367016827e-01
-6.682218930322604278e-01 6.895719115727471094e-01 2.792312581189742016e-01
-6.357648789553222990e-01 7.190042253002463246e-01 2.807774167553750422e-01
-6.018759488651433953e-01 7.470730401551302080e-01 2.821829723650672861e-01
-5.666274135199382833e-01 7.736873135289674686e-01 2.834454623188245037e-01
-5.300986409086709816e-01 7.987613002201383594e-01 2.845625257431591004e-01
-4.923756295116888948e-01 8.222151860752907604e-01 2.855318581206815476e-01
-4.535505254969565136e-01 8.439756779723942559e-01 2.863511662393679047e-01
-4.137210891961935477e-01 8.639765452991279293e-01 2.870181247524269397e-01
-3.729901164778355871e-01 8.821591088500363442e-01 2.875303355840009845e-01
-3.314648207848862049e-01 8.984726738009900515e-01 2.878852913547900738e-01
-2.892561816559394150e-01 9.128749040992359953e-01 2.880803439077083139e-01
-2.464782655208553608e-01 9.253321362176838427e-01 2.881126788896707924e-01
-2.032475244842516515e-01 9.358196307562141047e-01 2.879792971951961600e-01
-1.596820787052264934e-01 9.443217608310809918e-01 2.876770039050002836e-01
-1.159009878734596766e-01 9.508321365829882632e-01 2.872024051629738506e-01
-7.202351718914395962e-02 9.553536654679648521e-01 2.865519132330878738e-01
-2.816840319107163232e-02 9.578985482900364001e-01 2.857217597692958133e-01
1.554687524838391233e-02 9.584882112110271191e-01 2.847080171219483202e-01
5.900681542921277362e-02 9.571531742518940566e-01 2.835066272991305647e-01
1.020985934510233173e-01 9.539328571023862890e-01 2.821134380060720259e-01
1.447127455116570816e-01 9.488753233997040404e-01 2.805242450055049352e-01
1.867438223502965178e-01 9.420369650364255332e-01 2.787348398813479511e-01
2.280910112450103555e-01 9.334821285222163478e-01 2.767410621516745994e-01
2.686587199480228172e-01 9.232826859555335330e-01 2.745388545683151160e-01
3.083571169754649177e-01 9.115175537567631325e-01 2.721243203626569906e-01
3.471026227845978585e-01 8.982721629623408033e-01 2.694937811524687477e-01
3.848183465904108091e-01 8.836378855633973961e-01 2.666438342141859708e-01
4.214344639107224788e-01 8.677114220698388669e-01 2.635714078493983648e-01
4.568885303944694720e-01 8.505941561647279991e-01 2.602738136325675189e-01
4.911257280851662466e-01 8.323914829548380023e-01 2.567487944175411152e-01
5.240990409968242503e-01 8.132121178907671943e-01 2.529945671004486529e-01
5.557693577219235959e-01 7.931673938943329949e-01 2.490098592823496437e-01
5.861054997324294247e-01 7.723705545650532134e-01 2.447939391420074495e-01
6.150841750513552642e-01 7.509360515186588314e-01 2.403466380121462298e-01
6.426898580351134704e-01 7.289788539217537666e-01 2.356683653458015726e-01
6.689145970836221089e-01 7.066137781177371791e-01 2.307601159569155347e-01
6.937577531519486529e-01 6.839548448871333175e-01 2.256234696151533936e-01
7.172256729404298259e-01 6.611146713553384124e-01 2.202605832632431870e-01
7.393313015578857339e-01 6.382039038646357687e-01 2.146741763006166093e-01
7.600937402565045575e-01 6.153306972839215350e-01 2.088675095350648603e-01
7.795377555038855988e-01 5.926002452632954665e-01 2.028443585406292105e-01
7.976932461702928023e-01 5.701143648801070274e-01 1.966089822720720193e-01
8.145946759567490592e-01 5.479711379995847453e-01 1.901660878720649317e-01
8.302804783685364676e-01 5.262646105193399260e-01 1.835207926657482502e-01
8.447924415521584907e-01 5.050845495150009246e-01 1.766785843685968471e-01
8.581750801714655985e-01 4.845162571844035537e-01 1.696452805385038620e-01
8.704750012157030925e-01 4.646404394275652772e-01 1.624269882833701828e-01
8.817402702286099014e-01 4.455331259226613660e-01 1.550300651935883067e-01
8.920197839468175793e-01 4.272656376834191860e-01 1.474610824074221171e-01
9.013626547634105979e-01 4.099045973249664243e-01 1.397267906394717429e-01
9.098176118154773784e-01 3.935119766325727575e-01 1.318340899113623899e-01
9.174324228596353326e-01 3.781451755257028702e-01 1.237900036226494138e-01
9.242533404726486213e-01 3.638571261390612932e-01 1.156016574916632483e-01
9.303245755192409705e-01 3.506964155001285888e-01 1.072762637833193089e-01
9.356878002872972555e-01 3.387074201637060300e-01 9.882111112612426695e-02
9.403816832199474174e-01 3.279304461610315635e-01 9.024356010565311170e-02
9.444414567891127321e-01 3.184018677259821128e-01 8.155104470815810469e-02
9.478985197667784135e-01 3.101542584654586321e-01 7.275107957680070070e-02
9.507800749654796713e-01 3.032165089375465916e-01 6.385127293499301415e-02
9.531088034412544818e-01 2.976139249829021227e-01 5.485934492690705544e-02
9.549025761797290679e-01 2.933683016170853808e-01 4.578315102452457791e-02
9.561742044142942376e-01 2.904979678311868097e-01 3.663071005367862787e-02
9.569312299459042936e-01 2.890177982639934862e-01 2.741023629834589762e-02
9.571757571345060889e-01 2.889391884019246737e-01 1.813017505300450194e-02
9.569043285963431122e-01 2.902699907354171494e-01 8.799240907345349735e-03
9.561078470495233406e-01 2.930144101558352365e-01 -5.735420335625553145e-04
9.547715461787458224e-01 2.971728578191717984e-01 -9.978798866644518831e-03
9.528750138118667889e-01 3.027417637351466073e-01 -1.940676248855173480e-02
9.503922710855787770e-01 3.097133494645866181e-01 -2.884723307851691163e-02
9.472919115914205657e-01 3.180753635232128618e-01 -3.828953952305019087e-02
9.435373047006976321e-01 3.278107833911224067e-01 -4.772250387857605858e-02
9.390868673301170366e-01 3.388974894038953578e-01 -5.713440999193676595e-02
9.338944082909452771e-01 3.513079172362230107e-01 -6.651297740363920630e-02
9.279095490261866086e-01 3.650086971572076844e-01 -7.584534164131279121e-02
9.210782239483686906e-01 3.799602897041998162e-01 -8.511804196761002528e-02
9.133432627157808126e-01 3.961166288460565843e-01 -9.431701757452398693e-02
9.046450556057575865e-01 4.134247850345416642e-01 -1.034276131121781434e-01
8.949223016484754156e-01 4.318246617130910847e-01 -1.124345943028010886e-01
8.841128373754530978e-01 4.512487397969894842e-01 -1.213221742192735625e-01
8.721545419310217095e-01 4.716218852849262677e-01 -1.300740506032940502e-01
8.589863119279714798e-01 4.928612354341290192e-01 -1.386734543636166661e-01
8.445490968555527944e-01 5.148761787575588666e-01 -1.471032091347361515e-01
8.287869831443989144e-01 5.375684434172331994e-01 -1.553458014976811519e-01
8.117055563905707372e-01 5.607861284131180346e-01 -1.632575356807449141e-01
7.932759786115666234e-01 5.844064506698466444e-01 -1.708283916959131010e-01
7.734763964979169959e-01 6.083031901303131983e-01 -1.780491850610438354e-01
7.522927015669053086e-01 6.323475240589924162e-01 -1.849116583701361505e-01
7.297191782319444320e-01 6.564089471271480347e-01 -1.914085641475803401e-01
7.057590257785966159e-01 6.803562637161341131e-01 -1.975337368319713127e-01
6.804247427083972566e-01 7.040586361549155958e-01 -2.032821520310084396e-01
6.537383648612944409e-01 7.273866703849241055e-01 -2.086499715513846775e-01
6.257315520516674168e-01 7.502135189214749200e-01 -2.136345731224841282e-01
5.964455215237350894e-01 7.724159800310015367e-01 -2.182345641832401928e-01
5.659308302065475527e-01 7.938755718096773828e-01 -2.224497795686916635e-01
5.342470113768370554e-01 8.144795603385341920e-01 -2.262812633967509757e-01
5.014620747725117011e-01 8.341219222740255956e-01 -2.297312358969206547e-01
4.676518823047165485e-01 8.527042240484616897e-01 -2.328030463231250125e-01
4.328994141758121805e-01 8.701364022099161710e-01 -2.355011134369959236e-01
3.972939423337399911e-01 8.863374322112969050e-01 -2.378308553238165368e-01
3.609301297194649205e-01 9.012358760333452068e-01 -2.397986105028278581e-01
3.239070746648244903e-01 9.147703022597187816e-01 -2.414115524129474555e-01
2.863273200760053649e-01 9.268895754788746277e-01 -2.426775993945557430e-01
2.482958467248253809e-01 9.375530150411552910e-01 -2.436053222521812889e-01
2.099190691225723548e-01 9.467304261396393139e-01 -2.442038513792910148e-01
1.713038511451267509e-01 9.544020088193460039e-01 -2.444827852651808298e-01
1.325565569023355039e-01 9.605581527835951317e-01 -2.444521019971412634e-01
9.378215039474727122e-02 9.651991277149765125e-01 -2.441220751315219817e-01
5.508335537334747845e-02 9.683346802410666143e-01 -2.435031950480179286e-01
1.655988460498757781e-02 9.699835496526595380e-01 -2.426060966348118908e-01
-2.169225446858058515e-02 9.701729150440606686e-01 -2.414414938893109375e-01
-5.958137283466240219e-02 9.689377867247270792e-01 -2.400201217696682487e-01
-9.702062894863222597e-02 9.663203545936676075e-01 -2.383526854037765486e-01
-1.339284727217947557e-01 9.623693057236581971e-01 -2.364498165606542246e-01
-1.702290051090541156e-01 9.571391227256905720e-01 -2.343220371178553474e-01
-2.058522553619744067e-01 9.506893736092817404e-01 -2.319797291196162570e-01
-2.407343791982822223e-01 9.430840028728710855e-01 -2.294331109141666547e-01
-2.748177820980365338e-01 9.343906324975886912e-01 -2.266922187838753822e-01
-3.080511726799358696e-01 9.246798804185354381e-01 -2.237668934364689666e-01
-3.403895516544126476e-01 9.140247029453297811e-01 -2.206667707064557393e-01
-3.717941422128184237e-01 9.024997665264276048e-01 -2.174012758195766615e-01
-4.022322679157098735e-01 8.901808532216269887e-01 -2.139796205957759379e-01
-4.316771842102772316e-01 8.771443032803667439e-01 -2.104108030039538446e-01
-4.601078696592123540e-01 8.634664973308632252e-01 -2.067036085308546212e-01
-4.875087828215332597e-01 8.492233798733213046e-01 -2.028666128833097049e-01
-5.138695905091117400e-01 8.344900250423004096e-01 -1.989081856044977448e-01
-5.391848728679403679e-01 8.193402449588779168e-01 -1.948364942480888817e-01
-5.634538104154485083e-01 8.038462404304387299e-01 -1.906595088167373220e-01
-5.866798578172304213e-01 7.880782932711423161e-01 -1.863850062314389433e-01
-6.088704088191804198e-01 7.721044991047752992e-01 -1.820205746542748471e-01
-6.300364563731982726e-01 7.559905391686102538e-01 -1.775736175379193649e-01
-6.501922516136614538e-01 7.397994893566128827e-01 -1.730513573202699107e-01
-6.693549649636898469e-01 7.235916645173935402e-01 -1.684608387212518654e-01
-6.875443522795868789e-01 7.074244958513247195e-01 -1.638089316311392984e-01
-7.047748122342987198e-01 6.913872468198520860e-01 -1.589847736092165897e-01
-7.210564565581208951e-01 6.755475277825210290e-01 -1.539907235191406987e-01
-7.364018615430326653e-01 6.599712808732436375e-01 -1.488295166061664176e-01
-7.508257859764891906e-01 6.447225658673189086e-01 -1.435042506842238719e-01
-7.643448733975979348e-01 6.298633669855115969e-01 -1.380183710851840551e-01
-7.769773417685833516e-01 6.154534208657201910e-01 -1.323756547846883236e-01
-7.887426637140624308e-01 6.015500655036897237e-01 -1.265801941211403547e-01
-7.996612404935113938e-01 5.882081095490623301e-01 -1.206363805176071391e-01
-8.097540728431955603e-01 5.754797209510561506e-01 -1.145488886008957374e-01
-8.190424317587128300e-01 5.634143335875498870e-01 -1.083226610885812541e-01
-8.275475321949211649e-01 5.520585701895955877e-01 -1.019628947840026806e-01
-8.352902125436785230e-01 5.414561795965266988e-01 -9.547502798205946550e-02
-8.422906226189580403e-01 5.316479861498406567e-01 -8.886472954593489793e-02
-8.485679227408233771e-01 5.226718488607650093e-01 -8.213788986757747379e-02
-8.541399963713010024e-01 5.145626278696548983e-01 -7.530061387382480653e-02
-8.590231786224714616e-01 5.073521556569540181e-01 -6.835921618637656738e-02
-8.632320028352394869e-01 5.010692104663940771e-01 -6.132021848830178368e-02
-8.667789673201393708e-01 4.957394894617112580e-01 -5.419034909324765836e-02
-8.696743242617269720e-01 4.913855792581469650e-01 -4.697654465680629887e-02
-8.719258927166250173e-01 4.880269216486002870e-01 -3.968595391335728167e-02
-8.735388975815461254e-01 4.856797725803299048e-01 -3.232594326687036196e-02
-8.745158363693894543e-01 4.843571527299737611e-01 -2.490410401133962698e-02
-8.748563756049068108e-01 4.840687883703743144e-01 -1.742826090643680159e-02
-8.745572786309586677e-01 4.848210416197897832e-01 -9.906481787337551026e-03
-8.736123665949966366e-01 4.866168296094608436e-01 -2.347087845233403539e-03
-8.720125143547029500e-01 4.894555325953593994e-01 5.241335822429745578e-03
-8.697456829920737764e-01 4.933328915694699113e-01 1.284992982463164374e-02
-8.667969905461235802e-01 4.982408964891611447e-01 2.046955071006826415e-02
-8.631488224546683963e-01 5.041676668326682265e-01 2.809076229627107887e-02
-8.587809830239906406e-01 5.110973267953264898e-01 3.570382857888777101e-02
-8.536708890105288994e-01 5.190098780539993406e-01 4.329870870529025501e-02
-8.477938060908377649e-01 5.278810736330994402e-01 5.086505448641802374e-02
-8.411231286061079393e-01 5.376822969895943549e-01 5.839221089971650958e-02
-8.336307024887895656e-01 5.483804509792011839e-01 6.586922000365996732e-02
-8.252871907073672242e-01 5.599378618525121531e-01 7.328482864035852640e-02
-8.160624799005714580e-01 5.723122038373883447e-01 8.062750024713911945e-02
-8.059261261178773950e-01 5.854564501708940938e-01 8.788543103112614330e-02
-7.948478367472734396e-01 5.993188566282702245e-01 9.504657068351538007e-02
-7.827979848073198799e-01 6.138429836364456271e-01 1.020986477236876522e-01
-7.697481508271126760e-01 6.289677629354573085e-01 1.090291994692909883e-01
-7.556716865588962717e-01 6.446276144457625534e-01 1.158256065291664860e-01
-7.405442937927367852e-01 6.607526184997166707e-01 1.224751316141990953e-01
-7.243446106042906729e-01 6.772687478937101657e-01 1.289649623599291306e-01
-7.070547965021523051e-01 6.940981633123941563e-01 1.352822577574453733e-01
-6.886611071895770708e-01 7.111595745744234698e-01 1.414141976992350780e-01
-6.691544490561276426e-01 7.283686688648878249e-01 1.473480350678180728e-01
-6.485309031062745921e-01 7.456386056765055281e-01 1.530711497304686752e-01
-6.267922078491428017e-01 7.628805766118587073e-01 1.585711037560594838e-01
-6.039461907459999779e-01 7.800044265427765744e-01 1.638356971423679254e-01
-5.800071381618859823e-01 7.969193309279025694e-01 1.688530233356169141e-01
-5.549960944079747049e-01 8.135345224085692717e-01 1.736115238391850446e-01
-5.289410813942240219e-01 8.297600581929922559e-01 1.781000412449062764e-01
-5.018772316284511037e-01 8.455076182572893728e-01 1.823078700766983251e-01
-4.738468287771160359e-01 8.606913230953187055e-01 1.862248049099011482e-01
-4.448992517121142520e-01 8.752285586900269143e-01 1.898411853172280173e-01
-4.150908198634004065e-01 8.890407956023510527e-01 1.931479372894456537e-01
-3.844845397267806497e-01 9.020543886160341529e-01 1.961366108811092024e-01
-3.531497544801817101e-01 9.142013432632090097e-01 1.987994139339608890e-01
-3.211617007760763087e-01 9.254200357990242098e-01 2.011292418281242222e-01
-2.886009788367464579e-01 9.356558737934367320e-01 2.031197032995490925e-01
-2.555529439180692086e-01 9.448618854507945253e-01 2.047651424375313556e-01
-2.221070289658369223e-01 9.529992270265061904e-01 2.060606570357126077e-01
-1.883560098120930226e-01 9.600375992470399078e-01 2.070021135120256595e-01
-1.543952255020392683e-01 9.659555654071171338e-01 2.075861586370450207e-01
-1.203217672695344465e-01 9.707407657612011631e-01 2.078102283167768405e-01
-8.623365026727064508e-02 9.743900248850824175e-01 2.076725536668398986e-01
-5.222898239454649288e-02 9.769093507948986010e-01 2.071721645929550937e-01
-1.840514445124640658e-02 9.783138267126780807e-01 2.063088910611042270e-01
1.514200460735522225e-02 9.786273983992319625e-01 2.050833622035127257e-01
4.831888431217474383e-02 9.778825618812290177e-01 2.034970033677789558e-01
8.103489927427964812e-02 9.761199581301562844e-01 2.015520311798941200e-01
1.132030850946524753e-01 9.733878827649131704e-01 1.992514466610300072e-01
1.447406844652736613e-01 9.697417201140632326e-01 1.965990264156312062e-01
1.755696460059871511e-01 9.652433119647255699e-01 1.935993118965266824e-01
2.056170401576261353e-01 9.599602720288009650e-01 1.902575967525451939e-01
2.348153882849387530e-01 9.539652575693092773e-01 1.865799122755936457e-01
2.631029029843754419e-01 9.473352097548134454e-01 1.825730109865307538e-01
2.904236393960680784e-01 9.401505741614099021e-01 1.782443484308076087e-01
3.167275590447893863e-01 9.324945124403062335e-01 1.736020632934409391e-01
3.419705093449315614e-01 9.244521155417699809e-01 1.686549559856239944e-01
3.661141233691381225e-01 9.161096280656118029e-01 1.634124658990602774e-01
3.891256457751460229e-01 9.075536923306780634e-01 1.578846475657347814e-01
4.109776918933230050e-01 8.988706196599336451e-01 1.520821459972342138e-01
4.316479478876280584e-01 8.901456952036759240e-01 1.460161715060985244e-01
4.511188206109821852e-01 8.814625214112109530e-01 1.396984743296735554e-01
4.693770462838625646e-01 8.729024040495901859e-01 1.331413193827262476e-01
4.864132674390564959e-01 8.645437834930175258e-01 1.263574614574898558e-01
5.022215877069674539e-01 8.564617129012184193e-01 1.193601211682884661e-01
5.167991139790282240e-01 8.487273838982448693e-01 1.121629619025664298e-01
5.301454952983422064e-01 8.414076994790250508e-01 1.047800679917575417e-01
5.422624675045998321e-01 8.345648931285055694e-01 9.722592425528037152e-02
5.531534122228408679e-01 8.282561925512276213e-01 8.951539700084040763e-02
5.628229382503442402e-01 8.225335259859406500e-01 8.166371648636965019e-02
5.712764927789909519e-01 8.174432688233769229e-01 7.368646076586871096e-02
5.785200092059750165e-01 8.130260281533590039e-01 6.559954075589459477e-02
5.845595975453838911e-01 8.093164629328172266e-01 5.741918627435298877e-02
5.894012826658745485e-01 8.063431376772246528e-01 4.916193272155642419e-02
5.930507947517162926e-01 8.041284079182807742e-01 4.084460799811913401e-02
