1.000000000000000000e+00 0.000000000000000000e+00 0.000000000000000000e+00
9.999999962218851790e-01 3.406654785354977998e-05 -7.997322037948187683e-05
9.999999647061648123e-01 1.146201522267114036e-04 -2.396872439088612995e-04
9.999998530699252264e-01 2.540422686548612745e-04 -4.788767122737394881e-04
9.999995742424422351e-01 4.646701717406548273e-04 -7.972434598139119862e-04
9.999989987541947345e-01 7.587918278965805887e-04 -1.194456639901179560e-03
9.999979456057936922e-01 1.148640755364406692e-03 -1.670152838614879414e-03
9.999961717467310551e-01 1.646390854316499668e-03 -2.223936169759137445e-03
9.999933601972326169e-01 2.264151185411737884e-03 -2.855378344712261336e-03
9.999891068498942825e-01 3.013960670281501733e-03 -3.564018710113365639e-03
9.999829059912072049e-01 3.907782682103243949e-03 -4.349364245980818708e-03
9.999741345865661435e-01 4.957499488728824531e-03 -5.210889516527718833e-03
9.999620353759356428e-01 6.174906504824822541e-03 -6.148036565697227729e-03
9.999456988310583272e-01 7.571706303209267686e-03 -7.160214749290780278e-03
9.999240440289705045e-01 9.159502329095001172e-03 -8.246800495510213033e-03
9.998957985006888816e-01 1.094979225433989969e-02 -9.407136985785522626e-03
9.998594771182942598e-01 1.295396090212904902e-02 -1.064053374791786889e-02
9.998133600883253314e-01 1.518327266584910441e-02 -1.194626615383664360e-02
9.997554701244549813e-01 1.764886333934148274e-02 -1.332357481465382305e-02
9.996835488779167722e-01 2.036173126932511179e-02 -1.477166486620166974e-02
9.995950327101378319e-01 2.333272773465411287e-02 -1.628970513886414742e-02
9.994870278985741319e-01 2.657254645132012955e-02 -1.787682720626061067e-02
9.993562853738906515e-01 3.009171209682943299e-02 -1.953212430821423679e-02
9.991991750944384520e-01 3.390056774289526564e-02 -2.125465014443862766e-02
9.990116601724974288e-01 3.800926108140764009e-02 -2.304341753650438959e-02
9.987892708760218730e-01 4.242772932550583492e-02 -2.489739695690311796e-02
9.985270786396743814e-01 4.716568266542142673e-02 -2.681551492540728762e-02
9.982196702297854163e-01 5.223258615772832097e-02 -2.879665227442902015e-02
9.978611222195343800e-01 5.763763992688573229e-02 -3.083964228670387636e-02
9.974449759431058826e-01 6.338975755965318981e-02 -3.294326871036266924e-02
9.969642131107978589e-01 6.949754257626314380e-02 -3.510626365829688095e-02
9.964112322809980382e-01 7.596926286733221567e-02 -3.732730540066202252e-02
9.957778263995232804e-01 8.281282299255658674e-02 -3.960501606138642355e-02
9.950551616319250892e-01 9.003573424645355816e-02 -4.193795923164518602e-02
9.942337577298693274e-01 9.764508240796093697e-02 -4.432463751540333813e-02
9.933034701884267959e-01 1.056474931047685084e-01 -4.676349002430703339e-02
9.922534744668589646e-01 1.140490947400020633e-01 -4.925288984138320725e-02
9.910722525610027311e-01 1.228554789484695708e-01 -5.179114147516779981e-02
9.897475822303616333e-01 1.320716585722537528e-01 -5.437647832798928049e-02
9.882665291971807209e-01 1.417020231711136058e-01 -5.700706020415152731e-02
9.866154426477387052e-01 1.517502921120293391e-01 -5.968097088564923436e-02
9.847799543774338193e-01 1.622194653143409770e-01 -6.239621580476639034e-02
9.827449819305217327e-01 1.731117717622988605e-01 -6.515071984440756747e-02
9.804947360920944766e-01 1.844286159354164845e-01 -6.794232529824366373e-02
9.780127330935673990e-01 1.961705223486844007e-01 -7.076879002366612270e-02
9.752818118930162150e-01 2.083370784392901964e-01 -7.362778582108360503e-02
9.722841568876319229e-01 2.209268760837355960e-01 -7.651689707320910583e-02
9.690013264067768306e-01 2.339374520788048140e-01 -7.943361967762030407e-02
9.654142873200655117e-01 2.473652279712819924e-01 -8.237536030498150696e-02
9.615034560750396198e-01 2.612054496741055831e-01 -8.533943601384523514e-02
9.572487464528347534e-01 2.754521273601470699e-01 -8.832307425086458053e-02
9.526296242973203432e-01 2.900979761782724875e-01 -9.132341326251193492e-02
9.476251694331341291e-01 3.051343583889450928e-01 -9.433750294099291223e-02
9.422141449405545544e-01 3.205512275674192169e-01 -9.736230612295641851e-02
9.363750739000725742e-01 3.363370755705300530e-01 -1.003947003548387451e-01
9.300863236567916692e-01 3.524788830070978984e-01 -1.034314801332624351e-01
9.233261975845032943e-01 3.689620739908698321e-01 -1.064693596228819539e-01
9.160730342517205971e-01 3.857704759875097422e-01 -1.095049758474887919e-01
9.083053138075563027e-01 4.028862855921927499e-01 -1.125348923431444131e-01
9.000017713147442366e-01 4.202900410906460493e-01 -1.155556032547061657e-01
8.911415166611693639e-01 4.379606026628332094e-01 -1.185635378494808712e-01
8.817041605810354010e-01 4.558751410838022267e-01 -1.215550654140353515e-01
8.716699462135080179e-01 4.740091357595273558e-01 -1.245265004925866781e-01
8.610198855217530145e-01 4.923363829060274921e-01 -1.274741084180805450e-01
8.497358997903545763e-01 5.108290146369917073e-01 -1.303941110802497305e-01
8.378009633158863823e-01 5.294575296681476306e-01 -1.332826928688456425e-01
8.251992493057966893e-01 5.481908362754837061e-01 -1.361360067250753925e-01
8.119162769066833318e-01 5.669963080592743676e-01 -1.389501802302759714e-01
7.979390581964600493e-01 5.858398529670340027e-01 -1.417213216582289548e-01
7.832562438978041275e-01 6.046859959167333320e-01 -1.444455259164567906e-01
7.678582665045168287e-01 6.234979752378352336e-01 -1.471188803025174074e-01
7.517374794597997401e-01 6.422378530132462071e-01 -1.497374700038633100e-01
7.348882909875456004e-01 6.608666392616945329e-01 -1.522973832743501621e-01
7.173072911559549292e-01 6.793444297491701978e-01 -1.547947162270160160e-01
6.989933707482315350e-01 6.976305570619280028e-01 -1.572255771912965949e-01
6.799478305286186242e-01 7.156837544143725971e-01 -1.595860905933265683e-01
6.601744795241056840e-01 7.334623315052385406e-01 -1.618724003302699777e-01
6.396797209929406813e-01 7.509243615772392966e-01 -1.640806726235275459e-01
6.184726248204370780e-01 7.680278786811648439e-01 -1.662070983509239819e-01
5.965649851699641459e-01 7.847310839976010532e-01 -1.682478948742618108e-01
5.739713623216233795e-01 8.009925599302343269e-01 -1.701993073955625768e-01
5.507091077518285749e-01 8.167714905561603844e-01 -1.720576098924759545e-01
5.267983716424555762e-01 8.320278869025833357e-01 -1.738191057002593798e-01
5.022620921568506924e-01 8.467228154174080146e-01 -1.754801278239270512e-01
4.771259659800479724e-01 8.608186279148558606e-01 -1.770370390791387860e-01
4.514183997902240786e-01 8.742791912074903138e-01 -1.784862321736489232e-01
4.251704425058204229e-01 8.870701145837819324e-01 -1.798241298521884024e-01
3.984156983359753434e-01 8.991589732561792170e-01 -1.810471852360675815e-01
3.711902208490485133e-01 9.105155258889847669e-01 -1.821518824941749382e-01
3.435323884632333624e-01 9.211119243183630845e-01 -1.831347379840846112e-01
3.154827619527508786e-01 9.309229135985763737e-01 -1.839923020004321785e-01
2.870839247511713932e-01 9.399260205489722297e-01 -1.847211612624220234e-01
2.583803070183413597e-01 9.481017290351626547e-01 -1.853179422632420248e-01
2.294179946175621820e-01 9.554336402949710205e-01 -1.857793155913406435e-01
2.002445243234496630e-01 9.619086167147814503e-01 -1.861020013171369170e-01
1.709086667466611642e-01 9.675169075745162495e-01 -1.862827755190640810e-01
1.414601986177270732e-01 9.722522554091548308e-01 -1.863184780002820895e-01
1.119496662168225909e-01 9.761119817809488231e-01 -1.862060212224188882e-01
8.242814186763232354e-02 9.790970514186229101e-01 -1.859424004558926091e-01
5.294697552957685488e-02 9.812121138570426560e-01 -1.855247051183805951e-01
2.355754362158662615e-02 9.824655219020312913e-01 -1.849501312445476497e-01
-5.689002709736573626e-03 9.828693264489033465e-01 -1.842159950019768011e-01
-3.474198760641314387e-02 9.824392473982195284e-01 -1.833197471411310286e-01
-6.355145649373944439e-02 9.811946206362576195e-01 -1.822589882418770291e-01
-9.206841573757884589e-02 9.791583212783545598e-01 -1.810314845963585939e-01
-1.202450636659850580e-01 9.763566636078256922e-01 -1.796351845484976395e-01
-1.480350107027668394e-01 9.728192783784420650e-01 -1.780682350947339621e-01
-1.753934864360835455e-01 9.685789683809125084e-01 -1.763289985392957337e-01
-2.022775315507999716e-01 9.636715433996576596e-01 -1.744160689907173212e-01
-2.286461726891669266e-01 9.581356359013258883e-01 -1.723282884847457674e-01
-2.544605784698378836e-01 9.520124989968350437e-01 -1.700647625223231652e-01
-2.796841950890198714e-01 9.453457884000783240e-01 -1.676248748199628824e-01
-3.042828601477230999e-01 9.381813302647991071e-01 -1.650083010833705011e-01
-3.282248935929651945e-01 9.305668769128168094e-01 -1.622150216332612915e-01
-3.514811649250856318e-01 9.225518525684855975e-01 -1.592453327345226544e-01
-3.740251361041322387e-01 9.141870912833029994e-01 -1.560998565055637666e-01
-3.958328798811909244e-01 9.055245692689525283e-01 -1.527795493131804960e-01
-4.168830735807627641e-01 8.966171338555816162e-01 -1.492857085887501489e-01
-4.371569686628341556e-01 8.875182312544835916e-01 -1.456199780332077531e-01
-4.566383366930321097e-01 8.782816352312055042e-01 -1.417843512101608638e-01
-4.753133926411798327e-01 8.689611786880336863e-01 -1.377811735577847418e-01
-4.931706967078692827e-01 8.596104900163299423e-01 -1.336131428799405274e-01
-5.102010361409237138e-01 8.502827359127024254e-01 -1.292833084044617831e-01
-5.263972887449201998e-01 8.410303721626679607e-01 -1.247950685210178629e-01
-5.417542700039734704e-01 8.319049036861648760e-01 -1.201521673317402922e-01
-5.562685659281338957e-01 8.229566549163861433e-01 -1.153586901643568752e-01
-5.699383538951392492e-01 8.142345513527097234e-01 -1.104190582095061074e-01
-5.827632138907500314e-01 8.057859128959941053e-01 -1.053380224509247176e-01
-5.947439326520651548e-01 7.976562593462425133e-01 -1.001206570591713502e-01
-6.058823032893166927e-01 7.898891282245555923e-01 -9.477235241646198016e-02
-6.161809230035026896e-01 7.825259048790773608e-01 -8.929880793217215285e-02
-6.256429915311436663e-01 7.756056646535701704e-01 -8.370602479585312339e-02
-6.342721129350900044e-01 7.691650267420797604e-01 -7.800029879757182372e-02
-6.420721033235305963e-01 7.632380192279833997e-01 -7.218821332447711292e-02
-6.490468070200866579e-01 7.578559547139459562e-01 -6.627663261826038932e-02
-6.551999236279871797e-01 7.530473158935272471e-01 -6.027269535123322419e-02
-6.605348483324758879e-01 7.488376503971326814e-01 -5.418380854976068139e-02
-6.650545276691558483e-01 7.452494742655344506e-01 -4.801764186348216057e-02
-6.687613328528977386e-01 7.423021834632447247e-01 -4.178212214786553719e-02
-6.716569526127169620e-01 7.400119729405995050e-01 -3.548542829693605155e-02
-6.737423073126803663e-01 7.383917628855756199e-01 -2.913598623326160708e-02
-6.750174859569597619e-01 7.374511319712255819e-01 -2.274246393421666679e-02
-6.754817074776887642e-01 7.371962575983608268e-01 -1.631376634792138305e-02
-6.751333074860313976e-01 7.376298633509873470e-01 -9.859030029763654612e-03
-6.739697514283055080e-01 7.387511741183573344e-01 -3.387617311716081651e-03
-6.719876748285161794e-01 7.405558795858211418e-01 3.090890197643073566e-03
-6.691829510147081495e-01 7.430361070496233067e-01 9.566698993878483201e-03
-6.655507864179317501e-01 7.461804047603155521e-01 1.602981215371097889e-02
-6.610858431986194050e-01 7.499737372368665556e-01 2.247003912211195664e-02
-6.557823885958740107e-01 7.543974942096537406e-01 2.887700701569605177e-02
-6.496344700116202242e-01 7.594295150358306712e-01 3.524017363502118111e-02
-6.426361144360670519e-01 7.650441305754995813e-01 4.154884235884948041e-02
-6.347815503971463436e-01 7.712122246122840030e-01 4.779217906813985894e-02
-6.260654501797907612e-01 7.779013169383787174e-01 5.395923121692307312e-02
-6.164831896179810977e-01 7.850756701938750304e-01 6.003894913181701681e-02
-6.060311223219790877e-01 7.926964224462502706e-01 6.602020958250762184e-02
-5.947068647752179471e-01 8.007217473131027496e-01 7.189184162294778857e-02
-5.825095883315122292e-01 8.091070431662139573e-01 7.764265465835563929e-02
-5.694403137762926725e-01 8.178051526069090027e-01 8.326146864748808218e-02
-5.555022037989865158e-01 8.267666129731977565e-01 8.873714630437565254e-02
-5.407008484712693130e-01 8.359399381329897238e-01 9.405862712002380221e-02
-5.250445386513239443e-01 8.452719312425326370e-01 9.921496298380416690e-02
-5.085445221502002955e-01 8.547080275160100493e-01 1.041953551476102052e-01
-4.912152375141552452e-01 8.641926653748303044e-01 1.089891922444565786e-01
-4.730745204055719078e-01 8.736696836402435551e-01 1.135860890480175911e-01
-4.541437778110608003e-01 8.830827417195654672e-01 1.179759256413709656e-01
-4.344481256716407058e-01 8.923757590353648128e-01 1.221488866524301081e-01
-4.140164860157214965e-01 9.014933692804996124e-01 1.260955002104189870e-01
-3.928816402761123872e-01 9.103813844722350446e-01 1.298066762821830089e-01
-3.710802361783902548e-01 9.189872632476989711e-01 1.332737440587552502e-01
-3.486527463864503296e-01 9.272605774110352916e-01 1.364884880807555323e-01
-3.256433779647933124e-01 9.351534704278930965e-01 1.394431828149962083e-01
-3.020999326454908984e-01 9.426211013802635597e-01 1.421306254230190469e-01
-2.780736188474286497e-01 9.496220678551712258e-01 1.445441664939845217e-01
-2.536188173609464358e-01 9.561188013509013262e-01 1.466777385481102813e-01
-2.287928035558876583e-01 9.620779290459864352e-01 1.485258821514586769e-01
-2.036554298687312525e-01 9.674705961857239522e-01 1.500837695171374220e-01
-1.782687731492297312e-01 9.722727438901865860e-01 1.513472255008837808e-01
-1.526967521750284273e-01 9.764653378634067238e-01 1.523127459297288766e-01
-1.270047212531245917e-01 9.800345442682916186e-01 1.529775132303931584e-01
-1.012590463023632925e-01 9.829718499048661906e-01 1.533394093489053034e-01
-7.552667013831776410e-02 9.852741247668737046e-01 1.533970259745631448e-01
-4.987467385238230494e-02 9.869436260279266238e-01 1.531496720998931083e-01
-2.436984118714828271e-02 9.879879434967460128e-01 1.525973789640241718e-01
9.217673384967900452e-04 9.884198875551060137e-01 1.517409024403199302e-01
2.593522410247028204e-02 9.882573215265263444e-01 1.505817229407367952e-01
5.060712184226096033e-02 9.875229412951046504e-01 1.491220429197406550e-01
7.487593347008278388e-02 9.862440057814536587e-01 1.473647820702261302e-01
9.868233948437929448e-02 9.844520225691814064e-01 1.453135703131528955e-01
1.219695189926000012e-01 9.821823935472595579e-01 1.429727386918241416e-01
1.446834011988277491e-01 9.794740258816454492e-01 1.403473082909989789e-01
1.667728750932289117e-01 9.763689139486502189e-01 1.374429773102983920e-01
1.881899559853036363e-01 9.729116980520104985e-01 1.342661064304029039e-01
2.088899084269875139e-01 9.691492058087403105e-01 1.308237026189663921e-01
2.288313259534963118e-01 9.651299820326522116e-01 1.271234015304744114e-01
2.479761689099140298e-01 9.609038127792615125e-01 1.231734486598646400e-01
2.662897624126598362e-01 9.565212489546972563e-01 1.189826794129667797e-01
2.837407572024726599e-01 9.520331345494109643e-01 1.145604982570913172e-01
3.003010567675537534e-01 9.474901441515765077e-01 1.099168571118380594e-01
3.159457146429996421e-01 9.429423339425717643e-01 1.050622331329555126e-01
3.306528062194719619e-01 9.384387098954652950e-01 1.000076060305520459e-01
3.444032797167104754e-01 9.340268164041620746e-01 9.476443504701055620e-02
3.571807911950095060e-01 9.297523480819278596e-01 8.934463569965812868e-02
3.689715285913523490e-01 9.256587869980226202e-01 8.376055636886815814e-02
3.797640297796131548e-01 9.217870671827741447e-01 7.802495478431144271e-02
3.895489995707051567e-01 9.181752678349737185e-01 7.215097443120888077e-02
3.983191303945836648e-01 9.148583363188007578e-01 6.615212086553626247e-02
4.060689311482723607e-01 9.118678417456924645e-01 6.004223789320660420e-02
4.127945683598413518e-01 9.092317597020439512e-01 5.383548353444177204e-02
4.184937234151436258e-01 9.069742885059517423e-01 4.754630566205461650e-02
4.231654691299392979e-01 9.051156972523849431e-01 4.118941717244522377e-02
4.268101684327162415e-01 9.036722058306818628e-01 3.477977052201068620e-02
4.294293973610331938e-01 9.026558970634186441e-01 2.833253144056367689e-02
4.310258939746488549e-01 9.020746611118699576e-01 2.186305161834001948e-02
4.316035341603111641e-01 9.019321723093429721e-01 1.538684015519502582e-02
4.311673346544333540e-01 9.022278986073781759e-01 8.919533560406677983e-03
4.297234829499859687e-01 9.029571438383253712e-01 2.476864099665506379e-03
4.272793930923935446e-01 9.041111229981588782e-01 -3.925373697368845193e-03
4.238437857163631084e-01 9.056770707230799022e-01 -1.027135853010553365e-02
4.194267900425029394e-01 9.076383830609559000e-01 -1.654527994796887308e-02
4.140400649512372966e-01 9.099747925140223570e-01 -2.273137818490028952e-02
4.076969356945370215e-01 9.126625761446963692e-01 -2.881398624444046763e-02
4.004125423065764133e-01 9.156747962866045309e-01 -3.477757421798236687e-02
3.922039953460766393e-01 9.189815730858572618e-01 -4.060679575993960538e-02
3.830905342591736096e-01 9.225503877144409781e-01 -4.628653658193104120e-02
3.730936834049105588e-01 9.263464146532195409e-01 -5.180196476542318212e-02
3.622374006474787245e-01 9.303328809449911141e-01 -5.713858263048542108e-02
3.505482133998751859e-01 9.344714497805205466e-01 -6.228227983932663886e-02
3.380553371100069038e-01 9.387226252179715624e-01 -6.721938735898869144e-02
3.247907714166408111e-01 9.430461742671055747e-01 -7.193673185975683892e-02
3.107893695695079228e-01 9.474015620146326588e-01 -7.642169008611061909e-02
2.960888772017264414e-01 9.517483949482840044e-01 -8.066224270673354180e-02
2.807299371555112555e-01 9.560468671770946392e-01 -8.464702713026986403e-02
2.647560577813692362e-01 9.602582038660819608e-01 -8.836538876485547367e-02
2.482135429397356874e-01 9.643450959253990762e-01 -9.180743020227061235e-02
2.311513828113542779e-01 9.682721198348729352e-01 -9.496405782178804489e-02
2.136211055442753248e-01 9.720061364586990438e-01 -9.782702533396482603e-02
1.956765907041644881e-01 9.755166628215495850e-01 -1.003889738199349457e-01
1.773738464220801503e-01 9.787762110809333782e-01 -1.026434678660800293e-01
1.587707530209090112e-01 9.817605893402649997e-01 -1.045850274459020901e-01
1.399267767198906776e-01 9.844491594960654846e-01 -1.062091552589223553e-01
1.209026577396922209e-01 9.868250479888632798e-01 -1.075123592987843046e-01
1.017600777349779440e-01 9.888753061135193700e-01 -1.084921704876979920e-01
8.256131194812915686e-02 9.905910174193887086e-01 -1.091471552801886458e-01
6.336887179240360823e-02 9.919673506691366605e-01 -1.094769232041435808e-01
4.424514372660576927e-02 9.930035578000608876e-01 -1.094821293698478581e-01
2.525203027333305927e-02 9.937029173153139050e-01 -1.091644720366832660e-01
6.450598862016203305e-03 9.940726244965170100e-01 -1.085266853812500154e-01
-1.209925614512158756e-02 9.941236307473435563e-01 -1.075725276588719026e-01
-3.033913334765103026e-02 9.938704352256048091e-01 -1.063067649919907931e-01
-4.821242180742099648e-02 9.933308326784683340e-01 -1.047351510532806562e-01
-6.566457252071263018e-02 9.925256220450328071e-01 -1.028644029380498398e-01
-8.263263491624429913e-02 9.914773921135490165e-01 -1.007197085475050463e-01
-9.907293136753325680e-02 9.902114966880652958e-01 -9.831468055401171302e-02
-1.149452688073509810e-01 9.887548431554160633e-01 -9.566334104534481020e-02
-1.302129694526526493e-01 9.871354886335995671e-01 -9.278005367836356099e-02
-1.448428680675706570e-01 9.853822436988901590e-01 -8.967945845210133216e-02
-1.588052787197759552e-01 9.835242887098428755e-01 -8.637640931810836031e-02
-1.720739343631128293e-01 9.815908071161953963e-01 -8.288591478302850812e-02
-1.846259028380961009e-01 9.796106394925109262e-01 -7.922308160052977943e-02
-1.964414830266560108e-01 9.776119613887731541e-01 -7.540306159753150383e-02
-2.075040849363389839e-01 9.756219874589644458e-01 -7.144100163363506506e-02
-2.178000974321388505e-01 9.736667037270053671e-01 -6.735199665301708216e-02
-2.273187471929089820e-01 9.717706292874785934e-01 -6.315104575485652738e-02
-2.360519522565126815e-01 9.699566082236186215e-01 -5.885301118156369138e-02
-2.439941732465410185e-01 9.682456320617723877e-01 -5.447258010345830403e-02
-2.511422650565678927e-01 9.666566926721565922e-01 -5.002422906380736556e-02
-2.574953314181140374e-01 9.652066651703958833e-01 -4.552219093889802587e-02
-2.630545844076521700e-01 9.639102200714046997e-01 -4.098042426364152668e-02
-2.678232105670935725e-01 9.627797636936874515e-01 -3.641258477358335494e-02
-2.718062449311830497e-01 9.618254056040614897e-01 -3.183199901859645048e-02
-2.750104538828901934e-01 9.610549517254675100e-01 -2.725163991139379835e-02
-2.774442274018303900e-01 9.604739215988816747e-01 -2.268410408472918208e-02
-2.791174809374172283e-01 9.600855881892602639e-01 -1.814159094416642470e-02
-2.800415668331225350e-01 9.598910385499757059e-01 -1.363588331799137597e-02
-2.802291949550788641e-01 9.598892536057453961e-01 -9.178329621628723151e-03
-2.796943619404386738e-01 9.600772052765195186e-01 -4.779827470235201853e-03
-2.784522882805569033e-01 9.604499691407006878e-01 -4.508086894255119298e-04
-2.765193622924317918e-01 9.610008508226158819e-01 3.798774310163765752e-03
-2.739130899093184524e-01 9.617215242842322986e-01 7.959460814020866137e-03
-2.706520491376404047e-01 9.626021802032739272e-01 1.202229274683523641e-02
-2.667558479811704131e-01 9.636316826283604087e-01 1.597882427216336387e-02
-2.622450846231881849e-01 9.647977321163150322e-01 1.982113003384045752e-02
-2.571413086806203507e-01 9.660870335776163831e-01 2.354181201706099028e-02
-2.514669823981800501e-01 9.674854670836984250e-01 2.713400500222573619e-02
-2.452454407319506757e-01 9.689782599252886319e-01 3.059138058229693771e-02
-2.385008493770336413e-01 9.705501582552028550e-01 3.390814971450202553e-02
-2.312581599188342774e-01 9.721855967029824352e-01 3.707906377969250045e-02
-2.235430614281167794e-01 9.738688644133872696e-01 4.009941412734342042e-02
-2.153819279718202639e-01 9.755842660367579633e-01 4.296503009085526903e-02
-2.068017616704613537e-01 9.773162762871042686e-01 4.567227546622744383e-02
-1.978301310944895475e-01 9.790496867835805084e-01 4.821804345700468619e-02
-1.884951049520961486e-01 9.807697440025404667e-01 5.059975009931754614e-02
-1.788251811758402865e-01 9.824622772899863632e-01 5.281532619249233729e-02
-1.688492116615038785e-01 9.841138160169188298e-01 5.486320777273590715e-02
-1.585963230466798657e-01 9.857116951014649464e-01 5.674232517945335813e-02
-1.480958340360544745e-01 9.872441482699836346e-01 5.845209077549745613e-02
-1.373771698829923393e-01 9.887003885826234351e-01 5.999238539376830492e-02
-1.264697747212404078e-01 9.900706759048175654e-01 6.136354359280769832e-02
-1.154030225052579822e-01 9.913463711625983832e-01 6.256633781313172826e-02
-1.042061273623353101e-01 9.925199773739736830e-01 6.360196153383179674e-02
-9.290805418429828877e-02 9.935851675985449827e-01 6.447201153530943141e-02
-8.152136717182668912e-02 9.945374460309417408e-01 6.518870517885710925e-02
-7.007402175620319751e-02 9.953725688694968765e-01 6.575038255351178806e-02
-5.859422392571324995e-02 9.960874275846928194e-01 6.615576871123506064e-02
-4.711033198750358419e-02 9.966800690882665625e-01 6.640398099951609623e-02
-3.565075645223177159e-02 9.971497041594253874e-01 6.649453518164502586e-02
-2.424385893556164212e-02 9.974967040130747753e-01 6.642735031467718321e-02
-1.291785097462172863e-02 9.977225850386646222e-01 6.620275236233338911e-02
-1.700693644710310828e-03 9.978299818820096645e-01 6.582147652723981113e-02
9.380001167770917608e-03 9.978226091838025003e-01 6.528466829390029702e-02
2.029706702510460092e-02 9.977052124251657439e-01 6.459388318052139422e-02
3.102387597905737968e-02 9.974835084602867719e-01 6.375108520418673597e-02
4.153442771316118165e-02 9.971641164369283716e-01 6.275864406982406551e-02
5.180343419009031392e-02 9.967544799156606850e-01 6.161933109885584653e-02
6.180639929973684443e-02 9.962627810965161146e-01 6.033631391831442703e-02
7.151969310210704034e-02 9.956978481462488428e-01 5.891314993548976697e-02
8.092062036177757878e-02 9.950690566896170930e-01 5.735377862682949218e-02
8.998748317486485182e-02 9.943862265835441416e-01 5.566251267280979825e-02
9.869963759278319038e-02 9.936595151334129961e-01 5.384402797283920072e-02
1.070375442470766769e-01 9.928993079361642105e-01 5.190335257595928009e-02
1.149828130740115223e-01 9.921161085456094986e-01 4.984585456419666355e-02
1.225182423243019181e-01 9.913204281519949479e-01 4.767722892594516287e-02
1.296278521204340672e-01 9.905226764510907111e-01 4.540348345677758940e-02
1.362969128899431948e-01 9.897330548488398883e-01 4.303092372468006466e-02
1.425119690563846353e-01 9.889614531068665615e-01 4.056613713595773330e-02
1.482608584096478388e-01 9.882173504829895316e-01 3.801597613708115886e-02
1.535327276030618859e-01 9.875097223603951369e-01 3.538754058663888535e-02
1.583180442361545315e-01 9.868469532903738628e-01 3.268815933045077227e-02
1.626086059790283200e-01 9.862367572975424546e-01 2.992537101190042431e-02
1.663975471775257786e-01 9.856861062142305840e-01 2.710690414878388216e-02
1.696793433484203861e-01 9.852011667230818892e-01 2.424065650756328238e-02
1.724498139318497991e-01 9.847872466946976377e-01 2.133467380596780136e-02
1.747061236154469066e-01 9.844487513110317112e-01 1.839712777549779715e-02
1.764467824827163633e-01 9.841891493658412315e-01 1.543629361664441806e-02
1.776716451689646648e-01 9.840109500313473090e-01 1.246052688159981353e-02
1.783819091335072382e-01 9.839156902758600109e-01 9.478239821944380028e-03
1.785801120790720953e-01 9.839039330109330406e-01 6.497877242274633508e-03
1.782701284705040801e-01 9.839752759391088288e-01 3.527891904969561541e-03
1.774571650272967205e-01 9.841283709649931710e-01 5.767195362481867572e-04
1.761477549903731343e-01 9.843609539238294959e-01 -2.347246510717340261e-03
1.743497508950738462e-01 9.846698842735700508e-01 -5.235680873691769474e-03
1.720723155215384548e-01 9.850511942894375483e-01 -8.080352011702559775e-03
1.693259106424702398e-01 9.855001471950192160e-01 -1.087314817229895550e-02
1.661222831483087359e-01 9.860113035620666766e-01 -1.360610341315663177e-02
1.624744481024960885e-01 9.865785952135572856e-01 -1.627142358837983457e-02
1.583966682658894398e-01 9.871954057724890985e-01 -1.886151220300271575e-02
1.539044296301764758e-01 9.878546569137462985e-01 -2.136899603274223375e-02
1.490144125157491783e-01 9.885488992996626090e-01 -2.378675040019678777e-02
1.437444578198382450e-01 9.892704071131549481e-01 -2.610792399360173724e-02
1.381135280453572034e-01 9.900112750470331235e-01 -2.832596311011702922e-02
1.321416627989917825e-01 9.907635165657842080e-01 -3.043463520258783001e-02
1.258499285173454441e-01 9.915191622281586126e-01 -3.242805160691789035e-02
1.192603622607983915e-01 9.922703568464521506e-01 -3.430068932673240034e-02
1.123959095042071921e-01 9.930094542624756659e-01 -3.604741175295624739e-02
1.052803559494420865e-01 9.937291085415466130e-01 -3.766348819833623823e-02
9.793825348458927438e-02 9.944223604248236814e-01 -3.914461213079822866e-02
9.039484051584964486e-02 9.950827179369787778e-01 -4.048691799482381087e-02
8.267595699809102139e-02 9.957042301202273515e-01 -4.168699651669335177e-02
7.480795458601763315e-02 9.962815529563767702e-01 -4.274190839737758429e-02
6.681760241746460827e-02 9.968100066446822227e-01 -4.364919630594348010e-02
5.873198912104138358e-02 9.972856235234071054e-01 -4.440689509642180288e-02
5.057842171012411764e-02 9.977051860552059726e-01 -4.501354018199078821e-02
4.238432208224285347e-02 9.980662544386115220e-01 -4.546817401187568802e-02
3.417712188581546046e-02 9.983671835575779197e-01 -4.577035060834826197e-02
2.598415654396023927e-02 9.986071291355801405e-01 -4.592013813343051587e-02
1.783255923724134245e-02 9.987860431174433451e-01 -4.591811946716093523e-02
9.749155643601880791e-03 9.989046584580593136e-01 -4.576539079137258853e-02
1.760360214820105157e-03 9.989644636496644026e-01 -4.546355818467801707e-02
-6.107925264567803589e-03 9.989676674657015365e-01 -4.501473224558737857e-02
-1.383041013653834445e-02 9.989171545369509575e-01 -4.442152077125868098e-02
-2.138250970589581149e-02 9.988164325022730328e-01 -4.368701952916954900e-02
-2.874043588033181260e-02 9.986695715899446268e-01 -4.281480116791461232e-02
-3.588128311627059724e-02 9.984811375844609982e-01 -4.180890232130482498e-02
-4.278310925305071899e-02 9.982561192164541852e-01 -4.067380896693915948e-02
-4.942501090126335400e-02 9.979998510790250021e-01 -3.941444010642882606e-02
-5.578719313469053531e-02 9.977179332216564722e-01 -3.803612983950172693e-02
-6.185103331693111994e-02 9.974161486026610346e-01 -3.654460790835072775e-02
-6.759913897128523586e-02 9.971003795928595759e-01 -3.494597879188757195e-02
-7.301539967382172924e-02 9.967765247172399867e-01 -3.324669943212131551e-02
-7.808503301308060418e-02 9.964504167983178062e-01 -3.145355567680967884e-02
-8.279462471418420899e-02 9.961277436256845697e-01 -2.957363752396050330e-02
-8.713216306921922616e-02 9.958139722218459777e-01 -2.761431325482445118e-02
-9.108706784895324871e-02 9.955142777061362080e-01 -2.558320254285767481e-02
-9.465021389299491106e-02 9.952334776776026182e-01 -2.348814862688222704e-02
-9.781394958650768690e-02 9.949759729457103852e-01 -2.133718963746247116e-02
-1.005721104320248249e-01 9.947456953360217513e-01 -1.913852916646681390e-02
-1.029200279156078646e-01 9.945460631881815061e-01 -1.690050617099791985e-02
-1.048545338486758932e-01 9.943799450471362267e-01 -1.463156430443319361e-02
-1.063739603417006852e-01 9.942496319270783811e-01 -1.234022076927907691e-02
-1.074781355352246587e-01 9.941568184026756683e-01 -1.003503478893892978e-02
-1.081683751790810943e-01 9.941025926552580216e-01 -7.724575798328334013e-03
-1.084474701141449476e-01 9.940874354743094443e-01 -5.417391456517740844e-03
-1.083196696743203846e-01 9.941112280883634966e-01 -3.121975588185382702e-03
-1.077906609916510772e-01 9.941732685757377341e-01 -8.467361645408543087e-04
-1.068675441562095957e-01 9.942722964859542767e-01 1.400036561576513492e-03
-1.055588031564208551e-01 9.944065251886757828e-01 3.610201647640582170e-03
-1.038742725061408689e-01 9.945736813600011272e-01 5.775798657671370878e-03
-1.018250994533356490e-01 9.947710509174616522e-01 7.889078336313276596e-03
-9.942370166248805374e-02 9.949955306264326449e-01 9.942532631063307966e-03
-9.668372026948506004e-02 9.952436845232691676e-01 1.192892393031758438e-02
-9.361996822394852424e-02 9.955118042355359798e-01 1.384131338304833009e-02
-9.024837385966483216e-02 9.957959722283651338e-01 1.567308816500408847e-02
-8.658591966849231436e-02 9.960921269692228908e-01 1.741798755648283140e-02
-8.265057629610031431e-02 9.963961289820072453e-01 1.907012769807915620e-02
-7.846123182803402263e-02 9.967038267560078824e-01 2.062402489344508649e-02
-7.403761649055316807e-02 9.970111214861867577e-01 2.207461733209122381e-02
-6.940022295088552062e-02 9.973140296485397682e-01 2.341728511062078633e-02
-6.457022246423135825e-02 9.976087424577502194e-01 2.464786843752901635e-02
-5.956937717820847550e-02 9.978916813133955621e-01 2.576268391477571501e-02
-5.441994896755991684e-02 9.981595484147669506e-01 2.675853879867687302e-02
-4.914460523100580569e-02 9.984093718117330596e-01 2.763274315315901453e-02
-4.376632213634956692e-02 9.986385442585579142e-01 2.838311981994509278e-02
-3.830828584774774448e-02 9.988448553474267300e-01 2.900801214263785954e-02
-3.279379230903411296e-02 9.990265165166659633e-01 2.950628939476092338e-02
-2.724614618802630867e-02 9.991821786530854510e-01 2.987734987542094156e-02
-2.168855960800802549e-02 9.993109421362013078e-01 3.012112165017125434e-02
-1.614405130356567214e-02 9.994123593019097473e-01 3.023806092869043768e-02
-1.063534683849475318e-02 9.994864294320220388e-01 3.022914808484662708e-02
-5.184780513742366301e-03 9.995335865015350096e-01 3.009588133841750376e-02
1.858004261966550788e-04 9.995546800352599348e-01 2.984026813101002193e-02
5.455128708580544994e-03 9.995509495372861819e-01 2.946481424142559716e-02
1.060260652611667853e-02 9.995239930587139776e-01 2.897251069772204674e-02
1.560839110902616927e-02 9.994757305593965357e-01 2.836681855443442049e-02
2.045347592403955889e-02 9.994083627965961725e-01 2.765165161376243602e-02
2.511976710127441018e-02 9.993243265362827810e-01 2.683135717896882946e-02
2.959015474457435402e-02 9.992262469304155070e-01 2.591069493674491228e-02
3.384857883621624625e-02 9.991168879353823362e-01 2.489481407289592663e-02
3.788008950144888809e-02 9.989991016625907605e-01 2.378922873241202940e-02
4.167090145076957769e-02 9.988757775520799020e-01 2.259979194087271062e-02
4.520844246700073815e-02 9.987497922443204779e-01 2.133266810925108295e-02
4.848139584913174760e-02 9.986239609947287210e-01 1.999430424861859193e-02
5.147973676481094191e-02 9.985009914307235723e-01 1.859140002508607656e-02
5.419476249783006239e-02 9.983834403935164525e-01 1.713087678864114866e-02
5.661911660571916638e-02 9.982736745375204723e-01 1.561984571243902643e-02
5.874680702569962804e-02 9.981738352807635328e-01 1.406557518165162980e-02
6.057321818500414207e-02 9.980858086115510508e-01 1.247545757324352786e-02
6.209511718446214523e-02 9.980112001615297768e-01 1.085697557007470407e-02
6.331065413295278166e-02 9.979513158549887519e-01 9.217668154562635302e-03
6.421935671568258786e-02 9.979071483404821086e-01 7.565096428784700774e-03
6.482211908219839835e-02 9.978793693054656133e-01 5.906809409360902659e-03
6.512118514161034655e-02 9.978683276693995907e-01 4.250309946700865128e-03
6.512012635370392766e-02 9.978740535474409645e-01 2.603020919183466481e-03
6.482381410646738396e-02 9.978962677771433532e-01 9.722518535003597286e-04
6.423838677398069352e-02 9.979343967061372611e-01 -6.348338773403136917e-04
6.337121155442396181e-02 9.979875918511210697e-01 -2.211251127074281668e-03
6.223084119683777032e-02 9.980547539590866046e-01 -3.750224169830857629e-03
6.082696573770341592e-02 9.981345609318229561e-01 -5.245216865376721264e-03
5.917035938470846523e-02 9.982254990155301488e-01 -6.689961649212490535e-03
5.727282270531772190e-02 9.983258966097865450e-01 -8.078487203899430841e-03
5.514712030186523506e-02 9.984339600149194638e-01 -9.405144672056246422e-03
5.280691418249794378e-02 9.985478104145754097e-01 -1.066463227653710599e-02
5.026669306792384134e-02 9.986655213812943854e-01 -1.185201821942824703e-02
4.754169790686465363e-02 9.987851561972441727e-01 -1.296276173870694950e-02
4.464784390756277449e-02 9.989048042997907828e-01 -1.399273220969544235e-02
4.160163942771553935e-02 9.990226161918527303e-01 -1.493822618779123111e-02
3.842010209980981084e-02 9.991368361993302472e-01 -1.579598229931753264e-02
3.512067260198324659e-02 9.992458325114078610e-01 -1.656319389864236574e-02
3.172112651523588400e-02 9.993481240030561707e-01 -1.723751942186949049e-02
2.823948473510348028e-02 9.994424034112606714e-01 -1.781709038029612863e-02
2.469392292892102353e-02 9.995275565158610043e-01 -1.830051695033186113e-02
2.110268054781547914e-02 9.996026770607219225e-01 -1.868689113053810871e-02
1.748396991498891648e-02 9.996670772395022109e-01 -1.897578745072713707e-02
1.385588591827697710e-02 9.997202936606961465e-01 -1.916726123249796673e-02
1.023631683516998403e-02 9.997620887970197767e-01 -1.926184441502864012e-02
6.642856812430862970e-03 9.997924480127593494e-01 -1.926053897423847180e-02
3.092720510288567235e-03 9.998115723475922145e-01 -1.916480797743705042e-02
-3.973395967443583802e-04 9.998198673149564231e-01 -1.897656432915724792e-02
-3.811112793601830265e-03 9.998179280457291096e-01 -1.869815727691002960e-02
-7.133006132007731898e-03 9.998065211724137535e-01 -1.833235675799874814e-02
-1.034811646234700365e-02 9.997865639040597330e-01 -1.788233568020710165e-02
-1.344229811599065294e-02 9.997591007868046331e-01 -1.735165024006376719e-02
-1.640222590135005307e-02 9.997252786785412182e-01 -1.674421839244197990e-02
-1.921545311579194240e-02 9.996863204883151832e-01 -1.606429659444563729e-02
-2.187046431510860159e-02 9.996434982414654780e-01 -1.531645495485205004e-02
-2.435672262176719408e-02 9.995981060302792098e-01 -1.450555092782667907e-02
-2.666471139200260118e-02 9.995514333973514187e-01 -1.363670169620908625e-02
-2.878597009941919610e-02 9.995047396754380697e-01 -1.271525539541286734e-02
-3.071312432869856973e-02 9.994592297741130560e-01 -1.174676133391135829e-02
-3.243990980697047249e-02 9.994160318609056626e-01 -1.073693937042408987e-02
-3.396119043222160794e-02 9.993761773339007171e-01 -9.691648611304230082e-03
-3.527297028774563359e-02 9.993405834252495623e-01 -8.616855594279982516e-03
-3.637239965914884632e-02 9.993100387120024131e-01 -7.518602126643123169e-03
-3.725777509599021570e-02 9.992851917435474629e-01 -6.402972947219264660e-03
-3.792853358400609387e-02 9.992665429251847975e-01 -5.276063382002800159e-03
-3.838524091636127261e-02 9.992544397264635503e-01 -4.143947163192749500e-03
-3.862957437382790599e-02 9.992490752123369679e-01 -3.012644580513633777e-03
-3.866429984458091829e-02 9.992504898263820934e-01 -1.888091132130877581e-03
-3.849324353475815086e-02 9.992585762896607493e-01 -7.761068401499486742e-04
-3.812125844137368574e-02 9.992730874175537181e-01 3.176336074046657350e-04
-3.755418577984560163e-02 9.992936466012499741e-01 1.387629730129421798e-03
-3.679881157948296233e-02 9.993197606515664688e-01 2.428582991024495416e-03
-3.586281868186399352e-02 9.993508346612872684e-01 3.435423246823842564e-03
-3.475473439912808021e-02 9.993861885089783126e-01 4.403333771632699303e-03
-3.348387411170249128e-02 9.994250746027809607e-01 5.327774719974854439e-03
-3.206028110770167000e-02 9.994666964473734039e-01 6.204504903581797501e-03
-3.049466298889766738e-02 9.995102276112494133e-01 7.029601765362013255e-03
-2.879832499041548935e-02 9.995548306746648848e-01 7.799479443946591949e-03
-2.698310058274859535e-02 9.995996757507767949e-01 8.510904832977670906e-03
-2.506127974486775309e-02 9.996439581932237139e-01 9.161011550835054806e-03
-2.304553531564044327e-02 9.996869151320333380e-01 9.747311748715100158e-03
-2.094884784701708108e-02 9.997278405155172187e-01 1.026770569780235953e-02
-1.878442939602415276e-02 9.997660983777763022e-01 1.072048910961390621e-02
-1.656564670312280288e-02 9.998011340985413220e-01 1.110435815734351316e-02
-1.430594421159197237e-02 9.998324834731425748e-01 1.141841218007440435e-02
-1.201876738599822608e-02 9.998597794642144487e-01 1.166215406594558676e-02
-9.717486787323611694e-03 9.998827565620161950e-01 1.183548832462511489e-02
-7.415323357833692938e-03 9.999012527357075131e-01 1.193871687364059762e-02
-5.125275360269595723e-03 9.999152090122895853e-01 1.197253257712147315e-02
-2.860047403523443069e-03 9.999246667719956516e-01 1.193801058920215472e-02
-6.319819707772175027e-04 9.999297628975557517e-01 1.183659756760971869e-02
1.547006153598184594e-03 9.999307229589333712e-01 1.167009883571254458e-02
3.665492184954865021e-03 9.999278526539360223e-01 1.144066358344528016e-02
5.712600019341369621e-03 9.999215277577806482e-01 1.115076820896943564e-02
7.678056974867275390e-03 9.999121828606514217e-01 1.080319791360825551e-02
9.552244303833343567e-03 9.999002991911012383e-01 1.040102667245085787e-02
1.132624321757246498e-02 9.998863918345737289e-01 9.947595712006977731e-03
1.299187619861325547e-02 9.998709966602918886e-01 9.446490634373328268e-03
1.454174340813382815e-02 9.998546572663923326e-01 8.901517334518485244e-03
1.596925403034626240e-02 9.998379122427514254e-01 8.316676863486461430e-03
1.726865242911491960e-02 9.998212830338959467e-01 7.696139395547960983e-03
1.843503902548640494e-02 9.998052626613007643e-01 7.044217461586371742e-03
1.946438583767119701e-02 9.997903055359468327e-01 6.365338614290960012e-03
2.035354665719512485e-02 9.997768185590698575e-01 5.664017693043588153e-03
2.110026186631150380e-02 9.997651536724635468e-01 4.944828857730693833e-03
2.170315793225491285e-02 9.997556019804686445e-01 4.212377561093777131e-03
2.216174164348539907e-02 9.997483895248798769e-01 3.471272628654379060e-03
2.247638918170542094e-02 9.997436747524404144e-01 2.726098613719376684e-03
2.264833015113720815e-02 9.997415476733662043e-01 1.981388592495749671e-03
2.267962671333909400e-02 9.997420306694154712e-01 1.241597560928347057e-03
2.257314800172741456e-02 9.997450808722980753e-01 5.110765905287333998e-04
2.233254001495568047e-02 9.997505939985372736e-01 -2.059521048004297507e-04
2.196219121236598487e-02 9.997584094960001444e-01 -9.054190451077270959e-04
2.146719405782486143e-02 9.997683168308264534e-01 -1.583430165114554661e-03
2.085330278031403972e-02 9.997800627219268765e-01 -2.236288168437080594e-03
2.012688764056219312e-02 9.997933591139702703e-01 -2.860512433165296985e-03
1.929488601264336273e-02 9.998078916690816831e-01 -3.452857356179304081e-03
1.836475060767107925e-02 9.998233285524299463e-01 -4.010329033847410962e-03
1.734439518330144203e-02 9.998393292874658833e-01 -4.530200187700715066e-03
1.624213809752591067e-02 9.998555534626031305e-01 -5.010023255250677099e-03
1.506664407797909250e-02 9.998716690823180597e-01 -5.447641578237482664e-03
1.382686458850384235e-02 9.998873603715554559e-01 -5.841198633187447489e-03
1.253197718281035856e-02 9.999023348624430652e-01 -6.189145262129855211e-03
1.119132424056153499e-02 9.999163296160188397e-01 -6.490244874583704984e-03
9.814351483964478540e-03 9.999291164582625457e-01 -6.743576605374154709e-03
8.410546672832733620e-03 9.999405061384613047e-01 -6.948536426374620455e-03
6.989378873030389384e-03 9.999503513480301198e-01 -7.104836223789123308e-03
5.560238687186903200e-03 9.999585485685705821e-01 -7.212500865985575077e-03
4.132379827595591276e-03 9.999650387483811631e-01 -7.271863300060410484e-03
2.714862399341542651e-03 9.999698068360795000e-01 -7.283557728156999506e-03
1.316498247053713789e-03 9.999728802277326745e-01 -7.248510926977270660e-03
-5.420129860914612262e-05 9.999743262092716245e-01 -7.167931785825884181e-03
-1.389074958361104358e-03 9.999742484984124324e-01 -7.043299149823338025e-03
-2.680358031162704234e-03 9.999727830093357861e-01 -6.876348065539836588e-03
-3.920725640092742603e-03 9.999700929786096149e-01 -6.669054536164751266e-03
-5.103332452412734366e-03 9.999663636020101887e-01 -6.423618902374147489e-03
-6.221848656137268091e-03 9.999617963388361952e-01 -6.142447973236650656e-03
-7.270492003717919129e-03 9.999566030429900554e-01 -5.828136038759505408e-03
-8.244055762646555416e-03 9.999510000785760688e-01 -5.483444901983819744e-03
-9.137932442622155593e-03 9.999452025722225246e-01 -5.111283073860126668e-03
-9.948133199153275097e-03 9.999394189450442338e-01 -4.714684278449269086e-03
-1.067130284385210681e-02 9.999338458544918540e-01 -4.296785419282898345e-03
-1.130473042200012997e-02 9.999286636607216394e-01 -3.860804159972554533e-03
-1.184635534803345908e-02 9.999240325140787977e-01 -3.410016273372351754e-03
-1.229476911923074907e-02 9.999200891403599023e-01 -2.947732913779312416e-03
-1.264921265692799460e-02 9.999169443793016754e-01 -2.477277965804193949e-03
-1.290956935288824388e-02 9.999146815098302055e-01 -2.001965621676201918e-03
-1.307635392588811681e-02 9.999133553735976010e-01 -1.525078335874193065e-03
-1.315069722002469924e-02 9.999129922868182918e-01 -1.049845302126727704e-03
-1.313432710157999735e-02 9.999135907099467868e-01 -5.794215930205774082e-04
-1.302954563539354162e-02 9.999151226258220504e-01 -1.168680967341510237e-04
-1.283920274447614140e-02 9.999175355599881909e-01 3.348676211937644275e-04
-1.256666657793790998e-02 9.999207551623778834e-01 7.729694105955414859e-04
-1.221579083208886897e-02 9.999246882577124129e-01 1.194769471679323243e-03
-1.179087928768644822e-02 9.999292262630632422e-01 1.597764029053425679e-03
-1.129664784263573890e-02 9.999342488651721261e-01 1.979627651167549431e-03
-1.073818433388087044e-02 9.999396278473934307e-01 2.338226131828417646e-03
-1.012090645464739681e-02 9.999452309564692554e-01 2.671627861246677910e-03
-9.450518083499687833e-03 9.999509257026623077e-01 2.978113625332902328e-03
-8.732964349766478979e-03 9.999565829928589444e-01 3.256184783601618997e-03
-7.974385765676147986e-03 9.999620805048518024e-01 3.504569787977764549e-03
-7.181071758961169761e-03 9.999673057217960404e-01 3.722229016940519809e-03
-6.359413940687019991e-03 9.999721585584333550e-01 3.908357911693463235e-03
-5.515859441604984911e-03 9.999765535246811776e-01 4.062388413323916869e-03
-4.656864646414952090e-03 9.999804213871518188e-01 4.183988712114262119e-03
-3.788849648973042356e-03 9.999837103046557152e-01 4.273061332200263698e-03
-2.918153742735943648e-03 9.999863864292956039e-01 4.329739586543814370e-03
-2.050992249671633808e-03 9.999884339799478550e-01 4.354382448610373199e-03
-1.193414977583153163e-03 9.999898548093349993e-01 4.347567898128289719e-03
-3.512665804109466614e-04 9.999906674991487776e-01 4.310084808776276470e-03
4.698509212551131662e-04 9.999909060294535079e-01 4.242923455519524017e-03
1.264613221346071181e-03 9.999906180786081178e-01 4.147264728523247269e-03
2.028006193789739630e-03 9.999898630179766545e-01 4.024468149049995232e-03
2.755355547060131700e-03 9.999887096715950330e-01 3.876058790435868168e-03
3.442353495923709643e-03 9.999872339146369526e-01 3.703713214089940624e-03
4.085082302861114088e-03 9.999855161859599884e-01 3.509244536427192068e-03
4.680034566785800168e-03 9.999836389892476918e-01 3.294586747691980334e-03
5.224130162398072860e-03 9.999816844544057171e-01 3.061778407727979660e-03
5.714729759593816655e-03 9.999797320260823685e-01 2.812945846880424584e-03
6.149644878585776298e-03 9.999778563396687359e-01 2.550286002363694876e-03
6.527144462591911306e-03 9.999761253371554082e-01 2.276049021585250989e-03
6.845957975907740641e-03 9.999745986660576458e-01 1.992520764086284923e-03
7.105275060723848131e-03 9.999733263945855821e-01 1.702005332947707523e-03
7.304741811000348486e-03 9.999723480656509400e-01 1.406807764731589838e-03
7.444453745900638311e-03 9.999716921014988325e-01 1.109217004303781305e-03
7.524945588559346123e-03 9.999713755600500020e-01 8.114892872404940675e-04
7.547177978164775272e-03 9.999714042337504161e-01 5.158320479937618819e-04
7.512521264333503306e-03 9.999717730721284781e-01 2.243884666175219181e-04
7.422736552411574908e-03 9.999724669006168076e-01 -6.077723931682029856e-05
7.279954186528657910e-03 9.999734614007156352e-01 -3.376936779078644675e-04
7.086649873842948075e-03 9.999747243104364358e-01 -6.044952091204984024e-04
6.845618668338731075e-03 9.999762167992970463e-01 -8.594338501401160152e-04
6.559947045678260653e-03 9.999778949690165675e-01 -1.100890084840835080e-03
6.232983311878333155e-03 9.999797114295213563e-01 -1.327382511623408784e-03
5.868306597904560280e-03 9.999816168998939547e-01 -1.537576273596073448e-03
5.469694699590427894e-03 9.999835617854205827e-01 -1.730290225128894473e-03
5.041091027545289982e-03 9.999854976848098209e-01 -1.904502799128379329e-03
4.586570934882065742e-03 9.999873787858232221e-01 -2.059356549871220205e-03
4.110307691654420913e-03 9.999891631127999503e-01 -2.194161356819628560e-03
3.616538373844581031e-03 9.999908135956753208e-01 -2.308396285430794337e-03
3.109529931604521590e-03 9.999922989368620341e-01 -2.401710111484673532e-03
2.593545696261311678e-03 9.999935942595531424e-01 -2.473920525803578307e-03
2.072812578406449738e-03 9.999946815283854429e-01 -2.525012046341701833e-03
1.551489200271998284e-03 9.999955497407293503e-01 -2.555132674402976495e-03
1.033635194643606117e-03 9.999961948939390943e-01 -2.564589341125028763e-03
5.231818898793051762e-04 9.999966197404838164e-01 -2.553842199272871386e-03
2.390458631586689017e-05 9.999968333488185035e-01 -2.523497823750382122e-03
-4.606033864119104117e-04 9.999968504929788171e-01 -2.474301391997720673e-03
-9.269546586905266176e-04 9.999966908980734148e-01 -2.407127922541513892e-03
-1.371989702675550449e-03 9.999963783720181576e-01 -2.322972656350876831e-03
-1.792796471489828012e-03 9.999959398559419288e-01 -2.222940671281608497e-03
-2.186727680946334330e-03 9.999954044266862185e-01 -2.108235824725483622e-03
-2.551415639564016350e-03 9.999948022847280349e-01 -1.980149123590677247e-03
-2.884784553800533689e-03 9.999941637597301591e-01 -1.840046623899425308e-03
-3.185060256861737583e-03 9.999935183638448688e-01 -1.689356964583594136e-03
-3.450777330984137158e-03 9.999928939199694833e-01 -1.529558641478781858e-03
-3.680783614546275385e-03 9.999923157885058922e-01 -1.362167128060882059e-03
-3.874242106574720800e-03 9.999918062119550477e-01 -1.188721949140869637e-03
-4.030630302002396505e-03 9.999913837920428872e-01 -1.010773812546010477e-03
-4.149737011249644142e-03 9.999910631091820656e-01 -8.298719017876720261e-04
-4.231656737177491232e-03 9.999908544891045192e-01 -6.475514298729302285e-04
-4.276781701061840857e-03 9.999907639165978024e-01 -4.653215507910792351e-04
-4.285791626819373049e-03 9.999907930916093202e-01 -2.846537208348771941e-04
-4.259641409153022001e-03 9.999909396186801303e-01 -1.069705968435427830e-04
-4.199546806459281481e-03 9.999911973168532642e-01 6.636444727079856740e-05
-4.106968313144487674e-03 9.999915566339765416e-01 2.340571106753288179e-04
-3.983593378337149486e-03 9.999920051467600102e-01 3.948911942732601555e-04
-3.831317148775046852e-03 9.999925281261070609e-01 5.477368070319412223e-04
-3.652221922818357086e-03 9.999931091461442545e-01 6.915576969013493246e-04
-3.448555510036064881e-03 9.999937307150289501e-01 8.254176613359868976e-04
-3.222708696588516379e-03 9.999943749059931886e-01 9.484860007974746203e-04
-2.977192020654711047e-03 9.999950239681456576e-01 1.060041987176212801e-03
-2.714612064413806682e-03 9.999956608982273343e-01 1.159478327753751033e-03
-2.437647469586376979e-03 9.999962699567298552e-01 1.246303614057816351e-03
-2.149024882287182796e-03 9.999968371144302148e-01 1.320143753664328829e-03
-1.851495029967715686e-03 9.999973504183753414e-01 1.380742391601006954e-03
-1.547809128578479061e-03 9.999978002695412149e-01 1.427960336432694891e-03
-1.240695811817361157e-03 9.999981796076916618e-01 1.461774014288809822e-03
-9.328387665249909030e-04 9.999984840022447807e-01 1.482272981960600913e-03
-6.268552490273809116e-04 9.999987116511217522e-01 1.489656537685913815e-03
-3.252756466095418756e-04 9.999988632924999843e-01 1.484229475291496151e-03
-3.052423644154324571e-05 9.999989420370334336e-01 1.466397033921686566e-03
2.550987187087640955e-04 9.999989531303611345e-01 1.436659101596674719e-03
5.294334126250489813e-04 9.999989036575491763e-01 1.395603736267837097e-03
7.904753651442439528e-04 9.999988022024531853e-01 1.343900072832122797e-03
1.036388624058901193e-03 9.999986584758314700e-01 1.282290688698264815e-03
1.265517220594808336e-03 9.999984829263744990e-01 1.211583503937189738e-03
1.476394816183422944e-03 9.999982863486599483e-01 1.132643294776255506e-03
1.667752495060235421e-03 9.999980795014214996e-01 1.046382901197300810e-03
1.838524674146479760e-03 9.999978727484741814e-01 9.537542106639439882e-04
1.987853118562163922e-03 9.999976757332313948e-01 8.557390005327182927e-04
2.115089067825273294e-03 9.999974970960371357e-01 7.533397215005873618e-04
2.219793494171283608e-03 9.999973442415980296e-01 6.475703035196589321e-04
2.301735530339880584e-03 9.999972231617109131e-01 5.394470639862293743e-04
2.360889119489372519e-03 9.999971383163172023e-01 4.299797957093915357e-04
2.397427954488169210e-03 9.999970925737604599e-01 3.201631092137816178e-04
2.411718787579546046e-03 9.999970872090434559e-01 2.109681003665248413e-04
2.404313204212326673e-03 9.999971219569498970e-01 1.033344101800048539e-04
2.375937966577495401e-03 9.999971951151713778e-01 -1.837261025640775066e-06
2.327484043000929963e-03 9.999973036911099511e-01 -1.036921280645650248e-04
2.259994448738371960e-03 9.999974435848513199e-01 -2.014277324720525832e-04
2.174651031834964887e-03 9.999976097999492275e-01 -2.942997457243461882e-04
2.072760344494853964e-03 9.999977966731425916e-01 -3.816271248408968945e-04
1.955738745815541538e-03 9.999979981139407448e-01 -4.627965876322369973e-04
1.825096885748746060e-03 9.999982078451581380e-01 -5.372663815605170168e-04
1.682423722739189408e-03 9.999984196359231747e-01 -6.045693270102132921e-04
1.529370228662701352e-03 9.999986275194115981e-01 -6.643151226597029902e-04
1.367632934445926589e-03 9.999988259885078667e-01 -7.161919075365731548e-04
1.198937468125133238e-03 9.999990101637470374e-01 -7.599670811676894960e-04
1.025022234126970197e-03 9.999991759291743110e-01 -7.954873899375391761e-04
8.476223782774075770e-04 9.999993200331327436e-01 -8.226782942854203324e-04
6.684541775258923905e-04 9.999994401523969456e-01 -8.415426376463789769e-04
4.891999866802008165e-04 9.999995349194606975e-01 -8.521586440180399557e-04
3.114938666638624549e-04 9.999996039141079152e-01 -8.546772766647727729e-04
1.369080100218721509e-04 9.999996476216110874e-01 -8.493189957049767508e-04
-3.305993029059826828e-05 9.999996673609643505e-01 -8.363699571239996324e-04
-1.969985132927252862e-04 9.999996651874456521e-01 -8.161777000762983261e-04
-3.535930991719929114e-04 9.999996437744864686e-01 -7.891463731528764467e-04
-5.016352826769089569e-04 9.999996062802959385e-01 -7.557315535659820532e-04
-6.400311103045775362e-04 9.999995562049350806e-01 -7.164347159201337823e-04
-7.678080334176496475e-04 9.999994972435618523e-01 -6.717974093799697214e-04
-8.841205621720057365e-04 9.999994331413896154e-01 -6.223952036000400187e-04
-9.882545979684772934e-04 9.999993675555280959e-01 -5.688314647440522722e-04
-1.079630434936858273e-03 9.999993039283351370e-01 -5.117310232914835120e-04
-1.157804433598564296e-03 9.999992453762273081e-01 -4.517337951137325109e-04
-1.222469382219131245e-03 9.999991945971119511e-01 -3.894884165114484952e-04
-1.273453573341358242e-03 9.999991537987396040e-01 -3.256459525559577805e-04
-1.310718634477751367e-03 9.999991246493806774e-01 -2.608537361925462872e-04
-1.334356162836879264e-03 9.999991082513279839e-01 -1.957493931682563601e-04
-1.344583224169359830e-03 9.999991051368578576e-01 -1.309551049728504082e-04
-1.341736785260496658e-03 9.999991152854728060e-01 -6.707215866384006625e-05
-1.326267158191784656e-03 9.999991381605298768e-01 -4.675828723906791428e-06
-1.298730542175550442e-03 9.999991727627469684e-01 5.568936798609062965e-05
-1.259780755478624161e-03 9.999992176975969205e-01 1.135140075178586478e-04
-1.210160255645044251e-03 9.999992712532523864e-01 1.683276523818573467e-04
-1.150690550867774576e-03 9.999993314855440962e-01 2.197022762533071272e-04
-1.082262108919359494e-03 9.999993963063362745e-01 2.672551978044489696e-04
-1.005823872516285224e-03 9.999994635718023606e-01 3.106515068090948042e-04
-9.223724913573138565e-04 9.999995311672927878e-01 3.496059709104074758e-04
-8.329413813487068644e-04 9.999995970858049921e-01 3.838844167009383213e-04
-7.385897207261201683e-04 9.999996594974834840e-01 4.133045839837505976e-04
-6.403914909313183045e-04 9.999997168080638765e-01 4.377364572146275252e-04
-5.394246672388907033e-04 9.999997677047176570e-01 4.571020831191924391e-04
-4.367606603003573729e-04 9.999998111883208196e-01 4.713748882886268895e-04
-3.334541050357176547e-04 9.999998465917446788e-01 4.805785151394586022e-04
-2.305330877190098411e-04 9.999998735843221853e-01 4.847851989354356713e-04
-1.289898957455543711e-04 9.999998921631622073e-01 4.841137125749438662e-04
-2.977236751153292365e-05 9.999999026324479789e-01 4.787269095115374374e-04
6.622408783564024521e-05 9.999999055722480490e-01 4.688288984676555987e-04
1.581637392173821407e-04 9.999999017986829219e-01 4.546618864963847392e-04
2.452769980913669886e-04 9.999998923175105192e-01 4.365027294214920820e-04
3.268660546206900077e-04 9.999998782733277025e-01 4.146592307247329951e-04
4.023096508222839232e-04 9.999998608966217395e-01 3.894662315391183779e-04
4.710669653440833354e-04 9.999998414508555200e-01 3.612815355396218979e-04
5.326805939446106189e-04 9.999998211816397697e-01 3.304817131956460231e-04
5.867786191295785905e-04 9.999998012698386729e-01 2.974578300640684731e-04
6.330757716444447179e-04 9.999997827901939695e-01 2.626111435640801628e-04
6.713736955393381041e-04 9.999997666767390658e-01 2.263488119959975895e-04
7.015603372270464702e-04 9.999997536959345235e-01 1.890796584607777749e-04
7.236084872641653648e-04 9.999997444280953607e-01 1.512100308241561182e-04
7.375735114239032747e-04 9.999997392573224397e-01 1.131397969720668886e-04
7.435903149264137509e-04 9.999997383698000508e-01 7.525851234872776461e-05
7.418695903856398254e-04 9.999997417600032801e-01 3.794179418512097518e-05
7.326934060645891528e-04 9.999997492440712010e-01 1.547933946094544268e-06
7.164101963555152960e-04 9.999997604793653405e-01 -3.358522361607053669e-05
6.934292209776181121e-04 9.999997749890473520e-01 -6.714310977794780391e-05
6.642145631809130311e-04 9.999997921903801545e-01 -9.883694805663052925e-05
6.292787402378007856e-04 9.999998114253908499e-01 -1.284059395365383599e-04
5.891760016791896225e-04 9.999998319925202939e-01 -1.556191033295962242e-04
5.444953920841016058e-04 9.999998531779314970e-01 -1.802767620485206876e-04
4.958536557634529631e-04 9.999998742852441724e-01 -2.022116660563638094e-04
4.438880604014967140e-04 9.999998946626021956e-01 -2.212897541201445603e-04
3.892492156518251051e-04 9.999999137261545989e-01 -2.374105519026083774e-04
3.325939608562475456e-04 9.999999309792355628e-01 -2.505072134354662601e-04
2.745783934991447126e-04 9.999999460267428031e-01 -2.605462142931393404e-04
2.158511067688407073e-04 9.999999585844433492e-01 -2.675267085933879315e-04
1.570467007193251344e-04 9.999999684831550884e-01 -2.714795651579354589e-04
9.877962706425636580e-05 9.999999756679658347e-01 -2.724661011427010021e-04
4.163842264965652808e-05 9.999999801928427523e-01 -2.705765341668763327e-04
-1.381961879446965520e-05 9.999999822111508285e-01 -2.659281764093733482e-04
-6.707329286309522470e-05 9.999999819627336528e-01 -2.586633962800639528e-04
-1.176418110485403335e-04 9.999999797583097871e-01 -2.489473750952250763e-04
-1.650885764939680981e-04 9.999999759619992989e-01 -2.369656876788473572e-04
-2.090243843388855970e-04 9.999999709728216724e-01 -2.229217369648670911e-04
-2.491100287652224412e-04 9.999999652059948785e-01 -2.070340734846238867e-04
-2.850583055813924187e-04 9.999999590748197553e-01 -1.895336310873841495e-04
-3.166354058694511187e-04 9.999999529738620163e-01 -1.706609103617867098e-04
-3.436617027966642774e-04 9.999999472640428433e-01 -1.506631410083848906e-04
-3.660119400897202785e-04 9.999999422601312249e-01 -1.297914538674148745e-04
-3.836148368229743626e-04 9.999999382210013055e-01 -1.082980924442055013e-04
-3.964521290209357452e-04 9.999999353428773441e-01 -8.643369261311111451e-05
-4.045570740636451868e-04 9.999999337556509937e-01 -6.444465773828028535e-05
-4.080124489606091641e-04 9.999999335222216068e-01 -4.257065474743401202e-05
-4.069480781790127096e-04 9.999999346406869272e-01 -2.104225475697881083e-05
-4.015379308353604930e-04 9.999999370491018391e-01 -7.873969918436931627e-08
-3.919968306530259420e-04 9.999999406324349138e-01 2.011390592744965319e-05
-3.785768251244056386e-04 9.999999452312824388e-01 3.934480154594581540e-05
-3.615632627750799285e-04 9.999999506518544301e-01 5.743976119300755502e-05
-3.412706292948963207e-04 9.999999566767250325e-01 7.424265707837068894e-05
-3.180381945702870534e-04 9.999999630758402702e-01 8.961654743073211031e-05
-2.922255233231636274e-04 9.999999696172985342e-01 1.034445628348779550e-04
-2.642079021407329662e-04 9.999999760774599400e-01 1.156305480473597211e-04
-2.343717351802493973e-04 9.999999822499994195e-01 1.260994590277778244e-04
-2.031099597718771636e-04 9.999999879535873548e-01 1.347975176098984145e-04
-1.708175315460864173e-04 9.999999930379631641e-01 1.416921288332033944e-04
-1.378870266093557809e-04 9.999999973882489623e-01 1.467715684343857648e-04
-1.047044057183728035e-04 1.000000000927438570e+00 1.500444503349223767e-04
-7.164498239786823474e-05 1.000000003617079081e+00 1.515389861324435510e-04
-3.906963355408940076e-05 1.000000005456237240e+00 1.513020505897318894e-04
-7.321287401509342970e-06 1.000000006478914738e+00 1.493980688978707207e-04
2.327828050573224503e-05 1.000000006750127790e+00 1.459077430540166157e-04
5.243131661217471695e-05 1.000000006360916016e+00 1.409266360269477284e-04
7.986660199628321008e-05 1.000000005422566840e+00 1.345636334752538395e-04
1.053415908146252300e-04 1.000000004060364711e+00 1.269393036270058200e-04
1.286441617296826215e-04 1.000000002407167798e+00 1.181841765221275549e-04
1.495939741822109223e-04 1.000000000597106364e+00 1.084369641585647035e-04
1.680434260254999427e-04 9.999999987596706053e-01 9.784274317264849135e-05
1.838782136137869546e-04 9.999999970144182182e-01 8.655112152753216992e-05
1.970174998807298688e-04 9.999999954664943180e-01 7.471441028866320899e-05
2.074137002091590884e-04 9.999999942031027045e-01 6.248582094192760554e-05
