1.000000000000000000e+00 0.000000000000000000e+00 0.000000000000000000e+00
9.999999962218851790e-01 -3.406654785354977998e-05 7.997322037948187683e-05
9.999999647061648123e-01 -1.146201522267114036e-04 2.396872439088612995e-04
9.999998530699252264e-01 -2.540422686548612745e-04 4.788767122737394881e-04
9.999995742424422351e-01 -4.646701717406548273e-04 7.972434598139119862e-04
9.999989987541947345e-01 -7.587918278965805887e-04 1.194456639901179560e-03
9.999979456057936922e-01 -1.148640755364406692e-03 1.670152838614879414e-03
9.999961717467310551e-01 -1.646390854316499668e-03 2.223936169759137445e-03
9.999933601972326169e-01 -2.264151185411737884e-03 2.855378344712261336e-03
9.999891068498942825e-01 -3.013960670281501733e-03 3.564018710113365639e-03
9.999829059912072049e-01 -3.907782682103243949e-03 4.349364245980818708e-03
9.999741345865661435e-01 -4.957499488728824531e-03 5.210889516527718833e-03
9.999620353759356428e-01 -6.174906504824822541e-03 6.148036565697227729e-03
9.999456988310583272e-01 -7.571706303209267686e-03 7.160214749290780278e-03
9.999240440289705045e-01 -9.159502329095001172e-03 8.246800495510213033e-03
9.998957985006888816e-01 -1.094979225433989969e-02 9.407136985785522626e-03
9.998594771182942598e-01 -1.295396090212904902e-02 1.064053374791786889e-02
9.998133600883253314e-01 -1.518327266584910441e-02 1.194626615383664360e-02
9.997554701244549813e-01 -1.764886333934148274e-02 1.332357481465382305e-02
9.996835488779167722e-01 -2.036173126932511179e-02 1.477166486620166974e-02
9.995950327101378319e-01 -2.333272773465411287e-02 1.628970513886414742e-02
9.994870278985741319e-01 -2.657254645132012955e-02 1.787682720626061067e-02
9.993562853738906515e-01 -3.009171209682943299e-02 1.953212430821423679e-02
9.991991750944384520e-01 -3.390056774289526564e-02 2.125465014443862766e-02
9.990116601724974288e-01 -3.800926108140764009e-02 2.304341753650438959e-02
9.987892708760218730e-01 -4.242772932550583492e-02 2.489739695690311796e-02
9.985270786396743814e-01 -4.716568266542142673e-02 2.681551492540728762e-02
9.982196702297854163e-01 -5.223258615772832097e-02 2.879665227442902015e-02
9.978611222195343800e-01 -5.763763992688573229e-02 3.083964228670387636e-02
9.974449759431058826e-01 -6.338975755965318981e-02 3.294326871036266924e-02
9.969642131107978589e-01 -6.949754257626314380e-02 3.510626365829688095e-02
9.964112322809980382e-01 -7.596926286733221567e-02 3.732730540066202252e-02
9.957778263995232804e-01 -8.281282299255658674e-02 3.960501606138642355e-02
9.950551616319250892e-01 -9.003573424645355816e-02 4.193795923164518602e-02
9.942337577298693274e-01 -9.764508240796093697e-02 4.432463751540333813e-02
9.933034701884267959e-01 -1.056474931047685084e-01 4.676349002430703339e-02
9.922534744668589646e-01 -1.140490947400020633e-01 4.925288984138320725e-02
9.910722525610027311e-01 -1.228554789484695708e-01 5.179114147516779981e-02
9.897475822303616333e-01 -1.320716585722537528e-01 5.437647832798928049e-02
9.882665291971807209e-01 -1.417020231711136058e-01 5.700706020415152731e-02
9.866154426477387052e-01 -1.517502921120293391e-01 5.968097088564923436e-02
9.847799543774338193e-01 -1.622194653143409770e-01 6.239621580476639034e-02
9.827449819305217327e-01 -1.731117717622988605e-01 6.515071984440756747e-02
9.804947360920944766e-01 -1.844286159354164845e-01 6.794232529824366373e-02
9.780127330935673990e-01 -1.961705223486844007e-01 7.076879002366612270e-02
9.752818118930162150e-01 -2.083370784392901964e-01 7.362778582108360503e-02
9.722841568876319229e-01 -2.209268760837355960e-01 7.651689707320910583e-02
9.690013264067768306e-01 -2.339374520788048140e-01 7.943361967762030407e-02
9.654142873200655117e-01 -2.473652279712819924e-01 8.237536030498150696e-02
9.615034560750396198e-01 -2.612054496741055831e-01 8.533943601384523514e-02
9.572487464528347534e-01 -2.754521273601470699e-01 8.832307425086458053e-02
9.526296242973203432e-01 -2.900979761782724875e-01 9.132341326251193492e-02
9.476251694331341291e-01 -3.051343583889450928e-01 9.433750294099291223e-02
9.422141449405545544e-01 -3.205512275674192169e-01 9.736230612295641851e-02
9.363750739000725742e-01 -3.363370755705300530e-01 1.003947003548387451e-01
9.300863236567916692e-01 -3.524788830070978984e-01 1.034314801332624351e-01
9.233261975845032943e-01 -3.689620739908698321e-01 1.064693596228819539e-01
9.160730342517205971e-01 -3.857704759875097422e-01 1.095049758474887919e-01
9.083053138075563027e-01 -4.028862855921927499e-01 1.125348923431444131e-01
9.000017713147442366e-01 -4.202900410906460493e-01 1.155556032547061657e-01
8.911415166611693639e-01 -4.379606026628332094e-01 1.185635378494808712e-01
8.817041605810354010e-01 -4.558751410838022267e-01 1.215550654140353515e-01
8.716699462135080179e-01 -4.740091357595273558e-01 1.245265004925866781e-01
8.610198855217530145e-01 -4.923363829060274921e-01 1.274741084180805450e-01
8.497358997903545763e-01 -5.108290146369917073e-01 1.303941110802497305e-01
8.378009633158863823e-01 -5.294575296681476306e-01 1.332826928688456425e-01
8.251992493057966893e-01 -5.481908362754837061e-01 1.361360067250753925e-01
8.119162769066833318e-01 -5.669963080592743676e-01 1.389501802302759714e-01
7.979390581964600493e-01 -5.858398529670340027e-01 1.417213216582289548e-01
7.832562438978041275e-01 -6.046859959167333320e-01 1.444455259164567906e-01
7.678582665045168287e-01 -6.234979752378352336e-01 1.471188803025174074e-01
7.517374794597997401e-01 -6.422378530132462071e-01 1.497374700038633100e-01
7.348882909875456004e-01 -6.608666392616945329e-01 1.522973832743501621e-01
7.173072911559549292e-01 -6.793444297491701978e-01 1.547947162270160160e-01
6.989933707482315350e-01 -6.976305570619280028e-01 1.572255771912965949e-01
6.799478305286186242e-01 -7.156837544143725971e-01 1.595860905933265683e-01
6.601744795241056840e-01 -7.334623315052385406e-01 1.618724003302699777e-01
6.396797209929406813e-01 -7.509243615772392966e-01 1.640806726235275459e-01
6.184726248204370780e-01 -7.680278786811648439e-01 1.662070983509239819e-01
5.965649851699641459e-01 -7.847310839976010532e-01 1.682478948742618108e-01
5.739713623216233795e-01 -8.009925599302343269e-01 1.701993073955625768e-01
5.507091077518285749e-01 -8.167714905561603844e-01 1.720576098924759545e-01
5.267983716424555762e-01 -8.320278869025833357e-01 1.738191057002593798e-01
5.022620921568506924e-01 -8.467228154174080146e-01 1.754801278239270512e-01
4.771259659800479724e-01 -8.608186279148558606e-01 1.770370390791387860e-01
4.514183997902240786e-01 -8.742791912074903138e-01 1.784862321736489232e-01
4.251704425058204229e-01 -8.870701145837819324e-01 1.798241298521884024e-01
3.984156983359753434e-01 -8.991589732561792170e-01 1.810471852360675815e-01
3.711902208490485133e-01 -9.105155258889847669e-01 1.821518824941749382e-01
3.435323884632333624e-01 -9.211119243183630845e-01 1.831347379840846112e-01
3.154827619527508786e-01 -9.309229135985763737e-01 1.839923020004321785e-01
2.870839247511713932e-01 -9.399260205489722297e-01 1.847211612624220234e-01
2.583803070183413597e-01 -9.481017290351626547e-01 1.853179422632420248e-01
2.294179946175621820e-01 -9.554336402949710205e-01 1.857793155913406435e-01
2.002445243234496630e-01 -9.619086167147814503e-01 1.861020013171369170e-01
1.709086667466611642e-01 -9.675169075745162495e-01 1.862827755190640810e-01
1.414601986177270732e-01 -9.722522554091548308e-01 1.863184780002820895e-01
1.119496662168225909e-01 -9.761119817809488231e-01 1.862060212224188882e-01
8.242814186763232354e-02 -9.790970514186229101e-01 1.859424004558926091e-01
5.294697552957685488e-02 -9.812121138570426560e-01 1.855247051183805951e-01
2.355754362158662615e-02 -9.824655219020312913e-01 1.849501312445476497e-01
-5.689002709736573626e-03 -9.828693264489033465e-01 1.842159950019768011e-01
-3.471466955497507639e-02 -9.824377222638213114e-01 1.833330952763786437e-01
-6.347584096262950948e-02 -9.811903672240577245e-01 1.823082304646933272e-01
-9.193126857541435160e-02 -9.791496387040621308e-01 1.811481070034253738e-01
-1.200421800914941994e-01 -9.763403648864633633e-01 1.798593240429530171e-01
-1.477723624730165053e-01 -9.727895562669274243e-01 1.784483606555819779e-01
-1.750882210749059587e-01 -9.685261398644681163e-01 1.769215654192693998e-01
-2.019588160630740592e-01 -9.635806983639917389e-01 1.752851481999364025e-01
-2.283558776405221202e-01 -9.579852161312890635e-01 1.735451739423615747e-01
-2.542538017059316480e-01 -9.517728337585581455e-01 1.717075582722689675e-01
-2.796296276364230171e-01 -9.449776125259372606e-01 1.697780647097811291e-01
-3.044629999187050684e-01 -9.376343099054513797e-01 1.677623032962495819e-01
-3.287361153554254067e-01 -9.297781669912239533e-01 1.656657304419311139e-01
-3.524336575506967772e-01 -9.214447085158636863e-01 1.634936498103904678e-01
-3.755427203348739584e-01 -9.126695559088748855e-01 1.612512140662427373e-01
-3.980527217277630703e-01 -9.034882536693513710e-01 1.589434273253108876e-01
-4.199553099652967858e-01 -8.939361091621087496e-01 1.565751481599238770e-01
-4.412442630306568914e-01 -8.840480458033455058e-01 1.541510930264350099e-01
-4.619153830398249894e-01 -8.738584694780939799e-01 1.516758399966785520e-01
-4.819663867361457243e-01 -8.634011479260725874e-01 1.491538326896445499e-01
-5.013967932508636149e-01 -8.527091027438352677e-01 1.465893843138406649e-01
-5.202078101885474481e-01 -8.418145135779872001e-01 1.439866817443854197e-01
-5.384022189993168395e-01 -8.307486340252981938e-01 1.413497895716557262e-01
-5.559842605050074882e-01 -8.195417187093978484e-01 1.386826540701562582e-01
-5.729595213547565846e-01 -8.082229609690022576e-01 1.359891070470985175e-01
-5.893348220976486473e-01 -7.968204405679992774e-01 1.332728695399208463e-01
-6.051181074765086265e-01 -7.853610808219607664e-01 1.305375553406271372e-01
-6.203183394679998575e-01 -7.738706145276201820e-01 1.277866743323802790e-01
-6.349453935200634058e-01 -7.623735580804866796e-01 1.250236356302862062e-01
-6.490099583685127183e-01 -7.508931931701128271e-01 1.222517505237960961e-01
-6.625234397502749450e-01 -7.394515554517219202e-01 1.194742352226978305e-01
-6.754978682712813320e-01 -7.280694296061581694e-01 1.166942134123368363e-01
-6.879458116322455519e-01 -7.167663502167559431e-01 1.139147186265785511e-01
-6.998802913653773272e-01 -7.055606079111214068e-01 1.111386964491819090e-01
-7.113147041892916578e-01 -6.944692602374313850e-01 1.083690065557779553e-01
-7.222627480477954443e-01 -6.835081467682082579e-01 1.056084246096226364e-01
-7.327383528606646879e-01 -6.726919079491930908e-01 1.028596440247966370e-01
-7.427556159807613412e-01 -6.620340072365471507e-01 1.001252776106335007e-01
-7.523287423216667991e-01 -6.515467560918322132e-01 9.740785911094108906e-02
-7.614719890932266644e-01 -6.412413414307669424e-01 9.470984465110535155e-02
-7.701996150587997469e-01 -6.311278551483728849e-01 9.203361410548892285e-02
-7.785258342073801963e-01 -6.212153253695963384e-01 8.938147239671322131e-02
-7.864647737159277119e-01 -6.115117491006190065e-01 8.675565073748779665e-02
-7.940304360619923063e-01 -6.020241259816878632e-01 8.415830782466603155e-02
-8.012366651338839185e-01 -5.927584928672607889e-01 8.159153099419559629e-02
-8.080971161750268861e-01 -5.837199589834468627e-01 7.905733734462523643e-02
-8.146252293905817954e-01 -5.749127414360218902e-01 7.655767483584931254e-02
-8.208342070377494526e-01 -5.663402008646296615e-01 7.409442336883736990e-02
-8.267369938162287824e-01 -5.580048770600640751e-01 7.166939585122185374e-02
-8.323462603719299358e-01 -5.499085243817174451e-01 6.928433925281339556e-02
-8.376743897250999993e-01 -5.420521468313260760e-01 6.694093565438608007e-02
-8.427233055181114763e-01 -5.344602935263046417e-01 6.457264806369858445e-02
-8.474991135343100668e-01 -5.271421330907176683e-01 6.218059121859981914e-02
-8.520078592191260292e-01 -5.201063791707197792e-01 5.976590976304575059e-02
-8.562555031394595284e-01 -5.133612878223917653e-01 5.732977634732418226e-02
-8.602478971933122942e-01 -5.069146557104863282e-01 5.487338974868429670e-02
-8.639907616596583795e-01 -5.007738190537859291e-01 5.239797302010405777e-02
-8.674896631733605146e-01 -4.949456532502897743e-01 4.990477167383653573e-02
-8.707499937045296567e-01 -4.894365731138146103e-01 4.739505190526765305e-02
-8.737769506161473521e-01 -4.842525336528169522e-01 4.487009886150494092e-02
-8.765755178680887383e-01 -4.793990313223082667e-01 4.233121495801221018e-02
-8.791504484299473843e-01 -4.748811056806173103e-01 3.977971824552011676e-02
-8.815062479593204214e-01 -4.707033413844275982e-01 3.721694082838845202e-02
-8.836471597964977720e-01 -4.668698704579451464e-01 3.464422733458279169e-02
-8.855771513208511303e-01 -4.633843747751885678e-01 3.206293343646579586e-02
-8.872999017086572460e-01 -4.602500886981933381e-01 2.947442442070043536e-02
-8.888187911266353103e-01 -4.574698018183271930e-01 2.688007380472658484e-02
-8.901368913901428481e-01 -4.550458617528692074e-01 2.428126199651124348e-02
-8.912569581097581350e-01 -4.529801769544465340e-01 2.167937499359184894e-02
-8.921814243448880077e-01 -4.512742194967865883e-01 1.907580311683728519e-02
-8.929123957780590315e-01 -4.499290278064597137e-01 1.647193977384677974e-02
-8.934516474186785517e-01 -4.489452093167902169e-01 1.386918024649624881e-02
-8.938006218402660963e-01 -4.483229430268307891e-01 1.126892049682785314e-02
-8.939604289504419210e-01 -4.480619819551526217e-01 8.672555985263131692e-03
-8.939318472882961109e-01 -4.481616554851337031e-01 6.081480495004354565e-03
-8.937153268391282435e-01 -4.486208716053531331e-01 3.497084956472811673e-03
-8.933109933519197687e-01 -4.494381190555502004e-01 9.207562657160056271e-04
-8.927186541402637454e-01 -4.506114693953127137e-01 -1.646123909103212185e-03
-8.919378053428022035e-01 -4.521385790191463916e-01 -4.202180338745902660e-03
-8.909676406145006222e-01 -4.540166911477780953e-01 -6.746045466705870991e-03
-8.898070612153018422e-01 -4.562426378313939601e-01 -9.276360670571363182e-03
-8.884546874578448383e-01 -4.588128420059419676e-01 -1.179177755518098086e-02
-8.869088714709948418e-01 -4.617233196485742153e-01 -1.429095928119451277e-02
-8.851677112309188633e-01 -4.649696820827109445e-01 -1.677258193200631756e-02
-8.832290658063538524e-01 -4.685471384870163458e-01 -1.923533592117028512e-02
-8.810905717595717279e-01 -4.724504986657362404e-01 -2.167792744168903218e-02
-8.787496606393626619e-01 -4.766741761403143762e-01 -2.409907995765430203e-02
-8.762035774971604907e-01 -4.812121916239325281e-01 -2.649753573781964480e-02
-8.734494003522569328e-01 -4.860581769415801556e-01 -2.887205742975010314e-02
-8.704840605269320575e-01 -4.912053794584196886e-01 -3.122142967223727125e-02
-8.673043637673097939e-01 -4.966466670785559256e-01 -3.354446074270250183e-02
-8.639070120608840497e-01 -5.023745338748291100e-01 -3.583998423534753147e-02
-8.602886260570046240e-01 -5.083811064079284403e-01 -3.810686076486206192e-02
-8.564457679922247157e-01 -5.146581507899694596e-01 -4.034397968957358777e-02
-8.523749650183539694e-01 -5.211970805437144971e-01 -4.255026084703801559e-02
-8.480727328273990340e-01 -5.279889653038599695e-01 -4.472465629423219569e-02
-8.435355994643726207e-01 -5.350245404013087569e-01 -4.686615204373309473e-02
-8.387601292162767397e-01 -5.422942173651307263e-01 -4.897376978656407809e-02
-8.337429464634810161e-01 -5.497880953700514661e-01 -5.104656859176771172e-02
-8.284807593782806956e-01 -5.574959736498563689e-01 -5.308364657223629129e-02
-8.229703833546889724e-01 -5.654073648891382309e-01 -5.508414250590560474e-02
-8.171882166335961983e-01 -5.735343521015204837e-01 -5.711189491396772427e-02
-8.111246078074232368e-01 -5.818731803717168694e-01 -5.916481762157050489e-02
-8.047698717067547358e-01 -5.904193638834556168e-01 -6.124076668887489666e-02
-7.981143177905501984e-01 -5.991676684631821459e-01 -6.333754068392449810e-02
-7.911482812164943867e-01 -6.081120956203358574e-01 -6.545288106958510599e-02
-7.838621566046116707e-01 -6.172458683104380395e-01 -6.758447270842882215e-02
-7.762464344867135990e-01 -6.265614186571077937e-01 -6.972994448878190588e-02
-7.682917404119374849e-01 -6.360503778776778194e-01 -7.188687007442955135e-02
-7.599888766546335495e-01 -6.457035686640543171e-01 -7.405276877968468285e-02
-7.513288664452647536e-01 -6.555110002755963894e-01 -7.622510657069683782e-02
-7.423030006179339724e-01 -6.654618666038115693e-01 -7.840129719301756894e-02
-7.329028865398053982e-01 -6.755445474693210217e-01 -8.057870342457047752e-02
-7.231204991582507180e-01 -6.857466134095830945e-01 -8.275463845231836868e-02
-7.129482339712528427e-01 -6.960548342110450815e-01 -8.492636737010214598e-02
-7.023789616957243354e-01 -7.064551914314891601e-01 -8.709110879437019503e-02
-6.914060843772414922e-01 -7.169328951471647393e-01 -8.924603659385174637e-02
-6.800235926536067899e-01 -7.274724051446772588e-01 -9.138828172867888289e-02
-6.682261238539993764e-01 -7.380574567594024860e-01 -9.351493419405787488e-02
-6.560090205856545786e-01 -7.486710915403256283e-01 -9.562304506335740639e-02
-6.433683894314512486e-01 -7.592956928956073881e-01 -9.770962862544294025e-02
-6.303011593549211478e-01 -7.699130268438627578e-01 -9.977166461126533992e-02
-6.168051393844785624e-01 -7.805042879631478581e-01 -1.018061005051254519e-01
-6.028790751265598047e-01 -7.910501505930941368e-01 -1.038098539366973105e-01
-5.885227036383232635e-01 -8.015308253056755428e-01 -1.057798151508090451e-01
-5.737368061750389714e-01 -8.119261206169641198e-01 -1.077128495531524399e-01
-5.585232583157299091e-01 -8.222155098662066175e-01 -1.096058003315127788e-01
-5.428850769634314677e-01 -8.323782031399844517e-01 -1.114554911537651155e-01
-5.268264637139910000e-01 -8.423932240685005901e-01 -1.132587289457479274e-01
-5.103528440899842700e-01 -8.522394912686259705e-01 -1.150123067541672511e-01
-4.934709021443806631e-01 -8.618959041547397115e-01 -1.167130067018626455e-01
-4.761886099522940619e-01 -8.713414327841687568e-01 -1.183576030450303462e-01
-4.585152515287018726e-01 -8.805552113497664424e-01 -1.199428653442899673e-01
-4.404614407355271766e-01 -8.895166348784981913e-01 -1.214655617637336454e-01
-4.220391327730196318e-01 -8.982054586424853548e-01 -1.229224625142385785e-01
-4.032616288879220523e-01 -9.066018997384782674e-01 -1.243103434592788686e-01
-3.841435739743779831e-01 -9.146867402438818573e-01 -1.256259899031613725e-01
-3.647009467927504467e-01 -9.224414313129417620e-01 -1.268662005829525874e-01
-3.449510425862267748e-01 -9.298481975362188345e-01 -1.280277918862819664e-01
-3.249124479349366768e-01 -9.368901408507155359e-01 -1.291076023176259413e-01
-3.046050077518879795e-01 -9.435513432576416726e-01 -1.301024972355308285e-01
-2.840497843938151190e-01 -9.498169675804508660e-01 -1.310093738824618381e-01
-2.632690089324431493e-01 -9.556733554780365569e-01 -1.318251667275249783e-01
-2.422860247070188211e-01 -9.611081219173982504e-01 -1.325468531401667038e-01
-2.211252233564919289e-01 -9.661102453071492846e-01 -1.331714594100977811e-01
-1.998119736086097775e-01 -9.706701524983571971e-01 -1.336960671251161137e-01
-1.783725431825130825e-01 -9.747797978727082979e-01 -1.341178199142426253e-01
-1.568340142402223913e-01 -9.784327357601129149e-01 -1.344339305586773892e-01
-1.352241928996590070e-01 -9.816241854587387516e-01 -1.346416884675958880e-01
-1.135715133964826928e-01 -9.843510881701041937e-01 -1.347384675098234341e-01
-9.190493755295175982e-02 -9.866121552101676517e-01 -1.347217341860535156e-01
-7.026709437436599870e-02 -9.884073394744490315e-01 -1.345863094023862783e-01
-4.868659713315132143e-02 -9.897394395462696393e-01 -1.343334096607884942e-01
-2.719166890203088272e-02 -9.906130336353062837e-01 -1.339643181394921667e-01
-5.810048515278040671e-03 -9.910344286695775828e-01 -1.334803814513835507e-01
1.543109853997284495e-02 -9.910116019977889268e-01 -1.328830068207319803e-01
3.650526380887534478e-02 -9.905541362716515641e-01 -1.321736596713872225e-01
5.738667370148214930e-02 -9.896731481032522426e-01 -1.313538616125762282e-01
7.805036110861802989e-02 -9.883812111112740828e-01 -1.304251888021334682e-01
9.847223050126800714e-02 -9.866922739822091559e-01 -1.293892706614890586e-01
1.186291162772747376e-01 -9.846215741790274034e-01 -1.282477889120737791e-01
1.384988341812738166e-01 -9.821855479304952841e-01 -1.270024768990179187e-01
1.580602256841096842e-01 -9.794017371298869845e-01 -1.256551191651370802e-01
1.772931952661174482e-01 -9.762886937626378270e-01 -1.242075512362080109e-01
1.961787406043402626e-01 -9.728658824689802032e-01 -1.226616595774165513e-01
2.146989757167399315e-01 -9.691535818301946215e-01 -1.210193816805681666e-01
2.328371471665587333e-01 -9.651727849462145015e-01 -1.192827062421323303e-01
2.505776434770470296e-01 -9.609450998483328732e-01 -1.174536733933782967e-01
2.679059979506595579e-01 -9.564926502640556105e-01 -1.155343749456723551e-01
2.848088851274426236e-01 -9.518379772220915136e-01 -1.135269546163608922e-01
3.012741111546064499e-01 -9.470039419544254988e-01 -1.114336082034680792e-01
3.172905983731373336e-01 -9.420136305197194249e-01 -1.092565836805991231e-01
3.328483644577074907e-01 -9.368902605382729565e-01 -1.069981811868656457e-01
3.479384964730543039e-01 -9.316570903937752002e-01 -1.046607528902471634e-01
3.625531202334003056e-01 -9.263373312214083777e-01 -1.022467027064834777e-01
3.766853653713727046e-01 -9.209540619658526106e-01 -9.975848585927390988e-02
3.903293265392573375e-01 -9.155301477566931689e-01 -9.719860827116387492e-02
4.034800211783159396e-01 -9.100881618129569306e-01 -9.456962577795950675e-02
4.161333443013462419e-01 -9.046503110533139491e-01 -9.187414316276602821e-02
4.282860207397310992e-01 -8.992383655541548171e-01 -8.911481300874549150e-02
4.399355553089784321e-01 -8.938735919645900418e-01 -8.629433437239314442e-02
4.510801813462994581e-01 -8.885766909556778170e-01 -8.341545128150887334e-02
4.617188080702143149e-01 -8.833677387511281731e-01 -8.048095106406891186e-02
4.718509672056473980e-01 -8.782661327585871147e-01 -7.749366251587293253e-02
4.814767593086248798e-01 -8.732905412945851653e-01 -7.445645391615005049e-02
4.905968002126763761e-01 -8.684588573725247063e-01 -7.137223090126014469e-02
4.992121680045454868e-01 -8.637881565018323826e-01 -6.824393420723880166e-02
5.073243509200175971e-01 -8.592946584277427746e-01 -6.507453729222563432e-02
5.149351965317700008e-01 -8.549936927251849950e-01 -6.186704384981365351e-02
5.220468625803380558e-01 -8.508996681469801482e-01 -5.862448522409348384e-02
5.286617697767739266e-01 -8.470260456160226825e-01 -5.534991773667658627e-02
5.347825568815525177e-01 -8.433853147432993635e-01 -5.204641993530430971e-02
5.404120383389505733e-01 -8.399889737484301788e-01 -4.871708977282566966e-02
5.455531647196875111e-01 -8.368475126567952449e-01 -4.536504172439725230e-02
5.502089861972514484e-01 -8.339703996471085068e-01 -4.199340384976483348e-02
5.543826192552299137e-01 -8.313660704253481581e-01 -3.860531480646882396e-02
5.580772167942853468e-01 -8.290419205050493234e-01 -3.520392081881282276e-02
5.612959417783278671e-01 -8.270043002798899145e-01 -3.179237260648259955e-02
5.640419445300942636e-01 -8.252585127819975774e-01 -2.837382227583451141e-02
5.663183437568843903e-01 -8.238088140282110450e-01 -2.495142017611710547e-02
5.681282113577759141e-01 -8.226584158663488022e-01 -2.152831172227210807e-02
5.694890439535036375e-01 -8.217984430741678281e-01 -1.815350533064825217e-02
5.704104185505110003e-01 -8.212259322646182635e-01 -1.482985527514214114e-02
5.709017646170214677e-01 -8.209369904632459747e-01 -1.156005711646893030e-02
5.709723649356920339e-01 -8.209268506235177787e-01 -8.346648306624659605e-03
5.706313593826706221e-01 -8.211899274410066063e-01 -5.192008863868198890e-03
5.698877512263257339e-01 -8.217198732816830553e-01 -2.098362125718160592e-03
5.687504155475582301e-01 -8.225096340555062557e-01 9.322244116117131899e-04
5.672281093951684339e-01 -8.235515048799719739e-01 3.897838158184517392e-03
5.653294833039296252e-01 -8.248371853894761463e-01 6.796720390043281546e-03
5.630630938195404500e-01 -8.263578345555272486e-01 9.627265093663961437e-03
5.604374166932046819e-01 -8.281041248902532015e-01 1.238801768509378842e-02
5.574608604289572611e-01 -8.300662959115698847e-01 1.507767359385023959e-02
5.541417798887459112e-01 -8.322342067530815735e-01 1.769507670201606736e-02
5.504884896834347785e-01 -8.345973878055513717e-01 2.023921762954007664e-02
5.465092771020577667e-01 -8.371450912798680255e-01 2.270923185753156645e-02
5.422124143565637544e-01 -8.398663405841135798e-01 2.510439768230493876e-02
5.376061699447171049e-01 -8.427499784098293478e-01 2.742413399407290370e-02
5.326988189594938916e-01 -8.457847134251113008e-01 2.966799787548244152e-02
5.274986521990173705e-01 -8.489591654749293337e-01 3.183568201661444996e-02
5.220139839565651751e-01 -8.522619091922234436e-01 3.392701194460193137e-02
5.162531583952416625e-01 -8.556815159270229065e-01 3.594194306763632413e-02
5.102245544363194218e-01 -8.592065939051678480e-01 3.788055753480051163e-02
5.039365891138218867e-01 -8.628258265332618970e-01 3.974306091486279335e-02
4.973977193704553490e-01 -8.665280087723021829e-01 4.152977869886124301e-02
4.906164422913301681e-01 -8.703020815090275475e-01 4.324115263297591966e-02
4.836012937918904298e-01 -8.741371638613999462e-01 4.487773688980189329e-02
4.763608457949616293e-01 -8.780225833627397503e-01 4.644019408767482288e-02
4.689037019487173330e-01 -8.819479039778252982e-01 4.792929116914109583e-02
4.612384919525666649e-01 -8.859029519136573105e-01 4.934589515098686263e-02
4.533738645714083249e-01 -8.898778391974824231e-01 5.069096875942716296e-02
4.453184794303376992e-01 -8.938629850049627512e-01 5.196556596509433607e-02
4.370809976917117701e-01 -8.978491347319469407e-01 5.317082743334219930e-02
4.286700717244721348e-01 -9.018273768140160351e-01 5.430797590609142550e-02
4.200943338818218797e-01 -9.057891573087173409e-01 5.537831153197707995e-02
4.113623845077921670e-01 -9.097262922660264151e-01 5.638320716191903142e-02
4.024827792959826400e-01 -9.136309779229677686e-01 5.732410362742153959e-02
3.934640161248941226e-01 -9.174957987683536320e-01 5.820250501892241385e-02
3.843145214938922249e-01 -9.213137335331559319e-01 5.901997398136192563e-02
3.750426366820515112e-01 -9.250781591709985596e-01 5.977812704383441561e-02
3.656566037490567300e-01 -9.287828529015624834e-01 6.047862999973253884e-02
3.561645514931046086e-01 -9.324219923972429935e-01 6.112319335320659519e-02
3.465744814754954106e-01 -9.359901542001326513e-01 6.171356784705316068e-02
3.368942542154644837e-01 -9.394823104622634924e-01 6.225154008633226876e-02
3.271315756519216356e-01 -9.428938241069984016e-01 6.273892827110581771e-02
3.172939839612793911e-01 -9.462204425134861374e-01 6.317757805070711719e-02
3.073888368125974879e-01 -9.494582898291851203e-01 6.356935851090780853e-02
2.974232991329807674e-01 -9.526038580176142689e-01 6.391615830425909084e-02
2.874043314476699140e-01 -9.556539967497328369e-01 6.421988193276448320e-02
2.773386788506745915e-01 -9.586059022477030345e-01 6.448244619090474916e-02
2.672328606532280437e-01 -9.614571051892968345e-01 6.470577677589595122e-02
2.570931607488919357e-01 -9.642054577799139548e-01 6.489180507093160466e-02
2.469256187258972723e-01 -9.668491200971356392e-01 6.504246510604984322e-02
2.367360217493559571e-01 -9.693865458100154875e-01 6.515969070018763631e-02
2.265298972283811274e-01 -9.718164673719575930e-01 6.524541278694467872e-02
2.163125062759756190e-01 -9.741378807821334807e-01 6.530155692558743674e-02
2.060888379628313949e-01 -9.763500300060047321e-01 6.533004099788530805e-02
1.958636043599664145e-01 -9.784523911407175811e-01 6.533277309049108361e-02
1.856412363594381609e-01 -9.804446564059948743e-01 6.531164956176088721e-02
1.754258802572307152e-01 -9.823267180357304618e-01 6.526855329115706372e-02
1.652213950778286256e-01 -9.840986521398605857e-01 6.520535210869314591e-02
1.550313506159648747e-01 -9.857607026003077921e-01 6.512389740126332816e-02
1.448590261675604951e-01 -9.873132650589231396e-01 6.502602289214985676e-02
1.347074099189485008e-01 -9.887568710494486490e-01 6.491354358951945125e-02
1.245791989610794265e-01 -9.900921723196283164e-01 6.478825489930206682e-02
1.144767998935208864e-01 -9.913199253837660097e-01 6.465193189749039726e-02
1.044023299816658479e-01 -9.924409763402931572e-01 6.450632875660267107e-02
9.435761882962796776e-02 -9.934562459833099490e-01 6.435317832081174916e-02
8.434421053079990682e-02 -9.943667152316278957e-01 6.419419182405657065e-02
7.436336625795264554e-02 -9.951734108935936796e-01 6.403105874531303532e-02
6.441606725503098985e-02 -9.958773917809382592e-01 6.386544679510706979e-02
5.450301819342299320e-02 -9.964797351800810388e-01 6.369900202729761318e-02
4.462465085641895840e-02 -9.969815236847473505e-01 6.353334907013809263e-02
3.478112811680104943e-02 -9.973838323894279601e-01 6.337009147063640824e-02
2.497234817398960235e-02 -9.976877164391318997e-01 6.321081214627144451e-02
1.519794901889113224e-02 -9.978941989270596613e-01 6.305707393818407724e-02
5.457313096521915555e-03 -9.980042591282488607e-01 6.291042026003841603e-02
-4.250427861402013285e-03 -9.980188210539191473e-01 6.277237583684025513e-02
-1.392638785943253570e-02 -9.979387423081569342e-01 6.264444752810002792e-02
-2.357192154000266673e-02 -9.977648032257329103e-01 6.252812522983371146e-02
-3.318861898420101542e-02 -9.974976962672195135e-01 6.242488285000195175e-02
-4.277830042952695394e-02 -9.971380156451699062e-01 6.233617935209325583e-02
-5.234301091963572405e-02 -9.966862471529175371e-01 6.226345986165553875e-02
-6.188501489816521095e-02 -9.961427581655516450e-01 6.220815683067032476e-02
-7.140679075571582102e-02 -9.955077877808025111e-01 6.217169125474026475e-02
-8.091102533593383384e-02 -9.947814370659253669e-01 6.215547393812111826e-02
-9.040060840342559190e-02 -9.939636593751929317e-01 6.216090680167019045e-02
-9.987862707290204312e-02 -9.930542507012806164e-01 6.218938422880103400e-02
-1.093483601955141105e-01 -9.920528400226552579e-01 6.224229444452637067e-02
-1.188132726947817436e-01 -9.909588796080444073e-01 6.232102092263369642e-02
-1.282770098408314019e-01 -9.897716352381694671e-01 6.242694381596811809e-02
-1.377433914478265742e-01 -9.884901763041656908e-01 6.256144140469133141e-02
-1.472164059754874910e-01 -9.871133657414891127e-01 6.272589155724056509e-02
-1.567002045114331832e-01 -9.856398497576249751e-01 6.292167319852352836e-02
-1.661990946067205821e-01 -9.840680473115681615e-01 6.315016777965171135e-02
-1.757175339323824859e-01 -9.823961393028574074e-01 6.341276074323003165e-02
-1.852601237199534845e-01 -9.806220574279194135e-01 6.371084297788318085e-02
-1.948316019438973146e-01 -9.787434726616357494e-01 6.404581225530334154e-02
-2.044368361984837124e-01 -9.767577833224051487e-01 6.441907464264606809e-02
-2.140808162159806294e-01 -9.746621026795637688e-01 6.483204588257694689e-02
-2.237686459669995798e-01 -9.724532460628788622e-01 6.528615273267676655e-02
-2.335031276658516564e-01 -9.701296574637580106e-01 6.576276685047086068e-02
-2.432860970210387608e-01 -9.676886150893369010e-01 6.626178111221063538e-02
-2.531192946724623027e-01 -9.651272699157927848e-01 6.678308117689379930e-02
-2.630043606535523715e-01 -9.624426461052778548e-01 6.732654473092203329e-02
-2.729428286325208952e-01 -9.596316415615824269e-01 6.789204069735388369e-02
-2.829361199281454353e-01 -9.566910286452361412e-01 6.847942840965888511e-02
-2.929855372964854099e-01 -9.536174550698723884e-01 6.908855674997796403e-02
-3.030922584860364921e-01 -9.504074450028107135e-01 6.971926325201080465e-02
-3.132573295600526442e-01 -9.470574003939441488e-01 7.037137316878400162e-02
-3.234816579861161667e-01 -9.435636025581447539e-01 7.104469850570535594e-02
-3.337660054945243981e-01 -9.399222140375174117e-01 7.173903701948096401e-02
-3.441109807086927819e-01 -9.361292807709186148e-01 7.245417118366392906e-02
-3.545170315525607574e-01 -9.321807345992142446e-01 7.318986712181693721e-02
-3.649844374419330406e-01 -9.280723961357522089e-01 7.394587350950748705e-02
-3.755133012688034455e-01 -9.237999780324682719e-01 7.472192044661463139e-02
-3.861035411899982894e-01 -9.193590886729000600e-01 7.551771830171029320e-02
-3.967548822339473924e-01 -9.147452363241460604e-01 7.633295653058773389e-02
-4.074668477420447243e-01 -9.099538337804439214e-01 7.716730247134495624e-02
-4.182387506639055341e-01 -9.049802035315425153e-01 7.802040011879160519e-02
-4.290696847288586468e-01 -8.998195834893727429e-01 7.889186888133523090e-02
-4.399585155192354269e-01 -8.944671333066668284e-01 7.978130232391585086e-02
-4.509038714744236787e-01 -8.889179413210962499e-01 8.068826690099616117e-02
-4.619041348582447193e-01 -8.831670321581793770e-01 8.161230068407841765e-02
-4.729574327259718491e-01 -8.772093750256075850e-01 8.255291208870560449e-02
-4.840616279312306425e-01 -8.710398927307312356e-01 8.350957860641389230e-02
-4.952143102170880051e-01 -8.646534714516979081e-01 8.448174554763199229e-02
-5.064127874398299811e-01 -8.580449712911112359e-01 8.546882480206939581e-02
-5.176540769782239648e-01 -8.512092376390477666e-01 8.647019362369594286e-02
-5.289348973854283154e-01 -8.441411133697960256e-01 8.748519344798565134e-02
-5.402516603451226196e-01 -8.368354518937340947e-01 8.851312874967459665e-02
-5.516004629978403795e-01 -8.292871310823085595e-01 8.955326594985942024e-02
-5.629770807078531281e-01 -8.214910680800862064e-01 9.060483238183514310e-02
-5.743769603452254513e-01 -8.134422350132962665e-01 9.166701532563059640e-02
-5.857952141617837061e-01 -8.051356755991375680e-01 9.273896112174000173e-02
-5.972266143436470998e-01 -7.965665226543735544e-01 9.381977437506150430e-02
-6.086655883265990052e-01 -7.877300164953666695e-01 9.490851726052881854e-02
-6.201062149638445486e-01 -7.786215242146963256e-01 9.600420894235062175e-02
-6.315422216385385701e-01 -7.692365598118720005e-01 9.710582511914339632e-02
-6.429669824157826508e-01 -7.595708051473900602e-01 9.821229770754580368e-02
-6.543735173304973118e-01 -7.496201316805172210e-01 9.932251467712485682e-02
-6.657544929085814633e-01 -7.393806229417373421e-01 1.004353200495131798e-01
-6.771022240189840113e-01 -7.288485976808128930e-01 1.015495140747411790e-01
-6.884086771536314098e-01 -7.180206336209420392e-01 1.026638535976340111e-01
-6.996654752304912739e-01 -7.068935917386003354e-01 1.037770526269190530e-01
-7.108639040123075903e-01 -6.954646409774281057e-01 1.048877831193225640e-01
-7.219949202296326307e-01 -6.837312832930521056e-01 1.059946759904128316e-01
-7.330491614916203602e-01 -6.716913789141304436e-01 1.070963223632597355e-01
-7.440169580615614287e-01 -6.593431716933043640e-01 1.081912750651183863e-01
-7.548883465662701298e-01 -6.466853144102785445e-01 1.092780503812985360e-01
-7.656530856991283773e-01 -6.337168938780867178e-01 1.103551300741451441e-01
-7.762932099046300216e-01 -6.204582149540391889e-01 1.113573514610359805e-01
-7.867928496038972819e-01 -6.069183242278161083e-01 1.122816258958014984e-01
-7.971363902726823492e-01 -5.931073564978449619e-01 1.131248998660118743e-01
-8.073085453363733066e-01 -5.790365387982773226e-01 1.138841664829878531e-01
-8.172944299949137514e-01 -5.647181883896459365e-01 1.145564770179173103e-01
-8.270796353757032815e-01 -5.501657045160066595e-01 1.151389523987221969e-01
-8.366503023789373383e-01 -5.353935537932830169e-01 1.156287945785233334e-01
-8.459931945532880304e-01 -5.204172491606222639e-01 1.160232976838030255e-01
-8.550957693211588273e-01 -5.052533223979372989e-01 1.163198588487773105e-01
-8.639462468626878389e-01 -4.899192902873719113e-01 1.165159886421557600e-01
-8.725336759667955411e-01 -4.744336145730010390e-01 1.166093209934593450e-01
-8.808479961662643021e-01 -4.588156559503567267e-01 1.165976225284349743e-01
-8.888800954923073983e-01 -4.430856223939775851e-01 1.164788012268704737e-01
-8.966218632123214016e-01 -4.272645122056851208e-01 1.162509143212695079e-01
-9.040662369522982633e-01 -4.113740522372564268e-01 1.159121753613556738e-01
-9.112072436522560270e-01 -3.954366318071770303e-01 1.154609603771721699e-01
-9.180400338583701858e-01 -3.794752328908690409e-01 1.148958130825321611e-01
-9.245609089183872698e-01 -3.635133572159481297e-01 1.142154490706313863e-01
-9.307673407163216117e-01 -3.475749509375536395e-01 1.134187589646098865e-01
-9.366579836571652384e-01 -3.316843276026700260e-01 1.125048104975726604e-01
-9.422326786910237839e-01 -3.158660901358589235e-01 1.114728495088607579e-01
-9.474924492472807103e-01 -3.001450525914092782e-01 1.103222998560022261e-01
-9.524394890315820428e-01 -2.845461624182765714e-01 1.090527622545563180e-01
-9.570771417200811815e-01 -2.690944239742441013e-01 1.076640120707810233e-01
-9.614098726649897841e-01 -2.538148240046642634e-01 1.061559961044927641e-01
-9.654432328015789544e-01 -2.387322597693152804e-01 1.045288284114454791e-01
-9.691838150180231981e-01 -2.238714704589443438e-01 1.027827852258445251e-01
-9.726392033146439298e-01 -2.092569724917672513e-01 1.009182990540577751e-01
-9.758179151371398907e-01 -1.949129992205214656e-01 9.893595202004003275e-02
-9.787293373184098311e-01 -1.808634455137346497e-01 9.683646855132280185e-02
-9.813836561049152918e-01 -1.671318176018837254e-01 9.462070750153961374e-02
-9.837917817757548811e-01 -1.537411885013573454e-01 9.228965381128639844e-02
-9.859652683854955857e-01 -1.407141592479075609e-01 8.984440981361482836e-02
-9.879162291753397218e-01 -1.280728260878882530e-01 8.728618629360873626e-02
-9.896572482016111616e-01 -1.158387536912948157e-01 8.461629341331211585e-02
-9.912012887262449112e-01 -1.040329543666393408e-01 8.183613161379886536e-02
-9.925615989015623697e-01 -9.267587317512041012e-02 7.894718260545588451e-02
-9.937516152618971477e-01 -8.178737876136324414e-02 7.595100055567116648e-02
-9.947848645085043406e-01 -7.138675964106604155e-02 7.284920358016626352e-02
-9.956748640426918984e-01 -6.149272561290365646e-02 6.964346564029118281e-02
-9.964350216663685478e-01 -5.212341389356938554e-02 6.633550894381716467e-02
-9.970785348304121998e-01 -4.329639951129532482e-02 6.292709694123017894e-02
-9.976182897706565855e-01 -3.502870943485171529e-02 5.942002800335525331e-02
-9.980667608301236893e-01 -2.733683986202788130e-02 5.581612985943342625e-02
-9.984359102256530338e-01 -2.023677604396588794e-02 5.211725486762654180e-02
-9.987370884785163883e-01 -1.374401397938098714e-02 4.832527618242572071e-02
-9.989809356931605988e-01 -7.873583275512198096e-03 4.444208487566035648e-02
-9.991772838370294174e-01 -2.640070440402778919e-03 4.046958805980313545e-02
-9.993350601485593288e-01 1.942358156410632641e-03 3.640970805408546423e-02
-9.994621917809412004e-01 5.859934440743377361e-03 3.226438262560105824e-02
-9.995603926900664682e-01 9.167375078364030719e-03 2.819543585350154161e-02
-9.996364826812499382e-01 1.187645905396757066e-02 2.420442539699162177e-02
-9.996960650754234123e-01 1.399926168875667565e-02 2.029285930521759068e-02
-9.997435939212323541e-01 1.554813113935517473e-02 1.646220000402930095e-02
-9.997824419396009743e-01 1.653566936431256559e-02 1.271386778448472914e-02
-9.998149689751986147e-01 1.697471706738888295e-02 9.049243784403387947e-03
-9.998425907548146307e-01 1.687834213268589456e-02 5.469672459506512777e-03
-9.998658477737818462e-01 1.625983107563951091e-02 1.976463545701247129e-03
-9.998844741485276577e-01 1.513268304560843290e-02 -1.429106481136842039e-03
-9.998974662863645557e-01 1.351060593002798189e-02 -4.745793436962819981e-03
-9.999031512330911475e-01 1.140751412662647027e-02 -7.972384937696742196e-03
-9.998992545652112263e-01 8.837527568836187758e-03 -1.110770036436936614e-02
-9.998829676969862579e-01 5.814971610109309803e-03 -1.415059126213562973e-02
-9.998510144735087701e-01 2.354377395225811659e-03 -1.709994214646156502e-02
-9.997997169199427381e-01 -1.529517629277556048e-03 -1.995467168652047957e-02
-9.997250600144405031e-01 -5.821769387849368149e-03 -2.271373423285904386e-02
-9.996227553484391404e-01 -1.050722732714222049e-02 -2.537612165372775397e-02
-9.994883035334811705e-01 -1.557053531275453401e-02 -2.794086544212901965e-02
-9.993170552088060932e-01 -2.099613350915666837e-02 -3.040703905363559278e-02
-9.991042704991126566e-01 -2.676826145011135250e-02 -3.277376043338865730e-02
-9.988451767674736415e-01 -3.287096247575949093e-02 -3.504019468941365484e-02
-9.985350245047379669e-01 -3.928808968081219655e-02 -3.720555686850753052e-02
-9.981691411942035241e-01 -4.600331348618554722e-02 -3.926911479046528430e-02
-9.977429829891573121e-01 -5.300013091417154348e-02 -4.123019189633676113e-02
-9.972521840413116623e-01 -6.026187661511130111e-02 -4.308817006674257877e-02
-9.966926033203991064e-01 -6.777173566179425790e-02 -4.484249236703359565e-02
-9.960603687693833086e-01 -7.551275809673106687e-02 -4.649266567725010568e-02
-9.953519186459945933e-01 -8.346787518732817768e-02 -4.803826316641771066e-02
-9.945640399096526973e-01 -9.161991731512111881e-02 -4.947892657269559874e-02
-9.936939035233001150e-01 -9.995163339789087109e-02 -5.081436825325233442e-02
-9.927390965521724064e-01 -1.084457117179769697e-01 -5.204437297046204253e-02
-9.916976509559857211e-01 -1.170848020066777989e-01 -5.316879938406243733e-02
-9.905680689872603528e-01 -1.258515386135432013e-01 -5.418758122226257495e-02
-9.893493451263423166e-01 -1.347285645708365676e-01 -5.510072810839559965e-02
-9.880409845028849114e-01 -1.436985563476657624e-01 -5.590832602353797837e-02
-9.866430177738526597e-01 -1.527442490754086502e-01 -5.661053738951733055e-02
-9.851560124492027004e-01 -1.618484620162045362e-01 -5.720760076085806140e-02
-9.835810806779794468e-01 -1.709941240395210782e-01 -5.769983011841764431e-02
-9.819198835292831662e-01 -1.801642988681634583e-01 -5.808761376169655627e-02
-9.801746318241137956e-01 -1.893422098545514964e-01 -5.837141280101042218e-02
-9.783480835951072763e-01 -1.985112640505863613e-01 -5.855175925484439048e-02
-9.764435382713392286e-01 -2.076550753398538063e-01 -5.862925376171929104e-02
-9.744648277043668205e-01 -2.167574864091154074e-01 -5.860456291974160126e-02
-9.724163041692095444e-01 -2.258025893468335876e-01 -5.847841627064335329e-02
-9.703028254897737570e-01 -2.347747446696383244e-01 -5.825160294850668247e-02
-9.681297374520735355e-01 -2.436585985929203835e-01 -5.792496801647861043e-02
-9.659028536802847231e-01 -2.524390983788531995e-01 -5.749940851758864047e-02
-9.636284331600430964e-01 -2.611015056138090151e-01 -5.697586926826357645e-02
-9.613131556003339240e-01 -2.696314072870425460e-01 -5.635533842527666593e-02
-9.589640948297502021e-01 -2.780147245633579067e-01 -5.563884285866292634e-02
-9.565749703051485975e-01 -2.862689685576498833e-01 -5.490361458429249969e-02
-9.541495415205187847e-01 -2.943916043617483269e-01 -5.415015006214628224e-02
-9.516915904521110470e-01 -3.023802367114097889e-01 -5.337894856470194738e-02
-9.492049145132810395e-01 -3.102326085514758303e-01 -5.259051133613763113e-02
-9.466933196677321805e-01 -3.179465992762319226e-01 -5.178534077634892874e-02
-9.441606137167735113e-01 -3.255202226623595263e-01 -5.096393965194301323e-02
-9.416105997746764267e-01 -3.329516245125876961e-01 -5.012681033617164689e-02
-9.390470699446682445e-01 -3.402390800287319328e-01 -4.927445407956132506e-02
-9.364737992065591543e-01 -3.473809909332555290e-01 -4.840737031279521846e-02
-9.338945395254716342e-01 -3.543758823588118445e-01 -4.752605598319984553e-02
-9.313130141896373004e-01 -3.612223995254247311e-01 -4.663100492599007302e-02
-9.287329123837542166e-01 -3.679193042250484269e-01 -4.572270727123134426e-02
-9.261578840029687232e-01 -3.744654711332237595e-01 -4.480164888728788847e-02
-9.235915347111669504e-01 -3.808598839674184888e-01 -4.386831086134226898e-02
-9.210374212459357945e-01 -3.871016315114179096e-01 -4.292316901739486740e-02
-9.184990469712924765e-01 -3.931899035248214158e-01 -4.196669347198305616e-02
-9.159798576780855406e-01 -3.991239865563128708e-01 -4.099934822769939896e-02
-9.134832376308469337e-01 -4.049032596789109428e-01 -4.002159080443666583e-02
-9.110125058588243174e-01 -4.105271901648845367e-01 -3.903387190814513324e-02
-9.085709126879495390e-01 -4.159953291174384726e-01 -3.803663513675511337e-02
-9.061616365096033521e-01 -4.213073070756507832e-01 -3.703031672279465114e-02
-9.037877807812213504e-01 -4.264628296084774783e-01 -3.601534531211937618e-02
-9.014523712530486677e-01 -4.314616729129434614e-01 -3.499214177806828779e-02
-8.991583534146937451e-01 -4.363036794309173017e-01 -3.396111907026587440e-02
-8.969085901545521544e-01 -4.409887534981261070e-01 -3.292268209720718847e-02
-8.947058596246686424e-01 -4.455168570383153948e-01 -3.187722764168803707e-02
-8.925528533031790168e-01 -4.498880053146992464e-01 -3.082514430807718059e-02
-8.904521742461165568e-01 -4.541022627500880815e-01 -2.976681250037087681e-02
-8.884063355200850776e-01 -4.581597388263253801e-01 -2.870260442992187203e-02
-8.864177588070829561e-01 -4.620605840729197222e-01 -2.763288415169472267e-02
-8.844887731726079894e-01 -4.658049861540243808e-01 -2.655800762786657623e-02
-8.826216139880828093e-01 -4.693931660622011059e-01 -2.547832281756682096e-02
-8.808184219986057162e-01 -4.728253744267074676e-01 -2.439416979152976908e-02
-8.790812425270509989e-01 -4.761018879433720485e-01 -2.330588087042139225e-02
-8.774120248056139770e-01 -4.792230059324733005e-01 -2.221378078559342606e-02
-8.758126214260149034e-01 -4.821890470304131537e-01 -2.111818686101549214e-02
-8.742847878997350719e-01 -4.850003460203817229e-01 -2.001940921513766999e-02
-8.728301823198627574e-01 -4.876572508066426281e-01 -1.891775098144178255e-02
-8.714503651163630904e-01 -4.901601195365322683e-01 -1.781350854644889181e-02
-8.701467988968600853e-01 -4.925093178737587341e-01 -1.670697180396284523e-02
-8.689208483653194648e-01 -4.947052164261107610e-01 -1.559842442434456779e-02
-8.677737803113517723e-01 -4.967481883302390377e-01 -1.448814413762877090e-02
-8.667067636632094230e-01 -4.986386069957561840e-01 -1.337640302931342173e-02
-8.657208695979252688e-01 -5.003768440105127446e-01 -1.226346784767232481e-02
-8.648170717024352694e-01 -5.019632672085452274e-01 -1.114960032146208348e-02
-8.639962461799380877e-01 -5.033982389018594183e-01 -1.003505748691619487e-02
-8.632591720961685366e-01 -5.046821142769014612e-01 -8.920092022940855070e-03
-8.626065316606961186e-01 -5.058152399562859669e-01 -7.804952593448759302e-03
-8.620389105388067685e-01 -5.067979527260868533e-01 -6.689884195788706536e-03
-8.615567981899771022e-01 -5.076305784287539202e-01 -5.575128514249716102e-03
-8.611605882294084413e-01 -5.083134310214953988e-01 -4.460924277638619352e-03
-8.608505788095504041e-01 -5.088468117997602125e-01 -3.347507619949369184e-03
-8.606269730190072575e-01 -5.092310087852613965e-01 -2.235112443160562970e-03
-8.604898792966851895e-01 -5.094662962778035986e-01 -1.123970781214698794e-03
-8.604393118595020651e-01 -5.095529345700106072e-01 -1.431316424844466216e-05
-8.604751911424437516e-01 -5.094911698238892006e-01 1.093631017842429430e-03
-8.605973442502083959e-01 -5.092812341080137362e-01 2.199633153406843535e-03
-8.608055054201342315e-01 -5.089233455939704553e-01 3.303465049502791843e-03
-8.610993164965532465e-01 -5.084177089105549330e-01 4.404898575704100684e-03
-8.614783274171547989e-01 -5.077645156540736560e-01 5.503705312122676892e-03
-8.619419967123732595e-01 -5.069639450529582758e-01 6.599656202512039875e-03
-8.624896920192388627e-01 -5.060161647847517541e-01 7.692521213311929659e-03
-8.631206906115411748e-01 -5.049213319433780711e-01 8.782068999488934838e-03
-8.638341799485554917e-01 -5.036795941544477406e-01 9.868066578024348862e-03
-8.646292582449702779e-01 -5.022910908361865046e-01 1.095027900989763332e-02
-8.655049350650262374e-01 -5.007559546034017206e-01 1.202846909141188150e-02
-8.664601319442356564e-01 -4.990743128117151595e-01 1.310239705570617752e-02
-8.674936830423912726e-01 -4.972462892390944744e-01 1.417182028529880879e-02
-8.686043358318981111e-01 -4.952720059015051635e-01 1.523649303650440566e-02
-8.697907518257635973e-01 -4.931515849992822442e-01 1.629616617656727204e-02
-8.710515073498644734e-01 -4.908851509905811650e-01 1.735058693435201013e-02
-8.723850943643705058e-01 -4.884728327880135668e-01 1.839949866543086690e-02
-8.737899213394388909e-01 -4.859147660743032837e-01 1.944264063240477500e-02
-8.752643141905062096e-01 -4.832110957325115863e-01 2.047974780129143552e-02
-8.768065172786873029e-01 -4.803619783860771930e-01 2.151055065480886319e-02
-8.784146944819453129e-01 -4.773675850435979418e-01 2.253477502337610308e-02
-8.800869303428215940e-01 -4.742281038429455031e-01 2.355214193464423914e-02
-8.818212312986066781e-01 -4.709437428889531319e-01 2.456236748235974751e-02
-8.836155269998903217e-01 -4.675147331785525218e-01 2.556516271534873055e-02
-8.854676717234519767e-01 -4.639413316068552451e-01 2.656023354739397990e-02
-8.873754458854381522e-01 -4.602238240472844022e-01 2.754728068875702401e-02
-8.893365576607180634e-01 -4.563625284984587638e-01 2.852599960007402152e-02
-8.913486447142144886e-01 -4.523577982901211825e-01 2.949608046932708158e-02
-8.934092760498715258e-01 -4.482100253399851075e-01 3.045720821256132221e-02
-8.955159539827373116e-01 -4.439196434529499302e-01 3.140906249898225283e-02
-8.976661162394172777e-01 -4.394871316537113937e-01 3.235131780102760979e-02
-8.998571381918810674e-01 -4.349130175433691958e-01 3.328364346996260520e-02
-9.020863352292880499e-01 -4.301978806702144165e-01 3.420570383749719362e-02
-9.043509652721299918e-01 -4.253423559044657853e-01 3.511715834386829743e-02
-9.066482314325773340e-01 -4.203471368063225189e-01 3.601766169276912621e-02
-9.089752848244510020e-01 -4.152129789763134848e-01 3.690686403344118488e-02
-9.113292275257319774e-01 -4.099407033765540276e-01 3.778441117017261597e-02
-9.137071156959623019e-01 -4.045311996111745634e-01 3.864994479936910421e-02
-9.161059628502863372e-01 -3.989854291538669773e-01 3.950310277428042277e-02
-9.185227432912261847e-01 -3.933044285102051951e-01 4.034351939737745169e-02
-9.209543956985933866e-01 -3.874893123021451169e-01 4.117082574028068515e-02
-9.233978268771956266e-01 -3.815412762618960452e-01 4.198464999104262185e-02
-9.258499156612207681e-01 -3.754616001221887656e-01 4.278461782848284878e-02
-9.283075169733624454e-01 -3.692516503898469749e-01 4.357035282316663177e-02
-9.307674660359014362e-01 -3.629128829895035824e-01 4.434147686450586046e-02
-9.332265827300738614e-01 -3.564468457642965826e-01 4.509761061334541937e-02
-9.356816760991520932e-01 -3.498551808204336533e-01 4.583837397927933988e-02
-9.381295489897328865e-01 -3.431396267026345370e-01 4.656338662181978838e-02
-9.405670028247830050e-01 -3.363020203876488368e-01 4.727226847441886454e-02
-9.429908425010343764e-01 -3.293442990833083117e-01 4.796464029021874770e-02
-9.453978814023616950e-01 -3.222685018209073826e-01 4.864012420828119770e-02
-9.477849465198125989e-01 -3.150767708291181690e-01 4.929834433892293921e-02
-9.501488836680103134e-01 -3.077713526781371001e-01 4.993892736666064730e-02
-9.524865627867108442e-01 -3.003545991833300177e-01 5.056150316914827247e-02
-9.547948833153832027e-01 -2.928289680582929488e-01 5.116570545037185669e-02
-9.570707796277941881e-01 -2.851970233079756389e-01 5.175117238625330518e-02
-9.593112265127350380e-01 -2.774614353533235156e-01 5.231754728070617949e-02
-9.615132446862216797e-01 -2.696249808797800962e-01 5.286447923008397165e-02
-9.636739063197529154e-01 -2.616905424029516425e-01 5.339162379386609703e-02
-9.657903405685200893e-01 -2.536611075457690934e-01 5.389864366933942025e-02
-9.678597390828397318e-01 -2.455397680225810397e-01 5.438520936795492727e-02
-9.698793614855347744e-01 -2.373297183267749910e-01 5.485099989097075301e-02
-9.718465407975224180e-01 -2.290342541197433746e-01 5.529570340193536160e-02
-9.737586887934899238e-01 -2.206567703202817754e-01 5.571901789351881712e-02
-9.756133012692554951e-01 -2.122007588948215950e-01 5.612065184616676916e-02
-9.774079632022248942e-01 -2.036698063502505318e-01 5.650032487603150189e-02
-9.791403537862749529e-01 -1.950675909324530444e-01 5.685776836962804642e-02
-9.808082513224188892e-01 -1.863978795351012574e-01 5.719272610267090579e-02
-9.824095379467449041e-01 -1.776645243246346983e-01 5.750495484056952766e-02
-9.839422041773696614e-01 -1.688714590887747391e-01 5.779422491809788759e-02
-9.854043532625080815e-01 -1.600226953173178035e-01 5.806032079580583649e-02
-9.867942053122402690e-01 -1.511223180253284670e-01 5.830304159080747922e-02
-9.881101011971437087e-01 -1.421744813302000809e-01 5.852220157966414593e-02
-9.893505061976609616e-01 -1.331834037953557315e-01 5.871763067117678064e-02
-9.905140133888825638e-01 -1.241533635546163417e-01 5.888917484701413491e-02
-9.915993467463390942e-01 -1.150886932324541034e-01 5.903669656822843614e-02
-9.926053639594106803e-01 -1.059937746764705868e-01 5.916007514584886717e-02
-9.935310589400698777e-01 -9.687303351947799956e-02 5.925920707389419062e-02
-9.943755640158691289e-01 -8.773093358951261633e-02 5.933400632330820823e-02
-9.951381517973579838e-01 -7.857197118696163107e-02 5.938440459549485656e-02
-9.958182367114621902e-01 -6.940066924873217191e-02 5.941035153431194898e-02
-9.964153761937611931e-01 -6.022157142002675795e-02 5.941181489557298412e-02
-9.969292715340616340e-01 -5.103923605480856912e-02 5.938878067330369964e-02
-9.973597683711628026e-01 -4.185823016643617361e-02 5.934125318220264539e-02
-9.977068568342402077e-01 -3.268312335021925086e-02 5.926925509596159963e-02
-9.979706713298246434e-01 -2.351848169979043821e-02 5.917282744131076300e-02
-9.981514899749079905e-01 -1.436886173920306348e-02 5.905202954786362146e-02
-9.982497336782643060e-01 -5.238804392549905459e-03 5.890693895404585517e-02
-9.982659648736098568e-01 3.867170987344768079e-03 5.873765126960004551e-02
-9.982008859097388775e-01 1.294457250997674974e-02 5.854427999536161720e-02
-9.980553371042462096e-01 2.198894153726597619e-02 5.832695630120031394e-02
-9.978302944688747234e-01 3.099585835263275746e-02 5.808582876321360250e-02
-9.975268671158916689e-01 3.996094768968990601e-02 5.782106306144306485e-02
-9.971462943562018344e-01 4.887988410202567802e-02 5.753284163956010749e-02
-9.966899425011270797e-01 5.774839715648362459e-02 5.722136332813258092e-02
-9.961593013809232344e-01 6.656227643336877497e-02 5.688684293323784807e-02
-9.955559805941540663e-01 7.531737631811610822e-02 5.652951079232943626e-02
-9.948817055029934853e-01 8.400962057013858231e-02 5.614961229939319232e-02
-9.941383129903743621e-01 9.263500665581728133e-02 5.574740740154369295e-02
-9.933277469956467431e-01 1.011896098338967431e-01 5.532317006931220665e-02
-9.924520538460368524e-01 1.096695869828930164e-01 5.487718774296351798e-02
-9.915133774017212964e-01 1.180711801615001444e-01 5.440976075724968108e-02
-9.905139540327335679e-01 1.263907198943830246e-01 5.392120174706446084e-02
-9.894561074462173700e-01 1.346246281771592557e-01 5.341183503650279163e-02
-9.883422433827191433e-01 1.427694211957901693e-01 5.288199601385496634e-02
-9.871748442002836743e-01 1.508217117570125054e-01 5.233203049507584997e-02
-9.859564633650802490e-01 1.587782114278357970e-01 5.176229407826566514e-02
-9.846897198671454854e-01 1.666357323834993798e-01 5.117315149168080723e-02
-9.833772925795881692e-01 1.743911889646176105e-01 5.056497593776203281e-02
-9.820219145792659088e-01 1.820415989455336780e-01 4.993814843562314337e-02
-9.806263674465198754e-01 1.895840845171460898e-01 4.929305716438713708e-02
-9.791934755610486318e-01 1.970158729886585802e-01 4.863009680968950754e-02
-9.777261004104162989e-01 2.043342972138302849e-01 4.794966791559054919e-02
-9.762271349270423837e-01 2.115367957483610117e-01 4.725217624405143868e-02
-9.746994978688063860e-01 2.186209127460350121e-01 4.653803214403313959e-02
-9.731461282576330252e-01 2.255842976021591451e-01 4.580764993217401049e-02
-9.715699798896121342e-01 2.324247043536676050e-01 4.506144728689243095e-02
-9.699740159293539499e-01 2.391399908460221102e-01 4.429984465764533891e-02
-9.683612036004000112e-01 2.457281176777126042e-01 4.352326469095407768e-02
-9.667345089826003823e-01 2.521871469337587657e-01 4.273213167468548762e-02
-9.650968919264485413e-01 2.585152407201275482e-01 4.192687100195033323e-02
-9.634513010934313559e-01 2.647106595114158134e-01 4.110790865585357834e-02
-9.618006691305184264e-01 2.707717603245039517e-01 4.027567071620253430e-02
-9.601479079859852606e-01 2.766969947311645472e-01 3.943058288915059911e-02
-9.584959043728449313e-01 2.824849067228162869e-01 3.857307006062655336e-02
-9.568475153852582515e-01 2.881341304407458170e-01 3.770355587427340338e-02
-9.552055642724118778e-01 2.936433877851858387e-01 3.682246233449674999e-02
-9.535728363734938817e-01 2.990114859166387862e-01 3.593020943510159826e-02
-9.519520752165727684e-01 3.042373146627742608e-01 3.502721481387868069e-02
-9.503459787833915540e-01 3.093198438441120413e-01 3.411389343338738778e-02
-9.487571959413332312e-01 3.142581205315315707e-01 3.319065728807267524e-02
-9.471883230431002998e-01 3.190512662484313311e-01 3.225791513774815822e-02
-9.456419006939777994e-01 3.236984741300982793e-01 3.131607226737725957e-02
-9.441204106859222289e-01 3.281990060525450947e-01 3.036553027298925095e-02
-9.426262730971369797e-01 3.325521897427357043e-01 2.940668687347698304e-02
-9.411618435552622230e-01 3.367574158817490670e-01 2.843993574793881110e-02
-9.397294106618198084e-01 3.408141352120365175e-01 2.746566639814816344e-02
-9.383311935751165178e-01 3.447218556595065264e-01 2.648426403566082540e-02
-9.369693397484214481e-01 3.484801394807336972e-01 2.549610949300197202e-02
-9.356459228198896749e-01 3.520886004451328488e-01 2.450157915831258776e-02
-9.343629406504136981e-01 3.555469010614732417e-01 2.350104493277760734e-02
-9.331223135053348106e-01 3.588547498576318273e-01 2.249487421010621865e-02
-9.319258823757462507e-01 3.620118987220026230e-01 2.148342987728782058e-02
-9.307754074349623430e-01 3.650181403144947545e-01 2.046707033580504737e-02
-9.296725666256132614e-01 3.678733055545655439e-01 1.944614954244790195e-02
-9.286189543727502160e-01 3.705772611932512950e-01 1.842101706884003223e-02
-9.276160804183132269e-01 3.731299074756769807e-01 1.739201817875951628e-02
-9.266653687723127586e-01 3.755311759000517502e-01 1.635949392231162564e-02
-9.257681567761175678e-01 3.777810270786874924e-01 1.532378124599003896e-02
-9.249256942733083964e-01 3.798794487061178393e-01 1.428521311764533244e-02
-9.241391428836610578e-01 3.818264536389428532e-01 1.324411866536515624e-02
-9.234095753759505865e-01 3.836220780915839956e-01 1.220082332925905531e-02
-9.227379751354261028e-01 3.852663799517015986e-01 1.115564902513215689e-02
-9.221252357219845708e-01 3.867594372186081153e-01 1.010891431902563586e-02
-9.215721605152770168e-01 3.881013465676005358e-01 9.060934611597874430e-03
-9.210794624432002697e-01 3.892922220427376678e-01 8.012022331318160995e-03
-9.206477637904686429e-01 3.903321938802015723e-01 6.962487135444606762e-03
-9.202775960842146663e-01 3.912214074640056327e-01 5.912636117759358448e-03
-9.199694000538357619e-01 3.919600224154469181e-01 4.862774022037035654e-03
-9.197235256625837518e-01 3.925482118173443391e-01 3.813203460226482610e-03
-9.195402322086808633e-01 3.929861615737578751e-01 2.764225134331203641e-03
-9.194196884940424308e-01 3.932740699055466971e-01 1.716138060980148964e-03
-9.193619730589848160e-01 3.934121469817940531e-01 6.692397976877347346e-04
-9.193670744816008211e-01 3.934006146868042064e-01 -3.761733301899843410e-04
-9.194348917407871857e-01 3.932397065220601950e-01 -1.419806002787291684e-03
-9.195652346422130696e-01 3.929296676422212031e-01 -2.461363680323745955e-03
-9.197578243068154080e-01 3.924707550239304732e-01 -3.500552379926730358e-03
-9.200122937217054542e-01 3.918632377659041488e-01 -4.537078455635456392e-03
-9.203281883536555963e-01 3.911073975184699014e-01 -5.570648382528781313e-03
-9.207049668256196417e-01 3.902035290404282097e-01 -6.600968545907043988e-03
-9.211420016570062153e-01 3.891519408808123970e-01 -7.627745036445227056e-03
-9.216385800686868190e-01 3.879529561828282125e-01 -8.650683452221103603e-03
-9.221939048539636863e-01 3.866069136069585910e-01 -9.669488708507489177e-03
-9.228070953169528190e-01 3.851141683699233487e-01 -1.068386485620229087e-02
-9.234771882800532072e-01 3.834750933958874786e-01 -1.169351490975354541e-02
-9.242031391623661829e-01 3.816900805760131132e-01 -1.269814068541900293e-02
-9.249838231311082737e-01 3.797595421321521281e-01 -1.369744265068095074e-02
-9.258180363282125791e-01 3.776839120801749328e-01 -1.469111978561665754e-02
-9.267044971744493598e-01 3.754636477881294065e-01 -1.567886945700301335e-02
-9.276418477535031126e-01 3.730992316241207307e-01 -1.666038730591046929e-02
-9.286286552785267823e-01 3.705911726884982826e-01 -1.763536714951607562e-02
-9.296634136437520457e-01 3.679400086246324419e-01 -1.860350089783813915e-02
-9.307445450637628070e-01 3.651463075022581273e-01 -1.956447848606565273e-02
-9.318704018030390390e-01 3.622106697670607334e-01 -2.051798782312405645e-02
-9.330392679983494642e-01 3.591337302498771589e-01 -2.146371475708476473e-02
-9.342493615765113946e-01 3.559161602285886850e-01 -2.240134305798945416e-02
-9.354988362699436788e-01 3.525586695354868128e-01 -2.333055441862077334e-02
-9.367857837323151360e-01 3.490620087026077289e-01 -2.425102847370920467e-02
-9.381082357564346497e-01 3.454269711372497387e-01 -2.516244283802093751e-02
-9.394641665963384680e-01 3.416543953196179428e-01 -2.606447316372377879e-02
-9.408514953953076576e-01 3.377451670142809226e-01 -2.695679321737726175e-02
-9.422680887212914191e-01 3.337002214868778904e-01 -2.783907497683923635e-02
-9.437117632109233156e-01 3.295205457172838970e-01 -2.871098874832420794e-02
