1.000000000000000000e+00 0.000000000000000000e+00 0.000000000000000000e+00
9.999999962218851790e-01 3.406654785354977998e-05 -7.997322037948187683e-05
9.999999647061648123e-01 1.146201522267114036e-04 -2.396872439088612995e-04
9.999998530699252264e-01 2.540422686548612745e-04 -4.788767122737394881e-04
9.999995742424422351e-01 4.646701717406548273e-04 -7.972434598139119862e-04
9.999989987541947345e-01 7.587918278965805887e-04 -1.194456639901179560e-03
9.999979456057936922e-01 1.148640755364406692e-03 -1.670152838614879414e-03
9.999961717467310551e-01 1.646390854316499668e-03 -2.223936169759137445e-03
9.999933601972326169e-01 2.264151185411737884e-03 -2.855378344712261336e-03
9.999891068498942825e-01 3.013960670281501733e-03 -3.564018710113365639e-03
9.999829059912072049e-01 3.907782682103243949e-03 -4.349364245980818708e-03
9.999741345865661435e-01 4.957499488728824531e-03 -5.210889516527718833e-03
9.999620353759356428e-01 6.174906504824822541e-03 -6.148036565697227729e-03
9.999456988310583272e-01 7.571706303209267686e-03 -7.160214749290780278e-03
9.999240440289705045e-01 9.159502329095001172e-03 -8.246800495510213033e-03
9.998957985006888816e-01 1.094979225433989969e-02 -9.407136985785522626e-03
9.998594771182942598e-01 1.295396090212904902e-02 -1.064053374791786889e-02
9.998133600883253314e-01 1.518327266584910441e-02 -1.194626615383664360e-02
9.997554701244549813e-01 1.764886333934148274e-02 -1.332357481465382305e-02
9.996835488779167722e-01 2.036173126932511179e-02 -1.477166486620166974e-02
9.995950327101378319e-01 2.333272773465411287e-02 -1.628970513886414742e-02
9.994870278985741319e-01 2.657254645132012955e-02 -1.787682720626061067e-02
9.993562853738906515e-01 3.009171209682943299e-02 -1.953212430821423679e-02
9.991991750944384520e-01 3.390056774289526564e-02 -2.125465014443862766e-02
9.990116601724974288e-01 3.800926108140764009e-02 -2.304341753650438959e-02
9.987892708760218730e-01 4.242772932550583492e-02 -2.489739695690311796e-02
9.985270786396743814e-01 4.716568266542142673e-02 -2.681551492540728762e-02
9.982196702297854163e-01 5.223258615772832097e-02 -2.879665227442902015e-02
9.978611222195343800e-01 5.763763992688573229e-02 -3.083964228670387636e-02
9.974449759431058826e-01 6.338975755965318981e-02 -3.294326871036266924e-02
9.969642131107978589e-01 6.949754257626314380e-02 -3.510626365829688095e-02
9.964112322809980382e-01 7.596926286733221567e-02 -3.732730540066202252e-02
9.957778263995232804e-01 8.281282299255658674e-02 -3.960501606138642355e-02
9.950551616319250892e-01 9.003573424645355816e-02 -4.193795923164518602e-02
9.942337577298693274e-01 9.764508240796093697e-02 -4.432463751540333813e-02
9.933034701884267959e-01 1.056474931047685084e-01 -4.676349002430703339e-02
9.922534744668589646e-01 1.140490947400020633e-01 -4.925288984138320725e-02
9.910722525610027311e-01 1.228554789484695708e-01 -5.179114147516779981e-02
9.897475822303616333e-01 1.320716585722537528e-01 -5.437647832798928049e-02
9.882665291971807209e-01 1.417020231711136058e-01 -5.700706020415152731e-02
9.866154426477387052e-01 1.517502921120293391e-01 -5.968097088564923436e-02
9.847799543774338193e-01 1.622194653143409770e-01 -6.239621580476639034e-02
9.827449819305217327e-01 1.731117717622988605e-01 -6.515071984440756747e-02
9.804947360920944766e-01 1.844286159354164845e-01 -6.794232529824366373e-02
9.780127330935673990e-01 1.961705223486844007e-01 -7.076879002366612270e-02
9.752818118930162150e-01 2.083370784392901964e-01 -7.362778582108360503e-02
9.722841568876319229e-01 2.209268760837355960e-01 -7.651689707320910583e-02
9.690013264067768306e-01 2.339374520788048140e-01 -7.943361967762030407e-02
9.654142873200655117e-01 2.473652279712819924e-01 -8.237536030498150696e-02
9.615034560750396198e-01 2.612054496741055831e-01 -8.533943601384523514e-02
9.572487464528347534e-01 2.754521273601470699e-01 -8.832307425086458053e-02
9.526296242973203432e-01 2.900979761782724875e-01 -9.132341326251193492e-02
9.476599641058126577e-01 3.050727410198583733e-01 -9.418714337493168387e-02
9.423300833999941339e-01 3.203462817332324297e-01 -9.691375924087949900e-02
9.366313594256839847e-01 3.358881664730946071e-01 -9.950296156060904618e-02
9.305563058465381454e-01 3.516677570162866084e-01 -1.019546648102577086e-01
9.240986390188947741e-01 3.676542991713854791e-01 -1.042690038533747587e-01
9.172533333819227197e-01 3.838170174467117057e-01 -1.064463393340775443e-01
9.100166656033202850e-01 4.001252130620034375e-01 -1.084872617671081979e-01
9.023862472356541931e-01 4.165483643258455770e-01 -1.103925942581302222e-01
8.943610457597904739e-01 4.330562283551591674e-01 -1.121633938066209091e-01
8.859413940173269664e-01 4.496189430854608537e-01 -1.138009511633265719e-01
8.771289881609414252e-01 4.662071285115860220e-01 -1.153067892340816220e-01
8.679268743775043760e-01 4.827919861080925967e-01 -1.166826600414743037e-01
8.583394247611048078e-01 4.993453954061494171e-01 -1.179305402750007170e-01
8.483723028293230772e-01 5.158400067484731899e-01 -1.190526254786306720e-01
8.380324192838638497e-01 5.322493293045292839e-01 -1.200513229417852490e-01
8.273278787139893842e-01 5.485478135031264246e-01 -1.209292433753034329e-01
8.162679180263078260e-01 5.647109271267946040e-01 -1.216891914678013692e-01
8.048628374559698706e-01 5.807152244097877336e-01 -1.223341554296999006e-01
7.931239250711621391e-01 5.965384075868813696e-01 -1.228672956419613327e-01
7.810633757243118369e-01 6.121593804509356529e-01 -1.232919325341381156e-01
7.686942054293631754e-01 6.275582935910337667e-01 -1.236115338216506182e-01
7.560301621549777584e-01 6.427165810975056237e-01 -1.238297012352892051e-01
7.430856340190115095e-01 6.576169886330297532e-01 -1.239501568768367201e-01
7.298755558509364416e-01 6.722435928781693715e-01 -1.239767293335375109e-01
7.164153150570778950e-01 6.865818124632442343e-01 -1.239133396810434551e-01
7.027206576799431836e-01 7.006184105947249607e-01 -1.237639874996241535e-01
6.888075954890231500e-01 7.143414896719920693e-01 -1.235327370220434262e-01
6.746923148778730672e-01 7.277404782682528328e-01 -1.232237035237999795e-01
6.603910882727291876e-01 7.408061109168758707e-01 -1.228410400576422506e-01
6.459201886831125172e-01 7.535304012008996466e-01 -1.223889246246351453e-01
6.312958079465157413e-01 7.659066086887921232e-01 -1.218715478638169175e-01
6.165339791389979895e-01 7.779292002937399086e-01 -1.212931013318674783e-01
6.016505035428646453e-01 7.895938066571102087e-01 -1.206577664334308742e-01
5.866608824829904201e-01 8.008971741697545887e-01 -1.199697040519939334e-01
5.715802542660071150e-01 8.118371132481690955e-01 -1.192330449206998044e-01
5.564233363826167622e-01 8.224124434769871650e-01 -1.184518807623248238e-01
5.412043730636106886e-01 8.326229362157633318e-01 -1.176302562180037009e-01
5.259370882155147697e-01 8.424692552474739582e-01 -1.167721615752592007e-01
5.106346437026955121e-01 8.519528960196194323e-01 -1.158815262975632782e-01
4.953096028896409320e-01 8.610761239972801739e-01 -1.149622133500878413e-01
4.799738993102067863e-01 8.698419126119477651e-01 -1.140180143095348708e-01
4.646388102899786099e-01 8.782538812513956961e-01 -1.130526452399869680e-01
4.493149353135068580e-01 8.863162336951644349e-01 -1.120697433115917380e-01
4.340121788998747010e-01 8.940336973582657665e-01 -1.110728641345733597e-01
4.187397377276133037e-01 9.014114636632133415e-01 -1.100654797775245386e-01
4.035060917330710040e-01 9.084551298181398060e-01 -1.090509774361334144e-01
3.883189988945947024e-01 9.151706422371539418e-01 -1.080326587163963209e-01
3.731854934078778774e-01 9.215642417987258694e-01 -1.070137394949052106e-01
3.581118869551244144e-01 9.276424110991692285e-01 -1.059973503179194865e-01
3.431037727718124763e-01 9.334118238215572960e-01 -1.049865373005763464e-01
3.281660322193614143e-01 9.388792963059033880e-01 -1.039842634876989996e-01
3.133028435794480981e-01 9.440517413743407804e-01 -1.029934106381672348e-01
2.985176927956584847e-01 9.489361244354632685e-01 -1.020167813956592423e-01
2.838133859001754633e-01 9.535394218649839715e-01 -1.010571018097001506e-01
2.691920628769129964e-01 9.578685816354519655e-01 -1.001170241723055715e-01
2.546552127275542032e-01 9.619304861458758404e-01 -9.919913013703694771e-02
2.402036895230161839e-01 9.657319171826835857e-01 -9.830593408894171270e-02
2.258377292396636926e-01 9.692795229263786450e-01 -9.743988673559145219e-02
2.115569671968784704e-01 9.725797869034135124e-01 -9.660337889121604904e-02
1.973604559301469774e-01 9.756389987700458954e-01 -9.579874542772584545e-02
1.832466833514809490e-01 9.784632268041149050e-01 -9.502826936818493941e-02
1.692135910665860665e-01 9.810582919716115402e-01 -9.429418610001934209e-02
1.552585927356334161e-01 9.834297434274545946e-01 -9.359868768688928142e-02
1.413785923816827661e-01 9.855828353038545986e-01 -9.294392725970317126e-02
1.275700025677022897e-01 9.875225046348983238e-01 -9.233202346868391031e-02
1.138287623796973708e-01 9.892533502623569452e-01 -9.176506497969884324e-02
1.001503551696961425e-01 9.907796125650747410e-01 -9.124511499921902913e-02
8.652982602825828873e-02 9.921051538524928715e-01 -9.077421581326840239e-02
7.296179897181308271e-02 9.932334392617929719e-01 -9.035439332654761346e-02
5.944049384554536686e-02 9.941675179976929844e-01 -8.998766158855997510e-02
4.595974295780561047e-02 9.949100047540125891e-01 -8.967602729401838446e-02
3.251300747720607676e-02 9.954630611566646081e-01 -8.942149424506248834e-02
1.909339363877758655e-02 9.958283770686745529e-01 -8.922606776285489649e-02
5.693668820909835587e-03 9.960071515991368862e-01 -8.909175903594450385e-02
-7.693722429597125295e-03 9.960000736596728022e-01 -8.902058939237270097e-02
-2.107664233105171689e-02 9.958073019139593862e-01 -8.901459448184406709e-02
-3.446324364912618787e-02 9.954284439682822283e-01 -8.907582835337431171e-02
-4.786195320082910903e-02 9.948625346538705339e-01 -8.920636741265196290e-02
-6.128145493516735931e-02 9.941080132550849102e-01 -8.940831424189182863e-02
-7.473067242648202824e-02 9.931626995414465364e-01 -8.968380126320238399e-02
-8.821875059631338611e-02 9.920237684661581401e-01 -9.003499422441856026e-02
-1.017550364582172073e-01 9.906877233993450771e-01 -9.046409548394780675e-02
-1.153490586570546927e-01 9.891503677709462261e-01 -9.097334706842180596e-02
-1.290105055497518527e-01 9.874067750062590632e-01 -9.156503347381771130e-02
-1.427492015482173804e-01 9.854512566468908163e-01 -9.224148417719099657e-02
-1.565750814168776761e-01 9.832773285616343006e-01 -9.300507582222493352e-02
-1.704981621870073072e-01 9.808776751659787907e-01 -9.385823403742880877e-02
-1.845285123175960107e-01 9.782441115860519565e-01 -9.480343484098803508e-02
-1.986762176978278671e-01 9.753675437233033652e-01 -9.584320558096566522e-02
-2.129513440493171206e-01 9.722379262007961875e-01 -9.698012535376231147e-02
-2.273638952470697916e-01 9.688442182012638737e-01 -9.821682483744836878e-02
-2.419237670368041271e-01 9.651743372418953859e-01 -9.955598546978569607e-02
-2.566406955829378389e-01 9.612151109720050712e-01 -1.010003378934584140e-01
-2.715242002365103602e-01 9.569522271283007475e-01 -1.025526595832507298e-01
-2.865835198659613670e-01 9.523701818394497698e-01 -1.042157715616721519e-01
-3.018275420465955095e-01 9.474522265382377961e-01 -1.059925341008854799e-01
-3.172647243574852616e-01 9.421803138170906644e-01 -1.078858412998091737e-01
-3.329030069884874599e-01 9.365350426524458038e-01 -1.098986144160409711e-01
-3.487497158162341515e-01 9.304956035268657777e-01 -1.120337938229131469e-01
-3.648114550679912860e-01 9.240397240963816872e-01 -1.142943294527116738e-01
-3.810889891467715285e-01 9.171540429563610486e-01 -1.166175236299114154e-01
-3.975775330595414103e-01 9.098191573901519558e-01 -1.190008773206329695e-01
-4.142708997528161130e-01 9.020152633340003945e-01 -1.214417096923652017e-01
-4.311614259422093531e-01 8.937222223332230708e-01 -1.239371468955622890e-01
-4.482398988145773200e-01 8.849196374754892958e-01 -1.264841111972235255e-01
-4.654954844637844147e-01 8.755869387777631685e-01 -1.290793105894638415e-01
-4.829156590241435731e-01 8.657034784437236397e-01 -1.317192290094301166e-01
-5.004861435693547245e-01 8.552486363323531515e-01 -1.344001173202328814e-01
-5.181908439472120431e-01 8.442019358844271570e-01 -1.371179852155574030e-01
-5.360117968190120097e-01 8.325431706405901355e-01 -1.398685942229515311e-01
-5.539291232646101903e-01 8.202525413515695529e-01 -1.426474519920714334e-01
-5.719209913961939007e-01 8.073108035272233973e-01 -1.454498080639566315e-01
-5.899635894924341040e-01 7.936994250963460562e-01 -1.482706513252164404e-01
-6.080311112158102160e-01 7.794007536538436476e-01 -1.511047093563109567e-01
-6.260957545053518203e-01 7.643981925570652036e-01 -1.539464498853405916e-01
-6.441277357404393555e-01 7.486763849005324545e-01 -1.567900845573406143e-01
-6.620953207442259458e-01 7.322214041507094651e-01 -1.596295752234290211e-01
-6.799648741333669255e-01 7.150209499633812804e-01 -1.624586429437141211e-01
-6.977009284200291761e-01 6.970645474402575870e-01 -1.652707798821121954e-01
-7.152662741290437554e-01 6.783437478141898236e-01 -1.680592642497013567e-01
-7.326220720047192936e-01 6.588523282904890088e-01 -1.708171784255954062e-01
-7.497279881463446705e-01 6.385864885228162979e-01 -1.735374303503375848e-01
-7.665423526280811251e-01 6.175450409743467040e-01 -1.762127782464327219e-01
-7.830223418285058301e-01 5.957295922174046243e-01 -1.788358586739950962e-01
-7.991241843198954031e-01 5.731447120669436179e-01 -1.813992178769492092e-01
-8.148033897516490098e-01 5.497980873346115516e-01 -1.838953463173920444e-01
-8.300149997122111545e-01 5.257006569399442775e-01 -1.863167162334784244e-01
-8.447138590776511746e-01 5.008667251320259028e-01 -1.886558219906679656e-01
-8.588549058628491828e-01 4.753140496661740766e-01 -1.909052229287779012e-01
-8.723934770950418915e-01 4.490639019516701191e-01 -1.930575883396687120e-01
-8.852856277429069776e-01 4.221410964420318490e-01 -1.951057441444116192e-01
-8.974884592722693899e-01 3.945739868800953731e-01 -1.970427207764677280e-01
-9.089604539775228975e-01 3.663944274346655483e-01 -1.988618017208673983e-01
-9.196618108718200846e-01 3.376376972690348088e-01 -2.005565721107548105e-01
-9.295547786243683053e-01 3.083423876563218258e-01 -2.021209667440261593e-01
-9.386039808240259630e-01 2.785502513911599642e-01 -2.035493168560491839e-01
-9.467767287371910978e-01 2.483060149275085893e-01 -2.048363949712561916e-01
-9.540433167245087054e-01 2.176571543812662324e-01 -2.059774571580476887e-01
-9.603772955918159493e-01 1.866536372547127065e-01 -2.069682820287898350e-01
-9.657557193788744998e-01 1.553476324468242853e-01 -2.078052058600896868e-01
-9.701593614336371241e-01 1.237931917876698290e-01 -2.084851532577873812e-01
-9.735728960745988481e-01 9.204590695502309905e-02 -2.090056628554388674e-01
-9.759850426995193562e-01 6.016254617671253080e-02 -2.093649076131239850e-01
-9.773886698417891816e-01 2.820067557477337616e-02 -2.095617093733173064e-01
-9.777808573887467603e-01 -3.781729648268457311e-03 -2.095955474299376342e-01
-9.771629159392435371e-01 -3.572667875649303965e-02 -2.094665609727968669e-01
-9.755403630685663963e-01 -6.757655824016711721e-02 -2.091755453794740538e-01
-9.729228570641769158e-01 -9.927451830134031985e-02 -2.087239424369701224e-01
-9.693240894722275902e-01 -1.307648477426411049e-01 -2.081138246831648886e-01
-9.647616385299335739e-01 -1.619933322231184303e-01 -2.073478741600299491e-01
-9.592110981572963269e-01 -1.929721903761169866e-01 -2.065812252308338870e-01
-9.526866267110623010e-01 -2.236704923820613533e-01 -2.058147267585849205e-01
-9.452032899105738961e-01 -2.540581125135855101e-01 -2.050493008008760498e-01
-9.367770128681376374e-01 -2.841057636493508065e-01 -2.042859336764764333e-01
-9.274245301350581006e-01 -3.137850274207126811e-01 -2.035256663686124123e-01
-9.171633342959021329e-01 -3.430683797917088440e-01 -2.027695843499955075e-01
-9.060116236610998852e-01 -3.719292119456172330e-01 -2.020188069161081568e-01
-8.939882496159788916e-01 -4.003418464247596731e-01 -2.012744761137293670e-01
-8.811126641829634121e-01 -4.282815485430664371e-01 -2.005377453512101338e-01
-8.674048683433184248e-01 -4.557245331620003448e-01 -1.998097677756529300e-01
-8.528853616459667331e-01 -4.826479669886917234e-01 -1.990916844999901514e-01
-8.375750936041798100e-01 -5.090299666195928774e-01 -1.983846127600837062e-01
-8.214954173470448984e-01 -5.348495926127796452e-01 -1.976896340784873307e-01
-8.046680459523263274e-01 -5.600868399264893327e-01 -1.970077825075367550e-01
-7.871150118415081165e-01 -5.847226251100097194e-01 -1.963400330200779087e-01
-7.688586295672825699e-01 -6.087387706751676841e-01 -1.956872901115299379e-01
-7.499214622694184706e-01 -6.321179871120800042e-01 -1.950503766722246068e-01
-7.303262920176561979e-01 -6.548438530413212000e-01 -1.944300231841828153e-01
-7.100960942008807120e-01 -6.769007940161317904e-01 -1.938268572917875576e-01
-6.892540160611149158e-01 -6.982740605027318859e-01 -1.932413937912899893e-01
-6.678233594096046888e-01 -7.189497055743045983e-01 -1.926740250798280873e-01
-6.458275675011404537e-01 -7.389145628549228517e-01 -1.921250121007202771e-01
-6.232902159824109667e-01 -7.581562252438107663e-01 -1.915944758182795415e-01
-6.002350077712002019e-01 -7.766630249381131224e-01 -1.910823892523228484e-01
-5.766857716661492050e-01 -7.944240152540650302e-01 -1.905885700999570831e-01
-5.526664644320747888e-01 -8.114289547224067256e-01 -1.901126739701198831e-01
-5.282011760539103706e-01 -8.276682939043747966e-01 -1.896541882547418678e-01
-5.033141378035858038e-01 -8.431331653399387616e-01 -1.892124266592594972e-01
-4.780297327189669820e-01 -8.578153770004296463e-01 -1.887865244145141841e-01
-4.523725080526561082e-01 -8.717074095736434547e-01 -1.883754341917781572e-01
-4.263671892113517492e-01 -8.848024178611785251e-01 -1.879779227426932875e-01
-4.000386946738878069e-01 -8.970942365154864762e-01 -1.875925682862254196e-01
-3.734121513483495969e-01 -9.085773902881771891e-01 -1.872177586652420123e-01
-3.465129098061231483e-01 -9.192471089018316999e-01 -1.868516902959253267e-01
-3.193665588137197253e-01 -9.290993465952686048e-01 -1.864923679338376661e-01
-2.919989385720801467e-01 -9.381308063272397746e-01 -1.861376052809562143e-01
-2.644361520681727251e-01 -9.463389685562996201e-01 -1.857850264582817379e-01
-2.367045739454250453e-01 -9.537221244455436064e-01 -1.854320683685890259e-01
-2.088308563082470759e-01 -9.602794132705598784e-01 -1.850759839734154033e-01
-1.808419308919773094e-01 -9.660108637378602703e-01 -1.847138465073690783e-01
-1.527650070533544957e-01 -9.709174388499215436e-01 -1.843425546511786861e-01
-1.246275650683909136e-01 -9.750010838825118320e-01 -1.839588386825044553e-01
-9.645734426454585786e-02 -9.782647769710488550e-01 -1.835592676203068874e-01
-6.828232556254507091e-02 -9.807125817362526421e-01 -1.831402573744506934e-01
-4.013070806013482872e-02 -9.823497013163345892e-01 -1.826980799071587225e-01
-1.203087935545738008e-02 -9.831825331144927738e-01 -1.822288734068921168e-01
1.598862061860235537e-02 -9.832187235177161089e-01 -1.817286534682085453e-01
4.389914239616828084e-02 -9.824672217970330523e-01 -1.811933252631618974e-01
7.167197647432715923e-02 -9.809383323615985528e-01 -1.806186966808975836e-01
9.927840946576976799e-02 -9.786437645106061956e-01 -1.800004924023466679e-01
1.266795039394750522e-01 -9.755954540352387294e-01 -1.793482951732992270e-01
1.538507220931016328e-01 -9.718075173893780949e-01 -1.786619770911599958e-01
1.807682810101639559e-01 -9.672950558723184544e-01 -1.779412853534590166e-01
2.074091727934806451e-01 -9.620741173116209577e-01 -1.771858498117431235e-01
2.337511839219041376e-01 -9.561616589578136871e-01 -1.763951911255343119e-01
2.597729140655272717e-01 -9.495755113842025974e-01 -1.755687294452968894e-01
2.854537945475730809e-01 -9.423343431613958598e-01 -1.747057935531278750e-01
3.107741065930678670e-01 -9.344576260596322292e-01 -1.738056303898783961e-01
3.357149994560558182e-01 -9.259656005225201936e-01 -1.728674148976048763e-01
3.602585084693752937e-01 -9.168792411531129227e-01 -1.718902601066290003e-01
3.843875730146643077e-01 -9.072202219570713044e-01 -1.708732273970546278e-01
4.080860543660334017e-01 -8.970108810976213931e-01 -1.698153368653549655e-01
4.313387533194056878e-01 -8.862741849326551957e-01 -1.687155777276212743e-01
4.541314274814887142e-01 -8.750336911251438421e-01 -1.675729186922740033e-01
4.764508080582496863e-01 -8.633135106434719486e-01 -1.663863182365037663e-01
4.982846159530804342e-01 -8.511382684977465418e-01 -1.651547347224579243e-01
5.196215769599547007e-01 -8.385330630909304528e-01 -1.638771362912443408e-01
5.404514358171024213e-01 -8.255234240991141670e-01 -1.625525104752106043e-01
5.607649688722803338e-01 -8.121352688326539671e-01 -1.611798734716954618e-01
5.805539951017417710e-01 -7.983948570685447388e-01 -1.597582790245530016e-01
5.998113852215462005e-01 -7.843287443835248451e-01 -1.582868268632286191e-01
6.185310686318581386e-01 -7.699637340562998089e-01 -1.567646706530202994e-01
6.367080379422374037e-01 -7.553268276452098640e-01 -1.551910254143804291e-01
6.543383508383887603e-01 -7.404451743839630673e-01 -1.535651743736889119e-01
6.714191290681271740e-01 -7.253460195720690118e-01 -1.518864752128286644e-01
6.879485543460311936e-01 -7.100566521677360576e-01 -1.501543656900901358e-01
7.039258610019573092e-01 -6.946043518187031696e-01 -1.483683686103755006e-01
7.193513252277488057e-01 -6.790163355902959497e-01 -1.465280961283180472e-01
7.342262508085293238e-01 -6.633197046695372689e-01 -1.446332533737186010e-01
7.485529512593094292e-01 -6.475413913391006027e-01 -1.426836413945673510e-01
7.623347283236161509e-01 -6.317081065250508276e-01 -1.406791594187964123e-01
7.755758468278232121e-01 -6.158462882275544947e-01 -1.386198064417275833e-01
7.882815059221528475e-01 -5.999820511440269177e-01 -1.365056821518679520e-01
8.004578067762948557e-01 -5.841411377895817658e-01 -1.343369872131936760e-01
8.121117168336126069e-01 -5.683488714103142048e-01 -1.321140229272787237e-01
8.232510307623982504e-01 -5.526301109711171389e-01 -1.298371903035072938e-01
8.338843282750516561e-01 -5.370092084817179590e-01 -1.275069885700944039e-01
8.440209290159139677e-01 -5.215099689028143137e-01 -1.251240131626765728e-01
8.536708447453589255e-01 -5.061556128490203310e-01 -1.226889532307770259e-01
8.628447290712999429e-01 -4.909687422773020282e-01 -1.202025887054603975e-01
8.715538249992274000e-01 -4.759713093192057820e-01 -1.176657869739429207e-01
8.798099105880714532e-01 -4.611845883830124615e-01 -1.150794992087962321e-01
8.876252430114730529e-01 -4.466291516185405541e-01 -1.124447564006685885e-01
8.950125013324190526e-01 -4.323248478032335473e-01 -1.097626651441466483e-01
9.019847283036924734e-01 -4.182907846739392643e-01 -1.070344032265047041e-01
9.085552715073368368e-01 -4.045453146949469780e-01 -1.042612150686549194e-01
9.147377241435022954e-01 -3.911060242198773351e-01 -1.014444070666492420e-01
9.205458657728792238e-01 -3.779897259733704939e-01 -9.858534288062391349e-02
9.259936033077188489e-01 -3.652124547485894324e-01 -9.568543871616229379e-02
9.310949125345145960e-01 -3.527894661886990524e-01 -9.274615864072432991e-02
9.358601030292929002e-01 -3.407652257827032405e-01 -8.969348856350890797e-02
9.402995163491989494e-01 -3.291650240076851031e-01 -8.652860712610289939e-02
9.444238102468117679e-01 -3.180135611191142186e-01 -8.325283661698271165e-02
9.482438540079803913e-01 -3.073349106412837650e-01 -7.986763521549752887e-02
9.517706205149220056e-01 -2.971524878501055067e-01 -7.637458940063701629e-02
9.550150756782928019e-01 -2.874890229835102007e-01 -7.277540663791000342e-02
9.579880658715752562e-01 -2.783665388264605633e-01 -6.907190845336065588e-02
9.607002039861489706e-01 -2.698063322342841852e-01 -6.526602399814361577e-02
9.631617547071145147e-01 -2.618289590806077149e-01 -6.135978420026764329e-02
9.653825195896676981e-01 -2.544542220454284465e-01 -5.735531659220484413e-02
9.673717224949621718e-01 -2.477011605954873852e-01 -5.325484089415594147e-02
9.691378959243244218e-01 -2.415880424536931415e-01 -4.906066542296795563e-02
9.706887687727526748e-01 -2.361323558073800954e-01 -4.477518438612030499e-02
9.720311560081119628e-01 -2.313508014670947743e-01 -4.040087610892521830e-02
9.731708507725257418e-01 -2.272592841587636747e-01 -3.594030223121617851e-02
9.741125193982110853e-01 -2.238729021128582353e-01 -3.139610789740476804e-02
9.748595998323289491e-01 -2.212059341048834282e-01 -2.677102295094348217e-02
9.754142039750463011e-01 -2.192718231025489739e-01 -2.206786413100584807e-02
9.757770244524740511e-01 -2.180831556867424970e-01 -1.728953825564487345e-02
9.759472463717477897e-01 -2.176516364363776657e-01 -1.243904636187445276e-02
9.759224646393233060e-01 -2.179880565018691152e-01 -7.519488759093234838e-03
9.756986074653418717e-01 -2.191022556389909670e-01 -2.534070938098364860e-03
9.752698667261757715e-01 -2.210030770348779261e-01 2.513889736312395658e-03
9.746286359131632882e-01 -2.236983143316582379e-01 7.620956635394674286e-03
9.737654564569236948e-01 -2.271946503414318252e-01 1.278356587954911777e-02
9.726689732819877587e-01 -2.314975870498028609e-01 1.799801786874085860e-02
9.713259005139078806e-01 -2.366113666246878744e-01 2.326046845806901617e-02
9.697209983282569778e-01 -2.425388832833114405e-01 2.856691991928508867e-02
9.678370619953446941e-01 -2.492815860236873571e-01 3.391321184126869226e-02
9.656549242330626504e-01 -2.568393723977674403e-01 3.929501213366541623e-02
9.631534720296338614e-01 -2.652104736918222128e-01 4.470780830779267495e-02
9.603096791345023808e-01 -2.743913320851146809e-01 5.014689921721084132e-02
9.570986554351768039e-01 -2.843764705796735792e-01 5.560738744669325995e-02
9.534937144363745398e-01 -2.951583567305202660e-01 6.108417254234237148e-02
9.494664600310029900e-01 -3.067272614549430565e-01 6.657194527690701857e-02
9.449868936960880150e-01 -3.190711144584686965e-01 7.206518314257352731e-02
9.400235431565676647e-01 -3.321753580803569195e-01 7.755814725825779798e-02
9.345436134320755928e-01 -3.460228016281565178e-01 8.304488086937562852e-02
9.285131610130992197e-01 -3.605934785336259996e-01 8.851920960492379309e-02
9.218972917005577861e-01 -3.758645089147548135e-01 9.397474363924748775e-02
9.146603823851678916e-01 -3.918099703634996267e-01 9.940488188398233227e-02
9.067663267393452076e-01 -4.084007799882062861e-01 1.048028183093438898e-01
8.981788044455745190e-01 -4.256045909149701045e-01 1.101615504633433745e-01
8.888615731934661479e-01 -4.433857065844650225e-01 1.154738902229488634e-01
8.787787822471208043e-01 -4.617050162610100705e-01 1.207324767731838416e-01
8.678953059208046605e-01 -4.805199551900141697e-01 1.259297917693484592e-01
8.561770948120526192e-01 -4.997844927902106438e-01 1.310581765948471977e-01
8.435915421368255229e-01 -5.194491521409990709e-01 1.361098515835809375e-01
8.301078620026846044e-01 -5.394610638169088368e-01 1.410769370327511762e-01
8.156974759561452792e-01 -5.597640568266605277e-01 1.459514757906064109e-01
8.003344036637636272e-01 -5.802987890317337083e-01 1.507254571656096442e-01
7.839956531483138757e-01 -6.010029189495230684e-01 1.553908418702319993e-01
7.666616056172619320e-01 -6.218113202927091354e-01 1.599395876855719267e-01
7.483163896061153508e-01 -6.426563399660082387e-01 1.643636755136507477e-01
7.289482389288218789e-01 -6.634680995437155504e-01 1.686551354737614306e-01
7.085498287944904661e-01 -6.841748394990826432e-01 1.728060726986113405e-01
6.871185844255413011e-01 -7.047033046649993082e-01 1.768086924958370831e-01
6.646569566055439138e-01 -7.249791685924503737e-01 1.806553245610301450e-01
6.411726588008910266e-01 -7.449274936583881734e-01 1.843384459595004965e-01
6.166788608409647932e-01 -7.644732229787906119e-01 1.878507026349627573e-01
5.911943346046470982e-01 -7.835416994270097968e-01 1.911849292530169719e-01
5.647435477410952531e-01 -8.020592063629646828e-01 1.943341672441224188e-01
5.373567021400428301e-01 -8.199535240650951406e-01 1.972916809727240095e-01
5.090697146483582625e-01 -8.371544953421786728e-01 2.000509720239501410e-01
4.799241383889704671e-01 -8.535945934014569358e-01 2.026057916642791945e-01
4.499670239567981067e-01 -8.692094847752515063e-01 2.049501515950677699e-01
4.192507207233869271e-01 -8.839385799690111511e-01 2.070783331751534506e-01
3.878326194558487927e-01 -8.977255644943920032e-01 2.089848953383326990e-01
3.557748384243323847e-01 -9.105189030924850657e-01 2.106646814710961546e-01
3.231438561139480803e-01 -9.222723102318350907e-01 2.121128255436972310e-01
2.900100945511911443e-01 -9.329451803770415497e-01 2.133247578020669166e-01
2.564474580824711580e-01 -9.425029720569001457e-01 2.142962103284811459e-01
2.225328331864850906e-01 -9.509175404038952006e-01 2.150232227650930583e-01
1.883455555484378208e-01 -9.581674135748260435e-01 2.155021484669739917e-01
1.539668511607515389e-01 -9.642380092792028901e-01 2.157296613113209027e-01
1.194792586329002371e-01 -9.691217885203544657e-01 2.157027633387318399e-01
8.496604018609571485e-02 -9.728183445758626924e-01 2.154187933431867541e-01
5.051058897314005675e-02 -9.753344261906357060e-01 2.148754364622623148e-01
1.619584039878400189e-02 -9.766838949094149847e-01 2.140707347510964198e-01
-1.789630497730391318e-02 -9.768876174179916827e-01 2.130030986557744088e-01
-5.168553959083783955e-02 -9.759732946767394335e-01 2.116713192371941776e-01
-8.509368104956080425e-02 -9.739752305000035637e-01 2.100745809379801765e-01
-1.180451717582901294e-01 -9.709340430452270132e-01 2.082124746352606026e-01
-1.504675399660029833e-01 -9.668963234124726691e-01 2.060850106832871065e-01
-1.822918168520088478e-01 -9.619142462056663456e-01 2.036926316236370715e-01
-2.134529049912129717e-01 -9.560451374604715946e-01 2.010362242281916179e-01
-2.438898943273878628e-01 -9.493510057910504729e-01 1.981171305416988271e-01
-2.735463226235076428e-01 -9.418980429418968292e-01 1.949371576063535783e-01
-3.023703782339229873e-01 -9.337561001465192190e-01 1.914985855796837166e-01
-3.303150439382016024e-01 -9.249981467894538012e-01 1.878041739977972802e-01
-3.573381814742766505e-01 -9.156997178419568062e-01 1.838571659869021879e-01
-3.834025572926815228e-01 -9.059383563974739983e-01 1.796612902847505022e-01
-4.084758109081518818e-01 -8.957930573760461979e-01 1.752207609977951552e-01
-4.325303680347505342e-01 -8.853437181052841165e-01 1.705402750867217043e-01
-4.555433014422898830e-01 -8.746706010300485667e-01 1.656250076399297111e-01
-4.774961431533353839e-01 -8.638538132663956537e-01 1.604806050588551136e-01
-4.983746522017408753e-01 -8.529728071125485256e-01 1.551131763382864182e-01
-5.181685426881338374e-01 -8.421059049770154292e-01 1.495292826768400141e-01
-5.368711772902388102e-01 -8.313298514989598820e-01 1.437359256956670106e-01
-5.544792317142089866e-01 -8.207193949365759744e-01 1.377405345758042632e-01
-5.709923358076079980e-01 -8.103468992036018115e-01 1.315509524453162271e-01
-5.864126971981062919e-01 -8.002819872598424533e-01 1.251754223559044532e-01
-6.007447133792239713e-01 -7.905912159253405402e-01 1.186225731848216114e-01
-6.139945781422081472e-01 -7.813377816049368318e-01 1.119014057819608388e-01
-6.261698881593558141e-01 -7.725812558939880725e-01 1.050212796545215571e-01
-6.372792553675967753e-01 -7.643773495985267674e-01 9.799190044362944552e-02
-6.473319305910963939e-01 -7.567777033535083575e-01 9.082330839994583183e-02
-6.563374435870220625e-01 -7.498297027679944327e-01 8.352586801009946604e-02
-6.643052644077963587e-01 -7.435763158707542342e-01 7.611025886434694132e-02
-6.712444906534402733e-01 -7.380559505759798355e-01 6.858746778997663884e-02
-6.771635648448756095e-01 -7.333023299363633507e-01 6.096878220645388091e-02
-6.820700257875216277e-01 -7.293443830970980368e-01 5.326578458904020902e-02
-6.859702974165541312e-01 -7.262061501045926626e-01 4.549034785948911225e-02
-6.888695182212690726e-01 -7.239066990508010724e-01 3.765463145728066563e-02
-6.907714139347460591e-01 -7.224600544389179202e-01 2.977107778451370396e-02
-6.916782157434253619e-01 -7.218751361275890233e-01 2.185240866375495750e-02
-6.915906258149280283e-01 -7.221557087355521265e-01 1.391162140248032586e-02
-6.905078314561403641e-01 -7.233003419516765842e-01 5.961984021739953621e-03
-6.884275686915094505e-01 -7.253023827797949741e-01 -1.982970818310772140e-03
-6.853462354880619500e-01 -7.281499413349019623e-01 -9.909453676178760911e-03
-6.812590542441099295e-01 -7.318258923771105984e-01 -1.780342844994063645e-02
-6.761602824997245964e-01 -7.363078953008246330e-01 -2.565062522699445083e-02
-6.700434701178793473e-01 -7.415684357666486592e-01 -3.343655630003383034e-02
-6.629017604276667974e-01 -7.475748925499674513e-01 -4.114653574408449338e-02
-6.547282320207291617e-01 -7.542896334604753950e-01 -4.876570289306752376e-02
-6.455162770586231336e-01 -7.616701443398163907e-01 -5.627904998494883543e-02
-6.352600110962806079e-01 -7.696691951503923379e-01 -6.367145416336746078e-02
-6.239547085735607235e-01 -7.782350470107056717e-01 -7.092771393244309830e-02
-6.115972572960114428e-01 -7.873117036986637673e-01 -7.803259006244081530e-02
-5.981866244442222147e-01 -7.968392106264897690e-01 -8.497085083973482389e-02
-5.837243259485535019e-01 -8.067540035877310833e-01 -9.172732144804024434e-02
-5.682148904747142959e-01 -8.169893086937770610e-01 -9.828693716241646006e-02
-5.516663088184728947e-01 -8.274755938673803435e-01 -1.046347999364811709e-01
-5.340904592367150538e-01 -8.381410710650499807e-01 -1.107562378700130828e-01
-5.155034991763952634e-01 -8.489122470879764126e-01 -1.166368669619163717e-01
-4.959262140273811292e-01 -8.597145194490968256e-01 -1.222626544853119557e-01
-4.753843139380719562e-01 -8.704728123354024127e-01 -1.276199832697748338e-01
-4.539086704041587206e-01 -8.811122462883130835e-01 -1.326957161423029663e-01
-4.315354852716557499e-01 -8.915588338730422446e-01 -1.374772597645957384e-01
-4.083063859755487468e-01 -9.017401923737512481e-01 -1.419526271099430248e-01
-3.842684422442793624e-01 -9.115862634871455539e-01 -1.461104978479456640e-01
-3.594741011062206892e-01 -9.210300291414255103e-01 -1.499402759480525094e-01
-3.339810387956242965e-01 -9.300082119822530302e-01 -1.534321438714214003e-01
-3.078519300219130783e-01 -9.384619487760414991e-01 -1.565771127921907480e-01
-2.811541369806156987e-01 -9.463374250061702408e-01 -1.593670683707420765e-01
-2.539593223853500725e-01 -9.535864592902750791e-01 -1.617948116895521482e-01
-2.263429926251732671e-01 -9.601670269242053024e-01 -1.638540950533454721e-01
-1.983839788387616321e-01 -9.660437128450515276e-01 -1.655396524461995589e-01
-1.701638651889113563e-01 -9.711880855737244911e-01 -1.668472245261091447e-01
-1.417663748672631785e-01 -9.755789852074334689e-01 -1.677735781198569365e-01
-1.132941145301996633e-01 -9.792016539903816152e-01 -1.683110193696619461e-01
-8.483209244826277196e-02 -9.820507517171995771e-01 -1.684632650380035179e-01
-5.646455940434171733e-02 -9.841284364765746639e-01 -1.682349789774899573e-01
-2.827438481305044604e-02 -9.854441613245732423e-01 -1.676317321483644096e-01
-3.424660369128300352e-04 -9.860143880087244295e-01 -1.666599598920168179e-01
2.725281970555862993e-02 -9.858622248556051515e-01 -1.653269170856407899e-01
5.443611281969829019e-02 -9.850169970463615865e-01 -1.636406317659448439e-01
8.113551168476434983e-02 -9.835137583527570060e-01 -1.616098577645710965e-01
1.072829509339939535e-01 -9.813927539839260028e-01 -1.592440268476005838e-01
1.328145143258402383e-01 -9.786988445042462681e-01 -1.565532007988761631e-01
1.576706804460052957e-01 -9.754809008378961810e-01 -1.535480238340443948e-01
1.817965009932741294e-01 -9.717911801957365148e-01 -1.502396756808833944e-01
2.051417128147369484e-01 -9.676846923712065784e-01 -1.466398256128087774e-01
2.276607861387663634e-01 -9.632185652845067780e-01 -1.427605876771093907e-01
2.493129125851362149e-01 -9.584514179417821245e-01 -1.386144773177122036e-01
2.700619374959257746e-01 -9.534427481529444970e-01 -1.342143695540229387e-01
2.898762419199313323e-01 -9.482523414526734529e-01 -1.295734588422970957e-01
3.087285801947950992e-01 -9.429397067271736432e-01 -1.247052207135774804e-01
3.265958795078163779e-01 -9.375635430952988791e-01 -1.196233752519323124e-01
3.434590080857167771e-01 -9.321812416544288382e-01 -1.143418524480086240e-01
3.593025187763200234e-01 -9.268484248031091388e-01 -1.088747594353192821e-01
3.741143747546680220e-01 -9.216185250140336294e-01 -1.032363495898792477e-01
3.878856639278290275e-01 -9.165424041683671863e-01 -9.744099344762335857e-02
4.006103083428976808e-01 -9.116680138873968220e-01 -9.150315136846891295e-02
4.122847745381167384e-01 -9.070400967176858176e-01 -8.543734785109213803e-02
4.229077903341081912e-01 -9.026999275450870996e-01 -7.925814737878182636e-02
4.324800730566156770e-01 -8.986850942313830970e-01 -7.298013165455377593e-02
4.410040736286017227e-01 -8.950293161820572774e-01 -6.661787806359040220e-02
4.484837403813858314e-01 -8.917622993590885727e-01 -6.018593918360264083e-02
4.549243058236928094e-01 -8.889096261407151145e-01 -5.369882314950893271e-02
4.603320989844941757e-01 -8.864926783909821140e-01 -4.717097466848332865e-02
4.647143853194403151e-01 -8.845285921242895810e-01 -4.061675647548432938e-02
4.680792355492907064e-01 -8.830302422218138103e-01 -3.405043101829443447e-02
4.704354241887258592e-01 -8.820062557647481150e-01 -2.748614216521945430e-02
4.717923579310411841e-01 -8.814610526807613589e-01 -2.093789673812184587e-02
4.721600334835698298e-01 -8.813949125420972308e-01 -1.441954568844204185e-02
4.715490239048952814e-01 -8.818040664940619555e-01 -7.944764754177617919e-03
4.699704919823831095e-01 -8.826808134199076727e-01 -1.527034461148681771e-03
4.674362287116063386e-01 -8.840136595521228546e-01 4.820380638187464657e-03
4.639587145022366910e-01 -8.857874808121916077e-01 1.108445356123310618e-02
4.595512003424485625e-01 -8.879837071939661319e-01 1.725241736288978325e-02
4.542278058105032046e-01 -8.905805284948322686e-01 2.331178847091369341e-02
4.480036305327312895e-01 -8.935531206408158234e-01 2.925039084510508772e-02
4.408948754563885020e-01 -8.968738917458419779e-01 3.505638087591150809e-02
4.329189701384192901e-01 -9.005127468928996182e-01 4.071827289855758925e-02
4.240947021512349036e-01 -9.044373704294672578e-01 4.622496516157766772e-02
4.144423446777427689e-01 -9.086135243369128922e-01 5.156576605474279262e-02
4.039837784126769638e-01 -9.130053609713126850e-01 5.673042037188277820e-02
3.927426040071817503e-01 -9.175757481905520985e-01 6.170913535992741256e-02
3.807442414885323645e-01 -9.222866045903523879e-01 6.649260628739113443e-02
3.679986523699927403e-01 -9.271039864549022180e-01 7.110004459622436268e-02
3.545307856768726840e-01 -9.319896024607475793e-01 7.552039560157959575e-02
3.403681174343451965e-01 -9.369048148243224183e-01 7.974296747644780969e-02
3.255407141675527583e-01 -9.418109993252781198e-01 8.375747272048039704e-02
3.100812693526845409e-01 -9.466699116229285726e-01 8.755406929923854886e-02
2.940251104583955777e-01 -9.514440558055553554e-01 9.112340110923912440e-02
2.774101747599507228e-01 -9.560970508161478199e-01 9.445663742146363784e-02
2.602769527126543303e-01 -9.605939901761160193e-01 9.754551095999181021e-02
2.426683983224968144e-01 -9.649017902925621781e-01 1.003823542829329479e-01
2.246298066342999333e-01 -9.689895225943768731e-01 1.029601341494807698e-01
2.062086591530193913e-01 -9.728287248043939739e-01 1.052724835791602892e-01
1.874544387031817361e-01 -9.763936868224365462e-01 1.073137313364734557e-01
1.684184158951507471e-01 -9.796617069671299527e-01 1.090789286053786833e-01
1.491534099857886875e-01 -9.826133146989944889e-01 1.105638726524785925e-01
1.297135274768783098e-01 -9.852324564161568654e-01 1.117651273145264523e-01
1.101538822709360599e-01 -9.875066414662864167e-01 1.126800401839793547e-01
9.053030158670979932e-02 -9.894270461403927852e-01 1.133067564049435594e-01
7.089902211461027171e-02 -9.909885740898214390e-01 1.136442290301479113e-01
5.131638105785453485e-02 -9.921898723193098846e-01 1.136922259267975216e-01
3.183850675414290343e-02 -9.930333026374063010e-01 1.134513332546429054e-01
1.252101350497372353e-02 -9.935248691717093461e-01 1.129229555727853246e-01
-6.581294941315759400e-03 -9.936741032615101776e-01 1.121093126621582475e-01
-2.541470909401015790e-02 -9.934939077069201430e-01 1.110134331778983990e-01
-4.392688083662454196e-02 -9.930003629656669606e-01 1.096391452696486718e-01
-6.206707064689360315e-02 -9.922124984329935282e-01 1.079910643279940186e-01
-7.978637214600431404e-02 -9.911520324057985221e-01 1.060745780315554276e-01
-9.703791178890699975e-02 -9.898430847116419518e-01 1.038958288816465569e-01
-1.137770221272113025e-01 -9.883118662719762026e-01 1.014616944197710841e-01
-1.299613877115977645e-01 -9.865863500655595031e-01 9.877976532759115413e-02
-1.455511633342076450e-01 -9.846959280640629197e-01 9.585832160935918445e-02
-1.605090649263168356e-01 -9.826710587316946910e-01 9.270630705325855203e-02
-1.748004340072843166e-01 -9.805429096209062889e-01 8.933330216078068375e-02
-1.883932771135322648e-01 -9.783429994654740947e-01 8.574949572237640372e-02
-2.012582821094074381e-01 -9.761028439804537715e-01 8.196565520342997957e-02
-2.133688136856345396e-01 -9.738536093365560697e-01 7.799309608746064770e-02
-2.247008906784417059e-01 -9.716257769956540002e-01 7.384365030378750583e-02
-2.352331480883707304e-01 -9.694488232855298371e-01 6.952963384520877144e-02
-2.449467868395929226e-01 -9.673509167661804575e-01 6.506381365813376783e-02
-2.538255143976866912e-01 -9.653586361066054389e-01 6.045937386372748912e-02
-2.618554793577259066e-01 -9.634967108583112338e-01 5.572988134470390625e-02
-2.690252030283949436e-01 -9.617877871865326833e-01 5.088925070920251315e-02
-2.753255108764868786e-01 -9.602522203074707052e-01 4.595170862149413477e-02
-2.807494664657246286e-01 -9.589078950829524883e-01 4.093175746987994662e-02
-2.852923102317121984e-01 -9.577700759443871226e-01 3.584413832584144172e-02
-2.889514050892947328e-01 -9.568512870555794247e-01 3.070379313598538967e-02
-2.917261904788123195e-01 -9.561612233772601721e-01 2.552582608024488858e-02
-2.936181460334571502e-01 -9.557066930622225565e-01 2.032546402667481655e-02
-2.946307656014878762e-01 -9.554915913848759379e-01 1.511801601541515327e-02
-2.947695418950972424e-01 -9.555169061883743709e-01 9.918831712229955050e-03
-2.940419615732120517e-01 -9.557807546115069108e-01 4.743258785530879255e-03
-2.924575101094838425e-01 -9.562784506316281963e-01 -3.934008201574509811e-04
-2.900276853602405946e-01 -9.570026027249175504e-01 -5.475935717051140170e-03
-2.867660183410540298e-01 -9.579432406978910519e-01 -1.048927098703318628e-02
-2.826880993552892685e-01 -9.590879704822254936e-01 -1.541851511536663881e-02
-2.778116073033877753e-01 -9.604221554078985479e-01 -2.024900784970471920e-02
-2.721563397466828516e-01 -9.619291221783600188e-01 -2.496636885055146526e-02
-2.657442411121220260e-01 -9.635903894686485005e-01 -2.955654695995061851e-02
-2.585994263108237212e-01 -9.653859167575695732e-01 -3.400586987599938521e-02
-2.507481970086863909e-01 -9.672943706945140718e-01 -3.830109398305221735e-02
-2.422190478340910669e-01 -9.692934059980179429e-01 -4.242945405244823859e-02
-2.330426599366889617e-01 -9.713599575958565824e-01 -4.637871249746412100e-02
-2.232518795205643003e-01 -9.734705404553523067e-01 -5.013720784006480552e-02
-2.128816792604378838e-01 -9.756015533281754415e-01 -5.369390202686034896e-02
-2.019691008642518215e-01 -9.777295824567466820e-01 -5.703842621826230030e-02
-1.905531774602476913e-01 -9.798317011693772338e-01 -6.016112466874190545e-02
-1.786748349500804633e-01 -9.818857612374046751e-01 -6.305309631766513323e-02
-1.663767719682333335e-01 -9.838706718871065293e-01 -6.570623371951028746e-02
-1.537033186071224966e-01 -9.857666624573514502e-01 -6.811325895920633533e-02
-1.407002745908957908e-01 -9.875555248736164193e-01 -7.026775622246443642e-02
-1.274147280926745396e-01 -9.892208323702955663e-01 -7.216420072168773514e-02
-1.138948568736728867e-01 -9.907481312334728285e-01 -7.379798371451029571e-02
-1.001897138628664585e-01 -9.921251027499985442e-01 -7.516543339324639750e-02
-8.634899967870542092e-02 -9.933416930276047774e-01 -7.626383146841024530e-02
-7.242282490779383686e-02 -9.943902088842920817e-01 -7.709142531679472055e-02
-5.846146518997806518e-02 -9.952653785806919728e-01 -7.764743561313817988e-02
-4.451511230824173326e-02 -9.959643767724142283e-01 -7.793205941292766226e-02
-3.063362454163248358e-02 -9.964868136754359007e-01 -7.794646870119807669e-02
-1.686627950979726481e-02 -9.968346890509541813e-01 -7.769280446718659916e-02
-3.261532621407981641e-03 -9.970123122116687497e-01 -7.717416640640105407e-02
1.013321595834572493e-02 -9.970261898148872204e-01 -7.639459838921354440e-02
2.327184317539057745e-02 -9.968848837262762608e-01 -7.535906986781014394e-02
3.610971147451531860e-02 -9.965988417004288946e-01 -7.407345342070240091e-02
4.860386177176618389e-02 -9.961802040217814236e-01 -7.254449865570572475e-02
6.071318949042575630e-02 -9.956425895752476496e-01 -7.077980270816627839e-02
7.239860257413376077e-02 -9.950008650661740228e-01 -6.878777758130133479e-02
8.362316083083316809e-02 -9.942709012822145143e-01 -6.657761458000946431e-02
9.435219639254704971e-02 -9.934693203861413302e-01 -6.415924608876351354e-02
1.045534154851324588e-01 -9.926132382511713148e-01 -6.154330493872085805e-02
1.141969820770915023e-01 -9.917200058035731125e-01 -5.874108159959385428e-02
1.232555843069242096e-01 -9.908069532270067370e-01 -5.576447941884252885e-02
1.317044848660252065e-01 -9.898911407161109510e-01 -5.262596811518353151e-02
1.395215567325415185e-01 -9.889891192507923590e-01 -4.933853571611102745e-02
1.466873058069333158e-01 -9.881167046052192759e-01 -4.591563911098109352e-02
1.531848820904645747e-01 -9.872887675143118269e-01 -4.237115337310834451e-02
1.590000810739180259e-01 -9.865190426028053183e-01 -3.871931998712375977e-02
1.641213369679498935e-01 -9.858199583443804093e-01 -3.497469410235711645e-02
1.685397093130183710e-01 -9.852024899667908286e-01 -3.115209091997043697e-02
1.722488643617295367e-01 -9.846760368584203116e-01 -2.726653131161348165e-02
1.752450524371542140e-01 -9.842483256664591451e-01 -2.333318676101040628e-02
1.775270822457195308e-01 -9.839253399103228270e-01 -1.936732371748764447e-02
1.790962928720705727e-01 -9.837112765687611171e-01 -1.538424745223153020e-02
1.799565239157925600e-01 -9.836085297375355418e-01 -1.139924551406752348e-02
1.801140839563130092e-01 -9.836177010984387126e-01 -7.427530891657789167e-03
1.795777172628711948e-01 -9.837376365915112553e-01 -3.484185002925806185e-03
1.783585684110333691e-01 -9.839654883423580856e-01 4.158993502230805273e-04
1.764701442351354066e-01 -9.842968005674872511e-01 4.258074903817486712e-03
1.739282723456629098e-01 -9.847256178649725911e-01 8.027996550309645860e-03
1.707510552792298741e-01 -9.852446139983629392e-01 1.171167745043529169e-02
1.669588192324337750e-01 -9.858452390020281397e-01 1.529554441188119701e-02
1.625740562638487430e-01 -9.865178821800000275e-01 1.876649228559343352e-02
1.576213588334670623e-01 -9.872520483422326798e-01 2.211193710969043547e-02
1.521273455868991376e-01 -9.880365444268252029e-01 2.531986771276241097e-02
1.461205773816154352e-01 -9.888596734990153792e-01 2.837889547372639612e-02
1.396314626916246304e-01 -9.897094330024954756e-01 3.127830192514565594e-02
1.326921517106104953e-01 -9.905737140703276822e-01 3.400808388165980217e-02
1.253364186954375181e-01 -9.914404986853516677e-01 3.655899577539325346e-02
1.175995323443912166e-01 -9.922980515165137350e-01 3.892258888621812074e-02
1.095181142786983142e-01 -9.931351033499266068e-01 4.109124716665217558e-02
1.011299859820996849e-01 -9.939410231822746189e-01 4.305821937888300310e-02
9.247400484139188526e-02 -9.947059762484984358e-01 4.481764728463973751e-02
8.358989021071586145e-02 -9.954210655130297791e-01 4.636458965691447193e-02
7.451804068410354531e-02 -9.960784544600956858e-01 4.769504191523261938e-02
6.529934399528304623e-02 -9.966714693681076875e-01 4.880595122251332046e-02
5.597498116298742221e-02 -9.971946796388273526e-01 4.969522692066943859e-02
4.658622665743129831e-02 -9.976439551655654769e-01 5.036174622302188458e-02
3.717424647431621237e-02 -9.980165001569106797e-01 5.080535512336170623e-02
2.777989606365929842e-02 -9.983108632735375743e-01 5.102686452310568194e-02
1.844352007082408068e-02 -9.985269243753895907e-01 5.102804161851752507e-02
9.204755807235471404e-03 -9.986658586049079744e-01 5.081159662854080328e-02
1.023422811268475535e-04 -9.987300789393462885e-01 5.038116497964795215e-02
-8.826063511253763594e-03 -9.987231587226810259e-01 4.974128509661501080e-02
-1.754406150033450962e-02 -9.986497360273144386e-01 4.889737197679166342e-02
-2.601667332670723476e-02 -9.985154019910411627e-01 4.785568674991385468e-02
-3.421049587466996889e-02 -9.983265755203730718e-01 4.662330244562571530e-02
-4.209384266882745113e-02 -9.980903669435514658e-01 4.520806620662152359e-02
-4.963687248333644580e-02 -9.978144333331984139e-01 4.361855819682116525e-02
-5.681170474649289981e-02 -9.975068282988360790e-01 4.186404746152578432e-02
-6.359252154524588918e-02 -9.971758490740738612e-01 3.995444500045652186e-02
-6.995565623798899457e-02 -9.968298836940336916e-01 3.790025431544857826e-02
-7.587966886381175557e-02 -9.964772609785190749e-01 3.571251969291937972e-02
-8.134540868774704780e-02 -9.961261059093984294e-01 3.340277247766530733e-02
-8.633606434126889217e-02 -9.957842028212039454e-01 3.098297558969716203e-02
-9.083720210366574843e-02 -9.954588686170796619e-01 2.846546653032502178e-02
-9.483679292266690430e-02 -9.951568379832915756e-01 2.586289911813926048e-02
-9.832522879294687546e-02 -9.948841623100227460e-01 2.318818419044064646e-02
-1.012953291012603507e-01 -9.946461237396488908e-01 2.045442950150360914e-02
-1.037423375104758738e-01 -9.944471654615474332e-01 1.767487904617282696e-02
-1.056639098961191792e-01 -9.942908390600424529e-01 1.486285203594359637e-02
-1.070600937733646452e-01 -9.941797694044206546e-01 1.203168175499200708e-02
-1.079332995653668054e-01 -9.941156372519758255e-01 9.194654525609672127e-03
-1.082914152441243893e-01 -9.940987798215454863e-01 6.373739574208213757e-03
-1.081434296554563412e-01 -9.941288699816400731e-01 3.581605971784217624e-03
-1.075004197879450007e-01 -9.942047121187067571e-01 8.305328000422951447e-04
-1.063754617251013446e-01 -9.943242996948485901e-01 -1.867638678452116993e-03
-1.047835363805861564e-01 -9.944848851167217285e-01 -4.501550100665092577e-03
-1.027414301308871292e-01 -9.946830601802663097e-01 -7.060368193007423437e-03
-1.002676304350529207e-01 -9.949148452373876017e-01 -9.533823934361401048e-03
-9.738221652820037988e-02 -9.951757851471682015e-01 -1.191224856167555010e-02
-9.410674529381804487e-02 -9.954610500260412387e-01 -1.418660629503972967e-02
-9.046413245774485856e-02 -9.957655387985072659e-01 -1.634852366847713151e-02
-8.647852930165970953e-02 -9.960839835719057511e-01 -1.839031536405747944e-02
-8.217519516286016235e-02 -9.964110529144084571e-01 -2.030500646042791152e-02
-7.758036606641385835e-02 -9.967414522032196356e-01 -2.208635102245590232e-02
-7.272111992147500814e-02 -9.970700193278407841e-01 -2.372884697626882755e-02
-6.762523880155500711e-02 -9.973918141785432789e-01 -2.522774723335461863e-02
-6.232106891472725257e-02 -9.977022005197359045e-01 -2.657906704827741468e-02
-5.683737895022818176e-02 -9.979969190380945099e-01 -2.777958761661606518e-02
-5.120321755913388728e-02 -9.982721505621081626e-01 -2.882685594255818967e-02
-4.544777078566766826e-02 -9.985245686687378441e-01 -2.971918102875258441e-02
-3.960022030974091195e-02 -9.987513811196101488e-01 -3.045562646409807547e-02
-3.368960338872559884e-02 -9.989503597988855788e-01 -3.103599950769069665e-02
-2.774467539609221448e-02 -9.991198590529778434e-01 -3.146083678874598416e-02
-2.179377584603784876e-02 -9.992588225540969260e-01 -3.173138676257573204e-02
-1.586469876689979713e-02 -9.993667790208466961e-01 -3.184958908129248423e-02
-9.984568242983479780e-03 -9.994438273258676730e-01 -3.181805105455993293e-02
-4.179719886000419875e-03 -9.994906116992890999e-01 -3.164002139018716464e-02
1.524411074325483957e-03 -9.995082878945610316e-01 -3.131936141652993250e-02
7.103394473322366398e-03 -9.994984813177059113e-01 -3.086051399843325882e-02
1.253390215139453881e-02 -9.994632382304037277e-01 -3.026847036581296196e-02
1.779379672995230408e-02 -9.994049712204982061e-01 -2.954873507897893409e-02
2.286221190019371505e-02 -9.993264001900100668e-01 -2.870728935755633218e-02
2.771962399926167914e-02 -9.992304901407111917e-01 -2.775055300051649729e-02
3.234791474288663260e-02 -9.991203870414595567e-01 -2.668534512358089819e-02
3.673042507294060205e-02 -9.989993530410430367e-01 -2.551884393733123979e-02
4.085200016044852889e-02 -9.988707022469057728e-01 -2.425854578498789355e-02
4.469902567800690396e-02 -9.987377382258756375e-01 -2.291222365325628479e-02
4.825945551916423909e-02 -9.986036943002203348e-01 -2.148788536313455538e-02
5.152283119548124041e-02 -9.984716776135883487e-01 -1.999373164036283984e-02
5.448029318450561820e-02 -9.983446178293526874e-01 -1.843811425749425012e-02
5.712458453397067232e-02 -9.982252212013438264e-01 -1.682949443157433916e-02
5.945004704972923354e-02 -9.981159306267322062e-01 -1.517640165329500052e-02
6.145261040815365450e-02 -9.980188921556500947e-01 -1.348739311537231443e-02
6.312977453911083892e-02 -9.979359282946878018e-01 -1.177101389988401657e-02
6.448058562449042463e-02 -9.978685183041985374e-01 -1.003575807645401552e-02
6.550560605107540180e-02 -9.978177855547720743e-01 -8.290030855518503577e-03
6.620687864679875023e-02 -9.977844918784845030e-01 -6.542111933449771231e-03
6.658788551761449237e-02 -9.977690387275873762e-01 -4.800120159021476277e-03
6.665350178973609985e-02 -9.977714748389477917e-01 -3.071979643522145149e-03
6.640994455014138931e-02 -9.977915099983397651e-01 -1.365387429693960559e-03
6.586471726811735095e-02 -9.978285344059404371e-01 3.122171724883803998e-04
6.502418176107450931e-02 -9.978817872814023104e-01 1.958835518458626208e-03
6.389715535192390383e-02 -9.979501345302568271e-01 3.567250949648165335e-03
6.249366952649500900e-02 -9.980321949239113755e-01 5.130500373844783767e-03
6.082491343254647909e-02 -9.981263737573663475e-01 6.641905587745683751e-03
5.890317232422056376e-02 -9.982308994997879381e-01 8.095103165918354771e-03
5.674176114447407326e-02 -9.983438626823748496e-01 9.484072763925086025e-03
5.435495346772848541e-02 -9.984632562415446388e-01 1.080316368889141371e-02
5.175790605830996732e-02 -9.985870165240735563e-01 1.204711959750248175e-02
4.896657933642623028e-02 -9.987130641645468598e-01 1.321110118932745416e-02
4.599765408151162971e-02 -9.988393440641468723e-01 1.429070677250675152e-02
4.286844474169553693e-02 -9.989638637329490978e-01 1.528199058916733001e-02
3.959680975675949205e-02 -9.990847293047594446e-01 1.618147879940567621e-02
3.620105933905774093e-02 -9.992001785930706426e-01 1.698618303521661627e-02
3.269986119131082503e-02 -9.993086106276483083e-01 1.769361144924212065e-02
2.911214467083179241e-02 -9.994086111920443827e-01 1.830177719753815768e-02
2.545700393560550168e-02 -9.994989739712394350e-01 1.880920431055989328e-02
2.175360062785690329e-02 -9.995787170137271360e-01 1.921493092208155160e-02
1.802106666463542534e-02 -9.996470943116468888e-01 1.951850984162225786e-02
1.427840771203479908e-02 -9.997036024039361868e-01 1.972000647196325840e-02
1.054440791970303118e-02 -9.997479820087747937e-01 1.981999408933561233e-02
6.837536485241355738e-03 -9.997802147907232095e-01 1.981954651965663755e-02
3.175856604126688250e-03 -9.998005154628780700e-01 1.972022825963370973e-02
-4.230626596925801675e-04 -9.998093195131616540e-01 1.952408210648553036e-02
-3.942231073813338288e-03 -9.998072669247886068e-01 1.923361437432093146e-02
-7.365318030957093698e-03 -9.997951823324559006e-01 1.885177778875097784e-02
-1.067672899511392520e-02 -9.997740521165876526e-01 1.838195216400021620e-02
-1.386167719877260708e-02 -9.997449989869753306e-01 1.782792297855822355e-02
-1.690625023178576533e-02 -9.997092546436356919e-01 1.719385797622562800e-02
-1.979747120599487098e-02 -9.996681311261740310e-01 1.648428192923259358e-02
-2.252335422394429951e-02 -9.996229914732205346e-01 1.570404970893393357e-02
-2.507295392399965656e-02 -9.995752203106912370e-01 1.485831781742102085e-02
-2.743640891720917907e-02 -9.995261949721121475e-01 1.395251454025690438e-02
-2.960497897269056058e-02 -9.994772577266539670e-01 1.299230888646688356e-02
-3.157107584771364633e-02 -9.994296896517490536e-01 1.198357848693787017e-02
-3.332828769565792520e-02 -9.993846866382753991e-01 1.093237662653342122e-02
-3.487139701948095694e-02 -9.993433379585663356e-01 9.844898588554027927e-03
-3.619639217021446836e-02 -9.993066077623513621e-01 8.727447492696225120e-03
-3.730047241941687047e-02 -9.992753197946856458e-01 7.586399809415224696e-03
-3.818204666167780009e-02 -9.992501455545939049e-01 6.428170734591472264e-03
-3.884072582850676275e-02 -9.992315960351977333e-01 5.259179608649760911e-03
-3.927730911862394036e-02 -9.992200171071936587e-01 4.085815563778294468e-03
-3.949376417222319469e-02 -9.992155885293513284e-01 2.914403581632932227e-03
-3.949320133861866644e-02 -9.992183264938216958e-01 1.751171141868705953e-03
-3.927984220821910399e-02 -9.992280895420047049e-01 6.022156389897080631e-04
-3.885898260135328686e-02 -9.992445876199502752e-01 -5.265272586818315389e-04
-3.823695022837993868e-02 -9.992673939820386764e-01 -1.629314138679582987e-03
-3.742105725795261129e-02 -9.992959595991365296e-01 -2.700623098940982229e-03
-3.641954805336840295e-02 -9.993296296835076920e-01 -3.735181569861946004e-03
-3.524154236059423573e-02 -9.993676619082273449e-01 -4.727992553849178631e-03
-3.389697425571007450e-02 -9.994092458742556140e-01 -5.674359140685681334e-03
-3.239979541352158016e-02 -9.994534495725911905e-01 -6.565014251352120633e-03
-3.076226526397254218e-02 -9.994993827149191157e-01 -7.396692933550746973e-03
-2.899704479797167098e-02 -9.995461584181906112e-01 -8.166561046391776837e-03
-2.711711398092341366e-02 -9.995929121899680414e-01 -8.872215971209063828e-03
-2.513569024012740627e-02 -9.996388193551888346e-01 -9.511684861669204155e-03
-2.306614843514191715e-02 -9.996831106419576951e-01 -1.008342054010985360e-02
-2.092194270182473267e-02 -9.997250857011674707e-01 -1.058629515651201419e-02
-1.871653054041542974e-02 -9.997641243931375543e-01 -1.101959173497354429e-02
-1.646329949564773881e-02 -9.997996957327028866e-01 -1.138299373996677806e-02
-1.417549675249688348e-02 -9.998313644410318224e-01 -1.167657280099984596e-02
-1.186616194486766682e-02 -9.998587951067497981e-01 -1.190077473953672638e-02
-9.548063446480448829e-03 -9.998817540096996970e-01 -1.205640404615390682e-02
-7.233638383645310532e-03 -9.999001087070056304e-01 -1.214460695892244195e-02
-4.934936578817015161e-03 -9.999138255223253280e-01 -1.216685329591569303e-02
-2.663568602126066293e-03 -9.999229651147226727e-01 -1.212491719557999038e-02
-4.306580758464306942e-04 -9.999276763330899875e-01 -1.202085691850397937e-02
1.753201655632511194e-03 -9.999281885852645546e-01 -1.185699386292941165e-02
3.877986409931213040e-03 -9.999248029678513561e-01 -1.163589094421771039e-02
5.934275556076076819e-03 -9.999178824133491128e-01 -1.136033048548714362e-02
7.913281890964695559e-03 -9.999078411156868684e-01 -1.103329176283529209e-02
9.806877014055971967e-03 -9.998951334940295865e-01 -1.065792834403603458e-02
1.160761223925166861e-02 -9.998802429481288279e-01 -1.023754535442784191e-02
1.330873510896615416e-02 -9.998636706470812596e-01 -9.775576797970314188e-03
1.490420159944632478e-02 -9.998459245776858406e-01 -9.275563055218278424e-03
1.638868412837023517e-02 -9.998275090592833036e-01 -8.741128673325240100e-03
1.775757549553791045e-02 -9.998089149096681671e-01 -8.175960556215998085e-03
1.900698890503596181e-02 -9.997906104220533052e-01 -7.583786655833237890e-03
2.013375423261823047e-02 -9.997730332868063341e-01 -6.968355257932176347e-03
2.113541071524572754e-02 -9.997565835644171006e-01 -6.333414948332985808e-03
2.201019625085189751e-02 -9.997416177885207755e-01 -5.682695337899694964e-03
2.275703350555119062e-02 -9.997284442503794333e-01 -5.019888616848006829e-03
2.337551303281724252e-02 -9.997173194895517812e-01 -4.348632001339186419e-03
2.386587361476172342e-02 -9.997084459900469344e-01 -3.672491127733816529e-03
2.422898003969284342e-02 -9.997019710574795992e-01 -2.994944442393997555e-03
2.446629853277083530e-02 -9.996979868309869843e-01 -2.319368627567275527e-03
2.457987005795006161e-02 -9.996965313642267592e-01 -1.649025096688055058e-03
2.457228170963818292e-02 -9.996975906928703415e-01 -9.870475854168998635e-04
2.444663641173583715e-02 -9.997011017918073783e-01 -3.364308579264226962e-04
2.420652114005495889e-02 -9.997069563138718529e-01 2.999794586466358838e-04
2.385597388164506158e-02 -9.997150049933318794e-01 9.194959050130658900e-04
2.339944954136382455e-02 -9.997250625916238587e-01 1.519597085331246978e-03
2.284178500217587046e-02 -9.997369132597845320e-01 2.097934432946326876e-03
2.218816354120245818e-02 -9.997503161916203585e-01 2.652337857163898291e-03
2.144407879851377777e-02 -9.997650114436827939e-01 3.180820287205090007e-03
2.061529849008361670e-02 -9.997807258023938548e-01 3.681581134437580168e-03
1.970782805023460482e-02 -9.997971785849576465e-01 4.153008698610786108e-03
1.872787438230734403e-02 -9.998140872687444336e-01 4.593681548134358715e-03
1.768180988920204158e-02 -9.998311728533798570e-01 5.002368908419149024e-03
