5.999999999999999778e-02
1.199999999999999956e-01
1.799999999999999933e-01
2.399999999999999911e-01
2.999999999999999889e-01
3.599999999999999867e-01
4.199999999999999845e-01
4.799999999999999822e-01
5.400000000000000355e-01
6.000000000000000888e-01
6.600000000000001421e-01
7.200000000000001954e-01
7.800000000000002487e-01
8.400000000000003020e-01
9.000000000000003553e-01
9.600000000000004086e-01
1.020000000000000462e+00
1.080000000000000515e+00
1.140000000000000568e+00
1.200000000000000622e+00
1.260000000000000675e+00
1.320000000000000728e+00
1.380000000000000782e+00
1.440000000000000835e+00
1.500000000000000888e+00
1.560000000000000941e+00
1.620000000000000995e+00
1.680000000000001048e+00
1.740000000000001101e+00
1.800000000000001155e+00
1.860000000000001208e+00
1.920000000000001261e+00
1.980000000000001315e+00
2.040000000000001368e+00
2.100000000000001421e+00
2.160000000000001474e+00
2.220000000000001528e+00
2.280000000000001581e+00
2.340000000000001634e+00
2.400000000000001688e+00
2.460000000000001741e+00
2.520000000000001794e+00
2.580000000000001847e+00
2.640000000000001901e+00
2.700000000000001954e+00
2.760000000000002007e+00
2.820000000000002061e+00
2.880000000000002114e+00
2.940000000000002167e+00
3.000000000000002220e+00
3.060000000000002274e+00
3.120000000000002327e+00
3.180000000000002380e+00
3.240000000000002434e+00
3.300000000000002487e+00
3.360000000000002540e+00
3.420000000000002593e+00
3.480000000000002647e+00
3.540000000000002700e+00
3.600000000000002753e+00
3.660000000000002807e+00
3.720000000000002860e+00
3.780000000000002913e+00
3.840000000000002967e+00
3.900000000000003020e+00
3.960000000000003073e+00
4.020000000000003126e+00
4.080000000000002736e+00
4.140000000000002345e+00
4.200000000000001954e+00
4.260000000000001563e+00
4.320000000000001172e+00
4.380000000000000782e+00
4.440000000000000391e+00
4.500000000000000000e+00
4.559999999999999609e+00
4.619999999999999218e+00
4.679999999999998828e+00
4.739999999999998437e+00
4.799999999999998046e+00
4.859999999999997655e+00
4.919999999999997264e+00
4.979999999999996874e+00
5.039999999999996483e+00
5.099999999999996092e+00
5.159999999999995701e+00
5.219999999999995310e+00
5.279999999999994920e+00
5.339999999999994529e+00
5.399999999999994138e+00
5.459999999999993747e+00
5.519999999999993356e+00
5.579999999999992966e+00
5.639999999999992575e+00
5.699999999999992184e+00
5.759999999999991793e+00
5.819999999999991402e+00
5.879999999999991012e+00
5.939999999999990621e+00
5.999999999999990230e+00
6.059999999999989839e+00
6.059999999999989839e+00
6.059999999999989839e+00
6.059999999999989839e+00
6.059999999999989839e+00
6.059999999999989839e+00
6.059999999999989839e+00
6.059999999999989839e+00
6.059999999999989839e+00
6.059999999999989839e+00
6.059999999999989839e+00
6.059999999999989839e+00
6.059999999999989839e+00
6.059999999999989839e+00
6.059999999999989839e+00
6.059999999999989839e+00
6.059999999999989839e+00
6.059999999999989839e+00
6.059999999999989839e+00
6.059999999999989839e+00
6.059999999999989839e+00
6.059999999999989839e+00
6.059999999999989839e+00
6.059999999999989839e+00
6.059999999999989839e+00
6.059999999999989839e+00
6.059999999999989839e+00
6.059999999999989839e+00
6.059999999999989839e+00
6.059999999999989839e+00
6.059999999999989839e+00
6.059999999999989839e+00
6.059999999999989839e+00
6.059999999999989839e+00
6.059999999999989839e+00
6.059999999999989839e+00
6.059999999999989839e+00
6.059999999999989839e+00
6.059999999999989839e+00
6.059999999999989839e+00
6.059999999999989839e+00
6.059999999999989839e+00
6.059999999999989839e+00
6.059999999999989839e+00
6.059999999999989839e+00
6.059999999999989839e+00
6.059999999999989839e+00
6.059999999999989839e+00
6.059999999999989839e+00
6.059999999999989839e+00
6.059999999999989839e+00
6.059999999999989839e+00
6.059999999999989839e+00
6.059999999999989839e+00
6.059999999999989839e+00
6.059999999999989839e+00
6.059999999999989839e+00
6.059999999999989839e+00
6.059999999999989839e+00
6.059999999999989839e+00
6.059999999999989839e+00
6.059999999999989839e+00
6.059999999999989839e+00
6.059999999999989839e+00
6.059999999999989839e+00
6.059999999999989839e+00
6.059999999999989839e+00
6.059999999999989839e+00
6.059999999999989839e+00
6.059999999999989839e+00
6.059999999999989839e+00
6.059999999999989839e+00
6.059999999999989839e+00
6.059999999999989839e+00
6.059999999999989839e+00
6.059999999999989839e+00
6.059999999999989839e+00
6.059999999999989839e+00
6.059999999999989839e+00
6.059999999999989839e+00
6.059999999999989839e+00
6.059999999999989839e+00
6.059999999999989839e+00
6.059999999999989839e+00
6.059999999999989839e+00
6.059999999999989839e+00
6.059999999999989839e+00
6.059999999999989839e+00
6.059999999999989839e+00
6.059999999999989839e+00
6.059999999999989839e+00
6.059999999999989839e+00
6.059999999999989839e+00
6.059999999999989839e+00
6.059999999999989839e+00
6.059999999999989839e+00
6.059999999999989839e+00
6.059999999999989839e+00
6.059999999999989839e+00
6.059999999999989839e+00
6.059999999999989839e+00
6.119999999999989448e+00
6.179999999999989058e+00
6.239999999999988667e+00
6.299999999999988276e+00
6.359999999999987885e+00
6.419999999999987494e+00
6.479999999999987104e+00
6.539999999999986713e+00
6.599999999999986322e+00
6.659999999999985931e+00
6.719999999999985540e+00
6.779999999999985150e+00
6.839999999999984759e+00
6.899999999999984368e+00
6.959999999999983977e+00
7.019999999999983586e+00
7.079999999999983196e+00
7.139999999999982805e+00
7.199999999999982414e+00
7.259999999999982023e+00
7.319999999999981632e+00
7.379999999999981242e+00
7.439999999999980851e+00
7.499999999999980460e+00
7.559999999999980069e+00
7.619999999999979678e+00
7.679999999999979288e+00
7.739999999999978897e+00
7.799999999999978506e+00
7.859999999999978115e+00
7.919999999999977724e+00
7.979999999999977334e+00
8.039999999999977831e+00
8.099999999999978328e+00
8.159999999999978826e+00
8.219999999999979323e+00
8.279999999999979821e+00
8.339999999999980318e+00
8.399999999999980815e+00
8.459999999999981313e+00
8.519999999999981810e+00
8.579999999999982307e+00
8.639999999999982805e+00
8.699999999999983302e+00
8.759999999999983800e+00
8.819999999999984297e+00
8.879999999999984794e+00
8.939999999999985292e+00
8.999999999999985789e+00
9.059999999999986287e+00
9.119999999999986784e+00
9.179999999999987281e+00
9.239999999999987779e+00
9.299999999999988276e+00
9.359999999999988773e+00
9.419999999999989271e+00
9.479999999999989768e+00
9.539999999999990266e+00
9.599999999999990763e+00
9.659999999999991260e+00
9.719999999999991758e+00
9.779999999999992255e+00
9.839999999999992752e+00
9.899999999999993250e+00
9.959999999999993747e+00
1.001999999999999424e+01
1.007999999999999474e+01
1.013999999999999524e+01
1.019999999999999574e+01
1.025999999999999623e+01
1.031999999999999673e+01
1.037999999999999723e+01
1.043999999999999773e+01
1.049999999999999822e+01
1.055999999999999872e+01
1.061999999999999922e+01
1.067999999999999972e+01
1.074000000000000021e+01
1.080000000000000071e+01
1.086000000000000121e+01
1.092000000000000171e+01
1.098000000000000220e+01
1.104000000000000270e+01
1.110000000000000320e+01
1.116000000000000369e+01
1.122000000000000419e+01
1.128000000000000469e+01
1.134000000000000519e+01
1.140000000000000568e+01
1.146000000000000618e+01
1.152000000000000668e+01
1.158000000000000718e+01
1.164000000000000767e+01
1.170000000000000817e+01
1.176000000000000867e+01
1.182000000000000917e+01
1.188000000000000966e+01
1.194000000000001016e+01
1.200000000000001066e+01
1.206000000000001116e+01
1.212000000000001165e+01
1.218000000000001215e+01
1.224000000000001265e+01
1.230000000000001315e+01
1.236000000000001364e+01
1.242000000000001414e+01
1.248000000000001464e+01
1.254000000000001513e+01
1.260000000000001563e+01
1.266000000000001613e+01
1.272000000000001663e+01
1.278000000000001712e+01
1.284000000000001762e+01
1.290000000000001812e+01
1.296000000000001862e+01
1.302000000000001911e+01
1.308000000000001961e+01
1.314000000000002011e+01
1.320000000000002061e+01
1.326000000000002110e+01
1.332000000000002160e+01
1.338000000000002210e+01
1.344000000000002260e+01
1.350000000000002309e+01
1.356000000000002359e+01
1.362000000000002409e+01
1.368000000000002458e+01
1.374000000000002508e+01
1.380000000000002558e+01
1.386000000000002608e+01
1.392000000000002657e+01
1.398000000000002707e+01
1.404000000000002757e+01
1.410000000000002807e+01
1.416000000000002856e+01
1.422000000000002906e+01
1.428000000000002956e+01
1.434000000000003006e+01
1.440000000000003055e+01
1.446000000000003105e+01
1.452000000000003155e+01
1.458000000000003205e+01
1.464000000000003254e+01
1.470000000000003304e+01
1.476000000000003354e+01
1.482000000000003403e+01
1.488000000000003453e+01
1.494000000000003503e+01
1.500000000000003553e+01
1.506000000000003602e+01
1.512000000000003652e+01
1.518000000000003702e+01
1.524000000000003752e+01
1.530000000000003801e+01
1.536000000000003851e+01
1.542000000000003901e+01
1.548000000000003951e+01
1.554000000000004000e+01
1.560000000000004050e+01
1.566000000000004100e+01
1.572000000000004150e+01
1.578000000000004199e+01
1.584000000000004249e+01
1.590000000000004299e+01
1.596000000000004349e+01
1.602000000000004221e+01
1.608000000000004093e+01
1.614000000000003965e+01
1.620000000000003837e+01
1.626000000000003709e+01
1.632000000000003581e+01
1.638000000000003453e+01
1.644000000000003325e+01
1.650000000000003197e+01
1.656000000000003070e+01
1.662000000000002942e+01
1.668000000000002814e+01
1.674000000000002686e+01
1.680000000000002558e+01
1.686000000000002430e+01
1.692000000000002302e+01
1.698000000000002174e+01
1.704000000000002046e+01
1.710000000000001918e+01
1.716000000000001791e+01
1.722000000000001663e+01
1.728000000000001535e+01
1.734000000000001407e+01
1.740000000000001279e+01
1.746000000000001151e+01
1.752000000000001023e+01
1.758000000000000895e+01
1.764000000000000767e+01
1.770000000000000639e+01
1.776000000000000512e+01
1.782000000000000384e+01
1.788000000000000256e+01
1.794000000000000128e+01
1.800000000000000000e+01
1.805999999999999872e+01
1.811999999999999744e+01
1.817999999999999616e+01
1.823999999999999488e+01
1.829999999999999361e+01
1.835999999999999233e+01
1.841999999999999105e+01
1.847999999999998977e+01
1.853999999999998849e+01
1.859999999999998721e+01
1.865999999999998593e+01
1.871999999999998465e+01
1.877999999999998337e+01
1.883999999999998209e+01
1.889999999999998082e+01
1.895999999999997954e+01
1.901999999999997826e+01
1.907999999999997698e+01
1.913999999999997570e+01
1.919999999999997442e+01
1.925999999999997314e+01
1.931999999999997186e+01
1.937999999999997058e+01
1.943999999999996930e+01
1.949999999999996803e+01
1.955999999999996675e+01
1.961999999999996547e+01
1.967999999999996419e+01
1.973999999999996291e+01
1.979999999999996163e+01
1.985999999999996035e+01
1.991999999999995907e+01
1.997999999999995779e+01
2.003999999999995651e+01
2.009999999999995524e+01
2.015999999999995396e+01
2.021999999999995268e+01
2.027999999999995140e+01
2.033999999999995012e+01
2.039999999999994884e+01
2.045999999999994756e+01
2.051999999999994628e+01
2.057999999999994500e+01
2.063999999999994373e+01
2.069999999999994245e+01
2.075999999999994117e+01
2.081999999999993989e+01
2.087999999999993861e+01
2.093999999999993733e+01
2.099999999999993605e+01
2.105999999999993477e+01
2.111999999999993349e+01
2.117999999999993221e+01
2.123999999999993094e+01
2.129999999999992966e+01
2.135999999999992838e+01
2.141999999999992710e+01
2.147999999999992582e+01
2.153999999999992454e+01
2.159999999999992326e+01
2.165999999999992198e+01
2.171999999999992070e+01
2.177999999999991942e+01
2.183999999999991815e+01
2.189999999999991687e+01
2.195999999999991559e+01
2.201999999999991431e+01
2.207999999999991303e+01
2.213999999999991175e+01
2.219999999999991047e+01
2.225999999999990919e+01
2.231999999999990791e+01
2.237999999999990663e+01
2.243999999999990536e+01
2.249999999999990408e+01
2.255999999999990280e+01
2.261999999999990152e+01
2.267999999999990024e+01
2.273999999999989896e+01
2.279999999999989768e+01
2.285999999999989640e+01
2.291999999999989512e+01
2.297999999999989384e+01
2.303999999999989257e+01
2.309999999999989129e+01
2.315999999999989001e+01
2.321999999999988873e+01
2.327999999999988745e+01
2.333999999999988617e+01
2.339999999999988489e+01
2.345999999999988361e+01
2.351999999999988233e+01
2.357999999999988106e+01
2.363999999999987978e+01
2.369999999999987850e+01
2.375999999999987722e+01
2.381999999999987594e+01
2.387999999999987466e+01
2.393999999999987338e+01
2.399999999999987210e+01
2.405999999999987082e+01
2.411999999999986954e+01
2.417999999999986827e+01
2.423999999999986699e+01
2.429999999999986571e+01
2.435999999999986443e+01
2.441999999999986315e+01
2.447999999999986187e+01
2.453999999999986059e+01
2.459999999999985931e+01
2.465999999999985803e+01
2.471999999999985675e+01
2.477999999999985548e+01
2.483999999999985420e+01
2.489999999999985292e+01
2.495999999999985164e+01
2.501999999999985036e+01
2.507999999999984908e+01
2.513999999999984780e+01
2.519999999999984652e+01
2.525999999999984524e+01
2.531999999999984396e+01
2.537999999999984269e+01
2.543999999999984141e+01
2.549999999999984013e+01
2.555999999999983885e+01
2.561999999999983757e+01
2.567999999999983629e+01
2.573999999999983501e+01
2.579999999999983373e+01
2.585999999999983245e+01
2.591999999999983118e+01
2.597999999999982990e+01
2.603999999999982862e+01
2.609999999999982734e+01
2.615999999999982606e+01
2.621999999999982478e+01
2.627999999999982350e+01
2.633999999999982222e+01
2.639999999999982094e+01
2.645999999999981966e+01
2.651999999999981839e+01
2.657999999999981711e+01
2.663999999999981583e+01
2.669999999999981455e+01
2.675999999999981327e+01
2.681999999999981199e+01
2.687999999999981071e+01
2.693999999999980943e+01
2.699999999999980815e+01
2.705999999999980687e+01
2.705999999999980687e+01
2.705999999999980687e+01
2.705999999999980687e+01
2.705999999999980687e+01
2.705999999999980687e+01
2.705999999999980687e+01
2.705999999999980687e+01
2.705999999999980687e+01
2.705999999999980687e+01
2.705999999999980687e+01
2.705999999999980687e+01
2.705999999999980687e+01
2.705999999999980687e+01
2.705999999999980687e+01
2.705999999999980687e+01
2.705999999999980687e+01
2.705999999999980687e+01
2.705999999999980687e+01
2.705999999999980687e+01
2.705999999999980687e+01
2.705999999999980687e+01
2.705999999999980687e+01
2.705999999999980687e+01
2.705999999999980687e+01
2.705999999999980687e+01
2.705999999999980687e+01
2.705999999999980687e+01
2.705999999999980687e+01
2.705999999999980687e+01
2.705999999999980687e+01
2.705999999999980687e+01
2.705999999999980687e+01
2.705999999999980687e+01
2.705999999999980687e+01
2.705999999999980687e+01
2.705999999999980687e+01
2.705999999999980687e+01
2.705999999999980687e+01
2.705999999999980687e+01
2.705999999999980687e+01
2.705999999999980687e+01
2.705999999999980687e+01
2.705999999999980687e+01
2.705999999999980687e+01
2.705999999999980687e+01
2.705999999999980687e+01
2.705999999999980687e+01
2.705999999999980687e+01
2.705999999999980687e+01
2.705999999999980687e+01
2.711999999999980560e+01
2.717999999999980432e+01
2.723999999999980304e+01
2.729999999999980176e+01
2.735999999999980048e+01
2.741999999999979920e+01
2.747999999999979792e+01
2.753999999999979664e+01
2.759999999999979536e+01
2.765999999999979408e+01
2.771999999999979281e+01
2.777999999999979153e+01
2.783999999999979025e+01
2.789999999999978897e+01
2.795999999999978769e+01
2.801999999999978641e+01
2.807999999999978513e+01
2.813999999999978385e+01
2.819999999999978257e+01
2.825999999999978129e+01
2.831999999999978002e+01
2.837999999999977874e+01
2.843999999999977746e+01
2.849999999999977618e+01
2.855999999999977490e+01
2.861999999999977362e+01
2.867999999999977234e+01
2.873999999999977106e+01
2.879999999999976978e+01
2.885999999999976851e+01
2.891999999999976723e+01
2.897999999999976595e+01
2.903999999999976467e+01
2.909999999999976339e+01
2.915999999999976211e+01
2.921999999999976083e+01
2.927999999999975955e+01
2.933999999999975827e+01
2.939999999999975699e+01
2.945999999999975572e+01
2.951999999999975444e+01
2.957999999999975316e+01
2.963999999999975188e+01
2.969999999999975060e+01
2.975999999999974932e+01
2.981999999999974804e+01
2.987999999999974676e+01
2.993999999999974548e+01
2.999999999999974420e+01
3.005999999999974293e+01
3.011999999999974165e+01
3.017999999999974037e+01
3.023999999999973909e+01
3.029999999999973781e+01
3.035999999999973653e+01
3.041999999999973525e+01
3.047999999999973397e+01
3.053999999999973269e+01
3.059999999999973141e+01
3.065999999999973014e+01
3.071999999999972886e+01
3.077999999999972758e+01
3.083999999999972630e+01
3.089999999999972502e+01
3.095999999999972374e+01
3.101999999999972246e+01
3.107999999999972118e+01
3.113999999999971990e+01
3.119999999999971863e+01
3.125999999999971735e+01
3.131999999999971607e+01
3.137999999999971479e+01
3.143999999999971351e+01
3.149999999999971223e+01
3.155999999999971095e+01
3.161999999999970967e+01
3.167999999999970839e+01
3.173999999999970711e+01
3.179999999999970584e+01
3.185999999999970456e+01
3.191999999999970328e+01
3.197999999999970200e+01
3.203999999999970072e+01
3.209999999999970299e+01
3.215999999999970527e+01
3.221999999999970754e+01
3.227999999999970981e+01
3.233999999999971209e+01
3.239999999999971436e+01
3.245999999999971664e+01
3.251999999999971891e+01
3.257999999999972118e+01
3.263999999999972346e+01
3.269999999999972573e+01
3.275999999999972800e+01
3.281999999999973028e+01
3.287999999999973255e+01
3.293999999999973483e+01
3.299999999999973710e+01
3.305999999999973937e+01
3.311999999999974165e+01
3.317999999999974392e+01
3.323999999999974619e+01
3.329999999999974847e+01
3.335999999999975074e+01
3.341999999999975302e+01
3.347999999999975529e+01
3.353999999999975756e+01
3.359999999999975984e+01
3.365999999999976211e+01
3.371999999999976438e+01
3.377999999999976666e+01
3.383999999999976893e+01
3.389999999999977121e+01
3.395999999999977348e+01
3.401999999999977575e+01
3.407999999999977803e+01
3.413999999999978030e+01
3.419999999999978257e+01
3.425999999999978485e+01
3.431999999999978712e+01
3.437999999999978940e+01
3.443999999999979167e+01
3.449999999999979394e+01
3.455999999999979622e+01
3.461999999999979849e+01
3.467999999999980076e+01
3.473999999999980304e+01
3.479999999999980531e+01
3.485999999999980759e+01
3.491999999999980986e+01
3.497999999999981213e+01
3.503999999999981441e+01
3.509999999999981668e+01
3.515999999999981895e+01
3.521999999999982123e+01
3.527999999999982350e+01
3.533999999999982577e+01
3.539999999999982805e+01
3.545999999999983032e+01
3.551999999999983260e+01
3.557999999999983487e+01
3.563999999999983714e+01
3.569999999999983942e+01
3.575999999999984169e+01
3.581999999999984396e+01
3.587999999999984624e+01
3.593999999999984851e+01
3.599999999999985079e+01
3.605999999999985306e+01
3.611999999999985533e+01
3.617999999999985761e+01
3.623999999999985988e+01
3.629999999999986215e+01
3.635999999999986443e+01
3.641999999999986670e+01
3.647999999999986898e+01
3.653999999999987125e+01
3.659999999999987352e+01
3.665999999999987580e+01
3.671999999999987807e+01
3.677999999999988034e+01
3.683999999999988262e+01
3.689999999999988489e+01
3.695999999999988717e+01
3.701999999999988944e+01
3.707999999999989171e+01
3.713999999999989399e+01
3.719999999999989626e+01
3.725999999999989853e+01
3.731999999999990081e+01
3.737999999999990308e+01
3.743999999999990536e+01
3.749999999999990763e+01
3.755999999999990990e+01
3.761999999999991218e+01
3.767999999999991445e+01
3.773999999999991672e+01
3.779999999999991900e+01
3.785999999999992127e+01
3.791999999999992355e+01
3.797999999999992582e+01
3.803999999999992809e+01
3.809999999999993037e+01
3.815999999999993264e+01
3.821999999999993491e+01
3.827999999999993719e+01
3.833999999999993946e+01
3.839999999999994174e+01
3.845999999999994401e+01
3.851999999999994628e+01
3.857999999999994856e+01
3.863999999999995083e+01
3.869999999999995310e+01
3.875999999999995538e+01
3.881999999999995765e+01
3.887999999999995993e+01
3.893999999999996220e+01
3.899999999999996447e+01
