1.000000000000000000e+00 0.000000000000000000e+00 0.000000000000000000e+00
9.999999998243079835e-01 -7.737572639336777545e-06 1.707383158445524476e-05
9.999999983340520648e-01 -2.674634203021209646e-05 5.115211031792572089e-05
9.999999929496030671e-01 -6.054412161678425161e-05 1.021529801326844802e-04
9.999999792102615137e-01 -1.126303369177161762e-04 1.699822000354313614e-04
9.999999502184350186e-01 -1.864834669608173815e-04 2.545332395739224787e-04
9.999998959715176161e-01 -2.855585060154531641e-04 3.556873828972473674e-04
9.999998025851463135e-01 -4.132844471311096263e-04 4.733138412277773785e-04
9.999996514119567914e-01 -5.730617888814984635e-04 6.072698735487978752e-04
9.999994180603937188e-01 -7.682600665942550602e-04 7.574009152997106774e-04
9.999990713185459290e-01 -1.002215409218172679e-03 9.235407148606219075e-04
9.999985719883757174e-01 -1.278228122844678617e-03 1.105511477600262284e-03
9.999978716360898856e-01 -1.599560301759676145e-03 1.303124017255645603e-03
9.999969112647589808e-01 -1.969433467757799542e-03 1.516177914408759278e-03
9.999956199156309067e-01 -2.391026238305503458e-03 1.744461681824963995e-03
9.999939132048997203e-01 -2.867472023994226127e-03 1.987752936419721027e-03
9.999916918029871926e-01 -3.401856755582142837e-03 2.245818577624764979e-03
9.999888398636657127e-01 -3.997216640784827593e-03 2.518414971931912626e-03
9.999852234105984783e-01 -4.656535950843508805e-03 2.805288143402286105e-03
9.999806886890989510e-01 -5.382744836776543092e-03 3.106173969940793315e-03
9.999750604911109564e-01 -6.178717175107269199e-03 3.420798385150134509e-03
9.999681404615854419e-01 -7.047268442761435783e-03 3.748877585595293896e-03
9.999597053945821212e-01 -7.991153620741788671e-03 4.090118243328270085e-03
9.999495055275487987e-01 -9.013065126117908443e-03 4.444217723543546564e-03
9.999372628423298659e-01 -1.011563077181768140e-02 4.810864307257282750e-03
9.999226693815326250e-01 -1.130141175367433033e-02 5.189737418927223463e-03
9.999053855889251663e-01 -1.257290066417115874e-02 5.580507858955637696e-03
9.998850386825647307e-01 -1.393251953233625232e-02 5.982838041043913799e-03
9.998612210693502700e-01 -1.538261788927237569e-02 6.396382234394534100e-03
9.998334888096639395e-01 -1.692547085886406469e-02 6.820786810783679467e-03
9.998013601407098605e-01 -1.856327727328507121e-02 7.255690496555373611e-03
9.997643140670747774e-01 -2.029815781303535155e-02 7.700724629615587902e-03
9.997217890269265439e-01 -2.213215317136783475e-02 8.155513421531679005e-03
9.996731816421293715e-01 -2.406722224312137295e-02 8.619674224868636644e-03
9.996178455603906832e-01 -2.610524033815712908e-02 9.092817805918538068e-03
9.995550903973630108e-01 -2.824799741980088194e-02 9.574548623002908376e-03
9.994841807864052186e-01 -3.049719636892245928e-02 1.006446511054912701e-02
9.994043355434616416e-01 -3.285445127453470726e-02 1.056215996916119206e-02
9.993147269542398403e-01 -3.532128575206694432e-02 1.106722046192167193e-02
9.992144801905665785e-01 -3.789913129076010606e-02 1.157922871717532304e-02
9.991026728624676778e-01 -4.058932563194085630e-02 1.209776203805519243e-02
9.989783347121569124e-01 -4.339311118025818842e-02 1.262239321901880221e-02
9.988404474557275314e-01 -4.631163345030570033e-02 1.315269086966493715e-02
9.986879447779223318e-01 -4.934593955140360866e-02 1.368821974610035311e-02
9.985197124849070072e-01 -5.249697671367387769e-02 1.422854109012013264e-02
9.983345888194957718e-01 -5.576559085890639422e-02 1.477321297645524216e-02
9.981313649427696610e-01 -5.915252522008108971e-02 1.532179066832591030e-02
9.979087855854934519e-01 -6.265841901377661172e-02 1.587382698151954680e-02
9.976655498721717086e-01 -6.628380617005733000e-02 1.642887265718699641e-02
9.974003123199953746e-01 -7.002911412478306230e-02 1.698647674352090839e-02
9.971116840143089410e-01 -7.389466267962674362e-02 1.754618698644474714e-02
9.967982339615868437e-01 -7.788066293540961416e-02 1.810755022940067557e-02
9.964584906202371695e-01 -8.198721630466825061e-02 1.867011282227907382e-02
9.960909436088606350e-01 -8.621431360964817991e-02 1.923342103948205359e-02
9.956940455908780407e-01 -9.056183427217150139e-02 1.979702150705812957e-02
9.952662143337090983e-01 -9.502954560204623924e-02 2.036046163878529186e-02
9.948058349399352407e-01 -9.961710219087016593e-02 2.092329008101560806e-02
9.943112622471159678e-01 -1.043240454182263327e-01 2.148505716602618770e-02
9.937808233921544554e-01 -1.091498030773696837e-01 2.204531537354947890e-02
9.932128205353242256e-01 -1.140936891275585452e-01 2.260361980008073965e-02
9.926055337382830857e-01 -1.191549035801900414e-01 2.315952863548255414e-02
9.919572239896109478e-01 -1.243325325258504283e-01 2.371260364632616843e-02
9.912661363706254392e-01 -1.296255483092878524e-01 2.426241066532750651e-02
9.905305033534518300e-01 -1.350328098591540016e-01 2.480852008615284585e-02
9.897485482225593101e-01 -1.405530631791405138e-01 2.535050736278576800e-02
9.889184886102306837e-01 -1.461849420068545291e-01 2.588795351256395483e-02
9.880385401357061337e-01 -1.519269686464342906e-01 2.642044562191226548e-02
9.871069201370457069e-01 -1.577775549805008892e-01 2.694757735371823212e-02
9.861218514840924820e-01 -1.637350036665745356e-01 2.746894945521819592e-02
9.850815664602906585e-01 -1.697975095225554565e-01 2.798417026518775635e-02
9.839843107005307177e-01 -1.759631611052815958e-01 2.849285621915962491e-02
9.828283471716628972e-01 -1.822299424855286787e-01 2.899463235132621053e-02
9.816119601818374951e-01 -1.885957352221177552e-01 2.948913279172419785e-02
9.803334594044120776e-01 -1.950583205370413076e-01 2.997600125724441886e-02
9.789911839018096140e-01 -2.016153816927176157e-01 3.045489153496363371e-02
9.775835061344224641e-01 -2.082645065716378641e-01 3.092546795625565267e-02
9.761088359394426428e-01 -2.150031904577859587e-01 3.138740586010854705e-02
9.745656244643586819e-01 -2.218288390182931724e-01 3.184039204405279128e-02
9.729523680398015628e-01 -2.287387714828448271e-01 3.228412520109283368e-02
9.712676119764440674e-01 -2.357302240173903551e-01 3.271831634103192915e-02
9.695099542707651397e-01 -2.428003532877278381e-01 3.314268919458783491e-02
9.676780492046854754e-01 -2.499462402075474099e-01 3.355698059871509847e-02
9.657706108243607757e-01 -2.571648938645321181e-01 3.396094086157848413e-02
9.637864162837860293e-01 -2.644532556171368953e-01 3.435433410566179208e-02
9.617243090393191585e-01 -2.718082033537052022e-01 3.473693858754661051e-02
9.595832018817727072e-01 -2.792265559046457901e-01 3.510854699295677672e-02
9.573620797933428683e-01 -2.867050775974863686e-01 3.546896670573564808e-02
9.550600026173492463e-01 -2.942404829437568203e-01 3.581802004950511431e-02
9.526761075295396841e-01 -3.018294414458350672e-01 3.615554450084653565e-02
9.502096113005633615e-01 -3.094685825111263555e-01 3.648139287294439870e-02
9.476598123401382967e-01 -3.171545004602439599e-01 3.679543346874273452e-02
9.450260925144171598e-01 -3.248837596152254759e-01 3.709755020278126397e-02
9.423079187290945846e-01 -3.326528994532573225e-01 3.738764269100255944e-02
9.395048442718808568e-01 -3.404584398108992938e-01 3.766562630795183136e-02
9.366165099090950630e-01 -3.482968861234020386e-01 3.793143221092672157e-02
9.336426447322877520e-01 -3.561647346833993755e-01 3.818500733077452580e-02
9.305830667519880972e-01 -3.640584779030369700e-01 3.842631432917761186e-02
9.274376832368711465e-01 -3.719746095634707261e-01 3.865533152241344000e-02
9.242064907978474464e-01 -3.799096300356346045e-01 3.887205277172213480e-02
9.208895752177879146e-01 -3.878600514562384194e-01 3.907648734056139161e-02
9.174871110287923237e-01 -3.958224028431107100e-01 3.926865971917395393e-02
9.139993608400927005e-01 -4.037932351342512494e-01 3.944860941703640794e-02
9.104266744208344697e-01 -4.117691261352958154e-01 3.961639072389799149e-02
9.067694875431003831e-01 -4.197466853605248405e-01 3.977207244025394994e-02
9.030283205916177502e-01 -4.277225587530598117e-01 3.991573757822836771e-02
8.992037769476181053e-01 -4.356934332704833768e-01 4.004748303396558212e-02
8.952965411552900044e-01 -4.436560413227889632e-01 4.016741923274622789e-02
8.913073768801748065e-01 -4.516071650503020729e-01 4.027566974815311590e-02
8.872371246696955094e-01 -4.595436404300177191e-01 4.037237089671239648e-02
8.830866995267778741e-01 -4.674623611996568395e-01 4.045767130952671736e-02
8.788570883082121865e-01 -4.753602825896519057e-01 4.053173148249821639e-02
8.745493469600156278e-01 -4.832344248542226883e-01 4.059472330681020147e-02
8.701645976025819129e-01 -4.910818765936885155e-01 4.064682958139678032e-02
8.657040254788451739e-01 -4.988997978611747763e-01 4.068824350917921162e-02
8.611688757790432192e-01 -5.066854230479035381e-01 4.071916817888626000e-02
8.565604503559320904e-01 -5.144360635423006478e-01 4.073981603430339160e-02
8.518801043444884646e-01 -5.221491101591976269e-01 4.075040833281227959e-02
8.471292427002348191e-01 -5.298220353364507806e-01 4.075117459508768858e-02
8.423093166703357060e-01 -5.374523950973310038e-01 4.074235204781427588e-02
8.374218202115509824e-01 -5.450378307780519016e-01 4.072418506127060966e-02
8.324682863689869539e-01 -5.525760705207938273e-01 4.069692458360305715e-02
8.274502836293711194e-01 -5.600649305335408945e-01 4.066082757357800115e-02
8.223694122622898783e-01 -5.675023161189713949e-01 4.061615643355789840e-02
8.172273006624776182e-01 -5.748862224755237893e-01 4.056317844439554648e-02
8.120256017058344877e-01 -5.822147352745979942e-01 4.050216520388227187e-02
8.067659891313835319e-01 -5.894860310186375019e-01 4.043339207032012328e-02
8.014501539608621661e-01 -5.966983771855737251e-01 4.035713761271653849e-02
7.960798009670843056e-01 -6.038501321657900878e-01 4.027368306902256306e-02
7.906566452016107194e-01 -6.109397449983857697e-01 4.018331181375410510e-02
7.851824085916344620e-01 -6.179657549140782358e-01 4.008630883624961921e-02
7.796588166153325394e-01 -6.249267906925844995e-01 3.998296023072876737e-02
7.740875950642557290e-01 -6.318215698427602778e-01 3.987355269922505246e-02
7.684704669006349187e-01 -6.386488976141523333e-01 3.975837306837208540e-02
7.628091492167785592e-01 -6.454076658489388274e-01 3.963770782092897876e-02
7.571053503030260590e-01 -6.520968516834875217e-01 3.951184264283548464e-02
7.513607668300141817e-01 -6.587155161089612854e-01 3.938106198649308359e-02
7.455770811503064088e-01 -6.652628024005442509e-01 3.924564865087459831e-02
7.397559587237407808e-01 -6.717379344249468920e-01 3.910588337897259043e-02
7.338990456701682819e-01 -6.781402148358867121e-01 3.896204447300639917e-02
7.280079664525855865e-01 -6.844690231672266867e-01 3.881440742771979230e-02
7.220843216930196151e-01 -6.907238138333920974e-01 3.866324458201583769e-02
7.161296861228960697e-01 -6.969041140465851436e-01 3.850882478909362777e-02
7.101456066690252644e-01 -7.030095216601707220e-01 3.835141310517289903e-02
7.041336006757645816e-01 -7.090397029474264645e-01 3.819127049681778768e-02
6.980951542633766493e-01 -7.149943903246351873e-01 3.802865356680010245e-02
6.920317208220863048e-01 -7.208733800272539849e-01 3.786381429837597234e-02
6.859447196408634539e-01 -7.266765297476204255e-01 3.769699981778734665e-02
6.798355346695077461e-01 -7.324037562423632020e-01 3.752845217474202327e-02
6.737055134121988642e-01 -7.380550329173665158e-01 3.735840814057253545e-02
6.675559659502953158e-01 -7.436303873978074019e-01 3.718709902372537707e-02
6.613881640918172211e-01 -7.491298990904358135e-01 3.701475050218772794e-02
6.552033406447363983e-01 -7.545536967449114618e-01 3.684158247241908768e-02
6.490115856434180985e-01 -7.598954158163957473e-01 3.664586988856682881e-02
6.428175126036331788e-01 -7.651526801234004305e-01 3.642832199634576246e-02
6.366256943126723522e-01 -7.703233320954531171e-01 3.618964518940481073e-02
6.304406560494361100e-01 -7.754054271284778199e-01 3.593054165367134262e-02
6.242668691888610955e-01 -7.803972275599923014e-01 3.565170807794658392e-02
6.181087452058370291e-01 -7.852971963055133120e-01 3.535383443226172706e-02
6.119706300904429463e-01 -7.901039901970531298e-01 3.503760281507013047e-02
6.058567991831395050e-01 -7.948164530638388570e-01 3.470368636993530903e-02
5.997714524355155508e-01 -7.994336085943997139e-01 3.435274827197977443e-02
5.937187100993180922e-01 -8.039546530179784156e-01 3.398544078398819945e-02
5.877026088438050966e-01 -8.083789476418544728e-01 3.360240438171125527e-02
5.817270982989644068e-01 -8.127060112796372637e-01 3.320426694759508884e-02
5.757960380198402506e-01 -8.169355126039291592e-01 3.279164303186674762e-02
5.699131948651120494e-01 -8.210672624549872900e-01 3.236513317963801706e-02
5.640822407811730832e-01 -8.251012061351568061e-01 3.192532332244978066e-02
5.583067509812655871e-01 -8.290374157169234648e-01 3.147278423246561291e-02
5.525902025077361612e-01 -8.328760823904672872e-01 3.100807103733665623e-02
5.469359731641768585e-01 -8.366175088746015120e-01 3.053172279359935709e-02
5.413473408031111989e-01 -8.402621019129801194e-01 3.004426211633248051e-02
5.358274829539581008e-01 -8.438103648754580188e-01 2.954619486268885917e-02
5.303794767752554318e-01 -8.472628904825161289e-01 2.903800986682974344e-02
5.250062993145363510e-01 -8.506203536687230171e-01 2.852017872372384494e-02
5.197108280588186302e-01 -8.538835045993116157e-01 2.799315561922801135e-02
5.144958417583764820e-01 -8.570531618521155526e-01 2.745737720384066813e-02
5.093640215063076626e-01 -8.601302057753368313e-01 2.691326250751093288e-02
5.043179520563707552e-01 -8.631155720299186207e-01 2.636121289289452413e-02
4.993601233616421498e-01 -8.660102453236776521e-01 2.580161204447061624e-02
4.944929323167140955e-01 -8.688152533428121771e-01 2.523482599097015208e-02
4.897186846864157173e-01 -8.715316608849490443e-01 2.466120315861454818e-02
4.850395972043766157e-01 -8.741605641965318751e-01 2.408107445272260685e-02
4.804577998251568505e-01 -8.767030855160761194e-01 2.349475336531169078e-02
4.759753381141290651e-01 -8.791603678236350472e-01 2.290253610639535545e-02
4.715941757598069994e-01 -8.815335697957223937e-01 2.230470175676257591e-02
4.673161971938635806e-01 -8.838238609639349486e-01 2.170151244011224445e-02
4.631432103046592141e-01 -8.860324170745941252e-01 2.109321351250982232e-02
4.590769492307026911e-01 -8.881604156458917654e-01 2.048003376722970850e-02
4.551190772210832458e-01 -8.902090317182691503e-01 1.986218565314636433e-02
4.512711895505383541e-01 -8.921794337930821772e-01 1.923986550493860664e-02
4.475348164774494153e-01 -8.940727799540021392e-01 1.861325378347390355e-02
4.439114262336844030e-01 -8.958902141650719742e-01 1.798251532484252541e-02
4.404024280358236898e-01 -8.976328627388728831e-01 1.734779959661428630e-02
4.370091751079128728e-01 -8.993018309678556532e-01 1.670924095999288053e-02
4.337329677064759581e-01 -9.008981999115495132e-01 1.606695893664402894e-02
4.305750561390942477e-01 -9.024230233320760242e-01 1.542105847907352181e-02
4.275366437684056664e-01 -9.038773247701598068e-01 1.477163024352929656e-02
4.246188899939027372e-01 -9.052620947536412777e-01 1.411875086449782511e-02
4.218229132044054031e-01 -9.065782881303530161e-01 1.346248322995900575e-02
4.191497936945533520e-01 -9.078268215171174660e-01 1.280287675665542010e-02
4.166005765390996540e-01 -9.090085708565569522e-01 1.213996766472098462e-02
4.141762744191950785e-01 -9.101243690733736846e-01 1.147377925110079633e-02
4.118778703952247766e-01 -9.111750038217526493e-01 1.080432216127823544e-02
4.097063206210996289e-01 -9.121612153155649327e-01 1.013159465890715524e-02
4.076625569952108119e-01 -9.130836942330958772e-01 9.455582893026429417e-03
4.057474897435270900e-01 -9.139430796880925190e-01 8.776261162611136840e-03
4.039620099305513690e-01 -9.147399572590144690e-01 8.093592178289558611e-03
4.023069918940546108e-01 -9.154748570684780873e-01 7.407527321127865307e-03
4.007832955996726843e-01 -9.161482519050069273e-01 6.718006898455233279e-03
3.993917689115829006e-01 -9.167605553793385376e-01 6.024960396771130919e-03
3.981332497755747934e-01 -9.173121201076857023e-01 5.328306731843985254e-03
3.970085683108923735e-01 -9.178032359145119612e-01 4.627954496176474135e-03
3.960185488072528459e-01 -9.182341280475523337e-01 3.923802204077527986e-03
3.951640116234416134e-01 -9.186049553979923621e-01 3.215738534645002852e-03
3.944457749838425897e-01 -9.189158087189094326e-01 2.503642573026047986e-03
3.938646566691910711e-01 -9.191667088352813986e-01 1.787384050384731912e-03
3.934214755977281097e-01 -9.193576048390773581e-01 1.066823583068689414e-03
3.931170532927966699e-01 -9.194883722631663758e-01 3.418129115286349480e-04
3.929522152327474260e-01 -9.195588112280096427e-01 -3.878048603932175578e-04
3.929277920788163958e-01 -9.195686445553444832e-01 -1.122195025127260609e-03
3.930446207764011768e-01 -9.195175158433208651e-01 -1.861531029251507719e-03
3.933035455248921064e-01 -9.194049874978205139e-01 -2.605994228772091480e-03
3.937054186109159026e-01 -9.192305387149697360e-01 -3.355773640939086790e-03
3.942511010995171650e-01 -9.189935634101574768e-01 -4.111065691661642575e-03
3.949414633774415706e-01 -9.186933680891873344e-01 -4.872073957519257661e-03
3.957773855422925813e-01 -9.183291696575337504e-01 -5.639008901297426490e-03
3.967597576309112584e-01 -9.179000931640339811e-01 -6.412087599905717458e-03
3.978894796798782552e-01 -9.174051694757389130e-01 -7.191533463464449931e-03
3.991674616105578832e-01 -9.168433328810664529e-01 -7.977575944272461209e-03
4.005946229305981654e-01 -9.162134186188538587e-01 -8.770450234292953909e-03
4.021718922432669374e-01 -9.155141603313972087e-01 -9.570396949716973578e-03
4.039002065554482268e-01 -9.147441874400992212e-01 -1.037766180108482157e-02
4.057805103745402153e-01 -9.139020224429232897e-01 -1.119249524736456482e-02
4.078137545838947942e-01 -9.129860781334827591e-01 -1.201515213230399878e-02
4.100008950858166634e-01 -9.119946547422772554e-01 -1.284589130128799273e-02
4.123428912004997171e-01 -9.109259370013340629e-01 -1.368497519684734598e-02
4.148407038086284193e-01 -9.097779911343258918e-01 -1.453266943087842128e-02
4.174952932247061876e-01 -9.085487617751201173e-01 -1.538924233154521405e-02
4.203076167875068325e-01 -9.072360688186799083e-01 -1.625496446274756618e-02
4.232786261533723615e-01 -9.058376042092870506e-01 -1.713010811395156499e-02
4.264092642774167108e-01 -9.043509286722001272e-01 -1.801494675809135748e-02
4.297004620670378805e-01 -9.027734683961011752e-01 -1.890975447516634808e-02
4.331531346915051262e-01 -9.011025116750364106e-01 -1.981480533907511998e-02
4.367681775307751257e-01 -8.993352055200166673e-01 -2.073037276514812927e-02
4.405464617461163357e-01 -8.974685522520303715e-01 -2.165672881576680142e-02
4.444888294545906171e-01 -8.954994060899338360e-01 -2.259414346138807414e-02
4.485960884889705902e-01 -8.934244697485358433e-01 -2.354288379423257957e-02
4.528690067242701067e-01 -8.912402910641846754e-01 -2.450321319184292981e-02
4.573083059517535909e-01 -8.889432596673113585e-01 -2.547539042767809833e-02
4.619146552810787232e-01 -8.865296037236806148e-01 -2.645966872588275884e-02
4.666886640511394568e-01 -8.839953867685637068e-01 -2.745629475735909819e-02
4.716308742302300905e-01 -8.813365046606734809e-01 -2.846550757427563499e-02
4.767417522863687807e-01 -8.785486826854987941e-01 -2.948753748017595572e-02
4.820216805090271617e-01 -8.756274728406427954e-01 -3.052260483290323081e-02
4.874709477641346322e-01 -8.725682513389091399e-01 -3.157091877763737453e-02
4.930897396650936182e-01 -8.693662163681873389e-01 -3.263267590745449337e-02
4.988781281436849291e-01 -8.660163861506620098e-01 -3.370805884896716648e-02
5.048360604061936652e-01 -8.625135973475013262e-01 -3.479723477079320337e-02
5.109633472618820837e-01 -8.588525038589546190e-01 -3.590035381283471910e-02
5.172596508131146464e-01 -8.550275760737003905e-01 -3.701754743463377129e-02
5.237244714990388905e-01 -8.510331006253026853e-01 -3.814892668141011550e-02
5.303571344877869853e-01 -8.468631807177462445e-01 -3.929458036678717264e-02
5.371567754157321462e-01 -8.425117370861840982e-01 -4.045457317167869271e-02
5.441223254764450123e-01 -8.379725096632224535e-01 -4.162894365934759200e-02
5.512524958667063268e-01 -8.332390600252329582e-01 -4.281770220726514170e-02
5.585457616022713179e-01 -8.283047746972769243e-01 -4.402082885709925064e-02
5.660003447221019224e-01 -8.231628693991892565e-01 -4.523827108495067501e-02
5.736141969065223778e-01 -8.178063943191306029e-01 -4.646994149484083569e-02
5.813849815422447165e-01 -8.122282405044006781e-01 -4.771571543943965710e-02
5.893100552754918509e-01 -8.064211474624229936e-01 -4.897542857311101144e-02
5.973864491035416613e-01 -8.003777120674625545e-01 -5.024887434355011090e-02
6.056108490649428910e-01 -7.940903988707159744e-01 -5.153580142959501842e-02
6.139795765994243704e-01 -7.875515519127965769e-01 -5.283591113421375052e-02
6.224885686601333568e-01 -7.807534081381909408e-01 -5.414885474320001862e-02
6.311333576732721662e-01 -7.736881125108516777e-01 -5.547423086175189838e-02
6.399090514534342411e-01 -7.663477349285587881e-01 -5.681158274285491583e-02
6.488103131969098492e-01 -7.587242890308661947e-01 -5.816039562323746526e-02
6.578313416898714516e-01 -7.508097529911899048e-01 -5.952009408460268852e-02
6.669658518835589467e-01 -7.425960923777110700e-01 -6.089003945985444616e-02
6.762070560042429124e-01 -7.340752851600859108e-01 -6.226952730610951087e-02
6.855476453816957694e-01 -7.252393489293039730e-01 -6.365778496840340805e-02
6.949797731959591607e-01 -7.160803703862439473e-01 -6.505396926012924075e-02
7.044950383581406461e-01 -7.065905371403773394e-01 -6.645716428836825895e-02
7.140844707565515703e-01 -6.967621718435234035e-01 -6.786637945434441377e-02
7.237385181144099233e-01 -6.865877686644336064e-01 -6.928054766122376806e-02
7.334470347192537654e-01 -6.760600320881789971e-01 -7.069852376334007094e-02
7.431992722967679654e-01 -6.651719179997653830e-01 -7.211908329261200457e-02
7.529838733125254757e-01 -6.539166769840847326e-01 -7.354092149937115075e-02
7.627888669937374910e-01 -6.422878997442521554e-01 -7.496265274598726269e-02
7.726016683690438702e-01 -6.302795645076589848e-01 -7.638281029249577303e-02
7.824090806271654097e-01 -6.178860862538513299e-01 -7.779984651383962946e-02
7.921973010943877958e-01 -6.051023675608392383e-01 -7.921213358826617590e-02
8.019519311258564986e-01 -5.919238508269716315e-01 -8.061796469580545521e-02
8.116579901960334631e-01 -5.783465715844685606e-01 -8.201555576453214980e-02
8.212999344589441142e-01 -5.643672125785843541e-01 -8.340304780041905841e-02
8.308616800285809623e-01 -5.499831582437653132e-01 -8.477850983396692519e-02
8.403266312036701269e-01 -5.351925491657619771e-01 -8.613994251339483765e-02
8.496777138286354392e-01 -5.199943360772284473e-01 -8.748528236995696539e-02
8.588974139438159128e-01 -5.043883328947779132e-01 -8.881240677588735088e-02
8.679678218327092631e-01 -4.883752682687017566e-01 -9.011913960955271474e-02
8.768706815222744311e-01 -4.719568350836352844e-01 -9.140325763561836514e-02
8.855874457343196893e-01 -4.551357373204183432e-01 -9.266249760043039629e-02
8.940964936588280398e-01 -4.379281594085013829e-01 -9.386367350364371864e-02
9.023769263381463679e-01 -4.203452391119137377e-01 -9.500402537893160027e-02
9.104082135764188788e-01 -4.023995047043456563e-01 -9.608082756747006459e-02
9.181703027214374035e-01 -3.841048773316212972e-01 -9.709140363181181788e-02
9.256437295371928720e-01 -3.654766633673953713e-01 -9.803314152861829223e-02
9.328097301529316709e-01 -3.465315363399814608e-01 -9.890350890392760053e-02
9.396503530004469695e-01 -3.272875081237695549e-01 -9.970006836486729196e-02
9.461485695914723104e-01 -3.077638892171455920e-01 -1.004204925738563098e-01
9.522883829436767922e-01 -2.879812380682681971e-01 -1.010625790056857015e-01
9.580549324389139310e-01 -2.679612995581304169e-01 -1.016242642046905065e-01
9.634345938926995867e-01 -2.477269329042845747e-01 -1.021036373787471141e-01
9.684150736306131879e-01 -2.273020294053511026e-01 -1.024989531692124117e-01
9.729854954061315508e-01 -2.067114206026240686e-01 -1.028086434412576189e-01
9.771364790554709634e-01 -1.859807775872209801e-01 -1.030313279473591415e-01
9.808602098678632641e-01 -1.651365023257420073e-01 -1.031658237279303725e-01
9.841504977532706810e-01 -1.442056120107952921e-01 -1.032111531270689664e-01
9.870028254121649969e-01 -1.232156175616800631e-01 -1.031665503179301918e-01
9.894143848514185269e-01 -1.021943975019541373e-01 -1.030314662510181528e-01
9.913841017438054237e-01 -8.117006852190451760e-02 -1.028055719593440887e-01
9.929126472928845315e-01 -6.017085409293839587e-02 -1.024887601765070017e-01
9.940024374365770132e-01 -3.922495253604585397e-02 -1.020811452468319003e-01
9.946576193977725300e-01 -1.836040595681443996e-02 -1.015830613302515228e-01
9.948840457649016367e-01 2.395028555267922354e-03 -1.009950589281170680e-01
9.946892364557110566e-01 2.301400410489071180e-02 -1.003178997790565574e-01
9.940823290797292655e-01 4.346970425104015878e-02 -9.955255019586485565e-02
9.930740183656293629e-01 6.373595713870178203e-02 -9.870017293474454834e-02
9.916764854557651443e-01 8.378734239620190538e-02 -9.776211770660511724e-02
9.899033179889190626e-01 1.035992898136625651e-01 -9.673991045621609108e-02
9.877694219916330898e-01 1.231481689532651497e-01 -9.563524154851402170e-02
9.852909266768522523e-01 1.424113689876756739e-01 -9.444995301207849414e-02
9.824850833050584598e-01 1.613673682155683520e-01 -9.318602499759331970e-02
9.793701592972894332e-01 1.799957928591517098e-01 -9.184556161395293628e-02
9.759653288016867378e-01 1.982774649044947435e-01 -9.043077630659643318e-02
9.722905609063172694e-01 2.161944388979949450e-01 -8.894397694176064961e-02
9.683665066622744177e-01 2.337300277585256103e-01 -8.738755075681486906e-02
9.642143860342161643e-01 2.508688178019957138e-01 -8.576394933090283890e-02
9.598558758326104501e-01 2.675966733010040066e-01 -8.407567372204925726e-02
9.553129996053554285e-01 2.839007310151655528e-01 -8.232525990699729457e-02
9.506080203786035909e-01 2.997693852261884562e-01 -8.051526464866221033e-02
9.457633370401191675e-01 3.151922638950002686e-01 -7.864825190355594076e-02
9.408013850558779589e-01 3.301601966257305953e-01 -7.672677986819956275e-02
9.357445421043790734e-01 3.446651751731355517e-01 -7.475338874972575764e-02
9.306150391056003945e-01 3.587003072664631809e-01 -7.273058933189399666e-02
9.254348770148561609e-01 3.722597645445023806e-01 -7.066085239388403272e-02
9.202257496479178123e-01 3.853387254046047872e-01 -6.854659902575334363e-02
9.150089727042918231e-01 3.979333135640156227e-01 -6.639019187156282309e-02
9.098054190619049297e-01 4.100405331162521594e-01 -6.419392731907649918e-02
9.046354603297229735e-01 4.216582008400006076e-01 -6.196002864377095354e-02
8.995189145658570862e-01 4.327848764845887986e-01 -5.969064010475924609e-02
8.944749999980583510e-01 4.434197917160732083e-01 -5.738782198121531591e-02
8.895222945214930066e-01 4.535627783628657927e-01 -5.505354653001952314e-02
8.846787006954270893e-01 4.632141965510633286e-01 -5.268969483864527348e-02
8.799614159158463123e-01 4.723748632685898508e-01 -5.029805454175493434e-02
8.753869074048460375e-01 4.810459818451600644e-01 -4.788031836553255371e-02
8.709708916294587322e-01 4.892290727830403974e-01 -4.543808346039439339e-02
8.667283177419616846e-01 4.969259063226045825e-01 -4.297285148031410040e-02
8.626733546200604508e-01 5.041384370775947588e-01 -4.048602936549435677e-02
8.588193810780625492e-01 5.108687410285114305e-01 -3.797893078441974546e-02
8.551789788186060504e-01 5.171189551192338918e-01 -3.545277819133990649e-02
8.517639276980457641e-01 5.228912196622588215e-01 -3.290870545585955487e-02
8.485852028865950025e-01 5.281876237221573289e-01 -3.034776102245319990e-02
8.456529735161781858e-01 5.330101536152072050e-01 -2.777091155928075594e-02
8.429766024240986644e-01 5.373606446357676036e-01 -2.517904605756141057e-02
8.405646466185624499e-01 5.412407360968594094e-01 -2.257298034487739344e-02
8.384248581123608934e-01 5.446518297535476449e-01 -1.995346197804210436e-02
8.365641847932063779e-01 5.475950516629845000e-01 -1.732117548349916547e-02
8.349887710230008420e-01 5.500712175241917468e-01 -1.467674791554711942e-02
8.337039576834234245e-01 5.520808015336302610e-01 -1.202075470494116602e-02
8.327142814114401048e-01 5.536239087890685306e-01 -9.353725772547080361e-03
8.320234727955102549e-01 5.547002512739374058e-01 -6.676151884657074986e-03
8.316344533312959308e-01 5.553091274569318392e-01 -3.988491228272250319e-03
8.315493309645254350e-01 5.554494055467537050e-01 -1.291176186065822254e-03
8.317693940783154050e-01 5.551195104492263610e-01 1.415379708175389453e-03
8.322951038127608392e-01 5.543174144831675143e-01 4.130774652113051310e-03
8.331260846360261096e-01 5.530406319219856037e-01 6.854611313578706441e-03
8.342611131186072893e-01 5.512862174395413151e-01 9.586489443706529973e-03
8.356981048960061553e-01 5.490507685509508073e-01 1.232599838327166041e-02
8.374340998398713820e-01 5.463304321512300055e-01 1.507270948203550016e-02
8.394652454938532626e-01 5.431209152665001927e-01 1.782616845238576414e-02
8.417867788680851726e-01 5.394175001433785255e-01 2.058588768053377580e-02
8.443930067254472593e-01 5.352150638116096593e-01 2.335133852099785523e-02
8.472772845336310477e-01 5.305081022623930886e-01 2.612194360305583954e-02
8.504319942995263171e-01 5.252907593896111171e-01 2.889706918128110216e-02
8.538485215465453360e-01 5.195568608426480717e-01 3.167601756616426900e-02
8.575172317410673095e-01 5.132999529370543268e-01 3.445801967513768826e-02
8.614274465210266518e-01 5.065133467622866537e-01 3.724222774901930072e-02
8.655674201274876634e-01 4.991901676134741783e-01 4.002770828392289426e-02
8.699243164884331581e-01 4.913234098559407514e-01 4.281343523397312945e-02
8.744841874524178493e-01 4.829059973064112610e-01 4.559828354563181391e-02
8.792319527175309624e-01 4.739308491828104763e-01 4.838102308998400158e-02
8.841513820474717900e-01 4.643909516347705102e-01 5.116031306482865526e-02
8.892250804105066297e-01 4.542794348189037046e-01 5.393469694372911988e-02
8.944344767175419486e-01 4.435896554261988811e-01 5.670259805414502863e-02
8.997598168712517275e-01 4.323152845033161329e-01 5.946231587121156986e-02
9.051801618677463024e-01 4.204504003350290064e-01 6.221202311745901992e-02
9.106733917141326407e-01 4.079895860717357992e-01 6.494976376156316733e-02
9.162162159378652859e-01 3.949280316942270774e-01 6.767345201086111262e-02
9.217841914653190916e-01 3.812616398084326952e-01 7.038087239262330597e-02
9.273517486357938377e-01 3.669871346566719872e-01 7.306968101770412727e-02
9.328922260914701559e-01 3.521021736203420738e-01 7.573740811696513808e-02
9.383779152420335112e-01 3.366054603737138051e-01 7.838146193555416141e-02
9.437801149432821779e-01 3.204968587316676110e-01 8.099913406252513826e-02
9.490691969507659698e-01 3.037775061182776959e-01 8.358760626322551957e-02
9.542146826114121794e-01 2.864499254710118903e-01 8.614395886922701639e-02
9.591853311376293822e-01 2.685181342901587498e-01 8.866518076525294056e-02
9.639492396694656628e-01 2.499877494484319673e-01 9.114818099454634337e-02
9.684739551715477734e-01 2.308660862952589543e-01 9.358980198348978985e-02
9.727265980338957174e-01 2.111622505278938078e-01 9.598683436317660689e-02
9.766739970511638669e-01 1.908872212610782382e-01 9.833603334028850895e-02
9.802828352460446482e-01 1.700539237122589420e-01 1.006341365423974732e-01
9.835198057828877793e-01 1.486772899338356935e-01 1.028778832341274985e-01
9.863517769912226729e-01 1.267743060706027769e-01 1.050640347710319888e-01
9.887459652907260033e-01 1.043640447018867462e-01 1.071893961282084362e-01
9.906701145847900403e-01 8.146768094552414574e-02 1.092508383113124093e-01
9.920926804752765449e-01 5.810849115547091215e-02 1.112453214295433812e-01
9.929830174526923514e-01 3.431183323611305958e-02 1.131699181841992474e-01
9.933115670404443209e-01 1.010510782268514082e-02 1.150218375033966872e-01
9.930500447255027341e-01 -1.448230016423668678e-02 1.167984480343840642e-01
9.921716233968439491e-01 -3.941909979553881449e-02 1.184973011903398682e-01
9.906511109429938511e-01 -6.467219213765663943e-02 1.201161534393817565e-01
9.884651196354938829e-01 -9.020678755434964613e-02 1.216529875203224142e-01
9.855922249496994469e-01 -1.159865415423375762e-01 1.231060322729650991e-01
9.820131115501649077e-01 -1.419737080024036924e-01 1.244737807807205915e-01
9.777107042956307836e-01 -1.681293085215147809e-01 1.257550065401367434e-01
9.726702822973056772e-01 -1.944133159330087846e-01 1.269487773954302567e-01
9.668795742910308855e-01 -2.207848501398730068e-01 1.280544670059438062e-01
9.603288338546572822e-01 -2.472023839390047883e-01 1.290717636500455234e-01
9.530108933105946312e-01 -2.736239563796961094e-01 1.300006762095560486e-01
9.449211954926619583e-01 -3.000073910338398875e-01 1.308415372233667495e-01
9.360578029175699033e-01 -3.263105164534949587e-01 1.315950029463782700e-01
9.264213842752503369e-01 -3.524913860467820403e-01 1.322620503990136198e-01
9.160151785289777360e-01 -3.785084946171045628e-01 1.328439714420480977e-01
9.048449372858430317e-01 -4.043209888830040510e-01 1.333423639600405664e-01
8.929188464509578704e-01 -4.298888694243067077e-01 1.337591202829734593e-01
8.802474285057405590e-01 -4.551731816805635877e-01 1.340964130186232672e-01
8.668434270436913280e-01 -4.801361938545164465e-01 1.343566785066306057e-01
8.527216754493965878e-01 -5.047415598394777714e-01 1.345425981383258918e-01
8.378989518127817338e-01 -5.289544655871074585e-01 1.346570778133969193e-01
8.223938223271627379e-01 -5.527417576524076281e-01 1.347032258249784287e-01
8.062264755244326064e-01 -5.760720529868057493e-01 1.346843294784426104e-01
7.894185497534530471e-01 -5.989158293889295104e-01 1.346038307560423752e-01
7.719929563097092107e-01 -6.212454963573985633e-01 1.344653013397848484e-01
7.539737005782923829e-01 -6.430354464126201153e-01 1.342724172988633558e-01
7.353857034623327849e-01 -6.642620872580077274e-01 1.340289337361924293e-01
7.162546252401698066e-01 -6.849038554291463354e-01 1.337386596717452802e-01
6.966066938326465063e-01 -7.049412123273260944e-01 1.334054334192645574e-01
6.764685392732598945e-01 -7.243566237479505121e-01 1.330330986883432876e-01
6.558670359650449200e-01 -7.431345241922739930e-01 1.326254816167256045e-01
6.348291540855410808e-01 -7.612612673916652195e-01 1.321863689088238480e-01
6.133818212712803808e-01 -7.787250645772088031e-01 1.317194872267251349e-01
5.915636108466646448e-01 -7.955103169763791948e-01 1.312091385539255473e-01
5.694040783031090180e-01 -8.116075671569598082e-01 1.306604784722398549e-01
5.469322598511361377e-01 -8.270094776678322823e-01 1.300785725274111737e-01
5.241765318411251151e-01 -8.417107051141666796e-01 1.294683759732221662e-01
5.011644870748437341e-01 -8.557077660785324946e-01 1.288347156327202536e-01
4.779228280869658452e-01 -8.689988970167550342e-01 1.281822738813472584e-01
4.544772772297900332e-01 -8.815839101452360715e-01 1.275155747240060422e-01
4.308525031791095028e-01 -8.934640472002617351e-01 1.268389719094293600e-01
4.070720632956878471e-01 -9.046418327957329586e-01 1.261566390007941851e-01
3.831583611251183075e-01 -9.151209289396045055e-01 1.254725613013619734e-01
3.591326181981402410e-01 -9.249059920964602943e-01 1.247905295179236179e-01
3.350148592022032523e-01 -9.340025340088593531e-01 1.241141350327931991e-01
3.108239095310894595e-01 -9.424167873174779109e-01 1.234467666467578967e-01
2.865774041802125471e-01 -9.501555768531076973e-01 1.227916086504327181e-01
2.622918069380257844e-01 -9.572261973150433256e-01 1.221516400795316371e-01
2.379824388258663381e-01 -9.636362979024443165e-01 1.215296350102779005e-01
2.136635147565938975e-01 -9.693937743294500642e-01 1.209281637541583382e-01
1.893481874136453968e-01 -9.745066685321593924e-01 1.203495948161096285e-01
1.650485973938674578e-01 -9.789830762665930886e-01 1.197960974866577460e-01
1.407759287071128629e-01 -9.828310627015465206e-01 1.192696449461868730e-01
1.165404687807382045e-01 -9.860585860285822069e-01 1.187720177680930272e-01
9.235167217569167919e-02 -9.886734290427846572e-01 1.183048077168151052e-01
6.821822728096768595e-02 -9.906831385915738641e-01 1.178694217463987365e-01
4.414812531321826022e-02 -9.920949727439372090e-01 1.174670861151385914e-01
2.014873100688905141e-02 -9.929158554978744222e-01 1.170988505417956682e-01
-3.773145563729537327e-03 -9.931523388185590218e-01 1.167655923387625194e-01
-2.761117653657597926e-02 -9.928105717825641552e-01 1.164680204672435410e-01
-5.135944364563078957e-02 -9.918962765933321268e-01 1.162066794689474714e-01
-7.501236585031018089e-02 -9.904147312287548965e-01 1.159819532378945778e-01
-9.856462758549706937e-02 -9.883707584821622705e-01 1.157940686046802642e-01
-1.220111079736646981e-01 -9.857687211621374290e-01 1.156430987138839794e-01
-1.453468113121898775e-01 -9.826125232233722251e-01 1.155289661832537562e-01
-1.685667991257875364e-01 -9.789056166093019762e-01 1.154514460408279375e-01
-1.916661240558734935e-01 -9.746510135966236499e-01 1.154101684432787128e-01
-2.146397658453395862e-01 -9.698513044411904982e-01 1.154046211854828502e-01
-2.374825696683903198e-01 -9.645086801334259441e-01 1.154341520176507263e-01
-2.601891870503568183e-01 -9.586249600786310721e-01 1.154979707922820092e-01
-2.827540196213287338e-01 -9.522016245227398201e-01 1.155951514687687948e-01
-3.051711659495232598e-01 -9.452398515466602369e-01 1.157246340086350855e-01
-3.274343717049916780e-01 -9.377405584518311299e-01 1.158852261991782651e-01
-3.495369834109401941e-01 -9.297044473556133060e-01 1.160756054476522608e-01
-3.714719060479716450e-01 -9.211320548072707837e-01 1.162943205920828199e-01
-3.932315647852416274e-01 -9.120238052233224924e-01 1.165397937783044097e-01
-4.148078711211415914e-01 -9.023800679247693246e-01 1.168103224558206532e-01
-4.361921937239094937e-01 -8.922012175380331644e-01 1.171040815475705432e-01
-4.573753342687353896e-01 -8.814876974963865575e-01 1.174191258505797170e-01
-4.783475085716620279e-01 -8.702400863493113814e-01 1.177533927257309737e-01
-4.990983333210624595e-01 -8.584591665538181537e-01 1.181047051354373462e-01
-5.196168187038820996e-01 -8.461459953846343085e-01 1.184707750877755650e-01
-5.398913672153625720e-01 -8.333019775597857448e-01 1.188492075445684998e-01
-5.599082862357807056e-01 -8.199314096620603509e-01 1.192275252864692242e-01
-5.796530750089807782e-01 -8.060381899058159938e-01 1.196024973767263050e-01
-5.991107102585424560e-01 -7.916270381354055807e-01 1.199708201268619712e-01
-6.182656964397946764e-01 -7.767035718023632684e-01 1.203291257138575376e-01
-6.371021238613400195e-01 -7.612743788276106205e-01 1.206739916372675386e-01
-6.556037345837081309e-01 -7.453470865322673333e-01 1.210019510197655329e-01
-6.737539959140022017e-01 -7.289304257971365164e-01 1.213095037419796574e-01
-6.915361812192727387e-01 -7.120342895978295505e-01 1.215931283888769809e-01
-7.089334576790596865e-01 -6.946697850613727798e-01 1.218492949705684281e-01
-7.259289804906109422e-01 -6.768492782024683185e-01 1.220744783654371252e-01
-7.425059929305384276e-01 -6.585864305246162953e-01 1.222651724181866850e-01
-7.586479315662104650e-01 -6.398962267140645421e-01 1.224179046100437873e-01
-7.743385358013499253e-01 -6.207949927137292878e-01 1.225292512032440245e-01
-7.895619608356603258e-01 -6.013004035401544600e-01 1.225958527474203807e-01
-8.043028930205230465e-01 -5.814314802991575881e-01 1.226144298219572354e-01
-8.185466665046605694e-01 -5.612085759644833693e-01 1.225817988761348787e-01
-8.322793799878840382e-01 -5.406533496075194289e-01 1.224948880183347050e-01
-8.454880123402860326e-01 -5.197887289033669145e-01 1.223507525970532472e-01
-8.581605358009490869e-01 -4.986388608872683315e-01 1.221465904103078981e-01
-8.702860254465657475e-01 -4.772290510930596308e-01 1.218797563764935643e-01
-8.818547636180807947e-01 -4.555856913690026211e-01 1.215477764991000909e-01
-8.928583380138581660e-01 -4.337361768327694933e-01 1.211483609600962907e-01
-9.032897322016933961e-01 -4.117088125929263542e-01 1.206794161823244727e-01
-9.131434073693769360e-01 -3.895327110252542191e-01 1.201390557099476925e-01
-9.224153742239583620e-01 -3.672376805448514525e-01 1.195256097677812740e-01
-9.311032540622069531e-01 -3.448541069554459382e-01 1.188376333750653657e-01
-9.392063281671896302e-01 -3.224128285821560858e-01 1.180739129066536719e-01
-9.467255748359719725e-01 -2.999450064998498977e-01 1.172334710143821401e-01
-9.536636935082030142e-01 -2.774819912534559618e-01 1.163155698431422302e-01
-9.600251156413215359e-01 -2.550551875268189939e-01 1.153197124994582434e-01
-9.658160021615009860e-01 -2.326959182513204938e-01 1.142456427546478387e-01
-9.710442275061735851e-01 -2.104352896535475470e-01 1.130933429893907632e-01
-9.757193504598656864e-01 -1.883040587225512930e-01 1.118630304111864343e-01
-9.798525721659893106e-01 -1.663325045321878137e-01 1.105551516001959528e-01
-9.834566818691815593e-01 -1.445503047838833655e-01 1.091703754618069122e-01
-9.865459911020620920e-01 -1.229864188417852944e-01 1.077095846854385225e-01
-9.891362571735978770e-01 -1.016689784181139949e-01 1.061738658281812242e-01
-9.912445969408315571e-01 -8.062518693458700647e-02 1.045644981584675226e-01
-9.928893919493300135e-01 -5.988122843940184292e-02 1.028829414088038990e-01
-9.940901861087628744e-01 -3.946218680206906027e-02 1.011308225974456576e-01
-9.948675771276001001e-01 -1.939197574415747749e-02 9.930992208664342347e-02
-9.952431029647587080e-01 3.067199034566536753e-04 9.742215904969382667e-02
-9.952391245664906627e-01 1.961249149326012645e-02 9.546957652053403298e-02
-9.948787061448484126e-01 3.850524234319346178e-02 9.345432619815544073e-02
-9.941854942211639790e-01 5.696621210362252941e-02 9.137865317386825725e-02
-9.931835966060554854e-01 7.497798995069997197e-02 8.924488074267947213e-02
-9.918974624188091616e-01 9.252451698140809477e-02 8.705539545105005217e-02
-9.903517641661140347e-01 1.095910783052185533e-01 8.481263252240710260e-02
-9.885712828057525714e-01 1.261642854314327378e-01 8.251906178935830560e-02
-9.865807966177504440e-01 1.422320496390000466e-01 8.017717424795274550e-02
-9.844024436083612661e-01 1.577910737828426835e-01 7.780622940411163757e-02
-9.820598730286944633e-01 1.728350517295566269e-01 7.540857896727992671e-02
-9.795762624882740077e-01 1.873587813002172697e-01 7.298654648729324679e-02
-9.769742489011286057e-01 2.013581058194358897e-01 7.054241964646450203e-02
-9.742758656995834654e-01 2.148298528185010603e-01 6.807844344629630784e-02
-9.715024863165876434e-01 2.277717706321961133e-01 6.559681428998091757e-02
-9.686747738658123552e-01 2.401824635961107290e-01 6.309967495203364085e-02
-9.658126368852234522e-01 2.520613265121324775e-01 6.058911041762861382e-02
-9.629351909546677302e-01 2.634084790056954173e-01 5.806714456649978567e-02
-9.600607259512897729e-01 2.742247003506002034e-01 5.553573766964325226e-02
-9.572066786682301709e-01 2.845113652870334131e-01 5.299678466149157496e-02
-9.543896104917848344e-01 2.942703813069320606e-01 5.045211414569037572e-02
-9.516251898096610429e-01 3.035041278290604438e-01 4.790348808903762551e-02
-9.489281788076679991e-01 3.122153976349721916e-01 4.535260215548098106e-02
-9.463124243035713201e-01 3.204073408871575546e-01 4.280108663023104998e-02
-9.437908522643264631e-01 3.280834120027400491e-01 4.025050788295646276e-02
-9.413754656558404044e-01 3.352473196105665298e-01 3.770237031859369203e-02
-9.390773452821538081e-01 3.419029797767998979e-01 3.515811876444321915e-02
-9.369066532828401739e-01 3.480544726444165238e-01 3.261914124284786415e-02
-9.348726389728519992e-01 3.537060025954896214e-01 3.008677207977574278e-02
-9.329836467274138512e-01 3.588618620118580460e-01 2.756229530098032107e-02
-9.312471256352929938e-01 3.635263986797203084e-01 2.504694826901052510e-02
-9.296696406663423895e-01 3.677039868567713032e-01 2.254192551612772821e-02
-9.282568851231278728e-01 3.713990019965700551e-01 2.004838273009397834e-02
-9.270136941712732170e-01 3.746157991037052382e-01 1.756744085177447748e-02
-9.259440592684907712e-01 3.773586946747929938e-01 1.510019024550184052e-02
-9.250511433377536230e-01 3.796319521641478012e-01 1.264769490514259728e-02
-9.243372965553947607e-01 3.814397708988562230e-01 1.021099666075702024e-02
-9.238040726498149002e-01 3.827862783556798543e-01 7.791119352628324973e-03
-9.234522456306958338e-01 3.836755257014463627e-01 5.389072941239641742e-03
-9.232818268919437132e-01 3.841114864890906033e-01 3.005857523486175648e-03
-9.232920826538353332e-01 3.840980583930172498e-01 6.424672270206772950e-04
-9.234815517308503363e-01 3.836390678597330073e-01 -1.700106043857001637e-03
-9.238480636312962346e-01 3.827382775425082206e-01 -4.020869035935946759e-03
-9.243887570129424303e-01 3.813993963819714006e-01 -6.318823772289827896e-03
-9.251000985353574624e-01 3.796260921878336636e-01 -8.592964397501503745e-03
-9.259779021643809171e-01 3.774220065702251214e-01 -1.084227426427621793e-02
-9.270173489970634506e-01 3.747907720622786210e-01 -1.306572328162957687e-02
-9.282130076863763790e-01 3.717360312685175638e-01 -1.526226554367847432e-02
-9.295588555539435749e-01 3.682614578662291582e-01 -1.743083725689825725e-02
-9.310483004859007039e-01 3.643707792792990618e-01 -1.957035498251422437e-02
-9.326742037116638739e-01 3.600678008359482485e-01 -2.167971420944626859e-02
-9.344289035678218225e-01 3.553564312134799841e-01 -2.375778827189837378e-02
-9.363042403494967747e-01 3.502407089645803162e-01 -2.580342762425663281e-02
-9.382915823492957719e-01 3.447248299110210468e-01 -2.781545948440898239e-02
-9.403818531793630697e-01 3.388131751819166704e-01 -2.979268785490676863e-02
-9.425655604650267083e-01 3.325103396651518661e-01 -3.173389392953555876e-02
-9.448328259891043412e-01 3.258211606324086240e-01 -3.363783689083588851e-02
-9.471734173541259683e-01 3.187507462906021827e-01 -3.550325510190342759e-02
-9.495767812155878618e-01 3.113045040057130231e-01 -3.732886769339611999e-02
-9.520320781229584250e-01 3.034881679392385512e-01 -3.911337654408186815e-02
-9.545282189866246547e-01 2.953078258330466555e-01 -4.085546865047803150e-02
-9.570539031684529574e-01 2.867699446755700432e-01 -4.255381887817304837e-02
-9.595976581713253628e-01 2.778813949813104811e-01 -4.420709308429660034e-02
-9.621478808791376069e-01 2.686494734167966247e-01 -4.581395159733960692e-02
-9.646928802735810216e-01 2.590819235097138185e-01 -4.737305303714707538e-02
-9.672209215278876338e-01 2.491869541841330304e-01 -4.888305845445021364e-02
-9.697202713509541772e-01 2.389732558738196788e-01 -5.034263576580917665e-02
-9.721792444282651990e-01 2.284500139776649008e-01 -5.175046445635074488e-02
-9.745862507792313334e-01 2.176269194364795767e-01 -5.310524051925700345e-02
-9.769298438243994021e-01 2.065141762287958649e-01 -5.440568159764695710e-02
-9.791987689309448184e-01 1.951225056049425699e-01 -5.565053229135159124e-02
-9.813820121814100794e-01 1.834631469034489759e-01 -5.683856958817452842e-02
-9.834688490892901092e-01 1.715478548216633203e-01 -5.796860837661681892e-02
-9.854488929662642560e-01 1.593888930431536233e-01 -5.903950699478598824e-02
-9.873121426300965897e-01 1.469990241577231183e-01 -6.005017276836516205e-02
-9.890490291298972281e-01 1.343914958453796826e-01 -6.099956748914205779e-02
-9.906504611569407759e-01 1.215800233329412949e-01 -6.188671278473997783e-02
-9.921078688049134175e-01 1.085787681706638641e-01 -6.271069532989526074e-02
-9.934132453435583487e-01 9.540231341581520419e-02 -6.347067184992234712e-02
-9.945591866744163401e-01 8.206563534991238862e-02 -6.416587386792228787e-02
-9.955389281468075557e-01 6.858407189577728214e-02 -6.479561214883670928e-02
-9.963463784263955070e-01 5.497328793901133659e-02 -6.535928079562738913e-02
-9.969761501275339333e-01 4.124923779530190182e-02 -6.585636095566106685e-02
-9.974235869439427304e-01 2.742812509951219474e-02 -6.628642409877529007e-02
-9.976847870398267704e-01 1.352636042416051863e-02 -6.664913483245758774e-02
-9.977566224949649953e-01 -4.394830369136987214e-04 -6.694425322403738110e-02
-9.976367546321192048e-01 -1.445271535969193215e-02 -6.717163660470824860e-02
-9.973236450928021357e-01 -2.849657697615317828e-02 -6.733124083549574257e-02
-9.968165625674140218e-01 -4.255428656075752047e-02 -6.742312102088375558e-02
-9.961155851273579831e-01 -5.660908931265361960e-02 -6.744743166162413261e-02
-9.952215981492851249e-01 -7.064430522445661054e-02 -6.740442624418736817e-02
-9.941362878643965617e-01 -8.464337692923984413e-02 -6.729445627027313970e-02
-9.928621306080291919e-01 -9.858991672352443447e-02 -6.711796973569229829e-02
-9.914023778858648273e-01 -1.124677523754062519e-01 -6.687550907366340835e-02
-9.897610374123654298e-01 -1.262609713432993330e-01 -6.656770858304734972e-02
-9.879428503138161233e-01 -1.399539630517719901e-01 -6.619529136718901863e-02
-9.859532647220833335e-01 -1.535314588961949056e-01 -6.575906581376977922e-02
-9.837984060153700527e-01 -1.669785696769216510e-01 -6.525992165033170367e-02
-9.814850439884548194e-01 -1.802808201959324730e-01 -6.469882561385909003e-02
-9.790205572568089210e-01 -1.934241807836958038e-01 -6.407681677595042369e-02
-9.764128952163603214e-01 -2.063950955608108151e-01 -6.339500156765368044e-02
-9.736705378933732113e-01 -2.191805072771434160e-01 -6.265454854995106126e-02
-9.708024540268997971e-01 -2.317678786100148269e-01 -6.185668297716002267e-02
-9.678180577295761866e-01 -2.441452098419137628e-01 -6.100268120117254694e-02
-9.647271640713230845e-01 -2.563010528765795049e-01 -6.009386496450154491e-02
-9.615399439249781022e-01 -2.682245215895822099e-01 -5.913159562957141097e-02
-9.582668784033243625e-01 -2.799052985451977449e-01 -5.811726839061628902e-02
-9.549187132037287862e-01 -2.913336381449850854e-01 -5.705230651298087707e-02
-9.515064131600594610e-01 -3.025003663046423874e-01 -5.593815564260685991e-02
-9.480378812389093079e-01 -3.134038483686220622e-01 -5.479239597207009871e-02
-9.445231528796710352e-01 -3.240390511807891838e-01 -5.361632227586643484e-02
-9.409722438178464987e-01 -3.344014093890767536e-01 -5.241122715782456365e-02
-9.373951198470337198e-01 -3.444868122609064387e-01 -5.117839753965754135e-02
-9.338016680296220562e-01 -3.542915888877368191e-01 -4.991911136763280826e-02
-9.302016694318588907e-01 -3.638124919560092319e-01 -4.863463454833636540e-02
-9.266047734406960279e-01 -3.730466802628985556e-01 -4.732621812209232559e-02
-9.230204737022794648e-01 -3.819917001545756197e-01 -4.599509568027423945e-02
-9.194580857052835343e-01 -3.906454660623178698e-01 -4.464248103053120031e-02
-9.159267260166500391e-01 -3.990062403079380204e-01 -4.326956611186782292e-02
-9.124352931627903729e-01 -4.070726123448241141e-01 -4.187751915957754062e-02
-9.089924501360281406e-01 -4.148434775945819553e-01 -4.046748311824376748e-02
-9.056066084940627148e-01 -4.223180160320295085e-01 -3.904057429940070018e-02
-9.022859140095591535e-01 -4.294956706632909182e-01 -3.759788127898909538e-02
-8.990382338176277077e-01 -4.363761260331535663e-01 -3.614046402845309813e-02
-8.958711450009434474e-01 -4.429592868888443946e-01 -3.466935327220071333e-02
-8.927919245455491204e-01 -4.492452571181112519e-01 -3.318555006318863604e-02
-8.898075405949471550e-01 -4.552343190700953723e-01 -3.169002556758616224e-02
-8.869246449258639808e-01 -4.609269133580864430e-01 -3.018372104881475448e-02
-8.841495665660042969e-01 -4.663236192339695885e-01 -2.866754804074062371e-02
-8.814883064721370509e-01 -4.714251356151044070e-01 -2.714238869940734100e-02
-8.789465331858890007e-01 -4.762322628356052689e-01 -2.560909632242272180e-02
-8.765295793845930827e-01 -4.807458851855860305e-01 -2.406849602494780943e-02
-8.742424392453641557e-01 -4.849669542939481492e-01 -2.252138556116392576e-02
-8.720897665421722955e-01 -4.888964734027731462e-01 -2.096853628010445295e-02
-8.700758733979755410e-01 -4.925354825743546439e-01 -1.941069420481972979e-02
-8.682047296168823314e-01 -4.958850448653955301e-01 -1.784858122398476701e-02
-8.664799625247590065e-01 -4.989462334969065882e-01 -1.628289638524924726e-02
-8.649048572506142785e-01 -5.017201200428742514e-01 -1.471431727985732241e-02
-8.634823573854082390e-01 -5.042077636558094378e-01 -1.314350150832101390e-02
-8.622150659595859690e-01 -5.064102013428263271e-01 -1.157108821720659493e-02
-8.611052466855689813e-01 -5.083284393019081859e-01 -9.997699697379873116e-03
-8.601548254165951590e-01 -5.099634453244669130e-01 -8.423943034346192266e-03
-8.593653917786316931e-01 -5.113161422671623768e-01 -6.850411801607649877e-03
-8.587382009375505998e-01 -5.123874025931751675e-01 -5.277687788237484488e-03
-8.582741754693128389e-01 -5.131780439806847838e-01 -3.706342752134964176e-03
-8.579739073065185684e-01 -5.136888259941524426e-01 -2.136940190669050360e-03
-8.578376597403115644e-01 -5.139204478120955599e-01 -5.700371206423791338e-04
-8.578653694622515591e-01 -5.138735470033258812e-01 9.938141402939431115e-04
-8.580566486363528922e-01 -5.135486993420610435e-01 2.554064198471310988e-03
-8.584107869970144522e-01 -5.129464196508591867e-01 4.110164822831108289e-03
-8.589267539740041979e-01 -5.120671636589280151e-01 5.661567204780931090e-03
-8.596032008509908451e-01 -5.109113308619723792e-01 7.207720246620100135e-03
-8.604384629693142550e-01 -5.094792683683324608e-01 8.748068885809073131e-03
-8.614305619937301373e-01 -5.077712757146780609e-01 1.028205246231523630e-02
-8.625772082617293446e-01 -5.057876106329292076e-01 1.180910313624686236e-02
-8.638758032427019673e-01 -5.035284957483335821e-01 1.332864436298453366e-02
-8.653234421376521102e-01 -5.009941261867043583e-01 1.484008943303140662e-02
-8.669169166543606586e-01 -4.981846780666922547e-01 1.634284008382603029e-02
-8.686527179968003276e-01 -4.951003178505888891e-01 1.783628519078918340e-02
-8.705240587795050056e-01 -4.917470757572224294e-01 1.930489275635759866e-02
-8.725254647360792815e-01 -4.881278894015803060e-01 2.074799547758440083e-02
-8.746512249952901330e-01 -4.842457575702088235e-01 2.216491051969384993e-02
-8.768954047396382290e-01 -4.801037558404303573e-01 2.355493944637544051e-02
-8.792518583128196008e-01 -4.757050523562230127e-01 2.491736832438776195e-02
-8.817142428159338019e-01 -4.710529236744565584e-01 2.625146800374046976e-02
-8.842760322282812169e-01 -4.661507705930470480e-01 2.755649457412538000e-02
-8.869305320839109275e-01 -4.610021338705683203e-01 2.883168999761562962e-02
-8.896708947297399250e-01 -4.556107097450159960e-01 3.007628291694310757e-02
-8.924901351851005638e-01 -4.499803651578199171e-01 3.128948963789874443e-02
-8.953811476160058458e-01 -4.441151525879262763e-01 3.247051528357820793e-02
-8.983367224303026033e-01 -4.380193243998889985e-01 3.361855511731944024e-02
-9.013495639922458613e-01 -4.316973466094996548e-01 3.473279603025163087e-02
-9.044123089469403576e-01 -4.251539119706171377e-01 3.581241818840276425e-02
-9.075175451366149781e-01 -4.183939522876058414e-01 3.685659683330098912e-02
-9.106578310818990163e-01 -4.114226498592177816e-01 3.786450422896176643e-02
-9.138257159922390516e-01 -4.042454479619225216e-01 3.883531174708727829e-02
-9.170137602604218063e-01 -3.968680602836530680e-01 3.976819208122742838e-02
-9.202145563869500444e-01 -3.892964792227370796e-01 4.066232157957483384e-02
-9.234207502708644544e-01 -3.815369829714603811e-01 4.151688268500255269e-02
-9.266250627946229779e-01 -3.735961413092807049e-01 4.233106646991673105e-02
-9.298203116219626585e-01 -3.654808200371866267e-01 4.310407525250171956e-02
-9.329994331193913748e-01 -3.571981839920735369e-01 4.383512527999762487e-02
-9.361555043042187885e-01 -3.487556985882630523e-01 4.452344946378559987e-02
-9.392817647149501736e-01 -3.401611298423914964e-01 4.516830015027967216e-02
-9.423716380935589498e-01 -3.314225428477803881e-01 4.576895191095130960e-02
-9.454187537637370742e-01 -3.225482986750098924e-01 4.632470433425869144e-02
-9.484169675848024283e-01 -3.135470496866591406e-01 4.683488480183101849e-02
-9.513603823576167740e-01 -3.044277332659526270e-01 4.729885123098144517e-02
-9.542433675567304485e-01 -2.951995639712455821e-01 4.771599476550198587e-02
-9.570605782620792423e-01 -2.858720241407612939e-01 4.808574239673899658e-02
-9.598069731639886637e-01 -2.764548529846219127e-01 4.840755949716606110e-02
-9.624778315170158249e-01 -2.669580342138379581e-01 4.868095224906701657e-02
-9.650687689213078846e-01 -2.573917822683865486e-01 4.890546995151802412e-02
-9.675757518146749225e-01 -2.477665272186488632e-01 4.908070718961350665e-02
-9.699951105644452065e-01 -2.380928984261329595e-01 4.920630585081311320e-02
-9.723235510553451810e-01 -2.283817070604158284e-01 4.928195697439004958e-02
-9.745581646780664409e-01 -2.186439275794406500e-01 4.930740242122557543e-02
-9.766964366327595126e-01 -2.088906782895537384e-01 4.928243635260908667e-02
-9.787362524723245416e-01 -1.991332011098196908e-01 4.920690650825314955e-02
-9.806759028219337315e-01 -1.893828406720896307e-01 4.908071527540174700e-02
-9.825140862235755002e-01 -1.796510228939053877e-01 4.890382054267840978e-02
-9.842499100674100276e-01 -1.699492331655134414e-01 4.867623633416830881e-02
-9.858828895851990959e-01 -1.602889942949649871e-01 4.839803322113232775e-02
-9.874129448948576471e-01 -1.506818443564458820e-01 4.806933851068766195e-02
-9.888403960990873598e-01 -1.411393145865881549e-01 4.769033621273525286e-02
-9.901659564549173398e-01 -1.316729074715604630e-01 4.726126678834380312e-02
-9.913907236446229954e-01 -1.222940751642442592e-01 4.678242668468993171e-02
-9.925161691917434581e-01 -1.130141983658183719e-01 4.625416766347965197e-02
-9.935441260786147533e-01 -1.038445657996677346e-01 4.567689593151601224e-02
-9.944766940995818372e-01 -9.478103506686318125e-02 4.508506831761414924e-02
-9.953166506006567715e-01 -8.582760063989763877e-02 4.447910827937654604e-02
-9.960668554917885276e-01 -7.698811931569850275e-02 4.385945632979369735e-02
-9.967302434699620850e-01 -6.826630555365799380e-02 4.322656913900908143e-02
-9.973098161191490396e-01 -5.966572726155240647e-02 4.258091861736443967e-02
-9.978086339217884237e-01 -5.118980203087156872e-02 4.192299098387839568e-02
-9.982298082160594443e-01 -4.284179382052977908e-02 4.125328582424168250e-02
-9.985764931325809002e-01 -3.462481008547799166e-02 4.057231514231507408e-02
-9.988518775433479213e-01 -2.654179934440209498e-02 3.988060240899377745e-02
-9.990591770547101458e-01 -1.859554917848911526e-02 3.917868161215631168e-02
-9.992016260750243850e-01 -1.078868465118656278e-02 3.846709631124910211e-02
-9.992824699862935534e-01 -3.123667136980885946e-03 3.774639869987250068e-02
-9.993049574476527974e-01 4.397206454510649461e-03 3.701714867953193044e-02
-9.992723328569971253e-01 1.177180407439745724e-02 3.627991294750219226e-02
-9.991878289953864956e-01 1.899815856696224908e-02 3.553526410152565290e-02
-9.990546598771244957e-01 2.607446735653027453e-02 3.478377976382896614e-02
-9.988760138266128408e-01 3.299909180760378369e-02 3.402604172670028321e-02
-9.986550468012422854e-01 3.977055627792949050e-02 3.326263512162229430e-02
-9.983948759777173665e-01 4.638754688481040722e-02 3.249414761370769678e-02
-9.980985736173366707e-01 5.284891000543935624e-02 3.172116862293559297e-02
-9.977691612238807073e-01 5.915365053232519987e-02 3.094428857344142317e-02
-9.974096040059086121e-01 6.530092990501128181e-02 3.016409817187148609e-02
-9.970228056534418126e-01 7.129006393925640950e-02 2.938118771557765574e-02
-9.966116034372372035e-01 7.712052047467103655e-02 2.859614643120006114e-02
-9.961787636371233212e-01 8.279191686148491824e-02 2.780956184396678882e-02
-9.957269773042091154e-01 8.830401730667737648e-02 2.702201917783121632e-02
-9.952588563601783012e-01 9.365673009913896840e-02 2.623410078637066281e-02
-9.947769300353576094e-01 9.885010473286459654e-02 2.544638561418538850e-02
-9.942836416458080695e-01 1.038843289464143199e-01 2.465944868836538253e-02
-9.937813457083257696e-01 1.087597256960315256e-01 2.387386063943456455e-02
-9.932723053909682243e-01 1.134767500788890077e-01 2.309018725103815367e-02
-9.927586902955345405e-01 1.180359862219548667e-01 2.230898903750955925e-02
-9.922425745673333353e-01 1.224381441509411333e-01 2.153082084833823906e-02
-9.917259353265606148e-01 1.266840566527313583e-01 2.075623149845954099e-02
-9.912106514146896696e-01 1.307746761435878702e-01 1.998576342320153992e-02
-9.906985024484388225e-01 1.347110715543254900e-01 1.921995235665211951e-02
-9.901911681731269121e-01 1.384944252425162337e-01 1.845932703215152210e-02
-9.896902281065549367e-01 1.421260299406660599e-01 1.770440890357118102e-02
-9.891971614639536448e-01 1.456072857481899852e-01 1.695571188600808465e-02
-9.887133473540126172e-01 1.489396971739122000e-01 1.621374211450490183e-02
-9.882400652355501913e-01 1.521248702347409165e-01 1.547899771939879876e-02
-9.877784956239928915e-01 1.551645096151194891e-01 1.475196861690583616e-02
-9.873297210365012955e-01 1.580604158908415491e-01 1.403313631356221600e-02
-9.868947271643047081e-01 1.608144828198438403e-01 1.332297372316784689e-02
-9.864744042605821939e-01 1.634286947016602987e-01 1.262194499491084421e-02
-9.860695487320517705e-01 1.659051238063388722e-01 1.193050535139306839e-02
-9.856808649222947860e-01 1.682459278727914120e-01 1.124910093532573326e-02
-9.853089670747493534e-01 1.704533476757702781e-01 1.057816866371980545e-02
