1.000000000000000000e+00 0.000000000000000000e+00 0.000000000000000000e+00
9.999999998243079835e-01 -7.737572639336777545e-06 1.707383158445524476e-05
9.999999983340520648e-01 -2.674634203021209646e-05 5.115211031792572089e-05
9.999999929496030671e-01 -6.054412161678425161e-05 1.021529801326844802e-04
9.999999792102615137e-01 -1.126303369177161762e-04 1.699822000354313614e-04
9.999999502184350186e-01 -1.864834669608173815e-04 2.545332395739224787e-04
9.999998959715176161e-01 -2.855585060154531641e-04 3.556873828972473674e-04
9.999998025851463135e-01 -4.132844471311096263e-04 4.733138412277773785e-04
9.999996514119567914e-01 -5.730617888814984635e-04 6.072698735487978752e-04
9.999994180603937188e-01 -7.682600665942550602e-04 7.574009152997106774e-04
9.999990713185459290e-01 -1.002215409218172679e-03 9.235407148606219075e-04
9.999985719883757174e-01 -1.278228122844678617e-03 1.105511477600262284e-03
9.999978716360898856e-01 -1.599560301759676145e-03 1.303124017255645603e-03
9.999969112647589808e-01 -1.969433467757799542e-03 1.516177914408759278e-03
9.999956199156309067e-01 -2.391026238305503458e-03 1.744461681824963995e-03
9.999939132048997203e-01 -2.867472023994226127e-03 1.987752936419721027e-03
9.999916918029871926e-01 -3.401856755582142837e-03 2.245818577624764979e-03
9.999888398636657127e-01 -3.997216640784827593e-03 2.518414971931912626e-03
9.999852234105984783e-01 -4.656535950843508805e-03 2.805288143402286105e-03
9.999806886890989510e-01 -5.382744836776543092e-03 3.106173969940793315e-03
9.999750604911109564e-01 -6.178717175107269199e-03 3.420798385150134509e-03
9.999681404615854419e-01 -7.047268442761435783e-03 3.748877585595293896e-03
9.999597053945821212e-01 -7.991153620741788671e-03 4.090118243328270085e-03
9.999495055275487987e-01 -9.013065126117908443e-03 4.444217723543546564e-03
9.999372628423298659e-01 -1.011563077181768140e-02 4.810864307257282750e-03
9.999226693815326250e-01 -1.130141175367433033e-02 5.189737418927223463e-03
9.999053855889251663e-01 -1.257290066417115874e-02 5.580507858955637696e-03
9.998850386825647307e-01 -1.393251953233625232e-02 5.982838041043913799e-03
9.998612210693502700e-01 -1.538261788927237569e-02 6.396382234394534100e-03
9.998334888096639395e-01 -1.692547085886406469e-02 6.820786810783679467e-03
9.998013601407098605e-01 -1.856327727328507121e-02 7.255690496555373611e-03
9.997643140670747774e-01 -2.029815781303535155e-02 7.700724629615587902e-03
9.997217890269265439e-01 -2.213215317136783475e-02 8.155513421531679005e-03
9.996731816421293715e-01 -2.406722224312137295e-02 8.619674224868636644e-03
9.996178455603906832e-01 -2.610524033815712908e-02 9.092817805918538068e-03
9.995550903973630108e-01 -2.824799741980088194e-02 9.574548623002908376e-03
9.994841807864052186e-01 -3.049719636892245928e-02 1.006446511054912701e-02
9.994043355434616416e-01 -3.285445127453470726e-02 1.056215996916119206e-02
9.993147269542398403e-01 -3.532128575206694432e-02 1.106722046192167193e-02
9.992144801905665785e-01 -3.789913129076010606e-02 1.157922871717532304e-02
9.991026728624676778e-01 -4.058932563194085630e-02 1.209776203805519243e-02
9.989783347121569124e-01 -4.339311118025818842e-02 1.262239321901880221e-02
9.988404474557275314e-01 -4.631163345030570033e-02 1.315269086966493715e-02
9.986879447779223318e-01 -4.934593955140360866e-02 1.368821974610035311e-02
9.985197124849070072e-01 -5.249697671367387769e-02 1.422854109012013264e-02
9.983345888194957718e-01 -5.576559085890639422e-02 1.477321297645524216e-02
9.981313649427696610e-01 -5.915252522008108971e-02 1.532179066832591030e-02
9.979087855854934519e-01 -6.265841901377661172e-02 1.587382698151954680e-02
9.976655498721717086e-01 -6.628380617005733000e-02 1.642887265718699641e-02
9.974003123199953746e-01 -7.002911412478306230e-02 1.698647674352090839e-02
9.971116840143089410e-01 -7.389466267962674362e-02 1.754618698644474714e-02
9.967982339615868437e-01 -7.788066293540961416e-02 1.810755022940067557e-02
9.964584906202371695e-01 -8.198721630466825061e-02 1.867011282227907382e-02
9.960909436088606350e-01 -8.621431360964817991e-02 1.923342103948205359e-02
9.956940455908780407e-01 -9.056183427217150139e-02 1.979702150705812957e-02
9.952662143337090983e-01 -9.502954560204623924e-02 2.036046163878529186e-02
9.948058349399352407e-01 -9.961710219087016593e-02 2.092329008101560806e-02
9.943112622471159678e-01 -1.043240454182263327e-01 2.148505716602618770e-02
9.937808233921544554e-01 -1.091498030773696837e-01 2.204531537354947890e-02
9.932128205353242256e-01 -1.140936891275585452e-01 2.260361980008073965e-02
9.926055337382830857e-01 -1.191549035801900414e-01 2.315952863548255414e-02
9.919572239896109478e-01 -1.243325325258504283e-01 2.371260364632616843e-02
9.912661363706254392e-01 -1.296255483092878524e-01 2.426241066532750651e-02
9.905305033534518300e-01 -1.350328098591540016e-01 2.480852008615284585e-02
9.897485482225593101e-01 -1.405530631791405138e-01 2.535050736278576800e-02
9.889184886102306837e-01 -1.461849420068545291e-01 2.588795351256395483e-02
9.880385401357061337e-01 -1.519269686464342906e-01 2.642044562191226548e-02
9.871069201370457069e-01 -1.577775549805008892e-01 2.694757735371823212e-02
9.861218514840924820e-01 -1.637350036665745356e-01 2.746894945521819592e-02
9.850815664602906585e-01 -1.697975095225554565e-01 2.798417026518775635e-02
9.839843107005307177e-01 -1.759631611052815958e-01 2.849285621915962491e-02
9.828283471716628972e-01 -1.822299424855286787e-01 2.899463235132621053e-02
9.816119601818374951e-01 -1.885957352221177552e-01 2.948913279172419785e-02
9.803334594044120776e-01 -1.950583205370413076e-01 2.997600125724441886e-02
9.789911839018096140e-01 -2.016153816927176157e-01 3.045489153496363371e-02
9.775835061344224641e-01 -2.082645065716378641e-01 3.092546795625565267e-02
9.761088359394426428e-01 -2.150031904577859587e-01 3.138740586010854705e-02
9.745656244643586819e-01 -2.218288390182931724e-01 3.184039204405279128e-02
9.729523680398015628e-01 -2.287387714828448271e-01 3.228412520109283368e-02
9.712676119764440674e-01 -2.357302240173903551e-01 3.271831634103192915e-02
9.695099542707651397e-01 -2.428003532877278381e-01 3.314268919458783491e-02
9.676780492046854754e-01 -2.499462402075474099e-01 3.355698059871509847e-02
9.657706108243607757e-01 -2.571648938645321181e-01 3.396094086157848413e-02
9.637864162837860293e-01 -2.644532556171368953e-01 3.435433410566179208e-02
9.617243090393191585e-01 -2.718082033537052022e-01 3.473693858754661051e-02
9.595832018817727072e-01 -2.792265559046457901e-01 3.510854699295677672e-02
9.573620797933428683e-01 -2.867050775974863686e-01 3.546896670573564808e-02
9.550600026173492463e-01 -2.942404829437568203e-01 3.581802004950511431e-02
9.526761075295396841e-01 -3.018294414458350672e-01 3.615554450084653565e-02
9.502096113005633615e-01 -3.094685825111263555e-01 3.648139287294439870e-02
9.476598123401382967e-01 -3.171545004602439599e-01 3.679543346874273452e-02
9.450260925144171598e-01 -3.248837596152254759e-01 3.709755020278126397e-02
9.423079187290945846e-01 -3.326528994532573225e-01 3.738764269100255944e-02
9.395048442718808568e-01 -3.404584398108992938e-01 3.766562630795183136e-02
9.366165099090950630e-01 -3.482968861234020386e-01 3.793143221092672157e-02
9.336426447322877520e-01 -3.561647346833993755e-01 3.818500733077452580e-02
9.305830667519880972e-01 -3.640584779030369700e-01 3.842631432917761186e-02
9.274376832368711465e-01 -3.719746095634707261e-01 3.865533152241344000e-02
9.242064907978474464e-01 -3.799096300356346045e-01 3.887205277172213480e-02
9.208895752177879146e-01 -3.878600514562384194e-01 3.907648734056139161e-02
9.174871110287923237e-01 -3.958224028431107100e-01 3.926865971917395393e-02
9.139993608400927005e-01 -4.037932351342512494e-01 3.944860941703640794e-02
9.104338321915402821e-01 -4.117562772066026278e-01 3.958543330069540928e-02
9.067939466478829313e-01 -4.197025975608154602e-01 3.967958007990966124e-02
9.030833660876810276e-01 -4.276234792672399809e-01 3.973153695923855450e-02
8.993059836530167273e-01 -4.355104316226908190e-01 3.974182768686068679e-02
8.954659137681935110e-01 -4.433552007993932786e-01 3.971101051226139100e-02
8.915674813152673073e-01 -4.511497794432580144e-01 3.963967606368948293e-02
8.876152100570776637e-01 -4.588864151864152086e-01 3.952844515669613062e-02
8.836138104003722349e-01 -4.665576180468784528e-01 3.937796654536757784e-02
8.795681665926546877e-01 -4.741561666962060828e-01 3.918891462804832693e-02
8.754833234465502212e-01 -4.816751135839835163e-01 3.896198711942486931e-02
8.713644726848072120e-01 -4.891077889157754988e-01 3.869790270080491340e-02
8.672169389975794562e-01 -4.964478034888039071e-01 3.839739866028892695e-02
8.630461659014043718e-01 -5.036890503969190247e-01 3.806122853429497882e-02
8.588577014863736370e-01 -5.108257056233758142e-01 3.769015976157213954e-02
8.546571841344363651e-01 -5.178522275464433333e-01 3.728497136042948495e-02
8.504503282876588743e-01 -5.247633553889112790e-01 3.684645163942611851e-02
8.462429103406512443e-01 -5.315541066480663490e-01 3.637539595122162711e-02
8.420407547263395465e-01 -5.382197735476674794e-01 3.587260449868556744e-02
8.378497202588834902e-01 -5.447559185578190188e-01 3.533888020171865874e-02
8.336756867918889702e-01 -5.511583690324185492e-01 3.477502663255716692e-02
8.295245422442143468e-01 -5.574232110170305177e-01 3.418184602662485694e-02
8.254021700396906303e-01 -5.635467822826150108e-01 3.356013737527335089e-02
8.213144370010351247e-01 -5.695256646425282954e-01 3.291069460602048108e-02
8.172671817321979226e-01 -5.753566756116329506e-01 3.223430485516582539e-02
8.132662035174001991e-01 -5.810368594672271625e-01 3.153174683694061342e-02
8.093172517592583937e-01 -5.865634777718583548e-01 3.080378931264277087e-02
8.054260159726815971e-01 -5.919339994179610986e-01 3.005118966252356277e-02
8.015981163457283065e-01 -5.971460902536861459e-01 2.927469256253538432e-02
7.978390948733480315e-01 -6.021976023483089913e-01 2.847502876742593475e-02
7.941544070649410036e-01 -6.070865629542698816e-01 2.765291400107608780e-02
7.905494142219759990e-01 -6.118111632212350770e-01 2.680904795443074529e-02
7.870293762775261159e-01 -6.163697467156389331e-01 2.594411339086610119e-02
7.835994451855335940e-01 -6.207607977970026614e-01 2.505877535837522721e-02
7.802646588439021702e-01 -6.249829298999763916e-01 2.415368050753750884e-02
7.770299355321504953e-01 -6.290348737685572678e-01 2.322945651386692373e-02
7.739000688413365525e-01 -6.329154656863403838e-01 2.228671160280931360e-02
7.708797230712810533e-01 -6.366236357439976068e-01 2.132603417537899670e-02
7.679734290677723285e-01 -6.401583961824902635e-01 2.034799253218926365e-02
7.651855804704155162e-01 -6.435188298478401459e-01 1.935313469343795389e-02
7.625204303400804351e-01 -6.467040787906360721e-01 1.834198831225642909e-02
7.599820881335018763e-01 -6.497133330408763063e-01 1.731506067871585453e-02
7.575745169914651633e-01 -6.525458195862581245e-01 1.627283881170607863e-02
7.553015313061655078e-01 -6.552007915796558279e-01 1.521578963585707225e-02
7.531667945327376046e-01 -6.576775177992891797e-01 1.414436024065785294e-02
7.511738172095981936e-01 -6.599752723830013545e-01 1.305897821894022939e-02
7.493259551521146422e-01 -6.620933248561461371e-01 1.196005208193148470e-02
7.476264077841867639e-01 -6.640309304708466032e-01 1.084797174813805637e-02
7.460782165725953208e-01 -6.657873208728373182e-01 9.723109103398382483e-03
7.446842635294125268e-01 -6.673616951107488315e-01 8.585818629534079649e-03
7.434472697483757164e-01 -6.687532110015412812e-01 7.436438099131510368e-03
7.423618803026508228e-01 -6.699695080126804037e-01 6.300614395199556628e-03
7.414270745332249835e-01 -6.710134698175121981e-01 5.178533590229167545e-03
7.406416732792706625e-01 -6.718878958249182576e-01 4.070379166375037716e-03
7.400043445974716638e-01 -6.725955041201095996e-01 2.976332988873755386e-03
7.395136092478604706e-01 -6.731389347550611468e-01 1.896576227238952993e-03
7.391678459567442294e-01 -6.735207533636038413e-01 8.312902238158401472e-04
7.389652964684891856e-01 -6.737434550772573028e-01 -2.193426906207521839e-04
7.389040703989617764e-01 -6.738094687188828091e-01 -1.255138434455235069e-03
7.389821499042973363e-01 -6.737211612521555315e-01 -2.275910466166355429e-03
7.391973941793895664e-01 -6.734808424656985038e-01 -3.281469128709101502e-03
7.395475438010810088e-01 -6.730907698714793108e-01 -4.271621047395752872e-03
7.400302249314829606e-01 -6.725531537977459395e-01 -5.246168581288805123e-03
7.406429533971792267e-01 -6.718701626573676533e-01 -6.204909328085786609e-03
7.413831386602738327e-01 -6.710439283729522364e-01 -7.147635682448510303e-03
7.422480876973288622e-01 -6.700765519405336157e-01 -8.074134447705433662e-03
7.432350088022210421e-01 -6.689701091139648170e-01 -8.984186500834047753e-03
7.443410153288134712e-01 -6.677266561924155575e-01 -9.877566510609179021e-03
7.455631293891137323e-01 -6.663482358935637340e-01 -1.075404270878137052e-02
7.468982855222541239e-01 -6.648368832951926377e-01 -1.161337671412593711e-02
7.483433343492089662e-01 -6.631946318279645647e-01 -1.245532340917669505e-02
7.498950462276401385e-01 -6.614235193021430481e-01 -1.327963086942769537e-02
7.515501149206523790e-01 -6.595255939509874210e-01 -1.408604034475061627e-02
7.533051612925409923e-01 -6.575029204734538224e-01 -1.487428629273395558e-02
7.551567370438262428e-01 -6.553575860587077528e-01 -1.564409646360207656e-02
7.571013284970006252e-01 -6.530917063748022944e-01 -1.639519203631686906e-02
7.591353604434626368e-01 -6.507074315037022494e-01 -1.712728780540186471e-02
7.612552000610806058e-01 -6.482069518046543743e-01 -1.784009241795753500e-02
7.634571609107259071e-01 -6.455925036877200318e-01 -1.853330866025720836e-02
7.657375070189365029e-01 -6.428663752791154984e-01 -1.920663379322516684e-02
7.680924570526280748e-01 -6.400309119598461827e-01 -1.985975993600214151e-02
7.705181885904607286e-01 -6.370885217589969951e-01 -2.049237449669882860e-02
7.730108424941024570e-01 -6.340416805829467428e-01 -2.110416064932518418e-02
7.755665273812133442e-01 -6.308929372617305686e-01 -2.169479785576283390e-02
7.781813242005054532e-01 -6.276449183937841125e-01 -2.226396243152017895e-02
7.808512909077325315e-01 -6.243003329703762372e-01 -2.281132815387556731e-02
7.835724672399236868e-01 -6.208619767611812668e-01 -2.333656691087382731e-02
7.863408795836195342e-01 -6.173327364426678399e-01 -2.383934938949658702e-02
7.891525459312923596e-01 -6.137155934512903421e-01 -2.431934580117796341e-02
7.920034809185589886e-01 -6.100136275438736710e-01 -2.477622664268578148e-02
7.948897009332204222e-01 -6.062300200480836843e-01 -2.520966349023547395e-02
7.978072292856126513e-01 -6.023680567864792001e-01 -2.561932982455063235e-02
8.007521014282273919e-01 -5.984311306583526280e-01 -2.600490188443240272e-02
8.037203702110805592e-01 -5.944227438643855388e-01 -2.636605954625077103e-02
8.067081111578779939e-01 -5.903465097600733014e-01 -2.670248722662595803e-02
8.097114277466658239e-01 -5.862061543249116324e-01 -2.701387480542931374e-02
8.127264566773719778e-01 -5.820055172354847706e-01 -2.729991856610160597e-02
8.157493731074547672e-01 -5.777485525318448722e-01 -2.756032215016432363e-02
8.187763958357914262e-01 -5.734393288679273670e-01 -2.779479752268800355e-02
8.218037924139722783e-01 -5.690820293381942951e-01 -2.800306594538217939e-02
8.248278841633291947e-01 -5.646809508742332007e-01 -2.818485895388593565e-02
8.278512551503111050e-01 -5.602298977071906716e-01 -2.836832939748090351e-02
8.308734797900945157e-01 -5.557283228478527848e-01 -2.855333294021454929e-02
8.338941019725644166e-01 -5.511757034934831045e-01 -2.873972222790741743e-02
8.369126352123281709e-01 -5.465715421475593194e-01 -2.892734693181605796e-02
8.399285628422810124e-01 -5.419153677479364717e-01 -2.911605379762835857e-02
8.429413382522811249e-01 -5.372067368018784705e-01 -2.930568669999221790e-02
8.459503851744505365e-01 -5.324452345262733477e-01 -2.949608670277401382e-02
8.489550980165664340e-01 -5.276304759912217035e-01 -2.968709212523775592e-02
8.519548422449507719e-01 -5.227621072650610046e-01 -2.987853861432910457e-02
8.549489548181978815e-01 -5.178398065587600518e-01 -3.007025922324057035e-02
8.579367446730027380e-01 -5.128632853674921499e-01 -3.026208449642508666e-02
8.609174932632678301e-01 -5.078322896070684989e-01 -3.045384256121482641e-02
8.638904551535696585e-01 -5.027466007427899841e-01 -3.064535922619045574e-02
8.668548586679616363e-01 -4.976060369081520274e-01 -3.083645808643314251e-02
8.698099065949750353e-01 -4.924104540107215877e-01 -3.102696063577730853e-02
8.727547769495532792e-01 -4.871597468223863858e-01 -3.121668638616657138e-02
8.756886237925215477e-01 -4.818538500510705092e-01 -3.140545299419831432e-02
8.786105781080472132e-01 -4.764927393909033637e-01 -3.159307639492415359e-02
8.815197487393927611e-01 -4.710764325477319048e-01 -3.177937094295380654e-02
8.844152233830984144e-01 -4.656049902367758730e-01 -3.196414956088915182e-02
8.872960696415563842e-01 -4.600785171491423853e-01 -3.214722389509291900e-02
8.901613361337583630e-01 -4.544971628838435640e-01 -3.232840447877310952e-02
8.930100536638038156e-01 -4.488611228418974974e-01 -3.250750090233964912e-02
8.958412364465582201e-01 -4.431706390790400296e-01 -3.268432199096400065e-02
8.986538833896423606e-01 -4.374260011135348569e-01 -3.285867598924569616e-02
9.014469794307196082e-01 -4.316275466855406528e-01 -3.303037075286200525e-02
9.042194969288274153e-01 -4.257756624644803423e-01 -3.319921394704826445e-02
9.069703971082719862e-01 -4.198707847008568139e-01 -3.336501325172702703e-02
9.096986315533761580e-01 -4.139133998189741814e-01 -3.352757657307410544e-02
9.124031437521338272e-01 -4.079040449470546226e-01 -3.368671226127888108e-02
9.150828706865884454e-01 -4.018433083812874007e-01 -3.384222933422537799e-02
9.177367444675146313e-01 -3.957318299804106210e-01 -3.399393770678916377e-02
9.203636940107420283e-01 -3.895703014875076531e-01 -3.414164842541392297e-02
9.229626467522236144e-01 -3.833594667757989627e-01 -3.428517390760011524e-02
9.255325303987149699e-01 -3.771001220153276656e-01 -3.442432818590713400e-02
9.280722747106985304e-01 -3.707931157575727332e-01 -3.455892715603973986e-02
9.305808133139613636e-01 -3.644393489351774318e-01 -3.468878882855938595e-02
9.330570855360127425e-01 -3.580397747741532188e-01 -3.481373358373198584e-02
9.355000382633179568e-01 -3.515953986161106104e-01 -3.493358442899525268e-02
9.379086278151206324e-01 -3.451072776482759785e-01 -3.504816725850169040e-02
9.402818218294349828e-01 -3.385765205392811672e-01 -3.515731111416772053e-02
9.426186011566103362e-01 -3.320042869789545659e-01 -3.526084844763521103e-02
9.449179617557046384e-01 -3.253917871206037926e-01 -3.535861538252939307e-02
9.471789165887564144e-01 -3.187402809245536428e-01 -3.545045197637673728e-02
9.494004975079088915e-01 -3.120510774019945033e-01 -3.553620248152824374e-02
9.515817571302289668e-01 -3.053255337584986906e-01 -3.561571560441761236e-02
9.537217706949669971e-01 -2.985650544368788073e-01 -3.568884476247042442e-02
9.558196378979303409e-01 -2.917710900593881163e-01 -3.575544833796977934e-02
9.578744846975907334e-01 -2.849451362695997192e-01 -3.581538992817578232e-02
9.598854650875177086e-01 -2.780887324746450506e-01 -3.586853859099149722e-02
9.618517628297222899e-01 -2.712034604888420297e-01 -3.591476908546577251e-02
9.637725931435171534e-01 -2.642909430800983728e-01 -3.595396210642479856e-02
9.656472043445398779e-01 -2.573528424208325616e-01 -3.598600451252853549e-02
9.674748794286576192e-01 -2.503908584455115105e-01 -3.601078954705581869e-02
9.692549375955649138e-01 -2.434067271172619118e-01 -3.602821705073314812e-02
9.709867357070076643e-01 -2.364022186063628184e-01 -3.603819366593631612e-02
9.726696696747120230e-01 -2.293791353837757174e-01 -3.604063303161181980e-02
9.743031757732693032e-01 -2.223393102332064664e-01 -3.603545596828591074e-02
9.758867318734233409e-01 -2.152846041855237813e-01 -3.602259065255337261e-02
9.774198585914295467e-01 -2.082169043796760488e-01 -3.600197278046539384e-02
9.789021203503969204e-01 -2.011381218545527372e-01 -3.597354571926635741e-02
9.803331263497930825e-01 -1.940501892765242598e-01 -3.593726064696266265e-02
9.817125314395797053e-01 -1.869550586076647591e-01 -3.589307667924272055e-02
9.830400368957539214e-01 -1.798546987199133862e-01 -3.584096098330605967e-02
9.843153910943976959e-01 -1.727510929606592971e-01 -3.578088887820043973e-02
9.855383900816808707e-01 -1.656462366754430371e-01 -3.571284392130918972e-02
9.867088780376218615e-01 -1.585421346936498888e-01 -3.563681798067631218e-02
9.878267476317817986e-01 -1.514407987832288860e-01 -3.555281129290365633e-02
9.888919402694498206e-01 -1.443442450806027288e-01 -3.546083250640304912e-02
9.899044462272689193e-01 -1.372544915020380563e-01 -3.536089870983573358e-02
9.908643046776510754e-01 -1.301735551428217230e-01 -3.525303544562202046e-02
9.917716036017314440e-01 -1.231034496706370496e-01 -3.513727670845511603e-02
9.926264795910176852e-01 -1.160461827195525819e-01 -3.501366492880442216e-02
9.934291175382953254e-01 -1.090037532910266838e-01 -3.488225094144514760e-02
9.941797502187511570e-01 -1.019781491682922731e-01 -3.474309393910209043e-02
9.948786577626764771e-01 -9.497134435041916511e-02 -3.459626141134600208e-02
9.955261670215006520e-01 -8.798529651225668602e-02 -3.444182906893063917e-02
9.961226508292886361e-01 -8.102194449633648432e-02 -3.427988075380714733e-02
9.966685271622044429e-01 -7.408320584266726849e-02 -3.411050833509939040e-02
9.971642581988016119e-01 -6.717097436217875361e-02 -3.393381159136939912e-02
9.976103492843413356e-01 -6.028711775937437706e-02 -3.374989807954544008e-02
9.980073478026634248e-01 -5.343347530953111713e-02 -3.355888299092650573e-02
9.983558419594422695e-01 -4.661185559554319180e-02 -3.336088899471603003e-02
9.986564594809429485e-01 -3.982403430924447152e-02 -3.315604606957383432e-02
9.989098662326585387e-01 -3.307175212176564211e-02 -3.294449132370898259e-02
9.991167647624479287e-01 -2.635671262718677563e-02 -3.272636880406688820e-02
9.992778927730117111e-01 -1.968058036343715844e-02 -3.250182929519167957e-02
9.993940215287353546e-01 -1.304497891407336782e-02 -3.227103010836935432e-02
9.994659542020951637e-01 -6.451489094235909362e-03 -3.203413486167856067e-02
9.994945241649623169e-01 9.835277625359472448e-05 -3.179131325159402499e-02
9.994805932302565088e-01 6.603056510036718965e-03 -3.154274081680222275e-02
9.994250498494867685e-01 1.306117959733363483e-02 -3.128859869490051293e-02
9.993288072717810833e-01 1.947132865710817645e-02 -3.102907337265907797e-02
9.991928016700396542e-01 2.583216079270968940e-02 -3.076435643052996202e-02
9.990179902398591549e-01 3.214238485076478108e-02 -3.049464428208917971e-02
9.988053492768600439e-01 3.840076258243363405e-02 -3.022013790909660810e-02
9.985558722380093455e-01 4.460610970648111462e-02 -2.994104259285390937e-02
9.982705677924693655e-01 5.075729687394035100e-02 -2.965756764253352218e-02
9.979504578674177617e-01 5.685325053446464716e-02 -2.936992612114169843e-02
9.975965756941786999e-01 6.289295370477059055e-02 -2.907833456976595399e-02
9.972120090250726765e-01 6.886004962261867146e-02 -2.874897587906073346e-02
9.967985690971246093e-01 7.474665237148150898e-02 -2.838224064702583524e-02
9.963582220751362462e-01 8.054498787691991013e-02 -2.797854885680917808e-02
9.958930796376423977e-01 8.624740122028151657e-02 -2.753834894474801662e-02
9.954053889197416183e-01 9.184636343837834782e-02 -2.706211682208334648e-02
9.948975218625516481e-01 9.733447778866552436e-02 -2.655035485698905087e-02
9.943719640206548638e-01 1.027044854642009813e-01 -2.600359082376173248e-02
9.938313028801032400e-01 1.079492707475090407e-01 -2.542237682615765965e-02
9.932782157403536871e-01 1.130618655973491121e-01 -2.480728820193977419e-02
9.927154572139180733e-01 1.180354536672583582e-01 -2.415892241571101356e-02
9.921458463975429964e-01 1.228633737595474923e-01 -2.347789794706152747e-02
9.915722537684171778e-01 1.275391227231392755e-01 -2.276485318094860488e-02
9.909975878582493181e-01 1.320563578082089851e-01 -2.202044530706185124e-02
9.904247817571061319e-01 1.364088984949778649e-01 -2.124534923470504377e-02
9.898567794976693701e-01 1.405907278181903197e-01 -2.044025652945369309e-02
9.892965223691043697e-01 1.445959932127429126e-01 -1.960587437752713685e-02
9.887469352080586749e-01 1.484190069096015807e-01 -1.874292458345007406e-02
9.882109127124700798e-01 1.520542459145198533e-01 -1.785214260617469170e-02
9.876913058218890207e-01 1.554963516051364736e-01 -1.693427663839545613e-02
9.871909082059553420e-01 1.587401289847693575e-01 -1.599008673331845862e-02
9.867124429005438291e-01 1.617805456336238734e-01 -1.502034398265007786e-02
9.862585491289473927e-01 1.646127304001867020e-01 -1.402582974905037042e-02
9.858317693433313877e-01 1.672319718772780628e-01 -1.300733495575864471e-02
9.854345365196047757e-01 1.696337167085809894e-01 -1.196565943554678615e-02
9.850691617368364517e-01 1.718135677724575983e-01 -1.090161134059351375e-02
9.847378220704351426e-01 1.737672822904995085e-01 -9.816006614303866840e-03
9.844425488265248214e-01 1.754907699085483386e-01 -8.709668525526289423e-03
9.841852161433113366e-01 1.769800907978661964e-01 -7.583427265047962100e-03
9.839675299837661315e-01 1.782314538237435020e-01 -6.438119603680719956e-03
9.837910175426661796e-01 1.792412148281082029e-01 -5.274588610687804338e-03
9.836570170899324728e-01 1.800058750716566347e-01 -4.093683430748559088e-03
9.835666682713158915e-01 1.805220798796679793e-01 -2.896259117116472756e-03
9.835209028867862857e-01 1.807866175340027970e-01 -1.683176518098082001e-03
9.835204361664919848e-01 1.807964184518280337e-01 -4.553022134683455246e-04
9.835657585638680755e-01 1.805485546893658422e-01 7.864915030556831037e-04
9.836571280853715349e-01 1.800402398064397946e-01 2.041326599634682177e-03
9.837945631764016818e-01 1.792688291247972743e-01 3.308319245223705594e-03
9.839778361832081099e-01 1.782318204101292769e-01 4.586579716816353153e-03
9.842064674109766154e-01 1.769268550043963106e-01 5.875212280648473527e-03
9.844797197987931181e-01 1.753517194315084293e-01 7.173315053366538172e-03
9.847965942327940869e-01 1.735043474956083354e-01 8.479979849508694628e-03
9.851558255194846625e-01 1.713828228871743797e-01 9.794292021956831767e-03
9.855558790419187698e-01 1.689853823079072725e-01 1.111533030229347810e-02
9.859949481221468304e-01 1.663104191208971683e-01 1.244216664823547328e-02
9.864709521140156978e-01 1.633564875278993023e-01 1.377386610551448697e-02
9.869815352510106221e-01 1.601223072706887407e-01 1.510948669172986793e-02
9.875240662743204334e-01 1.566067688484315823e-01 1.644807930980899877e-02
9.880956388666455315e-01 1.528089392378204348e-01 1.778868769877144443e-02
9.886930729174057131e-01 1.487280680973922242e-01 1.913034842950242162e-02
9.893129166449078360e-01 1.443635944320029174e-01 2.047209095319552086e-02
9.899500536174101750e-01 1.397303219112527028e-01 2.177910623072592741e-02
9.905999082799498145e-01 1.348350746540643574e-01 2.305049646732783980e-02
9.912578127666131778e-01 1.296848871684686821e-01 2.428538120808835382e-02
9.919190304424011506e-01 1.242870067118955896e-01 2.548289863948918071e-02
9.925787795862002216e-01 1.186488949799620468e-01 2.664220698268182988e-02
9.932322571420417745e-01 1.127782290454815844e-01 2.776248596916999420e-02
9.938746624613420400e-01 1.066829014759375083e-01 2.884293838860001874e-02
9.945012209545402992e-01 1.003710195648872261e-01 2.988279169746283631e-02
9.951072075665997607e-01 9.385090362066075831e-02 3.088129967669867373e-02
9.956879699872892564e-01 8.713108426423275821e-02 3.183774412547929478e-02
9.962389515041270016e-01 8.022029869722778483e-02 3.275143657783102097e-02
9.967557134034191746e-01 7.312748591059355097e-02 3.362172002826441936e-02
9.972339568230572660e-01 6.586178081446887600e-02 3.444797065220162047e-02
9.976695439597127457e-01 5.843250728009417860e-02 3.522959950674686008e-02
9.980585185328603171e-01 5.084917009516674163e-02 3.596605419723648139e-02
9.983971254087123937e-01 4.312144584472681064e-02 3.665682049503554002e-02
9.986818292887110760e-01 3.525917274036340088e-02 3.730142389222297628e-02
9.989093323697162408e-01 2.727233943113625825e-02 3.789943107912720210e-02
9.990765908864671641e-01 1.917107284000379996e-02 3.845045133113871028e-02
9.991808304512768135e-01 1.096562507960713133e-02 3.895413779183390379e-02
9.992195601112242587e-01 2.666359510868025057e-03 3.941018864019001783e-02
9.991905850493053576e-01 -5.716263983101979237e-03 3.981834813054944272e-02
9.990920178630431359e-01 -1.417170442692519162e-02 4.017840749499414915e-02
9.989222883618723570e-01 -2.268935579828406865e-02 4.049020569890769000e-02
9.986801518331306360e-01 -3.125856359352741781e-02 4.075363004172165293e-02
9.983646957356154816e-01 -3.986864181270789037e-02 4.096861659615221724e-02
9.979753447892993901e-01 -4.850889025851623515e-02 4.113515048061564677e-02
9.975118644398296430e-01 -5.716861203999157315e-02 4.125326596095377912e-02
9.969743626867498820e-01 -6.583713116944481247e-02 4.132304637908444656e-02
9.963632902748480458e-01 -7.450381013976334343e-02 4.134462390770021062e-02
9.956794392585299747e-01 -8.315806736918122943e-02 4.131817913165397593e-02
9.949239399595153355e-01 -9.178939440169645025e-02 4.124394045817372789e-02
9.940982563483211631e-01 -1.003873727535739835e-01 4.112218335952371601e-02
9.932041798898220142e-01 -1.089416902997536879e-01 4.095322945315831714e-02
9.922438219025335737e-01 -1.174421570984327950e-01 4.073744542578142808e-02
9.912196044900488667e-01 -1.258787205575475077e-01 4.047524180901370533e-02
9.901342501111726202e-01 -1.342414798532566289e-01 4.016707161556779676e-02
9.889907698626493326e-01 -1.425206995177422664e-01 3.981342884592625753e-02
9.877924505549041667e-01 -1.507068221215861481e-01 3.941484687649717683e-02
9.865428406668415029e-01 -1.587904799845495929e-01 3.897189674107985613e-02
9.852457352704329097e-01 -1.667625058576628350e-01 3.848518531820082494e-02
9.839051600195443115e-01 -1.746139425290030578e-01 3.795535343747369339e-02
9.825253543001819523e-01 -1.823360513152866014e-01 3.738307391859246182e-02
9.811107536410829111e-01 -1.899203194113058268e-01 3.676904955688607701e-02
9.796659714843449773e-01 -1.973584660791869727e-01 3.611401106954287288e-02
9.781957804156194980e-01 -2.046424476693229633e-01 3.541871501666081501e-02
9.767050929523096725e-01 -2.117644614745395060e-01 3.468394171119667385e-02
9.751989419862862052e-01 -2.187169484284867405e-01 3.391049313168127688e-02
9.736824609749077375e-01 -2.254925946683246085e-01 3.309919085124581051e-02
9.721608639706901256e-01 -2.320843319904088708e-01 3.225087399607397959e-02
9.706347704690154732e-01 -2.384999293540528698e-01 3.139948232876409173e-02
9.691076454506999394e-01 -2.447393223466994283e-01 3.054565490677646142e-02
9.675828438866097558e-01 -2.508025998004228541e-01 2.969002407445842096e-02
9.660636064303539383e-01 -2.566899986342033313e-01 2.883321496585010066e-02
9.645530555624718394e-01 -2.624018986709875101e-01 2.797584505687183629e-02
9.630541921783127846e-01 -2.679388174557353341e-01 2.711852376529733447e-02
9.615698926103501964e-01 -2.733014050989484023e-01 2.626185209672576501e-02
9.601029060743799803e-01 -2.784904391684135394e-01 2.540642233459886393e-02
9.586558525279339493e-01 -2.835068196500978854e-01 2.455281777216573869e-02
9.572312209282723972e-01 -2.883515639973106004e-01 2.370161248417756994e-02
9.558313678765101296e-01 -2.930258022854197453e-01 2.285337113599606590e-02
9.544585166337641313e-01 -2.975307724875922988e-01 2.200864882772259404e-02
9.531147564946828021e-01 -3.018678158852222682e-01 2.116799097089812343e-02
9.518020425033140164e-01 -3.060383726249412129e-01 2.033193319528671730e-02
9.505221954959879316e-01 -3.100439774323724973e-01 1.950100128323586229e-02
9.492769024557150548e-01 -3.138862554911063252e-01 1.867571112910448167e-02
9.480677171625241373e-01 -3.175669184937455758e-01 1.785656872126262923e-02
9.468960611241791225e-01 -3.210877608703049391e-01 1.704407014419462643e-02
9.457632247718030793e-01 -3.244506561977484882e-01 1.623870159827825801e-02
9.446703689051008102e-01 -3.276575537930233595e-01 1.544093943486567200e-02
9.436185263720909822e-01 -3.307104754905955124e-01 1.465125020435550061e-02
9.426086039685299678e-01 -3.336115126042196177e-01 1.387009071501924332e-02
9.416413845425237739e-01 -3.363628230714807432e-01 1.309790810042722742e-02
9.407175292901709396e-01 -3.389666287785307319e-01 1.233513989340912290e-02
9.398375802284535396e-01 -3.414252130614108260e-01 1.158221410458033090e-02
9.390019628319861145e-01 -3.437409183793987411e-01 1.083954930356739732e-02
9.382109888206378034e-01 -3.459161441549481464e-01 1.010755470117211466e-02
9.374648590854550712e-01 -3.479533447739966978e-01 9.386630230824317966e-03
9.367636667407266415e-01 -3.498550277397053931e-01 8.677166627786742775e-03
9.361074002904423708e-01 -3.516237519720556426e-01 7.979545504690883917e-03
9.354959468978002457e-01 -3.532621262451690058e-01 7.294139422100031842e-03
9.349290957468081587e-01 -3.547728077537261049e-01 6.621311952913745691e-03
9.344065414854054730e-01 -3.561585007994436114e-01 5.961417739546504002e-03
9.339278877398888845e-01 -3.574219555882187649e-01 5.314802542931509194e-03
9.334926506907731403e-01 -3.585659671282688810e-01 4.681803282518164251e-03
9.331002627005382521e-01 -3.595933742193727634e-01 4.062748066548080988e-03
9.327500759840190447e-01 -3.605070585231648916e-01 3.457956212009212146e-03
9.324413663124747620e-01 -3.613099437043323925e-01 2.867738253780440123e-03
9.321733367426369155e-01 -3.620049946325231693e-01 2.292395942589290497e-03
9.319451213622743646e-01 -3.625952166347841676e-01 1.732222231513094344e-03
9.317557890440345547e-01 -3.630836547884109256e-01 1.187501250858539548e-03
9.316043471995226755e-01 -3.634733932442001381e-01 6.585082713558728078e-04
9.314897455257634684e-01 -3.637675545702545032e-01 1.455096557017514051e-04
9.314108797363602754e-01 -3.639692991066892369e-01 -3.512372014213347013e-04
9.313665952698190198e-01 -3.640818243218321704e-01 -8.314839446312617156e-04
9.313556909676508067e-01 -3.641083641607890664e-01 -1.294991340134670106e-03
9.313769227149960583e-01 -3.640521883775629242e-01 -1.741529368632962170e-03
9.314290070366437746e-01 -3.639166018422665405e-01 -2.170877328384752860e-03
9.315106246414380786e-01 -3.637049438153478476e-01 -2.582823947891864109e-03
9.316204239081846694e-01 -3.634205871811584942e-01 -2.977167507609139365e-03
9.317570243062898161e-01 -3.630669376336310150e-01 -3.353715970016583284e-03
9.319190197444875423e-01 -3.626474328072891162e-01 -3.712287117335757742e-03
9.321049818411376586e-01 -3.621655413472953389e-01 -4.052708696121069994e-03
9.323134631097153013e-01 -3.616247619127377355e-01 -4.374818567910626448e-03
9.325430000532578534e-01 -3.610286221078700675e-01 -4.678464865080817978e-03
9.327921161616945511e-01 -3.603806773365457183e-01 -4.963506151013720100e-03
9.330593248061591627e-01 -3.596845095756199817e-01 -5.229811583656820799e-03
9.333431320245745288e-01 -3.589437260636388904e-01 -5.477261081530480913e-03
9.336420391930099205e-01 -3.581619579016781518e-01 -5.705745491219887597e-03
9.339545455775378757e-01 -3.573428585637449806e-01 -5.915166755375045847e-03
9.342791507615716418e-01 -3.564901023147016290e-01 -6.105438080234473069e-03
9.346143569439346876e-01 -3.556073825342138672e-01 -6.276484101685617101e-03
9.349586711032119579e-01 -3.546984099457628492e-01 -6.428241048877553383e-03
9.353106070242538372e-01 -3.537669107502877663e-01 -6.560656904408992789e-03
9.356686871830479646e-01 -3.528166246645418336e-01 -6.673691560126946386e-03
9.360314444865450723e-01 -3.518513028647455299e-01 -6.767316967588343432e-03
9.363974238644190429e-01 -3.508747058366079585e-01 -6.841517282258238568e-03
9.367651837101593770e-01 -3.498906011332523769e-01 -6.896289000543749832e-03
9.371332971693366876e-01 -3.489027610430293080e-01 -6.931641088792275286e-03
9.375003532733446887e-01 -3.479149601696241989e-01 -6.947595103415545210e-03
9.378649579174067608e-01 -3.469309729272654352e-01 -6.944185301337391092e-03
9.382257346821410993e-01 -3.459545709542130032e-01 -6.921458740002392820e-03
9.385813254984979315e-01 -3.449895204480553090e-01 -6.879475366224508531e-03
9.389303911564217398e-01 -3.440395794266585816e-01 -6.818308093198996618e-03
9.392716116581427688e-01 -3.431084949189054933e-01 -6.738042865047082219e-03
9.396036864175634218e-01 -3.422000000896177618e-01 -6.638778708310507162e-03
9.399253343077790257e-01 -3.413178113032891425e-01 -6.520627769861961701e-03
9.402352935593469851e-01 -3.404656251314555071e-01 -6.383715340747064988e-03
9.405323215125023228e-01 -3.396471153086990102e-01 -6.228179865523647031e-03
9.408151942270969181e-01 -3.388659296424250122e-01 -6.054172936714233115e-03
9.410827059546197360e-01 -3.381256868816630012e-01 -5.861859274037494599e-03
9.413336684772281027e-01 -3.374299735502279129e-01 -5.651416688133611109e-03
9.415669103192855216e-01 -3.367823407496366439e-01 -5.423036028546757842e-03
9.417812758374539683e-01 -3.361863009372071387e-01 -5.176921115774853373e-03
9.419756241959278409e-01 -3.356453246847783678e-01 -4.913288657242102786e-03
9.421488282339167686e-01 -3.351628374234763008e-01 -4.632368147093419465e-03
9.422997732329848608e-01 -3.347422161799198381e-01 -4.334401749751296516e-03
9.424273555923307066e-01 -3.343867863092108150e-01 -4.019644167214933908e-03
9.425304814205420767e-01 -3.340998182299876329e-01 -3.688362490118204419e-03
9.426080650527802751e-01 -3.338845241667439123e-01 -3.340836032597285787e-03
9.426590275027387777e-01 -3.337440549045251337e-01 -2.977356151050329375e-03
9.426822948590755091e-01 -3.336814965610200301e-01 -2.598226046900393212e-03
9.426767966363379658e-01 -3.336998673809606908e-01 -2.203760553498935841e-03
9.426414640906789488e-01 -3.338021145576404725e-01 -1.794285907330554937e-03
9.425752285109016970e-01 -3.339911110862526233e-01 -1.370139503700322373e-03
9.424770194955712777e-01 -3.342696526536486079e-01 -9.316696371031892021e-04
9.423457632270799689e-01 -3.346404545690138121e-01 -4.792352264905897397e-04
9.421803807536661690e-01 -3.351061487398651617e-01 -1.320552566273737113e-05
9.419797862904447650e-01 -3.356692806976879773e-01 4.660401809736020745e-04
9.417428855505223240e-01 -3.363323066774535630e-01 9.581128970326496623e-04
9.414685741172366118e-01 -3.370975907551926887e-01 1.462614246905438037e-03
9.411557358684735641e-01 -3.379674020477489438e-01 1.979136822380375867e-03
9.408032414638841656e-01 -3.389439119787958088e-01 2.507264542859518990e-03
9.404099469056389493e-01 -3.400291916151771399e-01 3.046573028896698305e-03
9.399746921831235724e-01 -3.412252090776207725e-01 3.596629988779210477e-03
9.394963000116982599e-01 -3.425338270298807219e-01 4.156995617870317544e-03
9.389735746753076207e-01 -3.439568002503828326e-01 4.727223010424999421e-03
9.384053009823477565e-01 -3.454957732904833656e-01 5.306858583585900326e-03
9.377902433437672602e-01 -3.471522782234977567e-01 5.895442513259866769e-03
9.371271449818988630e-01 -3.489277324887170018e-01 6.492509181567501959e-03
9.364147272779974607e-01 -3.508234368346997423e-01 7.097587635548524218e-03
9.356516892658884865e-01 -3.528405733662081101e-01 7.710202056793995055e-03
9.348367072785211951e-01 -3.549802036992425469e-01 8.329872241662497623e-03
9.339684347535649467e-01 -3.572432672287210731e-01 8.956114091720765794e-03
9.330455022034952473e-01 -3.596305795134431826e-01 9.588440114029882916e-03
9.320665173548849936e-01 -3.621428307830690252e-01 1.022635993087586681e-02
9.310300654608504312e-01 -3.647805845719337414e-01 1.086938079851793373e-02
9.299347097898050807e-01 -3.675442764845965882e-01 1.151700813449908593e-02
9.287789922928472164e-01 -3.704342130980950443e-01 1.216874605303168259e-02
9.275614344512550513e-01 -3.734505710059285444e-01 1.282409790793539138e-02
9.262805383046872620e-01 -3.765933960088347909e-01 1.348256684256643988e-02
9.249347876597950879e-01 -3.798626024574371929e-01 1.414365634613548757e-02
9.235226494780424122e-01 -3.832579727518330426e-01 1.480687081576684966e-02
9.220425754406105234e-01 -3.867791570031539616e-01 1.547171612360448423e-02
9.204930036873419930e-01 -3.904256728620615902e-01 1.613770018822036773e-02
9.188723607257476278e-01 -3.941969055190350235e-01 1.680433354952892006e-02
9.171790635051800811e-01 -3.980921078811654468e-01 1.747112994635745611e-02
9.154115216503608821e-01 -4.021104009299887316e-01 1.813760689576760649e-02
9.135681398475463677e-01 -4.062507742646598308e-01 1.880328627316671733e-02
9.116473203757355925e-01 -4.105120868345017437e-01 1.946769489219212987e-02
9.096474657744633152e-01 -4.148930678646420844e-01 2.013036508329521176e-02
9.075669816388941546e-01 -4.193923179780841282e-01 2.079083526989694217e-02
9.054042795321379788e-01 -4.240083105171438271e-01 2.144865054093325618e-02
9.031577800039551907e-01 -4.287393930667200426e-01 2.210336321855685404e-02
9.008259157043135845e-01 -4.335837891813537626e-01 2.275453341971353169e-02
8.984071345796019736e-01 -4.385396003174707458e-01 2.340172961026594500e-02
8.958999031387091527e-01 -4.436048079715984027e-01 2.404452915029666252e-02
8.933027097756390811e-01 -4.487772760246973580e-01 2.468251882918625836e-02
8.906140681348628796e-01 -4.540547532920579110e-01 2.531529538903152382e-02
8.878325205052107760e-01 -4.594348762774845829e-01 2.594246603494432951e-02
8.849566412277813932e-01 -4.649151721297296036e-01 2.656364893075387895e-02
8.819850401031026355e-01 -4.704930617983456020e-01 2.717847367862455746e-02
8.789163657826134513e-01 -4.761658633853117495e-01 2.778658178109885343e-02
8.757493091294586973e-01 -4.819307956879541610e-01 2.838762708408025179e-02
8.724826065335976599e-01 -4.877849819278322063e-01 2.898127619928517543e-02
8.691150431663221543e-01 -4.937254536594088972e-01 2.956720890471594906e-02
8.656454561594669750e-01 -4.997491548514676474e-01 3.014511852173896306e-02
8.620727376948695841e-01 -5.058529461333887145e-01 3.071471226739360197e-02
8.583958379899992996e-01 -5.120336091975636883e-01 3.127571158060826056e-02
8.546137681661283292e-01 -5.182878513484093785e-01 3.182785242105978102e-02
8.507296115844326101e-01 -5.246067015509028320e-01 3.235642853281945480e-02
8.467442146976803530e-01 -5.309843355872777559e-01 3.286140690818897120e-02
8.426585433154683002e-01 -5.374149607715117405e-01 3.334278277747664693e-02
8.384736831431079951e-01 -5.438928252753806314e-01 3.380057922857223479e-02
8.341908398089864507e-01 -5.504122272709828234e-01 3.423484676404207894e-02
8.298113383869510917e-01 -5.569675238594206101e-01 3.464566279732363141e-02
8.253366224231587500e-01 -5.635531397562379974e-01 3.503313108990821489e-02
8.207682524796012791e-01 -5.701635757053450382e-01 3.539738113169876160e-02
8.161079042091499147e-01 -5.767934165944911262e-01 3.573856746701233045e-02
8.113573659794367510e-01 -5.834373392468755748e-01 3.605686896896288796e-02
8.065185360651867530e-01 -5.900901198651834489e-01 3.635248806520564868e-02
8.015934194307188232e-01 -5.967466411061936871e-01 3.662564991824825145e-02
7.965841241262350270e-01 -6.034018987661048383e-01 3.687660156373415155e-02
7.914928573231989617e-01 -6.100510080588418260e-01 3.710561101027853165e-02
7.863219210155628636e-01 -6.166892094718215978e-01 3.731296630458535296e-02
7.810737074148306203e-01 -6.233118741859494660e-01 3.749897456569502990e-02
7.757506940679371743e-01 -6.299145090489660648e-01 3.766396099230527594e-02
7.703554387276824178e-01 -6.364927610936419455e-01 3.780826784717223471e-02
7.648905740059814828e-01 -6.430424215947126987e-01 3.793225342263561312e-02
7.593588018404885398e-01 -6.495594296608239171e-01 3.803629099132031788e-02
7.537628878052196058e-01 -6.560398753601085486e-01 3.812076774604866020e-02
7.481056552956545369e-01 -6.624800023803194549e-01 3.818608373295266645e-02
7.423899796184458832e-01 -6.688762102266700982e-01 3.823265078170652587e-02
7.366187820153150545e-01 -6.752250559626863380e-01 3.826089143670598214e-02
7.307950236499859420e-01 -6.815232555014170135e-01 3.827123789290631795e-02
7.249216995861117452e-01 -6.877676844562852221e-01 3.826413093989520370e-02
7.190018327830988154e-01 -6.939553785626711990e-01 3.824001891762286720e-02
7.130384681355480536e-01 -7.000835336829868139e-01 3.819935668704192017e-02
7.070346665807263342e-01 -7.061495054095348056e-01 3.814260461872475555e-02
7.009934992970729972e-01 -7.121508082808206685e-01 3.807022760232989939e-02
6.949180420152503146e-01 -7.180851146282131170e-01 3.798269407958196342e-02
6.888113694616811999e-01 -7.239502530709148731e-01 3.788047510321546768e-02
6.826765499529001691e-01 -7.297442066781156811e-01 3.776404342411235349e-02
6.765166401573875499e-01 -7.354651108179532937e-01 3.763387260863887418e-02
6.703346800398799488e-01 -7.411112507135045879e-01 3.749043618796169680e-02
6.641336880014662158e-01 -7.466810587264743893e-01 3.733420684089691632e-02
6.579166562271000496e-01 -7.521731113895516740e-01 3.716565561162171044e-02
6.516865462505038176e-01 -7.575861262085570313e-01 3.698525116335740770e-02
6.454462847448101392e-01 -7.629189582555329086e-01 3.679345906891697687e-02
6.391987595457042648e-01 -7.681705965738244712e-01 3.659074113880018270e-02
6.329468159122975113e-01 -7.733401604159778620e-01 3.637755478731749537e-02
6.266932530294868631e-01 -7.784268953349559039e-01 3.615435243702997542e-02
6.204408207541529663e-01 -7.834301691487381980e-01 3.592158096160807251e-02
6.141922166062132593e-01 -7.883494677978557519e-01 3.567968116703798542e-02
6.079500830042936510e-01 -7.931843911148088733e-01 3.542908731094076419e-02
6.017170047446096515e-01 -7.979346485236439301e-01 3.517022665961699185e-02
5.954955067205591757e-01 -8.026000546872340546e-01 3.490351908228919720e-02
5.892880518795293732e-01 -8.071805251190217190e-01 3.462937668188513507e-02
5.830970394125059020e-01 -8.116760717751535514e-01 3.434820346158795612e-02
5.769248031712481684e-01 -8.160867986420764497e-01 3.406039502627390692e-02
5.707736103070548683e-01 -8.204128973337747599e-01 3.376633831786464424e-02
5.646456601244927986e-01 -8.246546427119243461e-01 3.346641138353911860e-02
5.585430831428914722e-01 -8.288123885413227754e-01 3.316098317567899717e-02
5.524679403579209058e-01 -8.328865631920364665e-01 3.285041338236163733e-02
5.464222226951586103e-01 -8.368776653987882730e-01 3.253505228716486314e-02
5.404078506472183019e-01 -8.407862600872051395e-01 3.221524065700816231e-02
5.344266740857492870e-01 -8.446129742756495196e-01 3.189130965672470897e-02
5.284804722394208509e-01 -8.483584930604863850e-01 3.156358078903719749e-02
5.225709538288703104e-01 -8.520235556917875597e-01 3.123236585859751752e-02
5.166997573495208940e-01 -8.556089517456492155e-01 3.089796695874501634e-02
5.108684514931562948e-01 -8.591155173985064453e-01 3.056067647964005873e-02
5.050785356991654984e-01 -8.625441318080653286e-01 3.022077713643795890e-02
4.993314408264504789e-01 -8.658957136047464864e-01 2.987854201618287547e-02
4.936285299371030999e-01 -8.691712174968428961e-01 2.953423464212103292e-02
4.879710991831122113e-01 -8.723716309919405942e-01 2.918810905415730392e-02
4.823603787875479498e-01 -8.754979712365338340e-01 2.884040990420802877e-02
4.767975341118843580e-01 -8.785512819751915004e-01 2.849137256523558148e-02
4.712836668013619112e-01 -8.815326306300910186e-01 2.814122325278603162e-02
4.658198160005521671e-01 -8.844431055012358378e-01 2.779017915788972726e-02
4.604069596315649715e-01 -8.872838130872126028e-01 2.743844859022550459e-02
4.550460157276328133e-01 -8.900558755259179167e-01 2.708623113049178632e-02
4.497378438151107827e-01 -8.927604281542975695e-01 2.673371779097189274e-02
4.444832463372441755e-01 -8.953986171857890586e-01 2.638109118332598868e-02
4.392829701133752485e-01 -8.979715975038409237e-01 2.602852569268787608e-02
4.341377078275835411e-01 -9.004805305695963158e-01 2.567618765719097140e-02
4.290480995410784204e-01 -9.029265824415779740e-01 2.532423555209408622e-02
4.240147342229865224e-01 -9.053109219049870759e-01 2.497282017772371743e-02
4.190381512944985620e-01 -9.076347187080352485e-01 2.462208485049520446e-02
4.141188421816570653e-01 -9.098991419025636018e-01 2.427216559632014437e-02
4.092572518723797126e-01 -9.121053582860594311e-01 2.392319134575179515e-02
4.044537804736184072e-01 -9.142545309420662125e-01 2.357528413026339226e-02
3.997087847648520542e-01 -9.163478178758873716e-01 2.322855927909656115e-02
3.950225797444022469e-01 -9.183863707424086975e-01 2.288312561615798643e-02
3.903954401653401685e-01 -9.203713336628130959e-01 2.253908565648212944e-02
3.858276020580242993e-01 -9.223038421269209586e-01 2.219653580181610297e-02
3.813192642365698659e-01 -9.241850219778717790e-01 2.185556653491958767e-02
3.768705897867991039e-01 -9.260159884758550897e-01 2.151626261220801126e-02
3.724817075334613259e-01 -9.277978454376072381e-01 2.117870325440097609e-02
3.681527134847391025e-01 -9.295316844484116103e-01 2.084296233487013469e-02
3.638836722522730271e-01 -9.312185841433694433e-01 2.050910856541135474e-02
3.596746184451428685e-01 -9.328596095547490030e-01 2.017720567919507532e-02
3.555255580364367063e-01 -9.344558115222726391e-01 1.984731261067631744e-02
3.514364697012222760e-01 -9.360082261632556300e-01 1.951948367227170772e-02
3.474073061249071670e-01 -9.375178743995761232e-01 1.919376872763543448e-02
3.434379952811348891e-01 -9.389857615385239775e-01 1.887021336138891212e-02
3.395284416785154247e-01 -9.404128769046510294e-01 1.854885904518055809e-02
3.356785275756287712e-01 -9.418001935198236918e-01 1.822974329997210235e-02
3.318881141638711507e-01 -9.431486678287599457e-01 1.791289985446667399e-02
3.281570427178341354e-01 -9.444592394674169444e-01 1.759835879961127794e-02
3.244851357130197900e-01 -9.457328310716827113e-01 1.728614673912244604e-02
3.208748435882038952e-01 -9.469695487180961324e-01 1.697087178441697430e-02
3.173269566520173224e-01 -9.481699702751277270e-01 1.665268712012584265e-02
3.138422283527761425e-01 -9.493346785797589504e-01 1.633173867164684767e-02
3.104213766502410543e-01 -9.504642599845006812e-01 1.600816516889857002e-02
3.070650854001060193e-01 -9.515593029691123972e-01 1.568209821387845163e-02
3.037740057485307510e-01 -9.526203968155434465e-01 1.535366235153561021e-02
3.005487575341888040e-01 -9.536481303444938051e-01 1.502297514349161534e-02
2.973899306954566613e-01 -9.546430907118821363e-01 1.469014724416488858e-02
2.942980866805227080e-01 -9.556058622634114874e-01 1.435528247887655519e-02
2.912737598583443055e-01 -9.565370254453381405e-01 1.401847792353745452e-02
2.883174589285283362e-01 -9.574371557694743018e-01 1.367982398553748216e-02
2.854296683283534808e-01 -9.583068228303933678e-01 1.333940448547944746e-02
2.826108496352912058e-01 -9.591465893727511016e-01 1.299729673942017633e-02
2.798614429635178924e-01 -9.599570104065928700e-01 1.265357164130155414e-02
2.771818683530395955e-01 -9.607386323684798946e-01 1.230829374527360985e-02
2.745725271501762710e-01 -9.614919923262394974e-01 1.196152134763057463e-02
2.720338033782725984e-01 -9.622176172251214465e-01 1.161330656809901780e-02
2.695660650976162143e-01 -9.629160231731284103e-01 1.126369543023471829e-02
2.671696657536540842e-01 -9.635877147632769812e-01 1.091272794070185723e-02
2.648449455127010466e-01 -9.642331844305427335e-01 1.056043816722437335e-02
2.625922325844328165e-01 -9.648529118412406680e-01 1.020685431501494773e-02
2.604118445305478868e-01 -9.654473633125968401e-01 9.851998801502068540e-03
2.583040895590696939e-01 -9.660169912602732945e-01 9.495888329189999116e-03
2.562692678038422378e-01 -9.665622336716181984e-01 9.138533956500194053e-03
2.543076725888465672e-01 -9.670835136024248380e-01 8.779941166455883239e-03
2.524195916770370918e-01 -9.675812386949967925e-01 8.420109933084094639e-03
2.506053085034600225e-01 -9.680558007153323707e-01 8.059034785421413313e-03
2.488651033924759448e-01 -9.685075751072564909e-01 7.696704869021272002e-03
2.471992547589616784e-01 -9.689369205613468372e-01 7.333104004871540682e-03
2.456080402934149309e-01 -9.693441785965161150e-01 6.968210745641714027e-03
2.440917381309283540e-01 -9.697296731521310997e-01 6.601998429189070983e-03
2.426506280040369168e-01 -9.700937101885650504e-01 6.234435229262836990e-03
2.412849923794753160e-01 -9.704365772940958257e-01 5.865484203354692262e-03
2.399951175789092062e-01 -9.707585432960789129e-01 5.495103337652925031e-03
2.387812948837265137e-01 -9.710598578743351306e-01 5.123245589066171939e-03
2.376438216239920853e-01 -9.713407511747089718e-01 4.749858924291110694e-03
2.365830022516811071e-01 -9.716014334207614400e-01 4.374886355906625925e-03
2.355991493983141949e-01 -9.718420945215724416e-01 3.998265975484967087e-03
2.346925849171186129e-01 -9.720629036736322393e-01 3.619930983718279947e-03
2.338636409098377167e-01 -9.722640089548091336e-01 3.239809717566643002e-03
2.331126607383025573e-01 -9.724455369083796485e-01 2.857825674441450640e-03
2.324400000208664829e-01 -9.726075921151107195e-01 2.473897533445688739e-03
2.318460276137857823e-01 -9.727502567513777176e-01 2.087939173700380496e-03
2.313311265776056003e-01 -9.728735901312982604e-01 1.699859689794322969e-03
2.308956951285818793e-01 -9.729776282308538748e-01 1.309563404402197193e-03
2.305401475751359675e-01 -9.730623831919588129e-01 9.169498781242920501e-04
2.302649152392988174e-01 -9.731278428044232154e-01 5.219139166094911506e-04
2.300704473630559299e-01 -9.731739699637390606e-01 1.243455750318692783e-04
2.299572119994532926e-01 -9.732007021025989024e-01 -2.758698399997024835e-04
2.299256968882665841e-01 -9.732079505940330888e-01 -6.788517710100690043e-04
2.299729838036513319e-01 -9.731964185770677345e-01 -1.076855990412448495e-03
2.300980562509508942e-01 -9.731663401547154812e-01 -1.470010138687222623e-03
2.302999173262736399e-01 -9.731179251900003990e-01 -1.858436038072447307e-03
2.305775887528922763e-01 -9.730513603672810152e-01 -2.242249756791370435e-03
2.309301099148925451e-01 -9.729668102156895371e-01 -2.621561672025162631e-03
2.313565368890646845e-01 -9.728644180972617628e-01 -2.996476531577723767e-03
2.318559414759524540e-01 -9.727443071622419168e-01 -3.367093514193431145e-03
2.324274102309044077e-01 -9.726065812739572713e-01 -3.733506288501775138e-03
2.330700434959097900e-01 -9.724513259055709291e-01 -4.095803070575072986e-03
2.337829544329462772e-01 -9.722786090109383217e-01 -4.454066680096927140e-03
2.345652680595185502e-01 -9.720884818717091536e-01 -4.808374595149853686e-03
2.354161202870245218e-01 -9.718809799227408064e-01 -5.158799005640640235e-03
2.363346569625502103e-01 -9.716561235578088374e-01 -5.505406865391497193e-03
2.373200329146632204e-01 -9.714139189175272637e-01 -5.848259942934074321e-03
2.383714110037496170e-01 -9.711543586613166079e-01 -6.187414871051883855e-03
2.394879611774180517e-01 -9.708774227251883993e-01 -6.522923195124719249e-03
2.406688595314787349e-01 -9.705830790670422203e-01 -6.854831420336261923e-03
2.419132873769928027e-01 -9.702712844011053273e-01 -7.183181057813325596e-03
2.432204303138788826e-01 -9.699419849230763724e-01 -7.508008669772059905e-03
2.445894773115593335e-01 -9.695951170274688113e-01 -7.829345913753013933e-03
2.460196197971265819e-01 -9.692306080185856265e-01 -8.147219586033227837e-03
2.475100507515118620e-01 -9.688483768164906085e-01 -8.461651664309519441e-03
2.490599638141426098e-01 -9.684483346592801523e-01 -8.772659349752885000e-03
2.506685523965815343e-01 -9.680303858028936892e-01 -9.080255108539426329e-03
2.523350088056494633e-01 -9.675944282196404789e-01 -9.384446712968522175e-03
2.540585233765454976e-01 -9.671403542965552047e-01 -9.685237282283999313e-03
2.558382836164901919e-01 -9.666680515346337543e-01 -9.982625323318962060e-03
2.576734733594330806e-01 -9.661774032499362841e-01 -1.027660477108958449e-02
2.595632719323810456e-01 -9.656682892774821614e-01 -1.056716502946765043e-02
2.615068533339220958e-01 -9.651405866787957644e-01 -1.085429101206591279e-02
2.635033854255366959e-01 -9.645941704539005013e-01 -1.113796318347443429e-02
2.655520291363082652e-01 -9.640289142584890225e-01 -1.141815760098999037e-02
2.676519376816645090e-01 -9.634446911269355374e-01 -1.169484595698426672e-02
2.698022557968009494e-01 -9.628413742017452037e-01 -1.196799562206013468e-02
2.720021189854581189e-01 -9.622188374699695013e-01 -1.223756968914853881e-02
2.742506527847454190e-01 -9.615769565070464431e-01 -1.250352701870158928e-02
2.765469720467235715e-01 -9.609156092284517614e-01 -1.276582228514028597e-02
2.788901802374778027e-01 -9.602346766494774810e-01 -1.302440602471787584e-02
2.812793687544338783e-01 -9.595340436533781325e-01 -1.327922468496214176e-02
2.837136162626857638e-01 -9.588135997680502509e-01 -1.353022067586197655e-02
2.861919880511227254e-01 -9.580732399513341990e-01 -1.377733242296528583e-02
2.887135354091586725e-01 -9.573128653849475311e-01 -1.402049442255673233e-02
2.912772950248817549e-01 -9.565323842769791751e-01 -1.425963729908486140e-02
2.938822884054546614e-01 -9.557317126727932211e-01 -1.449468786500888486e-02
2.965275213206079452e-01 -9.549107752741040622e-01 -1.472556918323572085e-02
2.992119832700765869e-01 -9.540695062659028114e-01 -1.495220063231783060e-02
3.019346469758379947e-01 -9.532078501508265411e-01 -1.517449797458185132e-02
3.046944679000126444e-01 -9.523257625904726353e-01 -1.539237342735710889e-02
3.074903837892906111e-01 -9.514232112530733865e-01 -1.560573573747159326e-02
3.103213142467459718e-01 -9.505001766668521590e-01 -1.581449025918108334e-02
3.131861603318957799e-01 -9.495566530782922898e-01 -1.601853903569458448e-02
3.160838041898529904e-01 -9.485926493144553051e-01 -1.621778088445621074e-02
3.190131087104110530e-01 -9.476081896483921074e-01 -1.641211148634003081e-02
3.219729172178826815e-01 -9.466033146665954190e-01 -1.660142347891015516e-02
3.249620531924967137e-01 -9.455780821373460654e-01 -1.678560655389346040e-02
3.279793200241336582e-01 -9.445325678787119816e-01 -1.696454755900684772e-02
3.310235007991535472e-01 -9.434668666248611224e-01 -1.713813060427474624e-02
3.340933581210382974e-01 -9.423810928892571992e-01 -1.730623717296565778e-02
3.371876339655352495e-01 -9.412753818232104663e-01 -1.746874623726892006e-02
3.403050495709479817e-01 -9.401498900681634074e-01 -1.762553437882459495e-02
3.434443053641756949e-01 -9.390047965999996915e-01 -1.777647591421022480e-02
3.466040809230534481e-01 -9.378403035635726193e-01 -1.792144302547842710e-02
3.497830349754910695e-01 -9.366566370955631271e-01 -1.806030589582865997e-02
3.529798054358503356e-01 -9.354540481336898194e-01 -1.819293285048515299e-02
3.561930094789357848e-01 -9.342328132102115656e-01 -1.831919050284080974e-02
3.594212436519083620e-01 -9.329932352275833729e-01 -1.843894390591402019e-02
3.626630840243569853e-01 -9.317356442140491968e-01 -1.855205670915163751e-02
3.659170863766877391e-01 -9.304603980568867394e-01 -1.865839132059691347e-02
3.691817864269092420e-01 -9.291678832109486752e-01 -1.875780907442604895e-02
3.724557000958073072e-01 -9.278585153800860130e-01 -1.885017040384108847e-02
3.757373238104144697e-01 -9.265327401689816833e-01 -1.893533501929032734e-02
3.790251348455864200e-01 -9.251910337028736997e-01 -1.901316209197011220e-02
3.823175917034036253e-01 -9.238339032126029471e-01 -1.908351044254402024e-02
3.856131345300159441e-01 -9.224618875823855646e-01 -1.914623873499687878e-02
3.889101855694496734e-01 -9.210755578576810265e-01 -1.920120567552206781e-02
3.922071496537909985e-01 -9.196755177105069290e-01 -1.924827021632095556e-02
3.955024147290570058e-01 -9.182624038595397220e-01 -1.928729176417328522e-02
3.987943524159585085e-01 -9.168368864423365183e-01 -1.931813039361695086e-02
4.020813186046526821e-01 -9.153996693370225479e-01 -1.934064706455482577e-02
4.053616540824765413e-01 -9.139514904308010390e-01 -1.935470384408534070e-02
4.086336851935461478e-01 -9.124931218326729487e-01 -1.936016413233225195e-02
4.118957245290013613e-01 -9.110253700277866074e-01 -1.935689289202784796e-02
4.151460716465714684e-01 -9.095490759708881878e-01 -1.934475688158240891e-02
4.183830138180372193e-01 -9.080651151164004231e-01 -1.932362489135157693e-02
4.216048268030646029e-01 -9.065743973827269375e-01 -1.929336798279211729e-02
4.248097756477932085e-01 -9.050778670484607158e-01 -1.925385973017576524e-02
4.279961155064697098e-01 -9.035765025782672710e-01 -1.920497646451028648e-02
4.311620924843337366e-01 -9.020713163763174336e-01 -1.914659751929688111e-02
4.343059444998830232e-01 -9.005633544652584810e-01 -1.907860547773350055e-02
4.374259021645721113e-01 -8.990536960888406703e-01 -1.900088642095481423e-02
4.405201896779339377e-01 -8.975434532364532370e-01 -1.891333017688143908e-02
4.435870257360549629e-01 -8.960337700879729139e-01 -1.881583056923383235e-02
4.466246244512867003e-01 -8.945258223774880113e-01 -1.870828566624988323e-02
4.496311962810351504e-01 -8.930208166746321785e-01 -1.859059802863008426e-02
4.526049489634408896e-01 -8.915199895824414966e-01 -1.846267495622006330e-02
4.555440884577419136e-01 -8.900246068508403940e-01 -1.832442873292741692e-02
4.584468198871028966e-01 -8.885359624050599425e-01 -1.817577686935837461e-02
4.613113484816963594e-01 -8.870553772885029220e-01 -1.801664234264973435e-02
