1.000000000000000000e+00 0.000000000000000000e+00 0.000000000000000000e+00
1.000000000000000000e+00 0.000000000000000000e+00 0.000000000000000000e+00
1.000000000000000000e+00 0.000000000000000000e+00 0.000000000000000000e+00
1.000000000000000000e+00 0.000000000000000000e+00 0.000000000000000000e+00
1.000000000000000000e+00 0.000000000000000000e+00 0.000000000000000000e+00
1.000000000000000000e+00 0.000000000000000000e+00 0.000000000000000000e+00
1.000000000000000000e+00 0.000000000000000000e+00 0.000000000000000000e+00
1.000000000000000000e+00 0.000000000000000000e+00 0.000000000000000000e+00
1.000000000000000000e+00 0.000000000000000000e+00 0.000000000000000000e+00
1.000000000000000000e+00 0.000000000000000000e+00 0.000000000000000000e+00
1.000000000000000000e+00 0.000000000000000000e+00 0.000000000000000000e+00
1.000000000000000000e+00 0.000000000000000000e+00 0.000000000000000000e+00
1.000000000000000000e+00 0.000000000000000000e+00 0.000000000000000000e+00
1.000000000000000000e+00 0.000000000000000000e+00 0.000000000000000000e+00
1.000000000000000000e+00 0.000000000000000000e+00 0.000000000000000000e+00
1.000000000000000000e+00 0.000000000000000000e+00 0.000000000000000000e+00
1.000000000000000000e+00 0.000000000000000000e+00 0.000000000000000000e+00
1.000000000000000000e+00 0.000000000000000000e+00 0.000000000000000000e+00
1.000000000000000000e+00 0.000000000000000000e+00 0.000000000000000000e+00
1.000000000000000000e+00 0.000000000000000000e+00 0.000000000000000000e+00
1.000000000000000000e+00 0.000000000000000000e+00 0.000000000000000000e+00
1.000000000000000000e+00 0.000000000000000000e+00 0.000000000000000000e+00
1.000000000000000000e+00 0.000000000000000000e+00 0.000000000000000000e+00
1.000000000000000000e+00 0.000000000000000000e+00 0.000000000000000000e+00
1.000000000000000000e+00 0.000000000000000000e+00 0.000000000000000000e+00
1.000000000000000000e+00 0.000000000000000000e+00 0.000000000000000000e+00
1.000000000000000000e+00 0.000000000000000000e+00 0.000000000000000000e+00
1.000000000000000000e+00 0.000000000000000000e+00 0.000000000000000000e+00
1.000000000000000000e+00 0.000000000000000000e+00 0.000000000000000000e+00
1.000000000000000000e+00 0.000000000000000000e+00 0.000000000000000000e+00
1.000000000000000000e+00 0.000000000000000000e+00 0.000000000000000000e+00
1.000000000000000000e+00 0.000000000000000000e+00 0.000000000000000000e+00
1.000000000000000000e+00 0.000000000000000000e+00 0.000000000000000000e+00
1.000000000000000000e+00 0.000000000000000000e+00 0.000000000000000000e+00
1.000000000000000000e+00 0.000000000000000000e+00 0.000000000000000000e+00
1.000000000000000000e+00 0.000000000000000000e+00 0.000000000000000000e+00
1.000000000000000000e+00 0.000000000000000000e+00 0.000000000000000000e+00
1.000000000000000000e+00 0.000000000000000000e+00 0.000000000000000000e+00
1.000000000000000000e+00 0.000000000000000000e+00 0.000000000000000000e+00
1.000000000000000000e+00 0.000000000000000000e+00 0.000000000000000000e+00
1.000000000000000000e+00 0.000000000000000000e+00 0.000000000000000000e+00
1.000000000000000000e+00 0.000000000000000000e+00 0.000000000000000000e+00
1.000000000000000000e+00 0.000000000000000000e+00 0.000000000000000000e+00
1.000000000000000000e+00 0.000000000000000000e+00 0.000000000000000000e+00
1.000000000000000000e+00 0.000000000000000000e+00 0.000000000000000000e+00
1.000000000000000000e+00 0.000000000000000000e+00 0.000000000000000000e+00
1.000000000000000000e+00 0.000000000000000000e+00 0.000000000000000000e+00
1.000000000000000000e+00 0.000000000000000000e+00 0.000000000000000000e+00
1.000000000000000000e+00 0.000000000000000000e+00 0.000000000000000000e+00
1.000000000000000000e+00 0.000000000000000000e+00 0.000000000000000000e+00
1.000000000000000000e+00 0.000000000000000000e+00 0.000000000000000000e+00
1.000000000000000000e+00 0.000000000000000000e+00 0.000000000000000000e+00
1.000000000000000000e+00 0.000000000000000000e+00 0.000000000000000000e+00
1.000000000000000000e+00 0.000000000000000000e+00 0.000000000000000000e+00
1.000000000000000000e+00 0.000000000000000000e+00 0.000000000000000000e+00
1.000000000000000000e+00 0.000000000000000000e+00 0.000000000000000000e+00
1.000000000000000000e+00 0.000000000000000000e+00 0.000000000000000000e+00
1.000000000000000000e+00 0.000000000000000000e+00 0.000000000000000000e+00
1.000000000000000000e+00 0.000000000000000000e+00 0.000000000000000000e+00
1.000000000000000000e+00 0.000000000000000000e+00 0.000000000000000000e+00
1.000000000000000000e+00 0.000000000000000000e+00 0.000000000000000000e+00
1.000000000000000000e+00 0.000000000000000000e+00 0.000000000000000000e+00
1.000000000000000000e+00 0.000000000000000000e+00 0.000000000000000000e+00
1.000000000000000000e+00 0.000000000000000000e+00 0.000000000000000000e+00
1.000000000000000000e+00 0.000000000000000000e+00 0.000000000000000000e+00
1.000000000000000000e+00 0.000000000000000000e+00 0.000000000000000000e+00
1.000000000000000000e+00 0.000000000000000000e+00 0.000000000000000000e+00
1.000000000000000000e+00 0.000000000000000000e+00 0.000000000000000000e+00
1.000000000000000000e+00 0.000000000000000000e+00 0.000000000000000000e+00
1.000000000000000000e+00 0.000000000000000000e+00 0.000000000000000000e+00
1.000000000000000000e+00 0.000000000000000000e+00 0.000000000000000000e+00
1.000000000000000000e+00 0.000000000000000000e+00 0.000000000000000000e+00
1.000000000000000000e+00 0.000000000000000000e+00 0.000000000000000000e+00
1.000000000000000000e+00 0.000000000000000000e+00 0.000000000000000000e+00
1.000000000000000000e+00 0.000000000000000000e+00 0.000000000000000000e+00
1.000000000000000000e+00 0.000000000000000000e+00 0.000000000000000000e+00
1.000000000000000000e+00 0.000000000000000000e+00 0.000000000000000000e+00
1.000000000000000000e+00 0.000000000000000000e+00 0.000000000000000000e+00
1.000000000000000000e+00 0.000000000000000000e+00 0.000000000000000000e+00
1.000000000000000000e+00 0.000000000000000000e+00 0.000000000000000000e+00
1.000000000000000000e+00 0.000000000000000000e+00 0.000000000000000000e+00
1.000000000000000000e+00 0.000000000000000000e+00 0.000000000000000000e+00
1.000000000000000000e+00 0.000000000000000000e+00 0.000000000000000000e+00
1.000000000000000000e+00 0.000000000000000000e+00 0.000000000000000000e+00
1.000000000000000000e+00 0.000000000000000000e+00 0.000000000000000000e+00
1.000000000000000000e+00 0.000000000000000000e+00 0.000000000000000000e+00
1.000000000000000000e+00 0.000000000000000000e+00 0.000000000000000000e+00
1.000000000000000000e+00 0.000000000000000000e+00 0.000000000000000000e+00
1.000000000000000000e+00 0.000000000000000000e+00 0.000000000000000000e+00
1.000000000000000000e+00 0.000000000000000000e+00 0.000000000000000000e+00
1.000000000000000000e+00 0.000000000000000000e+00 0.000000000000000000e+00
1.000000000000000000e+00 0.000000000000000000e+00 0.000000000000000000e+00
1.000000000000000000e+00 0.000000000000000000e+00 0.000000000000000000e+00
1.000000000000000000e+00 0.000000000000000000e+00 0.000000000000000000e+00
1.000000000000000000e+00 0.000000000000000000e+00 0.000000000000000000e+00
1.000000000000000000e+00 0.000000000000000000e+00 0.000000000000000000e+00
1.000000000000000000e+00 0.000000000000000000e+00 0.000000000000000000e+00
1.000000000000000000e+00 0.000000000000000000e+00 0.000000000000000000e+00
1.000000000000000000e+00 0.000000000000000000e+00 0.000000000000000000e+00
1.000000000000000000e+00 0.000000000000000000e+00 0.000000000000000000e+00
1.000000000000000000e+00 0.000000000000000000e+00 0.000000000000000000e+00
1.000000000000000000e+00 0.000000000000000000e+00 0.000000000000000000e+00
1.000000000000000000e+00 0.000000000000000000e+00 0.000000000000000000e+00
1.000000000000000000e+00 0.000000000000000000e+00 0.000000000000000000e+00
1.000000000000000000e+00 0.000000000000000000e+00 0.000000000000000000e+00
1.000000000000000000e+00 0.000000000000000000e+00 0.000000000000000000e+00
1.000000000000000000e+00 0.000000000000000000e+00 0.000000000000000000e+00
1.000000000000000000e+00 0.000000000000000000e+00 0.000000000000000000e+00
1.000000000000000000e+00 0.000000000000000000e+00 0.000000000000000000e+00
1.000000000000000000e+00 0.000000000000000000e+00 0.000000000000000000e+00
1.000000000000000000e+00 0.000000000000000000e+00 0.000000000000000000e+00
1.000000000000000000e+00 0.000000000000000000e+00 0.000000000000000000e+00
1.000000000000000000e+00 0.000000000000000000e+00 0.000000000000000000e+00
1.000000000000000000e+00 0.000000000000000000e+00 0.000000000000000000e+00
1.000000000000000000e+00 0.000000000000000000e+00 0.000000000000000000e+00
1.000000000000000000e+00 0.000000000000000000e+00 0.000000000000000000e+00
1.000000000000000000e+00 0.000000000000000000e+00 0.000000000000000000e+00
1.000000000000000000e+00 0.000000000000000000e+00 0.000000000000000000e+00
1.000000000000000000e+00 0.000000000000000000e+00 0.000000000000000000e+00
1.000000000000000000e+00 0.000000000000000000e+00 0.000000000000000000e+00
1.000000000000000000e+00 0.000000000000000000e+00 0.000000000000000000e+00
1.000000000000000000e+00 0.000000000000000000e+00 0.000000000000000000e+00
1.000000000000000000e+00 0.000000000000000000e+00 0.000000000000000000e+00
1.000000000000000000e+00 0.000000000000000000e+00 0.000000000000000000e+00
1.000000000000000000e+00 0.000000000000000000e+00 0.000000000000000000e+00
1.000000000000000000e+00 0.000000000000000000e+00 0.000000000000000000e+00
1.000000000000000000e+00 0.000000000000000000e+00 0.000000000000000000e+00
1.000000000000000000e+00 0.000000000000000000e+00 0.000000000000000000e+00
1.000000000000000000e+00 0.000000000000000000e+00 0.000000000000000000e+00
1.000000000000000000e+00 0.000000000000000000e+00 0.000000000000000000e+00
1.000000000000000000e+00 0.000000000000000000e+00 0.000000000000000000e+00
1.000000000000000000e+00 0.000000000000000000e+00 0.000000000000000000e+00
1.000000000000000000e+00 0.000000000000000000e+00 0.000000000000000000e+00
1.000000000000000000e+00 0.000000000000000000e+00 0.000000000000000000e+00
1.000000000000000000e+00 0.000000000000000000e+00 0.000000000000000000e+00
1.000000000000000000e+00 0.000000000000000000e+00 0.000000000000000000e+00
1.000000000000000000e+00 0.000000000000000000e+00 0.000000000000000000e+00
1.000000000000000000e+00 0.000000000000000000e+00 0.000000000000000000e+00
1.000000000000000000e+00 0.000000000000000000e+00 0.000000000000000000e+00
1.000000000000000000e+00 0.000000000000000000e+00 0.000000000000000000e+00
1.000000000000000000e+00 0.000000000000000000e+00 0.000000000000000000e+00
1.000000000000000000e+00 0.000000000000000000e+00 0.000000000000000000e+00
1.000000000000000000e+00 0.000000000000000000e+00 0.000000000000000000e+00
1.000000000000000000e+00 0.000000000000000000e+00 0.000000000000000000e+00
1.000000000000000000e+00 0.000000000000000000e+00 0.000000000000000000e+00
1.000000000000000000e+00 0.000000000000000000e+00 0.000000000000000000e+00
1.000000000000000000e+00 0.000000000000000000e+00 0.000000000000000000e+00
1.000000000000000000e+00 0.000000000000000000e+00 0.000000000000000000e+00
1.000000000000000000e+00 0.000000000000000000e+00 0.000000000000000000e+00
1.000000000000000000e+00 0.000000000000000000e+00 0.000000000000000000e+00
1.000000000000000000e+00 0.000000000000000000e+00 0.000000000000000000e+00
1.000000000000000000e+00 0.000000000000000000e+00 0.000000000000000000e+00
1.000000000000000000e+00 0.000000000000000000e+00 0.000000000000000000e+00
1.000000000000000000e+00 0.000000000000000000e+00 0.000000000000000000e+00
1.000000000000000000e+00 0.000000000000000000e+00 0.000000000000000000e+00
1.000000000000000000e+00 0.000000000000000000e+00 0.000000000000000000e+00
1.000000000000000000e+00 0.000000000000000000e+00 0.000000000000000000e+00
1.000000000000000000e+00 0.000000000000000000e+00 0.000000000000000000e+00
1.000000000000000000e+00 0.000000000000000000e+00 0.000000000000000000e+00
1.000000000000000000e+00 0.000000000000000000e+00 0.000000000000000000e+00
1.000000000000000000e+00 0.000000000000000000e+00 0.000000000000000000e+00
1.000000000000000000e+00 0.000000000000000000e+00 0.000000000000000000e+00
1.000000000000000000e+00 0.000000000000000000e+00 0.000000000000000000e+00
1.000000000000000000e+00 0.000000000000000000e+00 0.000000000000000000e+00
1.000000000000000000e+00 0.000000000000000000e+00 0.000000000000000000e+00
1.000000000000000000e+00 0.000000000000000000e+00 0.000000000000000000e+00
1.000000000000000000e+00 0.000000000000000000e+00 0.000000000000000000e+00
1.000000000000000000e+00 0.000000000000000000e+00 0.000000000000000000e+00
1.000000000000000000e+00 0.000000000000000000e+00 0.000000000000000000e+00
1.000000000000000000e+00 0.000000000000000000e+00 0.000000000000000000e+00
1.000000000000000000e+00 0.000000000000000000e+00 0.000000000000000000e+00
1.000000000000000000e+00 0.000000000000000000e+00 0.000000000000000000e+00
1.000000000000000000e+00 0.000000000000000000e+00 0.000000000000000000e+00
1.000000000000000000e+00 0.000000000000000000e+00 0.000000000000000000e+00
1.000000000000000000e+00 0.000000000000000000e+00 0.000000000000000000e+00
1.000000000000000000e+00 0.000000000000000000e+00 0.000000000000000000e+00
1.000000000000000000e+00 0.000000000000000000e+00 0.000000000000000000e+00
1.000000000000000000e+00 0.000000000000000000e+00 0.000000000000000000e+00
1.000000000000000000e+00 0.000000000000000000e+00 0.000000000000000000e+00
1.000000000000000000e+00 0.000000000000000000e+00 0.000000000000000000e+00
1.000000000000000000e+00 0.000000000000000000e+00 0.000000000000000000e+00
1.000000000000000000e+00 0.000000000000000000e+00 0.000000000000000000e+00
1.000000000000000000e+00 0.000000000000000000e+00 0.000000000000000000e+00
1.000000000000000000e+00 0.000000000000000000e+00 0.000000000000000000e+00
1.000000000000000000e+00 0.000000000000000000e+00 0.000000000000000000e+00
1.000000000000000000e+00 0.000000000000000000e+00 0.000000000000000000e+00
1.000000000000000000e+00 0.000000000000000000e+00 0.000000000000000000e+00
1.000000000000000000e+00 0.000000000000000000e+00 0.000000000000000000e+00
1.000000000000000000e+00 0.000000000000000000e+00 0.000000000000000000e+00
1.000000000000000000e+00 0.000000000000000000e+00 0.000000000000000000e+00
1.000000000000000000e+00 0.000000000000000000e+00 0.000000000000000000e+00
1.000000000000000000e+00 0.000000000000000000e+00 0.000000000000000000e+00
1.000000000000000000e+00 0.000000000000000000e+00 0.000000000000000000e+00
1.000000000000000000e+00 0.000000000000000000e+00 0.000000000000000000e+00
1.000000000000000000e+00 0.000000000000000000e+00 0.000000000000000000e+00
1.000000000000000000e+00 0.000000000000000000e+00 0.000000000000000000e+00
1.000000000000000000e+00 0.000000000000000000e+00 0.000000000000000000e+00
1.000000000000000000e+00 0.000000000000000000e+00 0.000000000000000000e+00
1.000000000000000000e+00 0.000000000000000000e+00 0.000000000000000000e+00
1.000000000000000000e+00 0.000000000000000000e+00 0.000000000000000000e+00
1.000000000000000000e+00 0.000000000000000000e+00 0.000000000000000000e+00
1.000000000000000000e+00 0.000000000000000000e+00 0.000000000000000000e+00
9.999999998860386041e-01 6.537614800185067589e-06 -1.360825546094527735e-05
9.999999989020994517e-01 2.313120399008336583e-05 -4.075242777339628048e-05
9.999999952722561369e-01 5.327820536670808255e-05 -8.134467974432475074e-05
9.999999858042415424e-01 1.004511360870939365e-04 -1.352818180462184465e-04
9.999999653802669197e-01 1.680936329610566334e-04 -2.024454529397440240e-04
9.999999263395110694e-01 2.596165361718025971e-04 -2.827021749859674662e-04
9.999998577573979697e-01 3.783940205805146105e-04 -3.759037484386041380e-04
9.999997446274494495e-01 5.277597786256817657e-04 -4.818873209833606213e-04
9.999995669521296593e-01 7.110032586707154718e-04 -6.004756494703586238e-04
9.999992987496957308e-01 9.313659624864767742e-04 -7.314773412670845954e-04
9.999989069846257905e-01 1.192037805381064748e-03 -8.746871108434352022e-04
9.999983504297078607e-01 1.496153542310037004e-03 -1.029886051187336960e-03
9.999975784683460267e-01 1.846789263118695824e-03 -1.196841919639181785e-03
9.999965298460615770e-01 2.246958959886770617e-03 -1.375309437725950011e-03
9.999951313805431896e-01 2.699611169167354368e-03 -1.565030604571388635e-03
9.999932966399251999e-01 3.207625691738904411e-03 -1.765735023456896629e-03
9.999909245992486539e-01 3.773810392323987805e-03 -1.977140241108743274e-03
9.999878982852794529e-01 4.400898081573674341e-03 -2.198952099290764958e-03
9.999840834200293127e-01 5.091543482474317900e-03 -2.430865098287557716e-03
9.999793270734380624e-01 5.848320283206025205e-03 -2.672562771871186179e-03
9.999734563357380868e-01 6.673718278371293389e-03 -2.923718073354297092e-03
9.999662770200270501e-01 7.570140600419779375e-03 -3.183993772343972611e-03
9.999575724055278503e-01 8.539901043022315660e-03 -3.453042861823353918e-03
9.999471020319109504e-01 9.585221478095255765e-03 -3.730508975201667250e-03
9.999346005548991334e-01 1.070822936814581211e-02 -4.016026812987411564e-03
9.999197766731654502e-01 1.191095537560070590e-02 -4.309222578753761634e-03
9.999023121362714539e-01 1.319533107079433332e-02 -4.609714424079262157e-03
9.998818608430813937e-01 1.456318674032851777e-02 -4.917112902160277431e-03
9.998580480397221137e-01 1.601624929757323665e-02 -5.231021429803995974e-03
9.998304696257465096e-01 1.755614029715546129e-02 -5.551036757521643147e-03
9.997986915766966520e-01 1.918437405538024609e-02 -5.876749447450582350e-03
9.997622494907558721e-01 2.090235587864258671e-02 -6.207744358840786361e-03
9.997206482666274319e-01 2.271138040201863342e-02 -6.543601140845362735e-03
9.996733619191837672e-01 2.461263004036792074e-02 -6.883894732356118235e-03
9.996198335387942446e-01 2.660717355443197388e-02 -7.228195868623230394e-03
9.995594753995697967e-01 2.869596473457593916e-02 -7.576071594392696715e-03
9.994916692210511489e-01 3.087984120498544344e-02 -7.927085783286113435e-03
9.994157665871276075e-01 3.315952335129764006e-02 -8.280799663134360070e-03
9.993310895252018877e-01 3.553561337480916349e-02 -8.636772346959715324e-03
9.992369312478164289e-01 3.800859447656127627e-02 -8.994561369279834018e-03
9.991325570581326421e-01 4.057883017474957915e-02 -9.353723227381699826e-03
9.990172054198127594e-01 4.324656375903833394e-02 -9.713813927184357030e-03
9.988900891909895385e-01 4.601191788547380479e-02 -1.007438953327576339e-02
9.987503970211358828e-01 4.887489431578301291e-02 -1.043500672267187561e-02
9.985972949087622563e-01 5.183537380491005236e-02 -1.079522334180511856e-02
9.984299279169777108e-01 5.489311614067750311e-02 -1.115459896620505688e-02
9.982474220430631595e-01 5.804776033946251051e-02 -1.151269546228665848e-02
9.980488862373145809e-01 6.129882500174166360e-02 -1.186907755061145098e-02
9.978334145655372023e-01 6.464570883128321899e-02 -1.222331336993449404e-02
9.976000885087065173e-01 6.808769132164653459e-02 -1.257497504129601040e-02
9.973486221800353935e-01 7.161742979174530455e-02 -1.291006972898056139e-02
9.970784264300666111e-01 7.523047938906254894e-02 -1.322825946135588321e-02
9.967889594686293320e-01 7.892230743141066818e-02 -1.352922818566549591e-02
9.964797314829445529e-01 8.268829973493395380e-02 -1.381268216472407093e-02
9.961503090137813210e-01 8.652376710826492623e-02 -1.407835033846747096e-02
9.958003190660940085e-01 9.042395199978559006e-02 -1.432598464866721537e-02
9.954294529320515394e-01 9.438403528363133177e-02 -1.455536032522897552e-02
9.950374697059910511e-01 9.839914316883333067e-02 -1.476627613262307750e-02
9.946241994725724123e-01 1.024643542148414299e-01 -1.495855457514086093e-02
9.941895461512754162e-01 1.065747064356174362e-01 -1.513204205983292167e-02
9.937334899823446754e-01 1.107252044735521079e-01 -1.528660901616221875e-02
9.932560896413452634e-01 1.149108268236506691e-01 -1.542214997159524655e-02
9.927574839716213351e-01 1.191265330877611522e-01 -1.553858358255595998e-02
9.922378933261413181e-01 1.233672712380972092e-01 -1.563585262037815379e-02
9.916976205124444776e-01 1.276279848689392815e-01 -1.571392391211023573e-02
9.911370513366639656e-01 1.319036204151907143e-01 -1.577278823624972057e-02
9.905566547448703130e-01 1.361891343164222390e-01 -1.581246017371113616e-02
9.899569825622360764e-01 1.404795001051611369e-01 -1.583297791455779910e-02
9.893386688327610035e-01 1.447697153984696949e-01 -1.583440302125320789e-02
9.887024287644859966e-01 1.490548087723095882e-01 -1.581682014940892153e-02
9.880490572872584476e-01 1.533298464987997989e-01 -1.578033672722080338e-02
9.873794272321718690e-01 1.575899391272405636e-01 -1.572508259499222349e-02
9.866944871437713926e-01 1.618302478906862296e-01 -1.565120960633902339e-02
9.859952587379863242e-01 1.660459909208968354e-01 -1.555889119285517978e-02
9.852828340205010971e-01 1.702324492556711033e-01 -1.544832189418805096e-02
9.845583720819045537e-01 1.743849726238497488e-01 -1.531971685562663436e-02
9.838230955874471828e-01 1.784989849946654883e-01 -1.517331129544375982e-02
9.830782869805818613e-01 1.825699898795893339e-01 -1.500935994435260296e-02
9.823252844206619150e-01 1.865935753763676985e-01 -1.482813645953832450e-02
9.815654774762098134e-01 1.905654189465466886e-01 -1.462993281580627324e-02
9.808003025960538857e-01 1.944812919194208456e-01 -1.441505867644861036e-02
9.800312383813525319e-01 1.983370637170104311e-01 -1.418384074647108077e-02
9.792598006820915080e-01 2.021287057963461198e-01 -1.393662211084101960e-02
9.784875375420429844e-01 2.058522953070082706e-01 -1.367376156041662932e-02
9.777160240164269878e-01 2.095040184635143521e-01 -1.339563290819655375e-02
9.769468568866190861e-01 2.130801736337579466e-01 -1.310262429848838006e-02
9.761816492962009928e-01 2.165771741462627353e-01 -1.279513751153566435e-02
9.754220253324734635e-01 2.199915508205119996e-01 -1.247358726606637332e-02
9.746696145772393294e-01 2.233199542260355941e-01 -1.213840052213237090e-02
9.739260466502345226e-01 2.265591566772738596e-01 -1.179001578650090351e-02
9.731929457680424944e-01 2.297060539724783412e-01 -1.142888242273640449e-02
9.724719253406864938e-01 2.327576668860477094e-01 -1.105545996797569104e-02
9.717645826273586529e-01 2.357111424247243792e-01 -1.067021745825327481e-02
9.710724934719339174e-01 2.385637548589881751e-01 -1.027363276407770171e-02
9.703972071380321252e-01 2.413129065417737029e-01 -9.866191937796071551e-03
9.697402412624526180e-01 2.439561285273041114e-01 -9.448388574113796706e-03
9.691030769448142346e-01 2.464910810033736077e-01 -9.020723184961937716e-03
9.684871539902071280e-01 2.489155535508245920e-01 -8.583702589726564802e-03
9.678938663206071435e-01 2.512274652442514355e-01 -8.137839321675223794e-03
9.673245575697269061e-01 2.534248646081249112e-01 -7.683651051236173833e-03
9.667788033930886371e-01 2.555120407596808141e-01 -7.234811648798734202e-03
9.662569424226135073e-01 2.574905693060356437e-01 -6.791766524583925206e-03
9.657592359493697431e-01 2.593621269689641018e-01 -6.354952263922931770e-03
9.652858691294678994e-01 2.611284890342242537e-01 -5.924796337910478647e-03
9.648369523811031190e-01 2.627915268094664913e-01 -5.501716823965958209e-03
9.644125229612378059e-01 2.643532050904984221e-01 -5.086122135454964298e-03
9.640125467101708923e-01 2.658155796350267219e-01 -4.678410759578320414e-03
9.636369199520364859e-01 2.671807946424005764e-01 -4.278971002796025901e-03
9.632854715391159228e-01 2.684510802373458183e-01 -3.888180743118921194e-03
9.629579650277262370e-01 2.696287499552025846e-01 -3.506407188670550550e-03
9.626541009733660115e-01 2.707161982257652033e-01 -3.134006641994821832e-03
9.623735193327560555e-01 2.717158978524714663e-01 -2.771324269660870379e-03
9.621158019604005851e-01 2.726303974833993449e-01 -2.418693876794264334e-03
9.618804751873202274e-01 2.734623190703022177e-01 -2.076437686242572304e-03
9.616670124696632405e-01 2.742143553117488697e-01 -1.744866122162636209e-03
9.614748370949925960e-01 2.748892670763291579e-01 -1.424277597895940925e-03
9.613033249341642605e-01 2.754898808018408363e-01 -1.114958308076613360e-03
9.611518072268651069e-01 2.760190858663836289e-01 -8.171820249931305681e-04
9.610195733890604108e-01 2.764798319273525928e-01 -5.312098992992183612e-04
9.609058738308124958e-01 2.768751262244398270e-01 -2.572902652410960392e-04
9.608099227731750069e-01 2.772080308429217266e-01 4.341549363344032048e-06
9.607309010531399629e-01 2.774816599337207035e-01 2.534634080931089974e-04
9.606679589059171631e-01 2.776991768869869204e-01 4.898665454795433048e-04
9.606202187141595905e-01 2.778637914562401834e-01 7.133557407316808976e-04
9.605867777141101627e-01 2.779787568304427081e-01 9.237494851633814424e-04
9.605667106490397567e-01 2.780473666517351838e-01 1.120880142808054324e-03
9.605590723607677628e-01 2.780729519769588598e-01 1.304594103666112219e-03
9.605629003105107255e-01 2.780588781814989363e-01 1.474751928995197666e-03
9.605772170207842464e-01 2.780085418044181411e-01 1.631228488023820549e-03
9.606010324305945813e-01 2.779253673342968467e-01 1.773913085445440662e-03
9.606333461566931575e-01 2.778128039356568268e-01 1.902709579032247538e-03
9.606731496542315618e-01 2.776743221163118780e-01 2.017536486695925644e-03
9.607194282707445243e-01 2.775134103364594318e-01 2.118327082316487538e-03
9.607711631880004877e-01 2.773335715607980756e-01 2.205029479659712400e-03
9.608273332468972860e-01 2.771383197554209699e-01 2.277606703708681332e-03
9.608869166512343796e-01 2.769311763316947839e-01 2.336036748745197889e-03
9.609488925468684384e-01 2.767156665397816351e-01 2.380312622532253057e-03
9.610122424734494073e-01 2.764953158148947265e-01 2.410442375968933990e-03
9.610759516866357322e-01 2.762736460797972082e-01 2.426449117613931842e-03
9.611390103494029669e-01 2.760541720074505267e-01 2.428371012502820742e-03
9.612004145917782960e-01 2.758403972480965582e-01 2.416261264717164698e-03
9.612591674390599250e-01 2.756358106254098717e-01 2.390188083199925803e-03
9.613142796093048226e-01 2.754438823066853725e-01 2.350234630351209688e-03
9.613647701815893898e-01 2.752680599523278926e-01 2.296498952980712254e-03
9.614096671372648339e-01 2.751117648501841817e-01 2.229093895237921254e-03
9.614480077771331290e-01 2.749783880405037295e-01 2.148146993187776462e-03
9.614788390181598920e-01 2.748712864375318365e-01 2.053800350747743940e-03
9.615012175740137446e-01 2.747937789539264819e-01 1.946210496751669614e-03
9.615142100243722068e-01 2.747491426343506848e-01 1.825548222956031212e-03
9.615168927785588959e-01 2.747406088047222861e-01 1.691998402854902762e-03
9.615083519396722123e-01 2.747713592437087682e-01 1.545759791220764536e-03
9.614876830759271353e-01 2.748445223831303963e-01 1.387044804338919291e-03
9.614539909064577783e-01 2.749631695439880286e-01 1.216079280953406491e-03
9.614063889093120707e-01 2.751303112148595353e-01 1.033102223991698822e-03
9.613439988598124764e-01 2.753488933794142057e-01 8.383655231838779351e-04
9.612659503078503365e-01 2.756217938997785333e-01 6.321336587392288554e-04
9.611713800030285970e-01 2.759518189624523554e-01 4.146833862891008589e-04
9.610594312768594438e-01 2.763416995934211973e-01 1.863034033493221988e-04
9.609292533914647327e-01 2.767940882490431687e-01 -5.270600240164183964e-05
9.607800008644103995e-01 2.773115554892054413e-01 -3.020333226913207670e-04
9.606108327794313784e-01 2.778965867391514633e-01 -5.613562156915422605e-04
9.604209120928711707e-01 2.785515791462742641e-01 -8.303419101112588822e-04
9.602094049456667557e-01 2.792788385380570726e-01 -1.108647625892308615e-03
9.599754799906562441e-01 2.800805764872190129e-01 -1.395921011021585825e-03
9.597183077448726563e-01 2.809589074899962458e-01 -1.691800593939598706e-03
9.594370599763099028e-01 2.819158462633529205e-01 -1.995916250993186661e-03
9.591309091344141224e-01 2.829533051667777466e-01 -2.307889688349144645e-03
9.587990278332557681e-01 2.840730917541783307e-01 -2.627334937755512398e-03
9.584405883959870032e-01 2.852769064612383776e-01 -2.953858865508167484e-03
9.580547624687756336e-01 2.865663404334515829e-01 -3.287061693951943194e-03
9.576407207119440601e-01 2.879428734998922268e-01 -3.626537534817648491e-03
9.571976325755239268e-01 2.894078722976228812e-01 -3.971874933668896775e-03
9.567246661658674878e-01 2.909625885514774968e-01 -4.322657424705450210e-03
9.562209882093446467e-01 2.926081575137879920e-01 -4.678464095142663079e-03
9.556857641184951513e-01 2.943455965684485531e-01 -5.038870158359533800e-03
9.551181581653059860e-01 2.961758040035282757e-01 -5.403447534980649648e-03
9.545173337655521451e-01 2.980995579564507669e-01 -5.771765441029955493e-03
9.538824538773700290e-01 3.001175155355572666e-01 -6.143390982266695374e-03
9.532126815164383427e-01 3.022302121216556836e-01 -6.517889753786102781e-03
9.525071803893271349e-01 3.044380608529280718e-01 -6.894826443939432691e-03
9.517651156457370698e-01 3.067413522963277628e-01 -7.273765441599838906e-03
9.509856547495050272e-01 3.091402543083338061e-01 -7.654271445772495124e-03
9.501679684673968174e-01 3.116348120876525907e-01 -8.035910076519362302e-03
9.493112319738482574e-01 3.142249484221553701e-01 -8.418248486141305734e-03
9.484146260689638730e-01 3.169104641320185101e-01 -8.800855969533109835e-03
9.474773385062338349e-01 3.196910387106885465e-01 -9.183304572600494570e-03
9.464985654256018455e-01 3.225662311649242220e-01 -9.565169697602925181e-03
9.454775128867040079e-01 3.255354810547745337e-01 -9.946030704261973193e-03
9.444133984963132278e-01 3.285981097339307211e-01 -1.032547150545277265e-02
9.433054531232722972e-01 3.317533217904461429e-01 -1.070308115627587563e-02
9.421529226934790557e-01 3.350002066873454809e-01 -1.107845443528915168e-02
9.409550700568134474e-01 3.383377406021501610e-01 -1.145119241666449870e-02
9.397111769172694640e-01 3.417647884638252975e-01 -1.182090303202260918e-02
9.384205458169759817e-01 3.452801061851107356e-01 -1.218720162069114425e-02
9.370825021642734676e-01 3.488823430876343834e-01 -1.254971146712792820e-02
9.356963962955542335e-01 3.525700445166218278e-01 -1.290806432425149405e-02
9.342616055601764558e-01 3.563416546414169273e-01 -1.326190092142690187e-02
9.327775364174399897e-01 3.601955194374125702e-01 -1.361087145586559015e-02
9.312436265343503328e-01 3.641298898443677823e-01 -1.395463606621436502e-02
9.296593468727185616e-01 3.681429250954550425e-01 -1.429286528713082614e-02
9.280242037540338274e-01 3.722326962107476711e-01 -1.462524048367077473e-02
9.263377408905144605e-01 3.763971896482245505e-01 -1.495145426434764738e-02
9.245995413707885913e-01 3.806343111047419958e-01 -1.527121087176493489e-02
9.228092295887784235e-01 3.849418894588063633e-01 -1.558422654976985254e-02
9.209664731045598129e-01 3.893176808463800209e-01 -1.589022988613043169e-02
9.190709844262461292e-01 3.937593728603717147e-01 -1.618896212979838503e-02
9.171225227022922200e-01 3.982645888639078646e-01 -1.648017748188675830e-02
9.151208953140368418e-01 4.028308924069545771e-01 -1.676364335956400178e-02
9.130659593587898692e-01 4.074557917353711645e-01 -1.703914063214467117e-02
9.109576230143265896e-01 4.121367443810234343e-01 -1.730646382874110115e-02
9.087958467762655701e-01 4.168711618211802805e-01 -1.756542131692960182e-02
9.065806445604815966e-01 4.216564141950573386e-01 -1.781583545197866492e-02
9.043120846634261634e-01 4.264898350650663250e-01 -1.805754269628485550e-02
9.019902905740002641e-01 4.313687262100779907e-01 -1.829039370876372333e-02
8.996154416314329216e-01 4.362903624378149381e-01 -1.851425340404788678e-02
8.971877735244636609e-01 4.412519964033609909e-01 -1.872900098145147824e-02
8.947075786279963250e-01 4.462508634207064118e-01 -1.893452992376885510e-02
8.921752061742861395e-01 4.512841862542462112e-01 -1.913074796608515635e-02
8.895910622566245429e-01 4.563491798772137953e-01 -1.931757703488605829e-02
8.869556096644001242e-01 4.614430561841610934e-01 -1.949495315786332894e-02
8.842693675493256134e-01 4.665630286447933761e-01 -1.966282634492062809e-02
8.815329109235255922e-01 4.717063168867283718e-01 -1.982116044098979762e-02
8.787468699910713221e-01 4.768701511950734218e-01 -1.996993295137077656e-02
8.759119293154195018e-01 4.820517769171023259e-01 -2.010913484040766780e-02
8.730288268260573137e-01 4.872484587607588957e-01 -2.023877030440849462e-02
8.700983526684676894e-01 4.924574849762158868e-01 -2.035885651980647026e-02
8.671213479023023307e-01 4.976761714102738154e-01 -2.046942336764510234e-02
8.640987030533827662e-01 5.029018654239854058e-01 -2.057051313554814770e-02
8.610313565258321811e-01 5.081319496645404499e-01 -2.066218019840732056e-02
8.579202928812730278e-01 5.133638456831307595e-01 -2.074449067908559069e-02
8.547665409926015201e-01 5.185950173912371453e-01 -2.081752209049150468e-02
8.515711720803692542e-01 5.238229743485286471e-01 -2.088136296042969811e-02
8.483352976402588341e-01 5.290452748763393442e-01 -2.093611244067470831e-02
8.450600672705359528e-01 5.342595289914774392e-01 -2.098187990174887538e-02
8.417466664086918904e-01 5.394634011559272802e-01 -2.101878451491075855e-02
8.383963139867574021e-01 5.446546128388138897e-01 -2.104695482287771355e-02
8.350102600149704735e-01 5.498309448878112571e-01 -2.106652830081549160e-02
8.315897831036223042e-01 5.549902397079847782e-01 -2.107765090912875477e-02
8.281361879329780518e-01 5.601304032468543692e-01 -2.108047663957964349e-02
8.246508026811866232e-01 5.652494067852501525e-01 -2.107516705624706138e-02
8.211349764200485124e-01 5.703452885342951140e-01 -2.106189083281757163e-02
8.175900764884089789e-01 5.754161550395916480e-01 -2.104082328767010318e-02
8.140174858527889912e-01 5.804601823944007810e-01 -2.101214591818121799e-02
8.104186004646609653e-01 5.854756172642840983e-01 -2.097604593563631714e-02
8.067948266235223098e-01 5.904607777263257695e-01 -2.093271580208490648e-02
8.031475783546234704e-01 5.954140539266592480e-01 -2.088235277042574389e-02
7.994782748098702152e-01 6.003339085605928771e-01 -2.082515842895070121e-02
7.957883377000480873e-01 6.052188771801537692e-01 -2.076133825151505602e-02
7.920791887661132735e-01 6.100675683343501632e-01 -2.069110115443729969e-02
7.883522472968629291e-01 6.148786635478904472e-01 -2.061465906116384875e-02
7.846158492270786100e-01 6.196428578956448829e-01 -2.051094020325304468e-02
7.808749081984687201e-01 6.243548791568908074e-01 -2.038046810522650340e-02
7.771343699362430746e-01 6.290096745066615647e-01 -2.022378042797778885e-02
7.733992032243681702e-01 6.336024104259402323e-01 -2.004142710252813583e-02
7.696743909184622368e-01 6.381284717790560723e-01 -1.983396849924514566e-02
7.659649210454507751e-01 6.425834600930188101e-01 -1.960197363936971859e-02
7.622757780356842483e-01 6.469631910765619720e-01 -1.934601845520468946e-02
7.586119341295680663e-01 6.512636914192809767e-01 -1.906668410480390555e-02
7.549783409969187398e-01 6.554811949134486948e-01 -1.876455534646916112e-02
7.513799216032938100e-01 6.596121379428656617e-01 -1.844021897782090885e-02
7.478215623534929524e-01 6.636531543844665926e-01 -1.809426234366272659e-02
7.443081055383437006e-01 6.676010699693659678e-01 -1.772727191631496418e-02
7.408443421068042767e-01 6.714528961506038840e-01 -1.733983195155507084e-02
7.374350047813889031e-01 6.752058235250644191e-01 -1.693252322277555982e-02
7.340847615309701313e-01 6.788572148569100850e-01 -1.650592183545987815e-02
7.307982094111851179e-01 6.824045977494272996e-01 -1.606059812358538383e-02
7.275798687789859498e-01 6.858456570114442874e-01 -1.559711562909468253e-02
7.244341778843561563e-01 6.891782267634848358e-01 -1.511603016513435489e-02
7.213654878388904290e-01 6.924002823275973162e-01 -1.461788896334613973e-02
7.183780579578140646e-01 6.955099319433719618e-01 -1.410322990511153618e-02
7.154760514691153039e-01 6.985054083510676692e-01 -1.357258083629798995e-02
7.126635315807942073e-01 7.013850602810364210e-01 -1.302645896473406464e-02
7.099444578947908813e-01 7.041473438867942303e-01 -1.246537033935267262e-02
7.073226831539584092e-01 7.067908141571670466e-01 -1.188980940968559392e-02
7.048019503064805180e-01 7.093141163409661942e-01 -1.130025866416862687e-02
7.023858898704118392e-01 7.117159774156497365e-01 -1.069718834552417334e-02
7.000780175795198179e-01 7.139951976294214298e-01 -1.008105624132569871e-02
6.978817322903421161e-01 7.161506421442364045e-01 -9.452307547715137204e-03
6.958003141293210847e-01 7.181812328052389338e-01 -8.811374804138323927e-03
6.938369228580351100e-01 7.200859400602696025e-01 -8.158677896883211392e-03
6.919945964339075939e-01 7.218637750512705287e-01 -7.494624129149122030e-03
6.902762497433200251e-01 7.235137818976894453e-01 -6.819608355340595063e-03
6.886846734837854811e-01 7.250350301903648598e-01 -6.134013177264334947e-03
6.872225331717329855e-01 7.264266077128584964e-01 -5.438209199910322943e-03
6.858923682525066567e-01 7.276876134058126722e-01 -4.732555344515953361e-03
6.846965912893843154e-01 7.288171505886407164e-01 -4.017399216643012180e-03
6.836374872087582766e-01 7.298143204517257843e-01 -3.293077527039083106e-03
6.827172125790851309e-01 7.306782158313019915e-01 -2.559916563105391497e-03
6.819377949017965124e-01 7.314079152783264925e-01 -1.818232708849968227e-03
6.813011318930575211e-01 7.320024774319253691e-01 -1.068333011266177964e-03
6.808089907360594939e-01 7.324609357074021165e-01 -3.105157911399900311e-04
6.804630072844299882e-01 7.327822933083395496e-01 4.549287036471242425e-04
6.802646851983321641e-01 7.329655185719970989e-01 1.227717604191154704e-03
6.802153949959041102e-01 7.330095406570011907e-01 2.007574687828007041e-03
6.803163730038509494e-01 7.329132455822429115e-01 2.794229608346820472e-03
6.805687201922473450e-01 7.326754726259248063e-01 3.587417090870697548e-03
6.809734008799361860e-01 7.322950110938336588e-01 4.386876093085673341e-03
6.815312412983152157e-01 7.317705974661464774e-01 5.192348934473766005e-03
6.822429280027930698e-01 7.311009129323928768e-01 6.003580395193281426e-03
6.831090061227674815e-01 7.302845813245930628e-01 6.820316786250624382e-03
6.841235633670431637e-01 7.293262855843649639e-01 7.623640806045359035e-03
6.852834173675849128e-01 7.282278867034899239e-01 8.413299950592036461e-03
6.865852673557454322e-01 7.269912193488832219e-01 9.189034655692825126e-03
6.880256976134857538e-01 7.256180993835230630e-01 9.950577853559591443e-03
6.896011808779832775e-01 7.241103315503755189e-01 1.069765460041120428e-02
6.913080817248771215e-01 7.224697172962837310e-01 1.142998177544413997e-02
6.931426599549993517e-01 7.206980627125635364e-01 1.214726785156973292e-02
6.951010740088769957e-01 7.187971865686876294e-01 1.284921273829786083e-02
6.971793844325684386e-01 7.167689284149743045e-01 1.353550769712235161e-02
6.993735574175190539e-01 7.146151567296272766e-01 1.420583532972606935e-02
7.016794684360850853e-01 7.123377770848152712e-01 1.485986963927163514e-02
7.040929059931787526e-01 7.099387403057570989e-01 1.549727616497557046e-02
7.066095755131355238e-01 7.074200505959938878e-01 1.611771219007791106e-02
7.092251033793951498e-01 7.047837736012149135e-01 1.672082702321485426e-02
7.119350411429217207e-01 7.020320443831661317e-01 1.730626235307787184e-02
7.147348699134710159e-01 6.991670752743358586e-01 1.787365267609824365e-02
7.176200049458442143e-01 6.961911635832990219e-01 1.842262579673070721e-02
7.205858004311533893e-01 6.931066991198284732e-01 1.895280339972377909e-02
7.236275545008737931e-01 6.899161715081737478e-01 1.946380169355728385e-02
7.267405144490716173e-01 6.866221772562814962e-01 1.995523212400036883e-02
7.299198821756951450e-01 6.832274265482137787e-01 2.042670215649627571e-02
7.331608198512006291e-01 6.797347497266258420e-01 2.087781612581470631e-02
7.364584558000758507e-01 6.761471034319191942e-01 2.130817615112991226e-02
7.398078905980339792e-01 6.724675763646067450e-01 2.171738311438449476e-02
7.432042033747983112e-01 6.686993946375303643e-01 2.210503769948734404e-02
7.466424583115044422e-01 6.648459266848820715e-01 2.247074148957146911e-02
7.501177113188330914e-01 6.609106876955044285e-01 2.281409811920628514e-02
7.536250168790757931e-01 6.568973435387044368e-01 2.313471447812231671e-02
7.571594350324568623e-01 6.528097141518188762e-01 2.343220196266724772e-02
7.607160384852124091e-01 6.486517763600214703e-01 2.370617777087430378e-02
7.642899198141931416e-01 6.444276661003757178e-01 2.395626623669078539e-02
7.678761987401369060e-01 6.401416800239126959e-01 2.418210019858978849e-02
7.714700294392889957e-01 6.357982764515474061e-01 2.438332239747581509e-02
7.750666078607538756e-01 6.314020756619426189e-01 2.455958689849889812e-02
7.786611790148822987e-01 6.269578594919705816e-01 2.471056053111619563e-02
7.822490441961578167e-01 6.224705702332101742e-01 2.483592434148833988e-02
7.858255681024753914e-01 6.179453088109212455e-01 2.493537505107435576e-02
7.893861858114389340e-01 6.133873322351568458e-01 2.500862651509693294e-02
7.929264095733591367e-01 6.088020503170716857e-01 2.505541117439286786e-02
7.964418353800414296e-01 6.041950216470466373e-01 2.507548149404460053e-02
7.999281492682346340e-01 5.995719488349390280e-01 2.506861138211053872e-02
8.033811333167797386e-01 5.949386730165621140e-01 2.503459758173681021e-02
8.067966712970724430e-01 5.903011676343551395e-01 2.497326102994280872e-02
8.101707539374425338e-01 5.856655315040958376e-01 2.488444817642875354e-02
8.134994837634601517e-01 5.810379811833933372e-01 2.476803225585629334e-02
8.167790794780090957e-01 5.764248426615397047e-01 2.462391450720290489e-02
8.200058798472118493e-01 5.718325423940598951e-01 2.445202533398709716e-02
8.231763470609425593e-01 5.672675977089391974e-01 2.425232539940311294e-02
8.262870695397103171e-01 5.627366066149913637e-01 2.402480665068916846e-02
8.293347641631083622e-01 5.582462370461219736e-01 2.376949326737991253e-02
8.323189692588521815e-01 5.537986884117460651e-01 2.349781157089907146e-02
8.352382385882370919e-01 5.493982049607223361e-01 2.320987281592015034e-02
8.380912101266372316e-01 5.450490330190725929e-01 2.290580952285222252e-02
8.408766059653428604e-01 5.407554135293191067e-01 2.258577563698545287e-02
8.435932319259638046e-01 5.365215744877387394e-01 2.224994663611732162e-02
8.462399768909036890e-01 5.323517233031140883e-01 2.189851958584760824e-02
8.488158118553117415e-01 5.282500391008885243e-01 2.153171314194791616e-02
8.513197887078066683e-01 5.242206649968192966e-01 2.114976749943027479e-02
8.537510387491227259e-01 5.202677003642770526e-01 2.075294428815752795e-02
8.561087709596327811e-01 5.163951931192650724e-01 2.034152641505411474e-02
8.583922700284445373e-01 5.126071320470245718e-01 1.991581785318788725e-02
8.606008941584255556e-01 5.089074391937655761e-01 1.947614337820020858e-02
8.627340726630773338e-01 5.052999623466196688e-01 1.902284825276137625e-02
8.647913033726298826e-01 5.017884676243569153e-01 1.855629785992007549e-02
8.667721498680623915e-01 4.983766322007568417e-01 1.807687728639796598e-02
8.686762385629472893e-01 4.950680371817777758e-01 1.758499085705254872e-02
8.705032556540659439e-01 4.918661606568437428e-01 1.708106162189245228e-02
8.722529439626386383e-01 4.887743709436689343e-01 1.656553079717831140e-02
8.739250996887399925e-01 4.857959200450824855e-01 1.603885716227923530e-02
8.755195691020331017e-01 4.829339373353069287e-01 1.550151641407889434e-02
8.770362451923415792e-01 4.801914234920963698e-01 1.495400048083653233e-02
8.784750643037863016e-01 4.775712446900629016e-01 1.439681679750659180e-02
8.798360027762425206e-01 4.750761270694248140e-01 1.383048754460638845e-02
8.811190736177215710e-01 4.727086514933045436e-01 1.325554885279465155e-02
8.823243232309520012e-01 4.704712486055990239e-01 1.267254997538522221e-02
8.834518282169301351e-01 4.683661942003486955e-01 1.208205243107036281e-02
8.845016922775343904e-01 4.663956049124479697e-01 1.148462911916768060e-02
8.854740432384564652e-01 4.645614342384803974e-01 1.088086340973430308e-02
8.863690302127057441e-01 4.628654688954279006e-01 1.027134821091263764e-02
8.871868209237928626e-01 4.613093255240008905e-01 9.656685015884581766e-03
8.879275992064122880e-01 4.598944477423683730e-01 9.037482931816406481e-03
8.885915627010262385e-01 4.586221035551361624e-01 8.414357693175656544e-03
8.891789207572169396e-01 4.574933831215268754e-01 7.787930661795213448e-03
8.896898925590334128e-01 4.565091968858602800e-01 7.158827816049037791e-03
8.901247054838273831e-01 4.556702740726128464e-01 6.527678731489924488e-03
8.904835937042594463e-01 4.549771615475512454e-01 5.895115555282655177e-03
8.907667970412808112e-01 4.544302230456829239e-01 5.261771976746890990e-03
8.909745600739700233e-01 4.540296387660434640e-01 4.628282196303712057e-03
8.911071315101413148e-01 4.537754053326437664e-01 3.995279895098301920e-03
8.911647638196579235e-01 4.536673361202221977e-01 3.363397207549388007e-03
8.911477131303976451e-01 4.537050619427875353e-01 2.733263699053915981e-03
8.910562393848380225e-01 4.538880321022880637e-01 2.105505351053250408e-03
8.908906067532744721e-01 4.542155157941013544e-01 1.480743555645003392e-03
8.906510842977695130e-01 4.546866038653968323e-01 8.595941219023272998e-04
8.903379468790683093e-01 4.553002109217815785e-01 2.426662960399416898e-04
8.899514762969203963e-01 4.560550777769887265e-01 -3.694382024569181286e-04
8.894919626525311651e-01 4.569497742397079509e-01 -9.761261266485554786e-04
8.889597059202430929e-01 4.579827022309834184e-01 -1.576813627835310042e-03
8.883550177140271398e-01 4.591520992249156219e-01 -2.170927159091524256e-03
8.876782232329621936e-01 4.604560420046956981e-01 -2.757904354630222148e-03
8.869323872672516540e-01 4.618873072638634558e-01 -3.325127726962671688e-03
8.861193580098458700e-01 4.634409245108955799e-01 -3.872148079859846770e-03
8.852410151575137442e-01 4.651118129971973936e-01 -4.398543865519887082e-03
8.842992738703348010e-01 4.668947916751844951e-01 -4.903921547296058621e-03
8.832960885300792375e-01 4.687845891985717994e-01 -5.387915892827849045e-03
8.822334562674193359e-01 4.707758539368371853e-01 -5.850190197377763343e-03
8.811134202301784679e-01 4.728631639754991567e-01 -6.290436437398080373e-03
8.799380725672563131e-01 4.750410370736313781e-01 -6.708375354583682657e-03
8.787095571054405196e-01 4.773039405499433507e-01 -7.103756470907631598e-03
8.774300716990025562e-01 4.796463010687977979e-01 -7.476358035383865765e-03
8.761018702347561637e-01 4.820625142977196798e-01 -7.825986903554300878e-03
8.747272642780948848e-01 4.845469544082877666e-01 -8.152478350953791530e-03
8.733086243484057265e-01 4.870939833927909191e-01 -8.455695822063642036e-03
8.718483808151423764e-01 4.896979601696846984e-01 -8.735530616520464919e-03
8.703490244087113137e-01 4.923532494516950075e-01 -8.991901514599746556e-03
8.688131063431555612e-01 4.950542303513912890e-01 -9.224754344240325421e-03
8.672432380503810601e-01 4.977953047001809628e-01 -9.434061492114639499e-03
8.656420905283462863e-01 5.005709050579606467e-01 -9.619821361477922869e-03
8.640123933081949037e-01 5.033755023920871707e-01 -9.782057779745287687e-03
8.623569330477468542e-01 5.062036134058957026e-01 -9.920819358946834920e-03
8.606785517610396896e-01 5.090498074986813393e-01 -1.003617881239566960e-02
8.589801446957350262e-01 5.119087133408610768e-01 -1.012823223107029574e-02
8.572646578721382360e-01 5.147750250499346647e-01 -1.019709832335980414e-02
8.555350852993314215e-01 5.176435079548474816e-01 -1.024291762194636315e-02
8.537944658854684787e-01 5.205090039384099310e-01 -1.026585166170362884e-02
8.520458800606238725e-01 5.233664363495347249e-01 -1.026608213257123800e-02
8.502924461317218352e-01 5.262108144791909359e-01 -1.024381001142379496e-02
8.485373163899962989e-01 5.290372375961338580e-01 -1.019925467698769121e-02
8.467836729921425221e-01 5.318408985406264389e-01 -1.013265301187057064e-02
8.450347236368258574e-01 5.346170868765153239e-01 -1.004425849575655248e-02
8.432936970585144243e-01 5.373611916041338699e-01 -9.934340293786010981e-03
8.415638383607060291e-01 5.400687034385743823e-01 -9.803182344082424574e-03
8.398484042105380798e-01 5.427352166598768957e-01 -9.651082448311480017e-03
8.381506579165072246e-01 5.453564305436138238e-01 -9.478351369060403209e-03
8.364738644106017862e-01 5.479281503821996635e-01 -9.285311937709539443e-03
8.348212851555694147e-01 5.504462881090032011e-01 -9.072298176335050202e-03
8.331961729973270669e-01 5.529068625389889080e-01 -8.839654437032593015e-03
8.316017669816788693e-01 5.553059992411465418e-01 -8.587734561888734838e-03
8.300412871535576276e-01 5.576399300593833930e-01 -8.316901066651113256e-03
8.285179293559640223e-01 5.599049922998439177e-01 -8.027524350961830202e-03
8.270348600446575382e-01 5.620976276037883412e-01 -7.719981937822817560e-03
8.255952111334748933e-01 5.642143805261965461e-01 -7.394657744758678132e-03
8.242020748839234967e-01 5.662518968411710540e-01 -7.051941388933394977e-03
8.228584988514457965e-01 5.682069215959933972e-01 -6.692227528263918097e-03
8.215674808994785083e-01 5.700762969363424304e-01 -6.315915240357472711e-03
8.203319642911613974e-01 5.718569597257116000e-01 -5.923407440881871266e-03
8.191548328672948465e-01 5.735459389824782983e-01 -5.515110342760564006e-03
8.180389063179138720e-01 5.751403531583741957e-01 -5.091432957367701510e-03
8.169869355536562017e-01 5.766374072822980645e-01 -4.652786638684283313e-03
8.160015981819584985e-01 5.780343899935004304e-01 -4.199584671165441062e-03
8.150854940920346792e-01 5.793286704881627225e-01 -3.732241901861872799e-03
8.142411411515755315e-01 5.805176954032987835e-01 -3.251174417136079055e-03
8.134709710171743602e-01 5.815989856617294063e-01 -2.756799264116928296e-03
8.127773250596320720e-01 5.825701333016296557e-01 -2.249534216844602252e-03
8.121624504045342752e-01 5.834287983138286560e-01 -1.729797586872423420e-03
8.116284960878297206e-01 5.841727055096626042e-01 -1.198008077912635951e-03
8.111775093255751967e-01 5.847996414417463429e-01 -6.545846839399622205e-04
8.108114318965524703e-01 5.853074513995462080e-01 -9.994662999961102714e-05
8.105320966361097001e-01 5.856940365011090721e-01 4.654866451947292216e-04
8.103412240393346178e-01 5.859573509017387272e-01 1.041295465942770285e-03
8.102404189715309846e-01 5.860953991398115681e-01 1.627059856739146351e-03
8.102311674839439704e-01 5.861062336392939276e-01 2.222359441319174487e-03
8.103148337327618078e-01 5.859879523878660512e-01 2.826773305073532715e-03
8.104926569996118157e-01 5.857386968088749146e-01 3.439879822472377384e-03
8.107657488120635358e-01 5.853566498446318711e-01 4.061256451271415269e-03
8.111350901630530741e-01 5.848400342678379271e-01 4.690479495401096884e-03
8.116015288286390073e-01 5.841871112371662678e-01 5.327123838565844816e-03
8.121657767840976261e-01 5.833961791122488361e-01 5.970762650703484269e-03
8.128284077190518486e-01 5.824655725425079700e-01 6.620967069576226896e-03
8.135898546531027398e-01 5.813936618434328851e-01 7.277305859884015959e-03
8.144504076542883331e-01 5.801788526730335960e-01 7.939345052409013323e-03
8.154102116636258168e-01 5.788195860202921539e-01 8.606647565816773898e-03
8.164692644299921254e-01 5.773143385164840602e-01 9.278772813855258594e-03
8.176274145606597932e-01 5.756616230792439559e-01 9.955276300807357204e-03
8.188843596939169300e-01 5.738599898982007508e-01 1.063570920816587356e-02
8.202396448013584696e-01 5.719080277698986858e-01 1.131961797561186096e-02
8.216926606286278911e-01 5.698043657885515367e-01 1.200654387948725879e-02
8.232426422846029768e-01 5.675476753979314948e-01 1.269602261206068637e-02
8.248886679902498464e-01 5.651366728083777602e-01 1.338758386499020597e-02
8.266296579995964233e-01 5.625701217815092248e-01 1.408075092048816784e-02
8.284643737064959490e-01 5.598468367837327042e-01 1.477504025378987597e-02
8.303914169520413280e-01 5.569656865080601094e-01 1.546996115061874573e-02
8.324092295486430482e-01 5.539255977620631821e-01 1.616501534342447768e-02
8.345160930378783259e-01 5.507255597180135132e-01 1.685969667024619575e-02
8.367101287002446375e-01 5.473646285193681793e-01 1.755349076011789369e-02
8.389892978358833853e-01 5.438419322357678221e-01 1.824587474898703085e-02
8.413514023361716720e-01 5.401566761566141128e-01 1.893631703015711404e-02
8.437940855667808160e-01 5.363081484110877595e-01 1.962427704328921843e-02
8.463148335833654556e-01 5.322957259001623864e-01 2.030920510600386919e-02
8.489109767014427765e-01 5.281188805237636563e-01 2.099054229211113481e-02
8.515796914422421038e-01 5.237771856837304396e-01 2.166772036046086744e-02
8.543180028763215361e-01 5.192703230406577886e-01 2.234016173834465699e-02
8.571227873865469027e-01 5.145980895000599187e-01 2.300727956329378515e-02
8.599907758715897854e-01 5.097604044005912272e-01 2.366847778700102017e-02
8.629185574104089040e-01 5.047573168743291205e-01 2.432315134494638167e-02
8.659025834072127115e-01 4.995890133463681826e-01 2.497068639512591351e-02
8.689391722351533787e-01 4.942558251382278001e-01 2.561046062906610632e-02
8.720245143954511446e-01 4.887582361368552619e-01 2.624184365805330363e-02
8.751546782067930463e-01 4.830968904883475856e-01 2.686419747721582527e-02
8.783256160376732291e-01 4.772726002729408834e-01 2.747687700976542829e-02
8.815308390861791299e-01 4.712914322034412185e-01 2.806719147863932784e-02
8.847647498731547877e-01 4.651574004031722720e-01 2.863445187069573600e-02
8.880217366707051641e-01 4.588747570537932141e-01 2.917797416835620633e-02
8.912961878915020009e-01 4.524479975662142328e-01 2.969708101279336376e-02
8.945825068183215212e-01 4.458818649299794434e-01 3.019110345084400834e-02
8.978751266223226057e-01 4.391813531803732129e-01 3.065938275826980350e-02
9.011685256125923082e-01 4.323517099262721430e-01 3.110127233119882109e-02
9.044572426537075271e-01 4.253984378861889182e-01 3.151613963682107361e-02
9.077358926825725982e-01 4.183272953850306619e-01 3.190336821369069847e-02
9.109991822506755543e-01 4.111442957698080436e-01 3.226235971131697494e-02
9.142419250132499675e-01 4.038557057088533742e-01 3.259253595811682780e-02
9.174590570827126923e-01 3.964680423460021919e-01 3.289334104626312483e-02
9.206456521602566223e-01 3.889880692886100166e-01 3.316424342150610383e-02
9.237969363566861380e-01 3.814227914161589794e-01 3.340473796567937359e-02
9.269083026115577661e-01 3.737794485044850790e-01 3.361434805933549014e-02
9.299753246184994104e-01 3.660655076692451160e-01 3.379262761179706309e-02
9.329937701642740944e-01 3.582886546410584128e-01 3.393916304586416799e-02
9.359596137897753243e-01 3.504567838936976654e-01 3.405357522449251745e-02
9.388690486827190318e-01 3.425779876556711012e-01 3.413552130695289566e-02
9.417184977143517877e-01 3.346605438444191782e-01 3.418469652230265998e-02
9.445046235360288200e-01 3.267129029710350574e-01 3.420083584844470920e-02
9.472243376560142147e-01 3.187436740717977113e-01 3.418371558561589946e-02
9.498748084223030963e-01 3.107616097307634440e-01 3.413315481383223660e-02
9.524534678436121782e-01 3.027755902650932640e-01 3.404901672461567441e-02
9.549580171878797596e-01 2.947946071515900601e-01 3.393120981823007781e-02
9.573864313055933106e-01 2.868277457789882301e-01 3.377968895865168797e-02
9.597369616339379572e-01 2.788841676157912119e-01 3.359445627958140140e-02
9.620081378470359823e-01 2.709730918878104355e-01 3.337556193595934279e-02
9.641987681273344046e-01 2.631037768629618245e-01 3.312310469665278451e-02
9.663079380433663435e-01 2.552855008432712292e-01 3.283723237524098504e-02
9.683350080295625162e-01 2.475275429653925607e-01 3.251814209709897457e-02
9.702796094743817434e-01 2.398391639112365525e-01 3.216608040227064008e-02
9.721416394336530598e-01 2.322295866295370215e-01 3.178134318490219434e-02
9.739212539965441673e-01 2.247079771673635151e-01 3.136427547126403870e-02
9.756188603418720628e-01 2.172834257077522757e-01 3.091527103960581974e-02
9.772351075324318126e-01 2.099649279058198870e-01 3.043477188624994431e-02
9.787708761045309513e-01 2.027613666110053003e-01 2.992326754341904232e-02
9.802272665188700440e-01 1.956814940575333783e-01 2.938129425529858313e-02
9.816055865472204101e-01 1.887339145988919942e-01 2.880943401974552995e-02
9.829073376769256187e-01 1.819270680551651476e-01 2.820831350385688205e-02
9.841342006220338279e-01 1.752692137345708279e-01 2.757860284229967859e-02
9.852880200357937435e-01 1.687684151826298884e-01 2.692101432786981816e-02
9.863707885242720685e-01 1.624325257041574766e-01 2.623630100418626251e-02
9.873846300649568031e-01 1.562691746948419169e-01 2.552525517073710518e-02
9.883317829373717833e-01 1.502857548106781571e-01 2.478870681067419160e-02
9.892145822749554007e-01 1.444894099950718991e-01 2.402752195180466593e-02
9.900354423487510713e-01 1.388870243751416655e-01 2.324260097115455129e-02
9.907968386938522665e-01 1.334852120307277734e-01 2.243487685328621195e-02
9.915012901890686292e-01 1.282903076319715230e-01 2.160531341224516608e-02
9.921513411989810738e-01 1.233083579341484187e-01 2.075490348660054274e-02
9.927490450889894236e-01 1.185515576312431846e-01 1.987115015391997808e-02
9.932965951887182676e-01 1.140288423496184922e-01 1.895515767615934752e-02
9.937962091591484581e-01 1.097488263572418965e-01 1.800807131339008521e-02
9.942501038487563392e-01 1.057197913667174277e-01 1.703107527071814897e-02
9.946604702802206432e-01 1.019496762644298421e-01 1.602539062927691577e-02
9.950294489241797713e-01 9.844606772280720119e-02 1.499227327210428048e-02
9.953591054129473648e-01 9.521619164502648225e-02 1.393301181457851437e-02
9.956514068427049224e-01 9.226690538504141170e-02 1.284892554784644592e-02
9.959081988075645375e-01 8.960469068067479503e-02 1.174136240235271883e-02
9.961311833031440965e-01 8.723564723374346852e-02 1.061169693719232233e-02
9.963218976310088681e-01 8.516548686880556773e-02 9.461328359582835482e-03
9.964816944285900258e-01 8.339952820114934773e-02 8.291678577310458362e-03
9.966117229420778934e-01 8.194269174507581854e-02 7.104190285567343888e-03
9.967129116523657517e-01 8.079949539533616554e-02 5.900325088188892488e-03
9.967859523564518431e-01 7.997405021772928391e-02 4.681561651939743392e-03
9.968312857988340658e-01 7.947005648928226473e-02 3.449393891206545444e-03
9.968490889393892829e-01 7.929079993405399596e-02 2.205329179253338531e-03
9.968392639360377228e-01 7.943914810732771725e-02 9.508865810995352063e-04
9.968014289121600591e-01 7.991754688868933643e-02 -3.124048978925160480e-04
9.967349105702648648e-01 8.072801705310889142e-02 -1.583008054468553047e-03
9.966387387047793700e-01 8.187215089852524497e-02 -2.859379228404223053e-03
9.965116426580441500e-01 8.335110891844248193e-02 -4.139970049851348505e-03
9.963520497546057841e-01 8.516561651853393755e-02 -5.423229201411481140e-03
9.961580857396891142e-01 8.731596078706375941e-02 -6.707604203408904127e-03
9.959275772382684133e-01 8.980198733991540117e-02 -7.991543230819171326e-03
9.956580562414057978e-01 9.262309727199687093e-02 -9.273496970104396983e-03
9.953467666164680372e-01 9.577824425760472771e-02 -1.055192052381174334e-02
9.949906726274378999e-01 9.926593185280081777e-02 -1.182527537020819537e-02
9.945864694407985374e-01 1.030842110628163305e-01 -1.309203138445639431e-02
9.941305955813809492e-01 1.072306782467746938e-01 -1.435066892688935912e-02
9.936192472911353768e-01 1.117024734404501868e-01 -1.559968100282501692e-02
9.930483947320435378e-01 1.164962791851900797e-01 -1.683757549708620252e-02
9.924137999623650064e-01 1.216083199573679136e-01 -1.806287748497201889e-02
9.917110366031729463e-01 1.270343622976585762e-01 -1.927413161987904730e-02
9.909355110997477567e-01 1.327697157428980590e-01 -2.046990459611491148e-02
9.900824854699651345e-01 1.388092346651937092e-01 -2.164878768370392254e-02
9.891471014194428424e-01 1.451473211231831539e-01 -2.280939933017886792e-02
9.881244056910329920e-01 1.517779288288219619e-01 -2.395038782251057360e-02
9.870093765044073431e-01 1.586945683297537879e-01 -2.507043400047537923e-02
9.857969509301426347e-01 1.658903135021515540e-01 -2.616825401092964104e-02
9.844820530320458341e-01 1.733578094419100657e-01 -2.724260209068010349e-02
9.830596226016400374e-01 1.810892818332458243e-01 -2.829227336394044695e-02
9.815246442999546739e-01 1.890765478631760699e-01 -2.931610663877877790e-02
9.798721770142035936e-01 1.973110287380971939e-01 -3.031298718551880475e-02
9.780973832307852112e-01 2.057837638448821727e-01 -3.128184947878870359e-02
9.761955582214641991e-01 2.144854265837250751e-01 -3.222167988384391085e-02
9.741621588367598283e-01 2.234063418835603165e-01 -3.313151926694930804e-02
9.719928316996130357e-01 2.325365053934896620e-01 -3.401046550901466736e-02
