1.000000000000000000e+00 0.000000000000000000e+00 0.000000000000000000e+00
9.999999998860386041e-01 -6.537614800185067589e-06 1.360825546094527735e-05
9.999999989020994517e-01 -2.313120399008336583e-05 4.075242777339628048e-05
9.999999952722561369e-01 -5.327820536670808255e-05 8.134467974432475074e-05
9.999999858042415424e-01 -1.004511360870939365e-04 1.352818180462184465e-04
9.999999653802669197e-01 -1.680936329610566334e-04 2.024454529397440240e-04
9.999999263395110694e-01 -2.596165361718025971e-04 2.827021749859674662e-04
9.999998577573979697e-01 -3.783940205805146105e-04 3.759037484386041380e-04
9.999997446274494495e-01 -5.277597786256817657e-04 4.818873209833606213e-04
9.999995669521296593e-01 -7.110032586707154718e-04 6.004756494703586238e-04
9.999992987496957308e-01 -9.313659624864767742e-04 7.314773412670845954e-04
9.999989069846257905e-01 -1.192037805381064748e-03 8.746871108434352022e-04
9.999983504297078607e-01 -1.496153542310037004e-03 1.029886051187336960e-03
9.999975784683460267e-01 -1.846789263118695824e-03 1.196841919639181785e-03
9.999965298460615770e-01 -2.246958959886770617e-03 1.375309437725950011e-03
9.999951313805431896e-01 -2.699611169167354368e-03 1.565030604571388635e-03
9.999932966399251999e-01 -3.207625691738904411e-03 1.765735023456896629e-03
9.999909245992486539e-01 -3.773810392323987805e-03 1.977140241108743274e-03
9.999878982852794529e-01 -4.400898081573674341e-03 2.198952099290764958e-03
9.999840834200293127e-01 -5.091543482474317900e-03 2.430865098287557716e-03
9.999793270734380624e-01 -5.848320283206025205e-03 2.672562771871186179e-03
9.999734563357380868e-01 -6.673718278371293389e-03 2.923718073354297092e-03
9.999662770200270501e-01 -7.570140600419779375e-03 3.183993772343972611e-03
9.999575724055278503e-01 -8.539901043022315660e-03 3.453042861823353918e-03
9.999471020319109504e-01 -9.585221478095255765e-03 3.730508975201667250e-03
9.999346005548991334e-01 -1.070822936814581211e-02 4.016026812987411564e-03
9.999197766731654502e-01 -1.191095537560070590e-02 4.309222578753761634e-03
9.999023121362714539e-01 -1.319533107079433332e-02 4.609714424079262157e-03
9.998818608430813937e-01 -1.456318674032851777e-02 4.917112902160277431e-03
9.998580480397221137e-01 -1.601624929757323665e-02 5.231021429803995974e-03
9.998304696257465096e-01 -1.755614029715546129e-02 5.551036757521643147e-03
9.997986915766966520e-01 -1.918437405538024609e-02 5.876749447450582350e-03
9.997622494907558721e-01 -2.090235587864258671e-02 6.207744358840786361e-03
9.997206482666274319e-01 -2.271138040201863342e-02 6.543601140845362735e-03
9.996733619191837672e-01 -2.461263004036792074e-02 6.883894732356118235e-03
9.996198335387942446e-01 -2.660717355443197388e-02 7.228195868623230394e-03
9.995594753995697967e-01 -2.869596473457593916e-02 7.576071594392696715e-03
9.994916692210511489e-01 -3.087984120498544344e-02 7.927085783286113435e-03
9.994157665871276075e-01 -3.315952335129764006e-02 8.280799663134360070e-03
9.993310895252018877e-01 -3.553561337480916349e-02 8.636772346959715324e-03
9.992369312478164289e-01 -3.800859447656127627e-02 8.994561369279834018e-03
9.991325570581326421e-01 -4.057883017474957915e-02 9.353723227381699826e-03
9.990172054198127594e-01 -4.324656375903833394e-02 9.713813927184357030e-03
9.988900891909895385e-01 -4.601191788547380479e-02 1.007438953327576339e-02
9.987503970211358828e-01 -4.887489431578301291e-02 1.043500672267187561e-02
9.985972949087622563e-01 -5.183537380491005236e-02 1.079522334180511856e-02
9.984299279169777108e-01 -5.489311614067750311e-02 1.115459896620505688e-02
9.982474220430631595e-01 -5.804776033946251051e-02 1.151269546228665848e-02
9.980488862373145809e-01 -6.129882500174166360e-02 1.186907755061145098e-02
9.978334145655372023e-01 -6.464570883128321899e-02 1.222331336993449404e-02
9.976000885087065173e-01 -6.808769132164653459e-02 1.257497504129601040e-02
9.973479793924616699e-01 -7.162393361348429188e-02 1.292363923136117046e-02
9.970768219593486581e-01 -7.524697919561305903e-02 1.325532211993429507e-02
9.967860366665125538e-01 -7.895226983934562626e-02 1.356969196885397973e-02
9.964750951671048629e-01 -8.273516137133532511e-02 1.386643953426295456e-02
9.961435249384007484e-01 -8.659093021478093954e-02 1.414527845321585271e-02
9.957909136479387024e-01 -9.051478009493185706e-02 1.440594559338155903e-02
9.954169132341332826e-01 -9.450184889473151051e-02 1.464820136414105196e-02
9.950212436794170223e-01 -9.854721564510453280e-02 1.487182998750574692e-02
9.946036964557146698e-01 -1.026459076331436987e-01 1.507663972742425904e-02
9.941641376239240824e-01 -1.067929076103030367e-01 1.526246307620611822e-02
9.937025105710626249e-01 -1.109831610816678221e-01 1.542915689696776164e-02
9.932188383708251411e-01 -1.152115836564636397e-01 1.557660252119760259e-02
9.927132257554688310e-01 -1.194730684391982073e-01 1.570470580074122616e-02
9.921858606891824639e-01 -1.237624934402103138e-01 1.581339711372284004e-02
9.916370155353879667e-01 -1.280747289839397340e-01 1.590263132414283104e-02
9.910670478127531213e-01 -1.324046450929364793e-01 1.597238769512155168e-02
9.904764005370376712e-01 -1.367471188255019732e-01 1.602266975599370147e-02
9.898656021482414857e-01 -1.410970415449017412e-01 1.605350512369379395e-02
9.892352660248492358e-01 -1.454493260983093506e-01 1.606494527910849734e-02
9.885860895892571998e-01 -1.497989138840336298e-01 1.605706529930402485e-02
9.879188530107032573e-01 -1.541407817861417395e-01 1.602996354676358703e-02
9.872344175141887224e-01 -1.584699489563144159e-01 1.598376131698913891e-02
9.865337233059596755e-01 -1.627814834236497865e-01 1.591860244603093139e-02
9.858177871280963123e-01 -1.670705085141586943e-01 1.583465287970583363e-02
9.850876994566211131e-01 -1.713322090628576211e-01 1.573210020644886728e-02
9.843446213592778049e-01 -1.755618374026532424e-01 1.561115315591051628e-02
9.835897810307309141e-01 -1.797547191156110002e-01 1.547204106556326030e-02
9.828244700243922161e-01 -1.839062585336955491e-01 1.531501331771346723e-02
9.820500392013786772e-01 -1.880119439776479495e-01 1.514033874942783721e-02
9.812678944182493534e-01 -1.920673527243067780e-01 1.494830503797651457e-02
9.804794919761428140e-01 -1.960681556943722481e-01 1.473921806446682782e-02
9.796863338547507905e-01 -2.000101218543368642e-01 1.451340125839228543e-02
9.788899627552062332e-01 -2.038891223280464016e-01 1.427119492585061759e-02
9.780919569764459087e-01 -2.077011342150959783e-01 1.401295556419249883e-02
9.772939251499224156e-01 -2.114422441149894083e-01 1.373905516584942102e-02
9.764975008577024829e-01 -2.151086513576832004e-01 1.344988051405552297e-02
9.757043371589934067e-01 -2.186966709427821121e-01 1.314583247312475604e-02
9.749161010500008162e-01 -2.222027361912397858e-01 1.282732527587251981e-02
9.741344678817465130e-01 -2.256234011149307328e-01 1.249478581068087617e-02
9.733611157600673414e-01 -2.289553425108885598e-01 1.214865291059990041e-02
9.725977199514944660e-01 -2.321953617883389109e-01 1.178937664675599323e-02
9.718459473180791619e-01 -2.353403865378844995e-01 1.141741762820251520e-02
9.711074508035014707e-01 -2.383874718533168791e-01 1.103324631020049552e-02
9.703838639919806219e-01 -2.413338014175275270e-01 1.063734231275893609e-02
9.696767957606149402e-01 -2.441766883648656128e-01 1.023019375109712921e-02
9.689878250448226149e-01 -2.469135759330357838e-01 9.812296579517034920e-03
9.683184957355446265e-01 -2.495420379182462789e-01 9.384153949993834579e-03
9.676703117258209641e-01 -2.520597789478016826e-01 8.946275586608954181e-03
9.670447321232650273e-01 -2.544646345846878210e-01 8.499177176763773878e-03
9.664431666438589863e-01 -2.567545712789190415e-01 8.043379779925505929e-03
9.658669712013702169e-01 -2.589276861805114849e-01 7.579409254470844196e-03
9.653156996513306831e-01 -2.609882996663985266e-01 7.120927425508456581e-03
9.647896797706859706e-01 -2.629380280075078180e-01 6.668387364182754712e-03
9.642891591558977460e-01 -2.647785895715941695e-01 6.222233132042568476e-03
9.638143065331159498e-01 -2.665118022417469201e-01 5.782899496454978021e-03
9.633652132645280641e-01 -2.681395808493691746e-01 5.350811655668484372e-03
9.629418950388964893e-01 -2.696639346210255583e-01 4.926384972615376057e-03
9.625442937340580318e-01 -2.710869646378717968e-01 4.510024716603504465e-03
9.621722794389688804e-01 -2.724108613057579786e-01 4.102125812114031274e-03
9.618256526227276781e-01 -2.736379018335367563e-01 3.703072593993273799e-03
9.615041464378994984e-01 -2.747704477166141857e-01 3.313238568402669150e-03
9.612074291453908126e-01 -2.758109422223519736e-01 2.932986178970276372e-03
9.609351066480900094e-01 -2.767619078735677474e-01 2.562666577669298149e-03
9.606867251204848079e-01 -2.776259439260839179e-01 2.202619400033042994e-03
9.604617737214999895e-01 -2.784057238360475028e-01 1.853172544400755097e-03
9.602596873778622699e-01 -2.791039927125770204e-01 1.514641954974068954e-03
9.600798496253931669e-01 -2.797235647511943091e-01 1.187331408548756261e-03
9.599215954957577290e-01 -2.802673206434596054e-01 8.715323048702342586e-04
9.597842144363520900e-01 -2.807382049582508587e-01 5.675234606433255747e-04
9.596669532511999945e-01 -2.811392234902082010e-01 2.755709073063862644e-04
9.595690190509444939e-01 -2.814734405709987120e-01 -4.072307243447139454e-06
9.594895822002679209e-01 -2.817439763392435847e-01 -2.711663127140187817e-04
9.594277792513512537e-01 -2.819540039651846630e-01 -5.254846059419618614e-04
9.593827158522904019e-01 -2.821067468264475964e-01 -7.668142354829513832e-04
9.593534696197263401e-01 -2.822054756315799939e-01 -9.949559808150446917e-04
9.593390929653136112e-01 -2.822535054884015571e-01 -1.209724525647196255e-03
9.593386158660530683e-01 -2.822541929145946926e-01 -1.410948624775988950e-03
9.593510485689439315e-01 -2.822109327883851049e-01 -1.598471263890352025e-03
9.593753842208724292e-01 -2.821271552376070635e-01 -1.772149811686695494e-03
9.594106014151445594e-01 -2.820063224659135614e-01 -1.931856163625655150e-03
9.594556666465926531e-01 -2.818519255153734693e-01 -2.077476876636582745e-03
9.595095366677351967e-01 -2.816674809651916744e-01 -2.208913294057074546e-03
9.595711607390479125e-01 -2.814565275667884059e-01 -2.326081660082190972e-03
9.596394827670103878e-01 -2.812226228159785957e-01 -2.428913222991528013e-03
9.597134433242217044e-01 -2.809693394634961705e-01 -2.517354326421824325e-03
9.597919815465368876e-01 -2.807002619656056019e-01 -2.591366487958195880e-03
9.598740369028493369e-01 -2.804189828770356496e-01 -2.650926464328160620e-03
9.599585508338451811e-01 -2.801290991889471282e-01 -2.696026302499121476e-03
9.600444682567672583e-01 -2.798342086151112129e-01 -2.726673376001626306e-03
9.601307389339573950e-01 -2.795379058299201636e-01 -2.742890405827227290e-03
9.602163187036852898e-01 -2.792437786622769536e-01 -2.744715465280749261e-03
9.603001705725230375e-01 -2.789554042498117448e-01 -2.732201968201905876e-03
9.603812656692789496e-01 -2.786763451582497386e-01 -2.705418640010072082e-03
9.604585840612599457e-01 -2.784101454711033208e-01 -2.664449471068221047e-03
9.605311154343872948e-01 -2.781603268551828267e-01 -2.609393651907168220e-03
9.605978596394386670e-01 -2.779303846077100237e-01 -2.540365489898884204e-03
9.606578271074275310e-01 -2.777237836910796953e-01 -2.457494307017333169e-03
9.607100391378559090e-01 -2.775439547615439206e-01 -2.360924318376638777e-03
9.607535280642839348e-01 -2.773942901982917597e-01 -2.250814491288949046e-03
9.607873373023422259e-01 -2.772781401395659762e-01 -2.127338384637780279e-03
9.608105212859731070e-01 -2.771988085325944318e-01 -1.990683968416466845e-03
9.608221452983141120e-01 -2.771595492042230879e-01 -1.841053423335263376e-03
9.608212852042301577e-01 -2.771635619592164868e-01 -1.678662920454306560e-03
9.608070270920586742e-01 -2.772139887132439307e-01 -1.503742380852733434e-03
9.607784668326443400e-01 -2.773139096675962811e-01 -1.316535215396468428e-03
9.607347095642096990e-01 -2.774663395326810722e-01 -1.117298044718318751e-03
9.606748691120309269e-01 -2.776742238073232061e-01 -9.063003995738170334e-04
9.605980673522535040e-01 -2.779404351208585311e-01 -6.838244017845538465e-04
9.605034335295034031e-01 -2.782677696449487037e-01 -4.501644260274295564e-04
9.603901035382031992e-01 -2.786589435819699090e-01 -2.056267427731971013e-04
9.602572191777076771e-01 -2.791165897367376969e-01 4.947085727916993329e-05
9.601039273915105143e-01 -2.796432541782276071e-01 3.147994568844025907e-04
9.599293795008535524e-01 -2.802413929978363472e-01 5.900194236217298207e-04
9.597327304430848249e-01 -2.809133691706053870e-01 8.747808384893271481e-04
9.595131380250633280e-01 -2.816614495256974382e-01 1.168723941221098007e-03
9.592697622017970494e-01 -2.824878018322782847e-01 1.471479591789939898e-03
9.590017643903228084e-01 -2.833944920068137141e-01 1.782669747528559849e-03
9.587083068285982002e-01 -2.843834814476441930e-01 2.101907955267135440e-03
9.583885519888728499e-01 -2.854566245025481064e-01 2.428799857856468302e-03
9.580416620546415851e-01 -2.866156660748514495e-01 2.762943714415618153e-03
9.576667984698589153e-01 -2.878622393734837082e-01 3.103930933614100929e-03
9.572631215686121520e-01 -2.891978638122197909e-01 3.451346619270462268e-03
9.568297902929117082e-01 -2.906239430631847864e-01 3.804770127521175764e-03
9.563659620056688127e-01 -2.921417632695297861e-01 4.163775634786215547e-03
9.558707924052879390e-01 -2.937524914220154271e-01 4.527932715730152366e-03
9.553434355476168038e-01 -2.954571739040611766e-01 4.896806930390097505e-03
9.547830439802655889e-01 -2.972567352096328053e-01 5.269960419614146130e-03
9.541887689935407701e-01 -2.991519768381467603e-01 5.646952507926054736e-03
9.535597609914342465e-01 -3.011435763703654289e-01 6.027340312903717648e-03
9.528951699852793444e-01 -3.032320867290412281e-01 6.410679360130497328e-03
9.521941462118262978e-01 -3.054179356278372559e-01 6.796524202749689401e-03
9.514558408766153885e-01 -3.077014252118068227e-01 7.184429044623408256e-03
9.506794070226344262e-01 -3.100827318924503362e-01 7.573948366068008857e-03
9.498640005233488504e-01 -3.125619063800859077e-01 7.964637551109068209e-03
9.490087811982901300e-01 -3.151388739159665109e-01 8.356053515169974827e-03
9.481129140484895190e-01 -3.178134347062496201e-01 8.747755332079654861e-03
9.471755706081531612e-01 -3.205852645595750339e-01 9.139304859257114250e-03
9.461959304080984623e-01 -3.234539157296312251e-01 9.530267359903579413e-03
9.451731825456167746e-01 -3.264188179636874909e-01 9.920212121007441347e-03
9.441065273545985459e-01 -3.294792797576408527e-01 1.030871306594328789e-02
9.429951781689592805e-01 -3.326344898176695764e-01 1.069534936042449043e-02
9.418383631716480409e-01 -3.358835187281021817e-01 1.107970601054938942e-02
9.406353273208043486e-01 -3.392253208245992746e-01 1.146137445166467081e-02
9.393853343439637626e-01 -3.426587362712096851e-01 1.183995312675639386e-02
9.380876687906005706e-01 -3.461824933393001791e-01 1.221504805306973009e-02
9.367416381327434705e-01 -3.497952108857746989e-01 1.258627337565336457e-02
9.353465749029113985e-01 -3.534954010273920200e-01 1.295325190652397117e-02
9.339018388581938890e-01 -3.572814720073682615e-01 1.331561564815073907e-02
9.324068191589499621e-01 -3.611517312498107035e-01 1.367300629996986809e-02
9.308609365503232036e-01 -3.651043885968788261e-01 1.402507574665473079e-02
9.292636455345713031e-01 -3.691375597229084593e-01 1.437148652688921557e-02
9.276144365220865273e-01 -3.732492697190726294e-01 1.471191228141997993e-02
9.259128379489445226e-01 -3.774374568414886610e-01 1.504603817919811584e-02
9.241584183488595894e-01 -3.816999764150248442e-01 1.537356132046219931e-02
9.223507883675454710e-01 -3.860346048844116584e-01 1.569419111566302746e-02
9.204896027076868714e-01 -3.904390440036301091e-01 1.600764963918550540e-02
9.185745619930077988e-01 -3.949109251539391630e-01 1.631367195688506952e-02
9.166054145402866560e-01 -3.994478137803173512e-01 1.661200642652472734e-02
9.145819580286030925e-01 -4.040472139355392733e-01 1.690241497027387962e-02
9.125040410556151116e-01 -4.087065729205884290e-01 1.718467331851148902e-02
9.103715645712409099e-01 -4.134232860096312412e-01 1.745857122426345415e-02
9.081844831797665218e-01 -4.181947012473444247e-01 1.772391264769676567e-02
9.059428063021034427e-01 -4.230181243060078811e-01 1.798051591019084877e-02
9.036465991906795781e-01 -4.278908233894476720e-01 1.822821381760873424e-02
9.012959837902534410e-01 -4.328100341706466736e-01 1.846685375249688607e-02
8.988911394387935072e-01 -4.377729647496330090e-01 1.869629773505186721e-02
8.964323034034485937e-01 -4.427768006181152516e-01 1.891642245280393889e-02
8.939197712475513979e-01 -4.478187096172569492e-01 1.912711925908147995e-02
8.913538970255341365e-01 -4.528958468749776367e-01 1.932829414043476038e-02
8.887350933035869094e-01 -4.580053597092280104e-01 1.951986765331268844e-02
8.860638310048479793e-01 -4.631443924838205550e-01 1.970177483040055910e-02
8.833406390788743900e-01 -4.683100914035979168e-01 1.987396505713985573e-02
8.805661039960932523e-01 -4.734996092359923248e-01 2.003640191906212731e-02
8.777408690688706105e-01 -4.787101099463662024e-01 2.018906302067682498e-02
8.748656336017510693e-01 -4.839387732349286764e-01 2.033193977675721437e-02
8.719411518743089839e-01 -4.891827989634859319e-01 2.046503717696820587e-02
8.689682319609063343e-01 -4.944394114608097746e-01 2.058837352487451547e-02
8.659477343924643078e-01 -4.997058636959880729e-01 2.070198015245634099e-02
8.628805706661260011e-01 -5.049794413097518087e-01 2.080590111134209344e-02
8.597677016094028568e-01 -5.102574664944511396e-01 2.090019284204312766e-02
8.566101356060623617e-01 -5.155373017140736369e-01 2.098492382254345950e-02
8.534089266916170535e-01 -5.208163532564507037e-01 2.106017419765766202e-02
8.501651725268195570e-01 -5.260920746105863799e-01 2.112603539062216790e-02
8.468800122580456557e-01 -5.313619696628526512e-01 2.118260969842896205e-02
8.435546242738601874e-01 -5.366235957066241014e-01 2.123000987244575907e-02
8.401902238674058276e-01 -5.418745662607691305e-01 2.126835868589325995e-02
8.367880608145330523e-01 -5.471125536932619493e-01 2.129778848976788749e-02
8.333494168777966227e-01 -5.523352916470323226e-01 2.131844075880762537e-02
8.298756032465888222e-01 -5.575405772660140258e-01 2.133046562909928640e-02
8.263679579237529493e-01 -5.627262732201897544e-01 2.133402142891798955e-02
8.228278430690336709e-01 -5.678903095292492376e-01 2.132927420437395055e-02
8.192566423096682149e-01 -5.730306851852779992e-01 2.131639724141845549e-02
8.156557580283121389e-01 -5.781454695756671480e-01 2.129557058573016207e-02
8.120266086383267634e-01 -5.832328037081802030e-01 2.126698056196532974e-02
8.083706258562327607e-01 -5.882909012408226168e-01 2.123081929381159805e-02
8.046892519808647171e-01 -5.933180493198362271e-01 2.118728422623494118e-02
8.009839371884462933e-01 -5.983126092297712528e-01 2.113657765125407512e-02
7.972561368524467840e-01 -6.032730168601826426e-01 2.107890623851643025e-02
7.935073088966854149e-01 -6.081977829940414804e-01 2.101448057188528423e-02
7.897389111897236136e-01 -6.130854934234536424e-01 2.094351469317949632e-02
7.859523989881270767e-01 -6.179348088987266507e-01 2.086622565413602179e-02
7.821526926057404960e-01 -6.227404604234714203e-01 2.077222408044029217e-02
7.783429910528356643e-01 -6.274992235831647891e-01 2.066188684665168362e-02
7.745265045614212474e-01 -6.322080225573322165e-01 2.053559900687572382e-02
7.707064489469691582e-01 -6.368639299525662434e-01 2.039375274213334546e-02
7.668860400554702306e-01 -6.414641662111201237e-01 2.023674633074629137e-02
7.630684883178835420e-01 -6.460060986145221840e-01 2.006498314473072198e-02
7.592569934323795122e-01 -6.504872399028291952e-01 1.987887067494058593e-02
7.554547391930455102e-01 -6.549052465311215876e-01 1.967881958744589418e-02
7.516648884819455700e-01 -6.592579165856486956e-01 1.946524281337115234e-02
7.478905784396214784e-01 -6.635431873826537208e-01 1.923855467415809192e-02
7.441349158273057318e-01 -6.677591327733568560e-01 1.899917004395675763e-02
7.404009725923088592e-01 -6.719039601788520111e-01 1.874750355059195614e-02
7.366917816462558166e-01 -6.759760073787918211e-01 1.848396881629988872e-02
7.330103328640933391e-01 -6.799737390776982027e-01 1.820897773918421850e-02
7.293595693100872746e-01 -6.838957432725584207e-01 1.792293981610348919e-02
7.257423836953836860e-01 -6.877407274450547670e-01 1.762626150747383449e-02
7.221616150701329895e-01 -6.915075146013440754e-01 1.731934564425373010e-02
7.186200457516778162e-01 -6.951950391817607322e-01 1.700259087717187478e-02
7.151203984888935272e-01 -6.988023428621753519e-01 1.667639116806610838e-02
7.116653338614451485e-01 -7.023285702680143183e-01 1.634113532302113037e-02
7.082574479114981392e-01 -7.057729646211423624e-01 1.599720656682609640e-02
7.048992700042864268e-01 -7.091348633389450429e-01 1.564498215812028248e-02
7.015932609129107433e-01 -7.124136936040290635e-01 1.528483304445598517e-02
6.983418111218069324e-01 -7.156089679219995725e-01 1.491712355638274458e-02
6.951472393424897867e-01 -7.187202796837811603e-01 1.454221113954561571e-02
6.920117912344462274e-01 -7.217472987479396362e-01 1.416044612369238981e-02
6.889376383234105949e-01 -7.246897670574350414e-01 1.377217152739998451e-02
6.859268771087121408e-01 -7.275474943042088416e-01 1.337772289725827624e-02
6.829815283509306223e-01 -7.303203536539847329e-01 1.297742818018985875e-02
6.801035365307286362e-01 -7.330082775426494113e-01 1.257160762753613270e-02
6.772947694694450016e-01 -7.356112535545830111e-01 1.216057372950288609e-02
6.745570181018260003e-01 -7.381293203923386947e-01 1.174463117853177287e-02
6.718919963911395010e-01 -7.405625639461250742e-01 1.132407686014677214e-02
6.693013413768490460e-01 -7.429111134706343211e-01 1.089919986981639083e-02
6.667866133450258692e-01 -7.451751378758831867e-01 1.047028155437212601e-02
6.643492961117306583e-01 -7.473548421378966022e-01 1.003759557653089926e-02
6.619907974097054559e-01 -7.494504638342699421e-01 9.601408001082995317e-03
6.597124493688749647e-01 -7.514622698088919694e-01 9.161977401326869275e-03
6.575155090813539216e-01 -7.533905529694039371e-01 8.719554984357179989e-03
6.554011592418966803e-01 -7.552356292203076249e-01 8.274384733842040165e-03
6.533705088549962570e-01 -7.569978345340174775e-01 7.826703568958939816e-03
6.514245940001408552e-01 -7.586775221615820186e-01 7.376741518195564611e-03
6.495643786470629566e-01 -7.602750599842704737e-01 6.924721906761190440e-03
6.477907555131624528e-01 -7.617908280067421378e-01 6.470861556395868242e-03
6.461045469556500054e-01 -7.632252159920728252e-01 6.015370996407763508e-03
6.445065058913380662e-01 -7.645786212385190517e-01 5.558454684813257315e-03
6.429973167373943532e-01 -7.658514464975422209e-01 5.100311238499297302e-03
6.415775963667734727e-01 -7.670440980322967839e-01 4.641133671372602021e-03
6.402478950724445061e-01 -7.681569838155062335e-01 4.181109639505305176e-03
6.390086975349417164e-01 -7.691905118654035478e-01 3.720421692331082886e-03
6.378571667243060350e-01 -7.701477495438112664e-01 3.267925554168318088e-03
6.367919493104478024e-01 -7.710305055162437471e-01 2.823732114721934881e-03
6.358116362719132830e-01 -7.718405674021922014e-01 2.387948875975015595e-03
6.349147652955325905e-01 -7.725797027811157625e-01 1.960680209595978829e-03
6.340998230977866745e-01 -7.732496602683256448e-01 1.542027594557185671e-03
6.333652476709356050e-01 -7.738521706518531884e-01 1.132089835142294264e-03
6.327094304570992644e-01 -7.743889480817324200e-01 7.309632595555674156e-04
6.321307184535940316e-01 -7.748616913034537257e-01 3.387418993788800063e-04
6.316274162529083025e-01 -7.752720849276566462e-01 -4.448234984822020286e-05
6.311977880207479963e-01 -7.756218007284304550e-01 -4.186195866230485972e-04
6.308400594155998409e-01 -7.759124989628786162e-01 -7.835817797218471922e-04
6.305524194532543536e-01 -7.761458297048768884e-01 -1.139282662339554221e-03
6.303330223196942361e-01 -7.763234341862171872e-01 -1.485637643756390364e-03
6.301799891357013905e-01 -7.764469461385796745e-01 -1.822563738140750914e-03
6.300914096764578254e-01 -7.765179931300161265e-01 -2.149979510079451546e-03
6.300653440493202417e-01 -7.765381978898548976e-01 -2.467805036408928822e-03
6.300998243328389536e-01 -7.765091796161610604e-01 -2.775961883904338144e-03
6.301928561799622353e-01 -7.764325552600935820e-01 -3.074373102367477812e-03
6.303424203882287413e-01 -7.763099407817088959e-01 -3.362963232638923380e-03
6.305464744395975485e-01 -7.761429523719571844e-01 -3.641658329044582688e-03
6.308029540124041601e-01 -7.759332076358098629e-01 -3.910385995771977624e-03
6.311097744677589549e-01 -7.756823267316474979e-01 -4.169075436656816125e-03
6.314648323125258145e-01 -7.753919334622216830e-01 -4.417657517845817623e-03
6.318660066408353648e-01 -7.750636563126889200e-01 -4.656064842787197358e-03
6.323111605558985326e-01 -7.746991294313977372e-01 -4.884231838985753429e-03
6.327981425736914911e-01 -7.742999935492921315e-01 -5.102094855945015980e-03
6.333247880098932248e-01 -7.738678968339801623e-01 -5.309592273704547873e-03
6.338889203512577675e-01 -7.734044956747020416e-01 -5.506664621366146560e-03
6.344883526124125428e-01 -7.729114553946199173e-01 -5.693254704988463463e-03
6.351208886788795027e-01 -7.723904508870469421e-01 -5.869307744215512823e-03
6.357843246369270229e-01 -7.718431671724284016e-01 -6.034771516990687645e-03
6.364764500906757716e-01 -7.712712998730906211e-01 -6.189596511694349552e-03
6.371950494666990261e-01 -7.706765556029828712e-01 -6.333736086029891944e-03
6.379379033061874926e-01 -7.700606522698502099e-01 -6.467146631970462078e-03
6.387027895445782644e-01 -7.694253192874974667e-01 -6.589787746066399360e-03
6.394874847783912353e-01 -7.687722976960330579e-01 -6.701622404401969338e-03
6.402897655188658499e-01 -7.681033401882157996e-01 -6.802617141479293077e-03
6.411074094318530703e-01 -7.674202110402715826e-01 -6.892742232297589464e-03
6.419381965632871001e-01 -7.667246859457967911e-01 -6.971971876887069451e-03
6.427799105494476084e-01 -7.660185517516225895e-01 -7.040284386549180637e-03
6.436303398111165031e-01 -7.653036060947793207e-01 -7.097662371048514204e-03
6.444872787306445971e-01 -7.645816569399718210e-01 -7.144092925996656414e-03
6.453485288108650186e-01 -7.638545220172535677e-01 -7.179567819664726264e-03
6.462118998147277082e-01 -7.631240281598736797e-01 -7.204083678459390246e-03
6.470752108844807227e-01 -7.623920105425577853e-01 -7.217642170296892715e-03
6.479362916391918636e-01 -7.616603118207808665e-01 -7.220250185111171289e-03
6.487929832493832816e-01 -7.609307811718852843e-01 -7.211920011735590066e-03
6.496431394875517018e-01 -7.602052732392025058e-01 -7.192669510403194161e-03
6.504846277533571364e-01 -7.594856469806383625e-01 -7.162522280117879572e-03
6.513153300722906991e-01 -7.587737644234872070e-01 -7.121507820158441172e-03
6.521331440666749968e-01 -7.580714893275481980e-01 -7.069661684989199564e-03
6.529359838979070796e-01 -7.573806857589194808e-01 -7.007025631864893800e-03
6.537217811789245436e-01 -7.567032165771500063e-01 -6.933647760433720580e-03
6.544884858559615326e-01 -7.560409418387301628e-01 -6.849582643660901381e-03
6.552340670587566418e-01 -7.553957171201963749e-01 -6.754891449415912318e-03
6.559565139184864169e-01 -7.547693917644164863e-01 -6.649642052089534822e-03
6.566538363528173772e-01 -7.541638070539077310e-01 -6.533909133632179178e-03
6.573240658176019435e-01 -7.535807943153131072e-01 -6.407774273432426636e-03
6.579652560248823168e-01 -7.530221729594313018e-01 -6.271326026484412564e-03
6.585754836270151236e-01 -7.524897484614511134e-01 -6.124659989324471483e-03
6.591528488668837449e-01 -7.519853102862873451e-01 -5.967878853251303191e-03
6.596954761943256695e-01 -7.515106297641487298e-01 -5.801092444379725606e-03
6.602015148490641971e-01 -7.510674579216870539e-01 -5.624417750115762518e-03
6.606691394106009030e-01 -7.506575232742825898e-01 -5.437978931680249872e-03
6.610965503156919221e-01 -7.502825295852098009e-01 -5.241907322349257173e-03
6.614819743441947564e-01 -7.499441535975996942e-01 -5.036341411122227142e-03
6.618236650742385097e-01 -7.496440427452714106e-01 -4.821426811572766639e-03
6.621199033078275509e-01 -7.493838128486416394e-01 -4.597316215682281659e-03
6.623689974681424841e-01 -7.491650458020393533e-01 -4.364169332503040934e-03
6.625692839699505177e-01 -7.489892872588523876e-01 -4.122152811544549898e-03
6.627191275646735491e-01 -7.488580443210089976e-01 -3.871440150825251458e-03
6.628169216617902926e-01 -7.487727832393573646e-01 -3.612211589580294462e-03
6.628610886283664572e-01 -7.487349271315416610e-01 -3.344653985665311906e-03
6.628500800686085714e-01 -7.487458537239892742e-01 -3.068960677745629067e-03
6.627823770854289753e-01 -7.488068931246162352e-01 -2.785331332409914963e-03
6.626564905260809990e-01 -7.489193256328332549e-01 -2.493971776396841124e-03
6.624709612139837445e-01 -7.490843795933809224e-01 -2.195093814172602992e-03
6.622243601688974080e-01 -7.493032293004547872e-01 -1.888915031146081065e-03
6.619152888176312866e-01 -7.495769929584863434e-01 -1.575658582856722268e-03
6.615423791974750500e-01 -7.499067307058320253e-01 -1.255552970517847351e-03
6.611042941545282048e-01 -7.502934427074857693e-01 -9.288318033447237219e-04
6.605997275390730339e-01 -7.507380673227763701e-01 -5.957335481423733795e-04
6.600274044000822293e-01 -7.512414793538302327e-01 -2.565012666724447222e-04
6.593860811808862632e-01 -7.518044883803874923e-01 8.861765863855838822e-05
6.586745459179347284e-01 -7.524278371863387660e-01 4.393718100459419228e-04
6.578916184444805193e-01 -7.531122002831182050e-01 7.955060302449155907e-04
6.570361506008927099e-01 -7.538581825348316112e-01 1.156761727858723453e-03
6.561070264531634333e-01 -7.546663178897305979e-01 1.522877191939488780e-03
6.551031625210178566e-01 -7.555370682223531142e-01 1.893587914730626926e-03
6.540235080168678161e-01 -7.564708222903505641e-01 2.268626921908066963e-03
6.528670450966649330e-01 -7.574678948096995601e-01 2.647725109488281801e-03
6.516327891235156322e-01 -7.585285256516675068e-01 3.030611586564341264e-03
6.503197889447145386e-01 -7.596528791645537071e-01 3.417014023007011129e-03
6.489271271826400067e-01 -7.608410436228718599e-01 3.806659001246372794e-03
6.474539205397358277e-01 -7.620930308062706660e-01 4.199272371230713258e-03
6.458993201175772247e-01 -7.634087757101134519e-01 4.594579607643523717e-03
6.442625117497935427e-01 -7.647881363892506945e-01 4.992306168446516458e-03
6.425427163483905524e-01 -7.662308939361262006e-01 5.392177853806624961e-03
6.407391902627874725e-01 -7.677367525939607917e-01 5.793921164458111679e-03
6.388512256506616582e-01 -7.693053400053523339e-01 6.197263658547188733e-03
6.368781508594734131e-01 -7.709362075962261640e-01 6.601934306006015940e-03
6.348193308173324390e-01 -7.726288310946622939e-01 7.007663839505629856e-03
6.326741674316654906e-01 -7.743826111837175397e-01 7.414185101043264253e-03
6.304420999939522874e-01 -7.761968742869563842e-01 7.821233383228721678e-03
6.281226055886198756e-01 -7.780708734849990371e-01 8.228546764346858153e-03
6.257151995040204362e-01 -7.800037895609988059e-01 8.635866436288941461e-03
6.232194356432697591e-01 -7.819947321725685407e-01 9.042937024464544130e-03
6.206349069325948209e-01 -7.840427411472903341e-01 9.449506898827706586e-03
6.179612457247261048e-01 -7.861467878985698432e-01 9.855328475176330580e-03
6.151981241947802603e-01 -7.883057769582321184e-01 1.026015850591207625e-02
6.123452547260074263e-01 -7.905185476219046548e-01 1.066375835947927682e-02
6.094023902827306882e-01 -7.927838757028969896e-01 1.106589428773559203e-02
6.063693247677770515e-01 -7.951004753899667543e-01 1.146633768054407948e-02
6.032458933616987595e-01 -7.974670012040558920e-01 1.186486530691596014e-02
6.000319728411005471e-01 -7.998820500487996421e-01 1.226125954207553381e-02
5.967274818734337183e-01 -8.023441633493435532e-01 1.265530857986314935e-02
5.933323812856812207e-01 -8.048518292737630864e-01 1.304680662993890246e-02
5.898466743044472604e-01 -8.074034850311598843e-01 1.343555409929839302e-02
5.862704067650728046e-01 -8.099975192403117141e-01 1.382135775766242872e-02
5.826036672875292144e-01 -8.126322743625835621e-01 1.420403088635469220e-02
5.788465874169923531e-01 -8.153060491926605868e-01 1.458339341033493969e-02
5.749993417271668239e-01 -8.180171014005472863e-01 1.495927201310995151e-02
5.710621478846170662e-01 -8.207636501181823085e-01 1.533150023430010674e-02
5.670352666725633206e-01 -8.235438785639590531e-01 1.569991854969570236e-02
5.629190019728148586e-01 -8.263559366984035703e-01 1.606437443369390650e-02
5.587137007047432435e-01 -8.291979439042559408e-01 1.642472240406406270e-02
5.544197527204337561e-01 -8.320679916842224078e-01 1.678082404904593025e-02
5.500375906554039185e-01 -8.349641463697141663e-01 1.713254803684183605e-02
5.455676897345279608e-01 -8.378844518339687575e-01 1.747977010761965141e-02
5.410105675330673103e-01 -8.408269322030512694e-01 1.782237304819848586e-02
5.363667836929653099e-01 -8.437895945583682167e-01 1.816024664964288604e-02
5.316369395948276066e-01 -8.467704316244827334e-01 1.849328764804395939e-02
5.268216779862660015e-01 -8.497674244362024565e-01 1.882139964881684654e-02
5.219216825675419003e-01 -8.527785449791203121e-01 1.914449303489315982e-02
5.169376775356929743e-01 -8.558017587980166763e-01 1.946248485923430041e-02
5.118704270885697794e-01 -8.588350275677820722e-01 1.977529872213656947e-02
5.067207348904404496e-01 -8.618763116217925679e-01 2.008286463384172452e-02
5.014894435010435192e-01 -8.649235724329568109e-01 2.038511886300676049e-02
4.961774337701777560e-01 -8.679747750429610553e-01 2.068200377162422027e-02
4.907856242001097935e-01 -8.710278904355573948e-01 2.097346763701904079e-02
4.853149702782603714e-01 -8.740808978500750337e-01 2.125946446157976968e-02
4.797664637827903089e-01 -8.771317870316762688e-01 2.153995377091084268e-02
4.741411320638506122e-01 -8.801785604152344566e-01 2.181490040111837975e-02
4.684400373033852372e-01 -8.832192352400670687e-01 2.208427427596475548e-02
4.626642757564793373e-01 -8.862518455931247541e-01 2.234805017464674276e-02
4.568149769773309221e-01 -8.892744443786017028e-01 2.260620749096866125e-02
4.508933030329858593e-01 -8.922851052123015325e-01 2.285872998469529876e-02
4.449004477080202302e-01 -8.952819242394585153e-01 2.310560552587989647e-02
4.388376357033750841e-01 -8.982630218750772277e-01 2.334682583296979891e-02
4.327061218325486402e-01 -9.012265444662113101e-01 2.358238620549701903e-02
4.265100426296676295e-01 -9.041694716055707071e-01 2.380654153210199492e-02
4.202520129291254514e-01 -9.070894723181054387e-01 2.401949440612295011e-02
4.139346398367154123e-01 -9.099843055808646275e-01 2.422145366825400464e-02
4.075605200437540931e-01 -9.128518209965940100e-01 2.441263377133452012e-02
4.011322372011892901e-01 -9.156899592193576964e-01 2.459325415466409245e-02
3.946523593624833848e-01 -9.184967521418700986e-01 2.476353862947778400e-02
3.881234365034483269e-01 -9.212703228547846068e-01 2.492371477709649438e-02
3.815479981265616494e-01 -9.240088853886654352e-01 2.507401336114540788e-02
3.749285509566261942e-01 -9.267107442497724001e-01 2.521466775511032807e-02
3.682675767339523842e-01 -9.293742937611094712e-01 2.534591338637808347e-02
3.615675301105506501e-01 -9.319980172204395119e-01 2.546798719778409215e-02
3.548308366541235159e-01 -9.345804858871381571e-01 2.558112712756821852e-02
3.480598909639551208e-01 -9.371203578098660225e-01 2.568557160852003377e-02
3.412570549021067823e-01 -9.396163765070750795e-01 2.578155908697720919e-02
3.344246559426541365e-01 -9.420673695123358282e-01 2.586932756222649551e-02
3.275649856410412508e-01 -9.444722467963881929e-01 2.594911414674629449e-02
3.206802982249896128e-01 -9.468299990776732900e-01 2.602115464762355668e-02
3.137728093077847280e-01 -9.491396960329127053e-01 2.608568316937604978e-02
3.068446947241746936e-01 -9.514004844190585564e-01 2.614293173831441081e-02
2.998980894885563409e-01 -9.536115861176552855e-01 2.619312994848700324e-02
2.929350868745971281e-01 -9.557722961123328309e-01 2.623650462916465517e-02
2.859577376149459171e-01 -9.578819804097959967e-01 2.627327953374216166e-02
2.789680492192257999e-01 -9.599400739142898153e-01 2.630367504985898705e-02
2.719679854080772063e-01 -9.619460782651121367e-01 2.632790793047297753e-02
2.649594656606302778e-01 -9.638995596463149074e-01 2.634619104555817326e-02
2.579443648724322191e-01 -9.658001465772884098e-01 2.635873315404094891e-02
2.509245131205382062e-01 -9.676475276924632052e-01 2.636573869553753696e-02
2.439016955321925695e-01 -9.694414495178950153e-01 2.636740760141052103e-02
2.368776522532806128e-01 -9.711817142520245971e-01 2.636393512462199482e-02
2.298540785125178509e-01 -9.728681775574234969e-01 2.635551168782638079e-02
2.228326247771642288e-01 -9.745007463698631689e-01 2.634232274911656180e-02
2.158148969959027552e-01 -9.760793767305666613e-01 2.632454868481238358e-02
2.088024569244039674e-01 -9.776040716470348890e-01 2.630236468866081062e-02
2.017968225290089623e-01 -9.790748789873775504e-01 2.627594068680167913e-02
1.947994684639022256e-01 -9.804918894126252171e-01 2.624544126784181600e-02
1.878118266171094064e-01 -9.818552343510600355e-01 2.621102562737304825e-02
1.808352867206430015e-01 -9.831650840181738182e-01 2.617284752626608188e-02
1.738711970201292645e-01 -9.844216454854474163e-01 2.613105526207201712e-02
1.669208649992800220e-01 -9.856251608007488008e-01 2.608579165286619914e-02
1.599855581546222594e-01 -9.867759051627629230e-01 2.603719403287480319e-02
1.530665048159645936e-01 -9.878741851515010497e-01 2.598539425923293567e-02
1.461648950081607945e-01 -9.889203370165904339e-01 2.593051872923360021e-02
1.392818813498261643e-01 -9.899147250247126717e-01 2.587268840743956258e-02
1.324185799847688860e-01 -9.908577398672485659e-01 2.581201886204463961e-02
1.255760715420164431e-01 -9.917497971288912195e-01 2.574862030988695621e-02
1.187554021204434984e-01 -9.925913358177138601e-01 2.568259766953410669e-02
1.119575842941419874e-01 -9.933828169569195454e-01 2.561405062187871451e-02
1.051835981348143989e-01 -9.941247222382605386e-01 2.554307367770226184e-02
9.843439224761697803e-02 -9.948175527368887661e-01 2.546975625168530419e-02
9.171088481702907580e-02 -9.954618276871963767e-01 2.539418274236291198e-02
8.501305753059536230e-02 -9.960581332360689544e-01 2.531751481273261661e-02
7.834158148448266967e-02 -9.966070230705313948e-01 2.523964082577714874e-02
7.169714821790039438e-02 -9.971090573114183009e-01 2.516044626486122968e-02
6.508047038494128855e-02 -9.975648032085882022e-01 2.507981388373151446e-02
5.849228237298241539e-02 -9.979748358520939000e-01 2.499762385888191010e-02
5.193334086691095419e-02 -9.983397388964492247e-01 2.491375394442821301e-02
4.540442535849002759e-02 -9.986601052950944135e-01 2.482807962963269610e-02
3.890633860023230001e-02 -9.989365380421302287e-01 2.474047429921462371e-02
3.243990700320287940e-02 -9.991696509183499719e-01 2.465080939657679840e-02
2.600598097822923171e-02 -9.993600692385671280e-01 2.455895459007100337e-02
1.960543522005423270e-02 -9.995084305971975169e-01 2.446477794241667947e-02
1.323916893402968947e-02 -9.996153856090241874e-01 2.436814608337741633e-02
6.908106005011458925e-03 -9.996815986420377609e-01 2.426892438578882524e-02
6.131951081843759269e-04 -9.997077485392185103e-01 2.416697714501906541e-02
-5.644590238384685800e-03 -9.996945293260957044e-01 2.406216776192989307e-02
-1.186425167959386309e-02 -9.996426509008992101e-01 2.395435892939142691e-02
-1.804476608760496176e-02 -9.995528397040952528e-01 2.384341282238808257e-02
-2.418508568456507676e-02 -9.994258393640855775e-01 2.372919129173625685e-02
-3.028413822363909894e-02 -9.992624113158373733e-01 2.361155606141640551e-02
-3.634082722815436955e-02 -9.990633353892077739e-01 2.349036892950327055e-02
-4.235403228856889080e-02 -9.988294103637278543e-01 2.336549197265806038e-02
-4.832260941688176770e-02 -9.985614544866219244e-01 2.323678775412571854e-02
-5.424539145800909290e-02 -9.982603059508531329e-01 2.310411953515872571e-02
-6.012118855755037988e-02 -9.979268233300124802e-01 2.296735148976660965e-02
-6.594878868527072335e-02 -9.975618859669032057e-01 2.282634892266727569e-02
-7.172695821352179091e-02 -9.971663943127146990e-01 2.268097849029271015e-02
-7.745444254972148890e-02 -9.967412702137362635e-01 2.253110842467749564e-02
-8.312996682190791631e-02 -9.962874571426239001e-01 2.237660876003409738e-02
-8.875223661627842930e-02 -9.958059203713108820e-01 2.221735156179411100e-02
-9.431993876551994505e-02 -9.952976470827386013e-01 2.205321115786970307e-02
-9.983174218663277977e-02 -9.947636464186859762e-01 2.188406437186442982e-02
-1.052862987668471279e-01 -9.942049494610857296e-01 2.170979075793772611e-02
-1.106822442961306052e-01 -9.936226091443417507e-01 2.153027283700248776e-02
-1.160181994446864706e-01 -9.930177000963005263e-01 2.134539633391079397e-02
-1.212927707837467978e-01 -9.923913184056778469e-01 2.115505041525873875e-02
-1.265045518478732089e-01 -9.917445813139085242e-01 2.095912792741794900e-02
-1.316521242368904332e-01 -9.910786268295639356e-01 2.075752563437864920e-02
-1.367340587554958797e-01 -9.903946132636716193e-01 2.055014445496732359e-02
-1.417489165885120472e-01 -9.896937186844761980e-01 2.033688969898118926e-02
-1.466952505096786041e-01 -9.889771402903965170e-01 2.011767130176205995e-02
-1.515716061218181365e-01 -9.882460937001628087e-01 1.989240405671380274e-02
-1.563765231261539657e-01 -9.875018121593602816e-01 1.966100784525071088e-02
-1.611085366185118217e-01 -9.867455456628553279e-01 1.942340786364872562e-02
-1.657661784100983304e-01 -9.859785599928470035e-01 1.917953484625788824e-02
-1.703479783705201256e-01 -9.852021356725578771e-01 1.892932528452259677e-02
-1.748524657906879998e-01 -9.844175668358642328e-01 1.867272164124643419e-02
-1.792781707632402632e-01 -9.836261600134543759e-01 1.840967255953065637e-02
-1.836236255781206472e-01 -9.828292328364065522e-01 1.814013306580988458e-02
-1.878873661309561627e-01 -9.820281126583819686e-01 1.786406476640536520e-02
-1.920679333419025026e-01 -9.812241350979417076e-01 1.758143603701530291e-02
-1.961648908648801481e-01 -9.804183911367054804e-01 1.729494492753386181e-02
-2.001775406908434252e-01 -9.796120633644512798e-01 1.700466753923302390e-02
-2.041052126524503518e-01 -9.788063222461422797e-01 1.671068222985082688e-02
-2.079472644553111704e-01 -9.780023249198710467e-01 1.641306965912952762e-02
-2.117030817093057404e-01 -9.772012140065605701e-01 1.611191282702869459e-02
-2.153720779593553403e-01 -9.764041164329140265e-01 1.580729710453788323e-02
-2.189536947150578783e-01 -9.756121422691649281e-01 1.549931025703316957e-02
-2.224474014786210763e-01 -9.748263835832412516e-01 1.518804246014148450e-02
-2.258526957705562499e-01 -9.740479133130042211e-01 1.487358630809654768e-02
-2.291691031526239264e-01 -9.732777841582677114e-01 1.455603681458988129e-02
-2.323961772475534870e-01 -9.725170274943401028e-01 1.423549140614019728e-02
-2.355334997550898035e-01 -9.717666523088568375e-01 1.391204990802405797e-02
-2.385806804639513390e-01 -9.710276441636944700e-01 1.358581452283024946e-02
-2.415373572593162432e-01 -9.703009641837665455e-01 1.325688980171962732e-02
-2.444031961254841123e-01 -9.695875480745083097e-01 1.292538260849126694e-02
-2.471778911433920867e-01 -9.688883051698503612e-01 1.259140207657454685e-02
-2.498611644826944089e-01 -9.682041175124708188e-01 1.225505955908521259e-02
-2.524527663881428463e-01 -9.675358389680935867e-01 1.191646857210150109e-02
-2.549524751600340533e-01 -9.668842943755727726e-01 1.157574473133395412e-02
-2.573600971285155414e-01 -9.662502787344647848e-01 1.123300568237960845e-02
-2.596754666215665974e-01 -9.656345564317460051e-01 1.088837102476770957e-02
-2.618984459264928621e-01 -9.650378605092817530e-01 1.054196223001994948e-02
-2.640289252447944324e-01 -9.644608919735900843e-01 1.019390255396340240e-02
-2.660668226402849723e-01 -9.639043191493795737e-01 9.844316943548802115e-03
-2.680120839803564747e-01 -9.633687770782637383e-01 9.493331938440449300e-03
-2.698646828702973566e-01 -9.628548669639743762e-01 9.141075567656940792e-03
-2.716246205805843972e-01 -9.623631556653097219e-01 8.787677241553886950e-03
-2.732919259670774093e-01 -9.618941752379577270e-01 8.433267639450906655e-03
-2.748666553840535820e-01 -9.614484225262391881e-01 8.077978593215361797e-03
-2.763488925900232096e-01 -9.610263588057079698e-01 7.721942967124464582e-03
-2.777387486462714605e-01 -9.606284094774393267e-01 7.365294534335638764e-03
-2.790363618080723973e-01 -9.602549638147231947e-01 7.008167850302140373e-03
-2.802418974085196801e-01 -9.599063747627628596e-01 6.650698123477092293e-03
-2.813555477349176659e-01 -9.595829587918585091e-01 6.293021083654140244e-03
-2.823775318976703974e-01 -9.592849958044336045e-01 5.935272848296889447e-03
-2.833080956916031456e-01 -9.590127290961362183e-01 5.577589787212171302e-03
-2.841475114496426757e-01 -9.587663653711194778e-01 5.220108385923944057e-03
-2.848960778887770773e-01 -9.585460748114787988e-01 4.862965108105309769e-03
-2.855541199482062309e-01 -9.583519912006935870e-01 4.506296257425672705e-03
-2.861219886195872641e-01 -9.581842121007920765e-01 4.150237839168543011e-03
-2.866000607692695823e-01 -9.580427990828294105e-01 3.794925421972845762e-03
-2.869887389524061749e-01 -9.579277780101408402e-01 3.440494000046902257e-03
-2.872884512188190742e-01 -9.578391393737056836e-01 3.087077856199493386e-03
-2.874996509104895126e-01 -9.577768386788322319e-01 2.734810426026611837e-03
-2.876228164505356677e-01 -9.577407968822528872e-01 2.383824163585721457e-03
-2.876584511235348862e-01 -9.577309008785969136e-01 2.034250408881554083e-03
-2.876070828470422280e-01 -9.577470040350944958e-01 1.686219257478757585e-03
-2.874692639341529521e-01 -9.577889267732514478e-01 1.339859432547074215e-03
-2.872455708469542901e-01 -9.578564571961261098e-01 9.952981596342404345e-04
-2.869366039407115765e-01 -9.579493517597361674e-01 6.526610444504763039e-04
-2.865447778408374835e-01 -9.580667991526278238e-01 3.159753414987443451e-04
-2.860717116045452535e-01 -9.582082116083598944e-01 -1.467238330551544519e-05
-2.855190357674906587e-01 -9.583729787239378961e-01 -3.392020650456990609e-04
-2.848883911908715039e-01 -9.585604693497605799e-01 -6.575401066505617235e-04
-2.841814279198833226e-01 -9.587700334598602270e-01 -9.696193374095123454e-04
-2.833998040534042584e-01 -9.590010039986228696e-01 -1.275378963315441493e-03
-2.825451846248571153e-01 -9.592526987003561212e-01 -1.574764509418776891e-03
-2.816192404942705618e-01 -9.595244218782617018e-01 -1.867727754399921237e-03
-2.806236472516348002e-01 -9.598154661795640363e-01 -2.154226657589146301e-03
-2.795600841317153473e-01 -9.601251143037421443e-01 -2.434225278683360173e-03
-2.784302329405572429e-01 -9.604526406810167671e-01 -2.707693690427891240e-03
-2.772357769939760019e-01 -9.607973131084457385e-01 -2.974607884548511032e-03
-2.759784000683908056e-01 -9.611583943411898812e-01 -3.234949671234336327e-03
-2.746597853644134890e-01 -9.615351436367168825e-01 -3.488706572485993345e-03
-2.732816144836580086e-01 -9.619268182499193243e-01 -3.735871709655488870e-03
-2.718455664192819810e-01 -9.623326748773309847e-01 -3.976443685514649898e-03
-2.703533165608158484e-01 -9.627519710488302573e-01 -4.210426461197717789e-03
-2.688065357138709199e-01 -9.631839664654261446e-01 -4.437829228370827363e-03
-2.672068891353509001e-01 -9.636279242819210111e-01 -4.658666276986608672e-03
-2.655560355848174403e-01 -9.640831123334464570e-01 -4.872956858986102202e-03
-2.638556263926821743e-01 -9.645488043050601812e-01 -5.080725048312641559e-03
-2.621073045459128004e-01 -9.650242808437837772e-01 -5.281999597603307013e-03
-2.603127037919519826e-01 -9.655088306126451414e-01 -5.476813791923118742e-03
-2.584734477615523995e-01 -9.660017512864711442e-01 -5.665205299905353570e-03
-2.565911491112309872e-01 -9.665023504893460737e-01 -5.847216022658251709e-03
-2.546674086860405417e-01 -9.670099466738216742e-01 -6.022891940794106516e-03
-2.527038147033458526e-01 -9.675238699421228050e-01 -6.192282959931224261e-03
-2.507019419582770525e-01 -9.680434628097464023e-01 -6.355442755012732231e-03
-2.486633510515124657e-01 -9.685680809119965318e-01 -6.512428613778637951e-03
-2.465895876400204245e-01 -9.690970936541353220e-01 -6.663301279719084647e-03
-2.444821817113603524e-01 -9.696298848059605735e-01 -6.808124794827406616e-03
-2.423426468821123225e-01 -9.701658530417400783e-01 -6.946966342461515474e-03
-2.401724797209693341e-01 -9.707044124265474805e-01 -7.079896090611336595e-03
-2.379731590969877963e-01 -9.712449928501488694e-01 -7.206987035858636141e-03
-2.357461455534509420e-01 -9.717870404096838888e-01 -7.328314848303637240e-03
-2.334928807077565338e-01 -9.723300177424757385e-01 -7.443957717720432743e-03
-2.312147866776941285e-01 -9.728734043103813844e-01 -7.553996201190425752e-03
-2.289132655344303380e-01 -9.734166966371662344e-01 -7.658513072449953628e-03
-2.265896987824711217e-01 -9.739594085004492641e-01 -7.757593173174900762e-03
-2.242454468668202971e-01 -9.745010710798203135e-01 -7.851323266411648280e-03
-2.218818487075027990e-01 -9.750412330627776791e-01 -7.939791892350068700e-03
-2.195002212615694281e-01 -9.755794607101748728e-01 -8.023089226620651673e-03
-2.171018591126486486e-01 -9.761153378828951732e-01 -8.101306941284219798e-03
-2.146880340880594484e-01 -9.766484660314997956e-01 -8.174538068669114088e-03
-2.122599949034476852e-01 -9.771784641506110480e-01 -8.242876868197340084e-03
-2.098189668348587056e-01 -9.777049686998059430e-01 -8.306418696327852458e-03
-2.073661514181082410e-01 -9.782276334927969552e-01 -8.365259879732177620e-03
-2.049027261752659756e-01 -9.787461295566793895e-01 -8.419497591804736905e-03
-2.024298443680183079e-01 -9.792601449630143895e-01 -8.469229732597815738e-03
-1.999486347776310569e-01 -9.797693846325077338e-01 -8.514554812258913474e-03
-1.974588164848781469e-01 -9.802738258481185074e-01 -8.558236142514384290e-03
-1.949608236162708730e-01 -9.807733242066161150e-01 -8.600292790451774180e-03
-1.924550858394865338e-01 -9.812677405965003485e-01 -8.640743936921121623e-03
-1.899420283106336704e-01 -9.817569411662151468e-01 -8.679608858369295896e-03
-1.874220716257402886e-01 -9.822407972886721961e-01 -8.716906909149774521e-03
-1.848956317764097745e-01 -9.827191855222617844e-01 -8.752657504315496106e-03
-1.823631201095838039e-01 -9.831919875685315446e-01 -8.786880102901411735e-03
-1.798249432913485435e-01 -9.836590902267082770e-01 -8.819594191702284300e-03
-1.772815032747160346e-01 -9.841203853452378247e-01 -8.850819269550357082e-03
-1.747331972713092874e-01 -9.845757697705144196e-01 -8.880574832096508470e-03
-1.721804177268759783e-01 -9.850251452929702500e-01 -8.908880357097630209e-03
-1.696235523005529822e-01 -9.854684185906903426e-01 -8.935755290212048924e-03
-1.670629838478005225e-01 -9.859055011707168470e-01 -8.961219031303972737e-03
-1.644990904069222326e-01 -9.863363093082034849e-01 -8.985290921257129554e-03
-1.619322451890851944e-01 -9.867607639835757061e-01 -9.007990229296977680e-03
-1.593628165717510259e-01 -9.871787908178510929e-01 -9.029336140820106230e-03
-1.567911680954280351e-01 -9.875903200062684517e-01 -9.049347745728773124e-03
-1.542176584636514580e-01 -9.879952862503718070e-01 -9.068044027267803397e-03
-1.516426415460982724e-01 -9.883936286886904066e-01 -9.085443851360458165e-03
-1.490664663847409421e-01 -9.887852908261528517e-01 -9.101565956439273963e-03
-1.464894772029431413e-01 -9.891702204623682437e-01 -9.116428943767287615e-03
-1.439120134174002308e-01 -9.895483696189033562e-01 -9.130051268244543036e-03
-1.413344096528254823e-01 -9.899196944656816211e-01 -9.142451229694254292e-03
-1.387569957592828529e-01 -9.902841552466231656e-01 -9.153646964622527346e-03
-1.361800968320669158e-01 -9.906417162046428082e-01 -9.163656438445128352e-03
-1.336040332340293346e-01 -9.909923455061179220e-01 -9.172497438174338769e-03
-1.310291206202522929e-01 -9.913360151649329710e-01 -9.180187565558599327e-03
-1.284556699649681832e-01 -9.916727009662037462e-01 -9.186744230667264963e-03
-1.258839875906259120e-01 -9.920023823897805570e-01 -9.192184645912503116e-03
-1.233143751990041226e-01 -9.923250425336240799e-01 -9.196525820500064258e-03
-1.207471299042718604e-01 -9.926406680371432367e-01 -9.199784555300386316e-03
-1.181825442678985094e-01 -9.929492490045819242e-01 -9.201977438131283063e-03
-1.156209063353148409e-01 -9.932507789285349720e-01 -9.203120839443230602e-03
-1.130624996742283644e-01 -9.935452546136707141e-01 -9.203230908398097806e-03
-1.105076034144968633e-01 -9.938326761007332255e-01 -9.202323569332013925e-03
-1.079564922894653139e-01 -9.941130465908932790e-01 -9.200414518592910443e-03
-1.054094366786724052e-01 -9.943863723705124169e-01 -9.197519221743163248e-03
-1.028667026518342714e-01 -9.946526627363815320e-01 -9.193652911117688314e-03
-1.003285520140144160e-01 -9.949119299214912449e-01 -9.188830583727748691e-03
-9.779524235189024362e-02 -9.951641890213868136e-01 -9.183066999500673344e-03
-9.526702708102824380e-02 -9.954094579211576477e-01 -9.176376679845674525e-03
-9.274415549408139559e-02 -9.956477572231074991e-01 -9.168773906535913898e-03
-9.022687280982412406e-02 -9.958791101751476305e-01 -9.160272720896959001e-03
-8.771542022294194496e-02 -9.961035425999527071e-01 -9.150886923291811498e-03
-8.521003495449461229e-02 -9.963210828249144946e-01 -9.140630072892681757e-03
-8.271095030297354045e-02 -9.965317616129267808e-01 -9.129515487729750189e-03
-8.021839569587613239e-02 -9.967356120940307207e-01 -9.117556245007199175e-03
-7.773259674172167122e-02 -9.969326696979471381e-01 -9.104765181676860095e-03
-7.525377528243533398e-02 -9.971229720875198765e-01 -9.091154895259910204e-03
-7.278214944602895420e-02 -9.973065590930907387e-01 -9.076737744907125219e-03
-7.031851884038838041e-02 -9.974834398518619416e-01 -9.060595206888020017e-03
-6.786330134444452933e-02 -9.976536479018165426e-01 -9.042810120915891967e-03
-6.541689283540610966e-02 -9.978172219782962538e-01 -9.023464482651370397e-03
-6.297966741742666574e-02 -9.979742056944069795e-01 -9.002639421043368353e-03
-6.055197765765997497e-02 -9.981246472264195813e-01 -8.980415177854467537e-03
-5.813415482909516097e-02 -9.982685990045124802e-01 -8.956871089306159620e-03
-5.572650915957427786e-02 -9.984061174091695134e-01 -8.932085569779436504e-03
-5.332933008640718814e-02 -9.985372624735125990e-01 -8.906136097506480581e-03
-5.094288651601096285e-02 -9.986620975918162335e-01 -8.879099202189578988e-03
-4.856742708801421726e-02 -9.987806892344193166e-01 -8.851050454483944466e-03
-4.620318044328015905e-02 -9.988931066692212646e-01 -8.822064457281775934e-03
-4.385035549531606652e-02 -9.989994216899185098e-01 -8.792214838735651697e-03
-4.150914170455111130e-02 -9.990997083511112820e-01 -8.761574246960284959e-03
-3.917970935497884499e-02 -9.991940427103844780e-01 -8.730214346352592469e-03
-3.686220983267536611e-02 -9.992825025774394465e-01 -8.698205815471154664e-03
-3.455677590571895608e-02 -9.993651672703321998e-01 -8.665618346417248985e-03
-3.226352200505196166e-02 -9.994421173788484714e-01 -8.632520645660866215e-03
-2.998254450584058109e-02 -9.995134345350252802e-01 -8.598980436256412063e-03
-2.771392200890333141e-02 -9.995792011908098962e-01 -8.565064461394085102e-03
-2.545771562179380623e-02 -9.996395004028236775e-01 -8.530838489234318645e-03
-2.321396923913836632e-02 -9.996944156241855950e-01 -8.496367318974072311e-03
-2.098270982184412964e-02 -9.997440305033276076e-01 -8.461714788095174578e-03
-1.876394767480734846e-02 -9.997884286897220640e-01 -8.426943780746406001e-03
-1.655767672276677732e-02 -9.998276936464246534e-01 -8.392116237212459556e-03
-1.436387478396092959e-02 -9.998619084693221026e-01 -8.357293164424406395e-03
-1.218250384126228283e-02 -9.998911557129609440e-01 -8.322534647467794144e-03
-1.001351031047534833e-02 -9.999155172228224586e-01 -8.287899862045984556e-03
-7.856825305499144652e-03 -9.999350739738959160e-01 -8.253447087857839620e-03
-5.712364900067973435e-03 -9.999499059153926783e-01 -8.219233722850332810e-03
-3.580030385797458754e-03 -9.999600918214349710e-01 -8.185316298308150523e-03
-1.459708526275567495e-03 -9.999657091475416815e-01 -8.151750494743786879e-03
6.487281930492184295e-04 -9.999668338927283351e-01 -8.118591158553086981e-03
2.745421319418289621e-03 -9.999635404670288441e-01 -8.085892319402609302e-03
4.830526191975763328e-03 -9.999559015642401905e-01 -8.053707208316579491e-03
6.904211705856257500e-03 -9.999439880396864266e-01 -8.022088276432573148e-03
8.966660081348921951e-03 -9.999278687927901643e-01 -7.991087214396407762e-03
1.101806663832827562e-02 -9.999076106542372777e-01 -7.960754972368051102e-03
1.305863957613196367e-02 -9.998832782775141093e-01 -7.931141780611637021e-03
1.508859975905548108e-02 -9.998549340345931347e-01 -7.902297170643925173e-03
1.710818050762411696e-02 -9.998226379155394916e-01 -7.874269996916765865e-03
1.911762739579298681e-02 -9.997864474318070016e-01 -7.847108459010335157e-03
2.111719805421692284e-02 -9.997464175229894279e-01 -7.820860124315041559e-03
2.310716197972327579e-02 -9.997026004667911581e-01 -7.795571951181111577e-03
2.508780035111215362e-02 -9.996550457919772814e-01 -7.771290312515990659e-03
2.705940585140063914e-02 -9.996038001940626971e-01 -7.748061019810683139e-03
2.902228249661958220e-02 -9.995489074534977814e-01 -7.725929347577206903e-03
3.097674547126413186e-02 -9.994904083561056973e-01 -7.704940058180282172e-03
3.292312097049188147e-02 -9.994283406155256566e-01 -7.685137427047322722e-03
3.486174604915556752e-02 -9.993627387974151066e-01 -7.666565268241688595e-03
3.679296847775060525e-02 -9.992936342451631537e-01 -7.649266960385005081e-03
3.871700020367875583e-02 -9.992210648834898290e-01 -7.632735141202204310e-03
4.063404284323174354e-02 -9.991450633937269954e-01 -7.616962361789497357e-03
4.254429589482889434e-02 -9.990656608223094093e-01 -7.601941200294821607e-03
4.444795674163771332e-02 -9.989828866152355991e-01 -7.587664262207944633e-03
4.634522065449952349e-02 -9.988967686517992162e-01 -7.574124180551371384e-03
4.823628079512531225e-02 -9.988073332776080671e-01 -7.561313615975891883e-03
5.012132821952847844e-02 -9.987146053369061471e-01 -7.549225256764468747e-03
5.200055188166236020e-02 -9.986186082042161072e-01 -7.537851818748001614e-03
5.387413863723174851e-02 -9.985193638153172513e-01 -7.527186045136388497e-03
5.574227324764886166e-02 -9.984168926975777181e-01 -7.517220706268161814e-03
5.760513838410533105e-02 -9.983112139996558332e-01 -7.507948599281841565e-03
5.946291463173294239e-02 -9.982023455205876195e-01 -7.499362547712043990e-03
6.131578049382703510e-02 -9.980903037382781173e-01 -7.491455401013247944e-03
6.316391239610738562e-02 -9.979751038374122807e-01 -7.484220034014022263e-03
6.500748469099260074e-02 -9.978567597368024344e-01 -7.477649346304396892e-03
6.684666966186483816e-02 -9.977352841161889474e-01 -7.471736261558971186e-03
6.868163752730280236e-02 -9.976106884425111065e-01 -7.466473726798233089e-03
7.051255644526183142e-02 -9.974829829956648464e-01 -7.461854711590491795e-03
7.233959251718063976e-02 -9.973521768937629872e-01 -7.457872207196714585e-03
7.416290979199539890e-02 -9.972182781179159683e-01 -7.454519225660483084e-03
7.598267027004249052e-02 -9.970812935365485075e-01 -7.451788798845195710e-03
7.779903390683202968e-02 -9.969412289292686191e-01 -7.449673977420568499e-03
7.961215861667528260e-02 -9.967980890103065317e-01 -7.448167829800408403e-03
8.142220027614949229e-02 -9.966518774515380485e-01 -7.447263441033557738e-03
8.322931272738468000e-02 -9.965025969051096721e-01 -7.446953911649846838e-03
8.503364778115748979e-02 -9.963502490256814781e-01 -7.447232356462823478e-03
8.683535521977796268e-02 -9.961948344923035048e-01 -7.448091903330967753e-03
8.863458279975558463e-02 -9.960363530299416457e-01 -7.449525691879037813e-03
9.043147625423186842e-02 -9.958748034306688091e-01 -7.451526872181143263e-03
9.222617929516711832e-02 -9.957101835745376661e-01 -7.454088603407094463e-03
9.401883361526970628e-02 -9.955424904501496419e-01 -7.457204052433510054e-03
9.580957888965684066e-02 -9.953717201749365806e-01 -7.460866392421142482e-03
9.759855277723628042e-02 -9.951978680151699619e-01 -7.465068801359817964e-03
9.938589092179901663e-02 -9.950209284057135450e-01 -7.469804460582364809e-03
1.011717269528135815e-01 -9.948408949695342063e-01 -7.475066553248848472e-03
1.029561924859130201e-01 -9.946577605369860686e-01 -7.480848262802418727e-03
1.047394171230661419e-01 -9.944715171648838004e-01 -7.487142771398019696e-03
1.065215284524253098e-01 -9.942821561553789600e-01 -7.493943258305202186e-03
1.083026520478432009e-01 -9.940896680746545977e-01 -7.501242898286243979e-03
1.100829114680517556e-01 -9.938940427714535453e-01 -7.509034859950756806e-03
1.118624282554969013e-01 -9.936952693954537175e-01 -7.517312304087944881e-03
1.136413219348229448e-01 -9.934933364155059676e-01 -7.526068381977650372e-03
1.154197100110013335e-01 -9.932882316377485976e-01 -7.535296233681311635e-03
1.171977079670984967e-01 -9.930799422236126217e-01 -7.544988986313948785e-03
1.189754292616783393e-01 -9.928684547077325506e-01 -7.555139752298259924e-03
1.207529853258350605e-01 -9.926537550157759071e-01 -7.565741627601931321e-03
1.225304855598526171e-01 -9.924358284822063503e-01 -7.576787689959221458e-03
1.243080373294874891e-01 -9.922146598679938423e-01 -7.588270997077907476e-03
