1.000000000000000000e+00 0.000000000000000000e+00 0.000000000000000000e+00
1.000000000000000000e+00 0.000000000000000000e+00 0.000000000000000000e+00
1.000000000000000000e+00 0.000000000000000000e+00 0.000000000000000000e+00
1.000000000000000000e+00 0.000000000000000000e+00 0.000000000000000000e+00
1.000000000000000000e+00 0.000000000000000000e+00 0.000000000000000000e+00
1.000000000000000000e+00 0.000000000000000000e+00 0.000000000000000000e+00
1.000000000000000000e+00 0.000000000000000000e+00 0.000000000000000000e+00
1.000000000000000000e+00 0.000000000000000000e+00 0.000000000000000000e+00
1.000000000000000000e+00 0.000000000000000000e+00 0.000000000000000000e+00
1.000000000000000000e+00 0.000000000000000000e+00 0.000000000000000000e+00
1.000000000000000000e+00 0.000000000000000000e+00 0.000000000000000000e+00
1.000000000000000000e+00 0.000000000000000000e+00 0.000000000000000000e+00
1.000000000000000000e+00 0.000000000000000000e+00 0.000000000000000000e+00
1.000000000000000000e+00 0.000000000000000000e+00 0.000000000000000000e+00
1.000000000000000000e+00 0.000000000000000000e+00 0.000000000000000000e+00
1.000000000000000000e+00 0.000000000000000000e+00 0.000000000000000000e+00
1.000000000000000000e+00 0.000000000000000000e+00 0.000000000000000000e+00
1.000000000000000000e+00 0.000000000000000000e+00 0.000000000000000000e+00
1.000000000000000000e+00 0.000000000000000000e+00 0.000000000000000000e+00
1.000000000000000000e+00 0.000000000000000000e+00 0.000000000000000000e+00
1.000000000000000000e+00 0.000000000000000000e+00 0.000000000000000000e+00
1.000000000000000000e+00 0.000000000000000000e+00 0.000000000000000000e+00
1.000000000000000000e+00 0.000000000000000000e+00 0.000000000000000000e+00
1.000000000000000000e+00 0.000000000000000000e+00 0.000000000000000000e+00
1.000000000000000000e+00 0.000000000000000000e+00 0.000000000000000000e+00
1.000000000000000000e+00 0.000000000000000000e+00 0.000000000000000000e+00
1.000000000000000000e+00 0.000000000000000000e+00 0.000000000000000000e+00
1.000000000000000000e+00 0.000000000000000000e+00 0.000000000000000000e+00
1.000000000000000000e+00 0.000000000000000000e+00 0.000000000000000000e+00
1.000000000000000000e+00 0.000000000000000000e+00 0.000000000000000000e+00
1.000000000000000000e+00 0.000000000000000000e+00 0.000000000000000000e+00
1.000000000000000000e+00 0.000000000000000000e+00 0.000000000000000000e+00
1.000000000000000000e+00 0.000000000000000000e+00 0.000000000000000000e+00
1.000000000000000000e+00 0.000000000000000000e+00 0.000000000000000000e+00
1.000000000000000000e+00 0.000000000000000000e+00 0.000000000000000000e+00
1.000000000000000000e+00 0.000000000000000000e+00 0.000000000000000000e+00
1.000000000000000000e+00 0.000000000000000000e+00 0.000000000000000000e+00
1.000000000000000000e+00 0.000000000000000000e+00 0.000000000000000000e+00
1.000000000000000000e+00 0.000000000000000000e+00 0.000000000000000000e+00
1.000000000000000000e+00 0.000000000000000000e+00 0.000000000000000000e+00
1.000000000000000000e+00 0.000000000000000000e+00 0.000000000000000000e+00
1.000000000000000000e+00 0.000000000000000000e+00 0.000000000000000000e+00
1.000000000000000000e+00 0.000000000000000000e+00 0.000000000000000000e+00
1.000000000000000000e+00 0.000000000000000000e+00 0.000000000000000000e+00
1.000000000000000000e+00 0.000000000000000000e+00 0.000000000000000000e+00
1.000000000000000000e+00 0.000000000000000000e+00 0.000000000000000000e+00
1.000000000000000000e+00 0.000000000000000000e+00 0.000000000000000000e+00
1.000000000000000000e+00 0.000000000000000000e+00 0.000000000000000000e+00
1.000000000000000000e+00 0.000000000000000000e+00 0.000000000000000000e+00
1.000000000000000000e+00 0.000000000000000000e+00 0.000000000000000000e+00
1.000000000000000000e+00 0.000000000000000000e+00 0.000000000000000000e+00
1.000000000000000000e+00 0.000000000000000000e+00 0.000000000000000000e+00
9.999999998860386041e-01 6.537614800185067589e-06 -1.360825546094527735e-05
9.999999989020994517e-01 2.313120399008336583e-05 -4.075242777339628048e-05
9.999999952722561369e-01 5.327820536670808255e-05 -8.134467974432475074e-05
9.999999858042415424e-01 1.004511360870939365e-04 -1.352818180462184465e-04
9.999999653802669197e-01 1.680936329610566334e-04 -2.024454529397440240e-04
9.999999263395110694e-01 2.596165361718025971e-04 -2.827021749859674662e-04
9.999998577573979697e-01 3.783940205805146105e-04 -3.759037484386041380e-04
9.999997446274494495e-01 5.277597786256817657e-04 -4.818873209833606213e-04
9.999995669521296593e-01 7.110032586707154718e-04 -6.004756494703586238e-04
9.999992987496957308e-01 9.313659624864767742e-04 -7.314773412670845954e-04
9.999989069846257905e-01 1.192037805381064748e-03 -8.746871108434352022e-04
9.999983504297078607e-01 1.496153542310037004e-03 -1.029886051187336960e-03
9.999975784683460267e-01 1.846789263118695824e-03 -1.196841919639181785e-03
9.999965298460615770e-01 2.246958959886770617e-03 -1.375309437725950011e-03
9.999951313805431896e-01 2.699611169167354368e-03 -1.565030604571388635e-03
9.999932966399251999e-01 3.207625691738904411e-03 -1.765735023456896629e-03
9.999909245992486539e-01 3.773810392323987805e-03 -1.977140241108743274e-03
9.999878982852794529e-01 4.400898081573674341e-03 -2.198952099290764958e-03
9.999840834200293127e-01 5.091543482474317900e-03 -2.430865098287557716e-03
9.999793270734380624e-01 5.848320283206025205e-03 -2.672562771871186179e-03
9.999734563357380868e-01 6.673718278371293389e-03 -2.923718073354297092e-03
9.999662770200270501e-01 7.570140600419779375e-03 -3.183993772343972611e-03
9.999575724055278503e-01 8.539901043022315660e-03 -3.453042861823353918e-03
9.999471020319109504e-01 9.585221478095255765e-03 -3.730508975201667250e-03
9.999346005548991334e-01 1.070822936814581211e-02 -4.016026812987411564e-03
9.999197766731654502e-01 1.191095537560070590e-02 -4.309222578753761634e-03
9.999023121362714539e-01 1.319533107079433332e-02 -4.609714424079262157e-03
9.998818608430813937e-01 1.456318674032851777e-02 -4.917112902160277431e-03
9.998580480397221137e-01 1.601624929757323665e-02 -5.231021429803995974e-03
9.998304696257465096e-01 1.755614029715546129e-02 -5.551036757521643147e-03
9.997986915766966520e-01 1.918437405538024609e-02 -5.876749447450582350e-03
9.997622494907558721e-01 2.090235587864258671e-02 -6.207744358840786361e-03
9.997206482666274319e-01 2.271138040201863342e-02 -6.543601140845362735e-03
9.996733619191837672e-01 2.461263004036792074e-02 -6.883894732356118235e-03
9.996198335387942446e-01 2.660717355443197388e-02 -7.228195868623230394e-03
9.995594753995697967e-01 2.869596473457593916e-02 -7.576071594392696715e-03
9.994916692210511489e-01 3.087984120498544344e-02 -7.927085783286113435e-03
9.994157665871276075e-01 3.315952335129764006e-02 -8.280799663134360070e-03
9.993310895252018877e-01 3.553561337480916349e-02 -8.636772346959715324e-03
9.992369312478164289e-01 3.800859447656127627e-02 -8.994561369279834018e-03
9.991325570581326421e-01 4.057883017474957915e-02 -9.353723227381699826e-03
9.990172054198127594e-01 4.324656375903833394e-02 -9.713813927184357030e-03
9.988900891909895385e-01 4.601191788547380479e-02 -1.007438953327576339e-02
9.987503970211358828e-01 4.887489431578301291e-02 -1.043500672267187561e-02
9.985972949087622563e-01 5.183537380491005236e-02 -1.079522334180511856e-02
9.984299279169777108e-01 5.489311614067750311e-02 -1.115459896620505688e-02
9.982474220430631595e-01 5.804776033946251051e-02 -1.151269546228665848e-02
9.980488862373145809e-01 6.129882500174166360e-02 -1.186907755061145098e-02
9.978334145655372023e-01 6.464570883128321899e-02 -1.222331336993449404e-02
9.976000885087065173e-01 6.808769132164653459e-02 -1.257497504129601040e-02
9.973479793924616699e-01 7.162393361348429188e-02 -1.292363923136117046e-02
9.970761509382756183e-01 7.525347952593121337e-02 -1.326888771415560449e-02
9.967836619273495735e-01 7.897525676510219750e-02 -1.361030793028824432e-02
9.964695689675161505e-01 8.278807831241141724e-02 -1.394749354269782769e-02
9.961329293527154682e-01 8.669064399506232199e-02 -1.428004498790544884e-02
9.957728040039265371e-01 9.068154224064566005e-02 -1.460757002170363222e-02
9.953882604798099942e-01 9.475925201732030012e-02 -1.492968425816328798e-02
9.949783760447415970e-01 9.892214496053992889e-02 -1.524601170079423890e-02
9.945422407814001886e-01 1.031684876867304257e-01 -1.555618526465356137e-02
9.940789607346234291e-01 1.074964442937193509e-01 -1.585984728815940242e-02
9.935876610728597846e-01 1.119040790470747226e-01 -1.615665003333692853e-02
9.930674892532346254e-01 1.163893592508275232e-01 -1.644625617319831271e-02
9.925176181760116956e-01 1.209501583003362024e-01 -1.672833926494058515e-02
9.919372493140761193e-01 1.255842589143065235e-01 -1.700258420763467102e-02
9.913256158029887244e-01 1.302893565422111044e-01 -1.726868768307605884e-02
9.906819854771703460e-01 1.350630629425665363e-01 -1.752635857847309464e-02
9.900056638378690321e-01 1.399029099267271037e-01 -1.777531838966305705e-02
9.892959969387425945e-01 1.448063532620506577e-01 -1.801530160356912269e-02
9.885523741751554017e-01 1.497707767274891744e-01 -1.824605605864352414e-02
9.877742309636398099e-01 1.547934963138625775e-01 -1.846734328208347528e-02
9.869610512984106077e-01 1.598717645602958370e-01 -1.867893880265692613e-02
9.861123701723395474e-01 1.650027750175423469e-01 -1.888063243803475219e-02
9.852277758503958927e-01 1.701836668281905274e-01 -1.907222855559452535e-02
9.843069119842381420e-01 1.754115294130601244e-01 -1.925354630573798687e-02
9.833494795573878289e-01 1.806834072524477752e-01 -1.942441982684970508e-02
9.823552386512371948e-01 1.859963047502846134e-01 -1.958469842111740244e-02
9.813240100230201657e-01 1.913471911687270322e-01 -1.973424670053461685e-02
9.802556764878143092e-01 1.967330056202224176e-01 -1.987294470251309286e-02
9.791501840976273296e-01 2.021506621036783524e-01 -2.000068797464478812e-02
9.780075431116543871e-01 2.075970545710222048e-01 -2.011738762827085941e-02
9.768278287528564530e-01 2.130690620101707844e-01 -2.022297036063660375e-02
9.756111817471053715e-01 2.185635535302416499e-01 -2.031737844553611200e-02
9.743578086422565177e-01 2.240773934347295437e-01 -2.040056969247753746e-02
9.730679819056350377e-01 2.296074462683461714e-01 -2.047251737452812290e-02
9.717420397995528702e-01 2.351505818232794975e-01 -2.053321012512684604e-02
9.703803860355985078e-01 2.407036800907697283e-01 -2.058265180428031638e-02
9.689834892095539054e-01 2.462636361441232213e-01 -2.062086133468376062e-02
9.675518820198845127e-01 2.518273649395907920e-01 -2.064787250843225577e-02
9.660861602738095577e-01 2.573918060219201887e-01 -2.066373376510706808e-02
9.645869816859884427e-01 2.629539281218529201e-01 -2.066850794213705503e-02
9.630550644758387735e-01 2.685107336333662498e-01 -2.066227199844454521e-02
9.614911857704355747e-01 2.740592629590615781e-01 -2.064511671248844826e-02
9.598961798208177632e-01 2.795965987127615460e-01 -2.061714635591346129e-02
9.582709360403419696e-01 2.851198697690970341e-01 -2.057847834410263602e-02
9.566163968744725299e-01 2.906262551506361702e-01 -2.052924286501070852e-02
9.549335555120740393e-01 2.961129877439209190e-01 -2.046958248772677569e-02
9.532234534488768229e-01 3.015773578366302554e-01 -2.039965175227686014e-02
9.514871779143114772e-01 3.070167164689723283e-01 -2.031961674222931835e-02
9.497258591733594990e-01 3.124284785933153508e-01 -2.022965464170850200e-02
9.479406677154318395e-01 3.178101260369914360e-01 -2.012995327845476523e-02
9.461328113425790942e-01 3.231592102641414610e-01 -2.002071065459140251e-02
9.443035321695417705e-01 3.284733549334052372e-01 -1.990213446677178630e-02
9.424541035482802975e-01 3.337502582491935210e-01 -1.977444161738279096e-02
9.405858269296746288e-01 3.389876951051997711e-01 -1.963785771847379596e-02
9.387000286750594169e-01 3.441835190197122807e-01 -1.949261659006459521e-02
9.367980568301644828e-01 3.493356638631683886e-01 -1.933895975446048993e-02
9.348812778738638807e-01 3.544421453792436227e-01 -1.917713592816957038e-02
9.329510734539071537e-01 3.595010625015850336e-01 -1.900740051297572161e-02
9.310088371215123892e-01 3.645105984690771295e-01 -1.883001508767224302e-02
9.290559710763514056e-01 3.694690217432628487e-01 -1.864524690190534628e-02
9.270938829330587216e-01 3.743746867322316207e-01 -1.845336837351515408e-02
9.251239825199445432e-01 3.792260343259243882e-01 -1.825465659069457069e-02
9.231476787201046141e-01 3.840215922483922739e-01 -1.804939282021442506e-02
9.211663763645935310e-01 3.887599752330776481e-01 -1.783786202288713263e-02
9.191814731867693489e-01 3.934398850276633053e-01 -1.762035237736156446e-02
9.171943568463358787e-01 3.980601102354542342e-01 -1.739715481325955840e-02
9.152064020310041181e-01 4.026195260006202870e-01 -1.716856255458022382e-02
9.132189676430766401e-01 4.071170935449340278e-01 -1.693487067421245093e-02
9.112333940776271568e-01 4.115518595638866794e-01 -1.669637566030971951e-02
9.092510005983132082e-01 4.159229554902607040e-01 -1.645337499519481869e-02
9.072730828162236527e-01 4.202295966333770560e-01 -1.620616674737604401e-02
9.053009102765270377e-01 4.244710812023235191e-01 -1.595504917717157842e-02
9.033357241570624252e-01 4.286467892215087838e-01 -1.570032035635538295e-02
9.013787350823967426e-01 4.327561813468769891e-01 -1.544227780215657632e-02
8.994311210562697667e-01 4.367987975910624932e-01 -1.518121812586548623e-02
8.974940255147648704e-01 4.407742559656675496e-01 -1.491743669622353809e-02
8.955685555019755606e-01 4.446822510487083435e-01 -1.465122731770143044e-02
8.936557799693958248e-01 4.485225524851027545e-01 -1.438288192370074797e-02
8.917567281997416107e-01 4.522950034278653830e-01 -1.411269028464870456e-02
8.898723883554169323e-01 4.559995189274408389e-01 -1.384093973089418027e-02
8.880037061513703645e-01 4.596360842763421162e-01 -1.356791489025582949e-02
8.861515836516496991e-01 4.632047533159749375e-01 -1.329389744001997255e-02
8.843168781885506480e-01 4.667056467122224217e-01 -1.301916587313717288e-02
8.825004014028753341e-01 4.701389502060408510e-01 -1.274399527832212158e-02
8.807029184034638192e-01 4.735049128449784206e-01 -1.246865713372148285e-02
8.789251470438402825e-01 4.768038452011819084e-01 -1.219341911377886355e-02
8.771677573135214789e-01 4.800361175810969327e-01 -1.191854490889489131e-02
8.754313708412720940e-01 4.832021582317069242e-01 -1.164429405745351712e-02
8.737165605073536900e-01 4.863024515477882836e-01 -1.137092178976296768e-02
8.720238501616063287e-01 4.893375362842952159e-01 -1.109867888344112652e-02
8.703537144440195439e-01 4.923080037776211837e-01 -1.082781152976043833e-02
8.687065787042917986e-01 4.952144961791252742e-01 -1.055856121045646058e-02
8.670828190167457761e-01 4.980577047039553285e-01 -1.029116458449686432e-02
8.654827622868572767e-01 5.008383678978530762e-01 -1.002585338430376019e-02
8.639066864455678951e-01 5.035572699242878425e-01 -9.762854320921485196e-03
8.623548207274852606e-01 5.062152388739378228e-01 -9.502388997624339542e-03
8.608273460290273293e-01 5.088131450982211756e-01 -9.244673831463885716e-03
8.593243953425372395e-01 5.113518995682760915e-01 -8.989919982263153489e-03
8.578460542623828067e-01 5.138324522605000055e-01 -8.738333288575282631e-03
8.563923615590587346e-01 5.162557905694811211e-01 -8.490114210136446432e-03
8.549633098173238244e-01 5.186229377488984493e-01 -8.245457776357266108e-03
8.535588461344373323e-01 5.209349513807197685e-01 -8.004553540413027884e-03
8.521788728745991470e-01 5.231929218728007536e-01 -7.767585538510713046e-03
8.508232484757504155e-01 5.253979709847755863e-01 -7.534732253929938423e-03
8.494917883049514229e-01 5.275512503819359544e-01 -7.306166585455195830e-03
8.481842655586241397e-01 5.296539402166157151e-01 -7.082055819838030224e-03
8.469004122040236782e-01 5.317072477364374050e-01 -6.862561607949953062e-03
8.456399199583835014e-01 5.337124059186314495e-01 -6.647839944309634833e-03
8.444024413022719333e-01 5.356706721295113605e-01 -6.438041149691198922e-03
8.431875905237863345e-01 5.375833268080730809e-01 -6.233309856544047740e-03
8.419949447903117834e-01 5.394516721725930442e-01 -6.033784996978470636e-03
8.408240452446694713e-01 5.412770309490146925e-01 -5.839599793095108689e-03
8.396743981225847087e-01 5.430607451198503632e-01 -5.650881749460165762e-03
8.385454758885076965e-01 5.448041746922699380e-01 -5.467752647551797109e-03
8.374367183869290132e-01 5.465086964840124573e-01 -5.290328542026401584e-03
8.363475340064380203e-01 5.481757029257318115e-01 -5.118719758676358589e-03
8.352773008538818544e-01 5.498066008783751846e-01 -4.953030893973074146e-03
8.342253679360918106e-01 5.514028104641947037e-01 -4.793360816110914940e-03
8.331910563467528341e-01 5.529657639100057365e-01 -4.639802667488606217e-03
8.321736604561004169e-01 5.544969044013263737e-01 -4.492443868584905867e-03
8.311724491012394411e-01 5.559976849460709358e-01 -4.351366123204777718e-03
8.301866667749858708e-01 5.574695672465088681e-01 -4.216645425090756634e-03
8.292155348112407731e-01 5.589140205782582305e-01 -4.088352065911748240e-03
8.282582525650125094e-01 5.603325206751409437e-01 -3.966550644658031928e-03
8.273139985853087408e-01 5.617265486187967838e-01 -3.851300078486695217e-03
8.263819317792244767e-01 5.630975897320312784e-01 -3.742653615076148733e-03
8.254611925656553106e-01 5.644471324749513741e-01 -3.640658846561608316e-03
8.245509040171694615e-01 5.657766673430361104e-01 -3.545357725135595082e-03
8.236501729886708256e-01 5.670876857663778026e-01 -3.456786580408449921e-03
8.227580912315869410e-01 5.683816790094323723e-01 -3.374976138633669232e-03
8.218737364924139088e-01 5.696601370707145007e-01 -3.299951543911462930e-03
8.209961735945471295e-01 5.709245475819828552e-01 -3.231732381491361251e-03
8.201244555024232996e-01 5.721763947065641176e-01 -3.170332703300922806e-03
8.192576243670928182e-01 5.734171580365780008e-01 -3.115761055832624426e-03
8.183947125524345667e-01 5.746483114889332500e-01 -3.068020510524890887e-03
8.175347436413160640e-01 5.758713222000785281e-01 -3.027108696775897972e-03
8.166767334210928153e-01 5.770876494196035544e-01 -2.993017837730337083e-03
8.158196908479254938e-01 5.782987434028978857e-01 -2.965734788979736830e-03
8.149626189894823014e-01 5.795060443031845310e-01 -2.945241080316242290e-03
8.141045159456762326e-01 5.807109810633579450e-01 -2.931512960677976239e-03
8.132443757471679024e-01 5.819149703081608616e-01 -2.924521446421273884e-03
8.123811892314457550e-01 5.831194152373416761e-01 -2.924232373051238905e-03
8.115139448963711866e-01 5.843257045205368927e-01 -2.930606450537234786e-03
8.106416297311503927e-01 5.855352111947221827e-01 -2.943599322334142319e-03
8.097632300247674664e-01 5.867492915651718599e-01 -2.963161628223532837e-03
8.088777321519817765e-01 5.879692841109593893e-01 -2.989239071081357252e-03
8.079841233370578246e-01 5.891965083961179239e-01 -3.021772487670377431e-03
8.070813923954588409e-01 5.904322639876645740e-01 -3.060697923546432716e-03
8.061685304537954400e-01 5.916778293817690493e-01 -3.105946712157761202e-03
8.052445316483749504e-01 5.929344609394202603e-01 -3.157445558206053472e-03
8.043083938027493218e-01 5.942033918330117404e-01 -3.215116625326762227e-03
8.033591190847082508e-01 5.954858310053293691e-01 -3.278877628134437179e-03
8.023957146432080245e-01 5.967829621424770581e-01 -3.348641928666616120e-03
8.014171932257646569e-01 5.980959426623289055e-01 -3.424318637247071497e-03
8.004225737768776439e-01 5.994259027201362944e-01 -3.505812717776093414e-03
7.994108820180803043e-01 6.007739442329548263e-01 -3.593025097442003810e-03
7.983811510102386544e-01 6.021411399245863993e-01 -3.685852780834320691e-03
7.973324216987425217e-01 6.035285323927530587e-01 -3.784188968424975156e-03
7.962637434422502603e-01 6.049371332002353441e-01 -3.887923179369777004e-03
7.951741745256588612e-01 6.063679219917154084e-01 -3.996941378567996778e-03
7.940627826579784720e-01 6.078218456380679591e-01 -4.111126107903534735e-03
7.929286454557938901e-01 6.092998174098362973e-01 -4.230356621576723472e-03
7.917708509129901540e-01 6.108027161816165229e-01 -4.354509025421437855e-03
7.905884978574141408e-01 6.123313856690557611e-01 -4.483456420087910885e-03
7.893806963951290889e-01 6.138866337001419593e-01 -4.617069047957512648e-03
7.881465683429040858e-01 6.154692315224300492e-01 -4.755214443641830532e-03
7.868852476495563630e-01 6.170799131478088562e-01 -4.897757587904724014e-03
7.855958808067394772e-01 6.187193747363664009e-01 -5.044561064832643951e-03
7.842776272497385959e-01 6.203882740208574997e-01 -5.195485222065531448e-03
7.829296597488012432e-01 6.220872297732182865e-01 -5.350388333887998171e-03
7.815511647914896720e-01 6.238168213145055541e-01 -5.509126766968355619e-03
7.801413429565035029e-01 6.255775880695675362e-01 -5.671555148521432131e-03
7.786994092793718680e-01 6.273700291676744811e-01 -5.837526536660022844e-03
7.772245936103675534e-01 6.291946030902545450e-01 -6.006892592689325357e-03
7.757161409649445671e-01 6.310517273667911597e-01 -6.179503755088855410e-03
7.741733118669467117e-01 6.329417783198453273e-01 -6.355209414917141128e-03
7.725953826847787864e-01 6.348650908600674825e-01 -6.533858092366025445e-03
7.709816459606766426e-01 6.368219583319612020e-01 -6.715297614183666011e-03
7.693314107331532536e-01 6.388126324110534604e-01 -6.899375291678373420e-03
7.676440028526386739e-01 6.408373230530168829e-01 -7.085938099009290309e-03
7.659187652902738064e-01 6.428961984951746533e-01 -7.274832851464602124e-03
7.641550584397598378e-01 6.449893853107017128e-01 -7.465906383423539898e-03
7.623522604121034663e-01 6.471169685157174278e-01 -7.659005725694893046e-03
7.605097673230455380e-01 6.492789917293423363e-01 -7.853978281922087412e-03
7.586269935729008651e-01 6.514754573866680110e-01 -8.050672003743182883e-03
7.567033721184860395e-01 6.537063270044648489e-01 -8.248935564393388570e-03
7.547383547367587653e-01 6.559715214993266930e-01 -8.448618530437818422e-03
7.527314122797444940e-01 6.582709215578238515e-01 -8.649571531323403673e-03
7.506820349202799614e-01 6.606043680581116240e-01 -8.851646426440935855e-03
7.485897323880617016e-01 6.629716625423133225e-01 -9.054696469391297631e-03
7.464540341954479796e-01 6.653725677388738768e-01 -9.258576469153952798e-03
7.442744898524308317e-01 6.678068081339542106e-01 -9.463142947860754203e-03
7.420506690701631491e-01 6.702740705908168950e-01 -9.668254294884045391e-03
7.397821619524013181e-01 6.727740050160310181e-01 -9.873770916954896157e-03
7.374685791742057184e-01 6.753062250712105197e-01 -1.007955538403506636e-02
7.351095521472246208e-01 6.778703089288837802e-01 -1.028547257067498506e-02
7.327047331708783640e-01 6.804658000709827848e-01 -1.049138979259950887e-02
7.302537955687581350e-01 6.830922081283345992e-01 -1.069717693827364376e-02
7.277564338095542373e-01 6.857490097594355349e-01 -1.090270659521154484e-02
7.252123636118358307e-01 6.884356495666912323e-01 -1.110785417080407435e-02
7.226213220320186759e-01 6.911515410482150790e-01 -1.131249800745283592e-02
7.199830675348756204e-01 6.938960675831903346e-01 -1.151651949181198113e-02
7.172973800459675475e-01 6.966685834487227336e-01 -1.171980315795306642e-02
7.145640609854053693e-01 6.994684148660355039e-01 -1.192223678428279941e-02
7.117829332823846222e-01 7.022948610737910213e-01 -1.212371148405864442e-02
7.089538413699784103e-01 7.051471954262663600e-01 -1.232412178936283763e-02
7.060766511597172945e-01 7.080246665140522699e-01 -1.252336572841138834e-02
7.031512499955352435e-01 7.109264993049041470e-01 -1.272134489609099209e-02
7.001775465867140502e-01 7.138518963023321451e-01 -1.291796451763347828e-02
6.971554709195195709e-01 7.168000387194889411e-01 -1.311313350535430085e-02
6.940849741472809864e-01 7.197700876658902347e-01 -1.330676450839868470e-02
6.909660284587337831e-01 7.227611853444900758e-01 -1.349877395545619196e-02
6.877986269245126572e-01 7.257724562566241211e-01 -1.368908209042171004e-02
6.845827833217520419e-01 7.288030084123374719e-01 -1.387761300099804931e-02
6.813185319368260107e-01 7.318519345436220735e-01 -1.406429464025242375e-02
6.780059273463328040e-01 7.349183133181058647e-01 -1.424905884115602525e-02
6.746450441765048378e-01 7.380012105507617326e-01 -1.443184132415261528e-02
6.712359768413032057e-01 7.410996804112363057e-01 -1.461258169781843100e-02
6.677788392595316314e-01 7.442127666244386930e-01 -1.479122345269181377e-02
6.642737645513816513e-01 7.473395036620782417e-01 -1.496771394836656291e-02
6.607209047148976389e-01 7.504789179228935625e-01 -1.514200439395822252e-02
6.571204302829253274e-01 7.536300288993764696e-01 -1.531404982206711722e-02
6.534725299611811034e-01 7.567918503288640908e-01 -1.548380905637605776e-02
6.497774102481516101e-01 7.599633913269441265e-01 -1.565124467303402253e-02
6.460352950376035963e-01 7.631436575012005008e-01 -1.581632295598990948e-02
6.422464252045487765e-01 7.663316520434094725e-01 -1.597901384645249515e-02
6.384110581755754188e-01 7.695263767983894221e-01 -1.613929088666398934e-02
6.345294674845164407e-01 7.727268333077996765e-01 -1.629713115818511721e-02
6.306019423144835212e-01 7.759320238272855441e-01 -1.645251521489929369e-02
6.266287870273464788e-01 7.791409523154672057e-01 -1.660542701095234913e-02
6.226103206817895641e-01 7.823526253933786867e-01 -1.675585382385216468e-02
6.185468765411182845e-01 7.855660532730697199e-01 -1.690378617295975813e-02
6.144388015720313456e-01 7.887802506541965464e-01 -1.704921773360949105e-02
6.102864559356075969e-01 7.919942375875402840e-01 -1.719214524710143202e-02
6.060902124717868489e-01 7.952070403045049529e-01 -1.733256842681330651e-02
6.018504561786504059e-01 7.984176920117650456e-01 -1.747048986068299933e-02
5.975675836878261427e-01 8.016252336503461029e-01 -1.760591491031516728e-02
5.932420027373573879e-01 8.048287146185394425e-01 -1.773885160696735824e-02
5.888741316433871997e-01 8.080271934581663151e-01 -1.786931054467184518e-02
5.844643987720121725e-01 8.112197385038231179e-01 -1.799730477074949764e-02
5.800132420126604682e-01 8.144054284948505362e-01 -1.812284967397126412e-02
5.755211082543447709e-01 8.175833531498829521e-01 -1.824596287062124969e-02
5.709884528661290926e-01 8.207526137039429237e-01 -1.836666408871309372e-02
5.664157391831358135e-01 8.239123234081534575e-01 -1.848497505060834115e-02
5.618034379993988026e-01 8.270616079922444852e-01 -1.860091935428173984e-02
5.571520270688453680e-01 8.301996060901316588e-01 -1.871452235347405985e-02
5.524619906156629234e-01 8.333254696289442709e-01 -1.882581103696803065e-02
5.477338188552731690e-01 8.364383641819717052e-01 -1.893481390721744179e-02
5.429680075271030582e-01 8.395374692860904098e-01 -1.904156085855338715e-02
5.381650574403015197e-01 8.426219787243182102e-01 -1.914608305518507997e-02
5.333319055570722167e-01 8.456873730288184676e-01 -1.923398532597245941e-02
5.284721827763321222e-01 8.487310793457790714e-01 -1.930563550916961080e-02
5.235894859529023337e-01 8.517506599132187439e-01 -1.936140790297847386e-02
5.186873742566422418e-01 8.547438113789858072e-01 -1.940168228429021285e-02
5.137693656580342161e-01 8.577083637598585941e-01 -1.942684295315769138e-02
5.088389335535643543e-01 8.606422790629620900e-01 -1.943727780513218595e-02
5.038995035428908142e-01 8.635436495911836818e-01 -1.943337743335945417e-02
4.989544503684240628e-01 8.664106959545921915e-01 -1.941553426209387256e-02
4.940070950265666450e-01 8.692417648100356775e-01 -1.938414171305618411e-02
4.890607020584932241e-01 8.720353263511284592e-01 -1.933959340583200209e-02
4.841184770270032245e-01 8.747899715707441182e-01 -1.928228239328604390e-02
4.791835641846577398e-01 8.775044093179119598e-01 -1.921260043275211521e-02
4.742590443371335618e-01 8.801774631706849039e-01 -1.913093729355266892e-02
4.693479329044936699e-01 8.828080681461110135e-01 -1.903768010120471255e-02
4.644531781818952432e-01 8.853952672679153979e-01 -1.893321271848228196e-02
4.595776598001392599e-01 8.879382080118828346e-01 -1.881791516332979169e-02
4.547241873854139804e-01 8.904361386482487761e-01 -1.869216306345623455e-02
4.498954994166023957e-01 8.928884044996524549e-01 -1.855632714728748175e-02
4.450942622776156155e-01 8.952944441324021119e-01 -1.841077277081333216e-02
4.403230695013791718e-01 8.976537854979491637e-01 -1.825585947973729431e-02
4.355844412013410438e-01 8.999660420405829475e-01 -1.809194060622077924e-02
4.308808236856883078e-01 9.022309087864415211e-01 -1.791936289940886454e-02
4.262145892488530263e-01 9.044481584279999709e-01 -1.773846618883221163e-02
4.215880361343556926e-01 9.066176374172512098e-01 -1.754958307969874121e-02
4.170033886625765240e-01 9.087392620798447895e-01 -1.735303867901877642e-02
4.124627975166566540e-01 9.108130147615005612e-01 -1.714915035144835842e-02
4.079683401794108599e-01 9.128389400170731083e-01 -1.693822750368669666e-02
4.035220215138790034e-01 9.148171408517177250e-01 -1.672057139622490710e-02
3.991257744799487361e-01 9.167477750226995514e-01 -1.649647498121345826e-02
3.947814609793481866e-01 9.186310514095036295e-01 -1.626622276519495980e-02
3.904908728212240776e-01 9.204672264590435526e-01 -1.603009069543604240e-02
3.862557328004909141e-01 9.222566007119392673e-01 -1.578834606858687400e-02
3.820776958811510915e-01 9.239995154150374423e-01 -1.554124746039846697e-02
3.779583504768438962e-01 9.256963492245853242e-01 -1.528904467523590181e-02
3.738992198209761253e-01 9.273475150037460146e-01 -1.503197871413928730e-02
3.699017634189176174e-01 9.289534567174531077e-01 -1.477028176020306859e-02
3.659673785749050223e-01 9.305146464269541395e-01 -1.450417718006774374e-02
3.620974019864842131e-01 9.320315813857827925e-01 -1.423387954034541561e-02
3.582931113995319605e-01 9.335047812383280297e-01 -1.395959463783160923e-02
3.545557273171273671e-01 9.349347853216355420e-01 -1.368151954238969355e-02
3.508864147557897439e-01 9.363221500705853906e-01 -1.339984265143074477e-02
3.472862850428597437e-01 9.376674465261318758e-01 -1.311474375495031396e-02
3.437563976490695672e-01 9.389712579458741049e-01 -1.282639411012380902e-02
3.402977620506272838e-01 9.402341775158434833e-01 -1.253495652450380658e-02
3.369113396154224116e-01 9.414568061620454120e-01 -1.224058544690516913e-02
3.335980455082461216e-01 9.426397504599791644e-01 -1.194342706510698703e-02
3.303587506102071969e-01 9.437836206400762595e-01 -1.164361940954391703e-02
3.271942834478098194e-01 9.448890286867471788e-01 -1.134129246220304602e-02
3.241054321274435268e-01 9.459565865285014530e-01 -1.103656826998584972e-02
3.210929462713136839e-01 9.469869043164119704e-01 -1.072956106183786326e-02
3.181554216525653844e-01 9.479812520650424679e-01 -1.042468133913111543e-02
3.152925244590376597e-01 9.489405518716811372e-01 -1.012193709969914229e-02
3.125039066493419115e-01 9.498657012061789695e-01 -9.821332908341822224e-03
3.097892072756026627e-01 9.507575729818170673e-01 -9.522870078544557262e-03
3.071480537495035468e-01 9.516170156604745189e-01 -9.226546847519083092e-03
3.045800630528396891e-01 9.524448533889247059e-01 -8.932358544687856935e-03
3.020848428938364139e-01 9.532418861632698803e-01 -8.640297753744670753e-03
2.996619928105407338e-01 9.540088900186927123e-01 -8.350354468433286020e-03
2.973111052226305451e-01 9.547466172418733743e-01 -8.062516242193633678e-03
2.950317664330147083e-01 9.554557966035803762e-01 -7.776768331831582920e-03
2.928235575806183988e-01 9.561371336090985773e-01 -7.493093835373589896e-03
2.906860555457608797e-01 9.567913107643059023e-01 -7.211473824271727624e-03
2.886188338095387884e-01 9.574189878553538424e-01 -6.931887470127851870e-03
2.866214632686295838e-01 9.580208022400423795e-01 -6.654312166107996182e-03
2.846935130069231379e-01 9.585973691491099791e-01 -6.378723643219628807e-03
2.828345510253809647e-01 9.591492819957846416e-01 -6.105096081625250790e-03
2.810441449315064233e-01 9.596771126920590200e-01 -5.833402217165966318e-03
2.793218625897924690e-01 9.601814119702656303e-01 -5.563613443268278225e-03
2.776672727344908220e-01 9.606627097086344325e-01 -5.295699908406441281e-03
2.760799455460218876e-01 9.611215152596175315e-01 -5.029630609291339816e-03
2.745594531923175596e-01 9.615583177798602277e-01 -4.765373479955101535e-03
2.731053703363595098e-01 9.619735865607885739e-01 -4.502895476898549111e-03
2.717172746111438109e-01 9.623677713588703053e-01 -4.242162660466191997e-03
2.703947470632696026e-01 9.627413027246864985e-01 -3.983140272610781636e-03
2.691373725663157024e-01 9.630945923300263667e-01 -3.725792811206602665e-03
2.679447402051325922e-01 9.634280332922915413e-01 -3.470084101067589209e-03
2.668164436321419641e-01 9.637420004955626895e-01 -3.215977361823166986e-03
2.657520813966975926e-01 9.640368509077448245e-01 -2.963435272801392094e-03
2.647512572485257731e-01 9.643129238932685032e-01 -2.712420035065547796e-03
2.638135804162237141e-01 9.645705415208791766e-01 -2.462893430746875521e-03
2.629386658617583472e-01 9.648100088661007989e-01 -2.214816879812600905e-03
2.621261345118686137e-01 9.650316143080077680e-01 -1.968151494404859515e-03
2.613756134672379772e-01 9.652356298199880058e-01 -1.722858130882579586e-03
2.606867361902648894e-01 9.654223112542209551e-01 -1.478897439694820551e-03
2.600591426722232979e-01 9.655918986196367904e-01 -1.236229913210551380e-03
2.594924795805674256e-01 9.657446163531612227e-01 -9.948159316263535581e-04
2.589864003870994691e-01 9.658806735840843594e-01 -7.546158070700878821e-04
2.585405654776827822e-01 9.660002643914283871e-01 -5.155898260151686990e-04
2.581546422441480804e-01 9.661035680542179316e-01 -2.776982901167542386e-04
2.578283051590057884e-01 9.661907492945878140e-01 -4.090155557789294295e-05
2.575612358335439556e-01 9.662619585136897893e-01 1.948399288495289037e-04
2.573531230598581354e-01 9.663173320203866101e-01 4.295655851273136512e-04
2.572036628373268186e-01 9.663569922527455169e-01 6.633146703582694630e-04
2.571125583840155326e-01 9.663810479923667929e-01 8.961262422825913608e-04
2.570795201334607483e-01 9.663895945716046709e-01 1.128039125750460126e-03
2.571042657172561419e-01 9.663827140737576427e-01 1.359091880080795555e-03
2.571865199338332353e-01 9.663604755263258683e-01 1.589322767218819942e-03
2.573260147038017309e-01 9.663229350874510404e-01 1.818769720607700925e-03
2.575224890121859400e-01 9.662701362256717053e-01 2.047470314692089680e-03
2.577756888378684996e-01 9.662021098931437013e-01 2.275461734973832986e-03
2.580869625857249994e-01 9.661184393385902069e-01 2.506303602206894250e-03
2.584569429275775376e-01 9.660188929431599014e-01 2.740031841598298407e-03
2.588862686763245824e-01 9.659032249059407160e-01 2.976684870050657662e-03
2.593755852748943491e-01 9.657711746582519075e-01 3.216303584074850768e-03
2.599255452730776517e-01 9.656224662647354684e-01 3.458931346770814045e-03
2.605368087914390895e-01 9.654568078103540341e-01 3.704613973801190122e-03
2.612100439714595268e-01 9.652738907723955597e-01 3.953399718273652164e-03
2.619459274110151892e-01 9.650733893765811588e-01 4.205339254438420632e-03
2.627451445842450273e-01 9.648549599363639429e-01 4.460485660097798614e-03
2.636083902448018712e-01 9.646182401745078128e-01 4.718894397614423544e-03
2.645363688114209522e-01 9.643628485260311578e-01 4.980623293394383436e-03
2.655297947346745291e-01 9.640883834216025239e-01 5.245732515710309872e-03
2.665893928437100824e-01 9.637944225504783136e-01 5.514284550718034049e-03
2.677158986716949851e-01 9.634805221020771304e-01 5.786344176508358833e-03
2.689100587586106261e-01 9.631462159852954841e-01 6.061978435022905703e-03
2.701726309299527506e-01 9.627910150246783427e-01 6.341256601649844504e-03
2.715043845498050779e-01 9.624144061325748956e-01 6.624250152301560182e-03
2.729061007466566102e-01 9.620158514564264296e-01 6.911032727761945438e-03
2.743785726102319078e-01 9.615947875003572065e-01 7.201680095075984646e-03
2.759226053574953541e-01 9.611506242202645378e-01 7.496270105738616837e-03
2.775390164658772529e-01 9.606827440916376748e-01 7.794882650423484542e-03
2.792286357716504130e-01 9.601905011493716557e-01 8.097599609975086529e-03
2.809923055312593121e-01 9.596732199988862178e-01 8.404504802370029934e-03
2.828308804432728141e-01 9.591301947979102849e-01 8.715683925334491433e-03
2.847452276284916928e-01 9.585606882083496094e-01 9.031224494285684454e-03
2.867362265655985509e-01 9.579639303177217569e-01 9.351215775244963238e-03
2.888047689795849582e-01 9.573391175297162325e-01 9.675748712349326736e-03
2.909517586800332567e-01 9.566854114235221473e-01 1.000491584956637002e-02
2.931781113461662258e-01 9.560019375816602993e-01 1.033881124619523938e-02
2.954847542554054352e-01 9.552877843861629081e-01 1.067753038571286721e-02
2.978726259520033670e-01 9.545420017830629211e-01 1.102117007750072486e-02
3.003426758521299256e-01 9.537636000152864835e-01 1.136982835096255265e-02
3.028958637816046018e-01 9.529515483241894902e-01 1.172360434151796353e-02
3.055331594422713293e-01 9.521047736201415645e-01 1.208259816793067279e-02
3.082555418028114502e-01 9.512221591227415507e-01 1.244691080040324915e-02
3.110639984095872612e-01 9.503025429714460071e-01 1.281664391884290016e-02
3.139595246128978889e-01 9.493447168076112330e-01 1.319189976067492928e-02
3.169431227038176369e-01 9.483474243291901695e-01 1.357278095755221937e-02
3.200158009565727824e-01 9.473093598195873044e-01 1.395939036028054706e-02
3.231785725711945889e-01 9.462291666524632605e-01 1.435183085125083143e-02
3.264324545109715814e-01 9.451054357745951595e-01 1.475020514364068676e-02
3.297784662290069724e-01 9.439367041692412474e-01 1.515461556661915239e-02
3.332176282779741316e-01 9.427214533028308585e-01 1.556516383576030983e-02
3.367509607969544350e-01 9.414581075582044711e-01 1.598195080784394623e-02
3.403794818690382695e-01 9.401450326580684802e-01 1.640507621919481615e-02
3.441042057431769052e-01 9.387805340828025980e-01 1.683463840668648903e-02
3.479261409135883110e-01 9.373628554872683871e-01 1.727073401051193446e-02
3.518462880498519074e-01 9.358901771218214316e-01 1.771345765780078102e-02
3.558656377706746476e-01 9.343606142633194001e-01 1.816290162614352111e-02
3.599851682541787001e-01 9.327722156625574135e-01 1.861915548606593931e-02
3.642058426774546498e-01 9.311229620152416953e-01 1.908230572148333914e-02
3.685286064780457504e-01 9.294107644643404553e-01 1.955243532715433830e-02
3.729543844299830213e-01 9.276334631424280053e-01 2.002962338214877083e-02
3.774840775269864834e-01 9.257888257634635520e-01 2.051394459834405409e-02
3.821185596654846917e-01 9.238745462743219727e-01 2.100546884297028669e-02
3.868586741201953116e-01 9.218882435773201323e-01 2.150426063423695189e-02
3.917052298051538761e-01 9.198274603359628543e-01 2.201037860909441091e-02
3.966589973132904623e-01 9.176896618771607228e-01 2.252387496221227442e-02
4.017207047279349186e-01 9.154722352042530265e-01 2.304479485529533495e-02
4.068910331999965879e-01 9.131724881362990320e-01 2.357317579590705037e-02
4.121706122850155585e-01 9.107876485902772767e-01 2.410904698503189142e-02
4.175600150348345863e-01 9.083148640240545912e-01 2.465242863268229945e-02
4.230597528393001960e-01 9.057512010592492224e-01 2.520333124094500596e-02
4.286702700141805100e-01 9.030936453044102752e-01 2.576175485396626011e-02
4.343919381323948503e-01 9.003391014002645187e-01 2.632768827449777013e-02
4.402250500966991553e-01 8.974843933101335214e-01 2.690110824676604853e-02
4.461698139531724006e-01 8.945262648799900962e-01 2.748197860558923566e-02
4.522263464462128457e-01 8.914613806939912788e-01 2.807024939184862150e-02
4.583946663172928648e-01 8.882863272526899667e-01 2.866585593462868745e-02
4.646746873514472354e-01 8.849976145024652796e-01 2.926871790057113815e-02
4.710662111773940008e-01 8.815916777460151010e-01 2.987873831124646107e-02
4.775689198293195381e-01 8.780648799650022651e-01 3.049580252963258326e-02
4.841823680807113561e-01 8.744135145871160253e-01 3.111977721710557088e-02
4.909059755632015909e-01 8.706338087308844731e-01 3.175050926269317592e-02
4.977390186861986865e-01 8.667219269625217049e-01 3.238782468671949633e-02
5.046806223761417520e-01 8.626739755998906745e-01 3.303152752137898662e-02
5.117297516575137761e-01 8.584860075992800654e-01 3.368139867122081632e-02
5.188852031013004851e-01 8.541540280610907532e-01 3.433719475700090090e-02
5.261455961703750406e-01 8.496740003906796401e-01 3.499864694686808525e-02
5.335093644953277092e-01 8.450418531504676478e-01 3.566545977939276912e-02
5.409747471185272216e-01 8.402534876389502472e-01 3.633730998351952096e-02
5.485397797486875060e-01 8.353047862314061378e-01 3.701384530112801496e-02
5.562022860729046725e-01 8.301916215158446910e-01 3.769468331851689308e-02
5.639598691779923456e-01 8.249098662560084838e-01 3.837941031377946344e-02
5.718099031379546560e-01 8.194554042110208103e-01 3.906758012771464200e-02
5.797495248295583270e-01 8.138241418384803971e-01 3.975871306660641591e-02
5.877756260431462598e-01 8.080120209044188151e-01 4.045229484590419367e-02
5.958848459610344150e-01 8.020150320195000848e-01 4.114777558453826950e-02
6.040735640809754559e-01 7.958292291161180865e-01 4.184456886030059330e-02
6.123378936672029260e-01 7.894507448755944123e-01 4.254205083740248555e-02
6.206736758163944323e-01 7.828758071084650494e-01 4.323955947797717553e-02
6.290764742304365553e-01 7.761007560838416586e-01 4.393639384991452485e-02
6.375415707920322195e-01 7.691220627960212441e-01 4.463181354398534917e-02
6.460639620428637597e-01 7.619363481478915734e-01 4.532503821371940828e-02
6.546383566670957999e-01 7.545404030212339297e-01 4.601524725192954191e-02
6.632591740853511775e-01 7.469312091937848619e-01 4.670157961810853658e-02
6.719205442657966154e-01 7.391059610519038481e-01 4.738313383114867855e-02
6.806163088595016397e-01 7.310620880359631757e-01 4.805896814192908012e-02
6.893400237666484909e-01 7.227972777431860285e-01 4.872810090026531704e-02
6.980849632383450132e-01 7.143094995997043561e-01 4.938951113050218944e-02
7.068441256155939545e-01 7.055970290001881695e-01 5.004213932963592903e-02
7.156102408022734229e-01 6.966584717996556764e-01 5.068488850126067619e-02
7.243757795626749596e-01 6.874927890281472553e-01 5.131662543783008235e-02
7.331329647261197735e-01 6.780993216850312866e-01 5.193618226269461347e-02
7.418737843713465452e-01 6.684778154559892771e-01 5.254235824210744948e-02
7.505900070516733358e-01 6.586284451824406805e-01 5.313392187587762105e-02
7.592731991083344623e-01 6.485518389005427986e-01 5.370961327358338838e-02
7.679147441038834954e-01 6.382491012552113929e-01 5.426814682123974609e-02
7.765058643901464608e-01 6.277218360841199107e-01 5.480821414104517647e-02
7.850376448059791512e-01 6.169721679576398721e-01 5.532848734432172649e-02
7.935010584791234445e-01 6.060027624534713997e-01 5.582762257502299486e-02
8.018869946839246587e-01 5.948168449395705437e-01 5.630426383823600861e-02
8.101862886827547738e-01 5.834182176361932815e-01 5.675704710497052330e-02
8.183897534539272822e-01 5.718112747277104280e-01 5.718460468124482443e-02
8.264882131829781597e-01 5.600010152975477551e-01 5.758556982607843100e-02
8.344725383677586983e-01 5.479930538653905447e-01 5.795858159953326538e-02
8.423336823612127544e-01 5.357936283148239109e-01 5.830228991845532588e-02
8.500627191494165569e-01 5.234096050120018440e-01 5.861536079411346079e-02
8.576508821368831192e-01 5.108484809318027953e-01 5.889648172256961578e-02
8.650896036867584682e-01 4.981183826272597703e-01 5.914436719540783205e-02
8.723705551408434955e-01 4.852280619007761642e-01 5.935776429546213429e-02
8.794856870238657587e-01 4.721868880616284514e-01 5.953545833948119259e-02
8.864272691185850483e-01 4.590048366832934490e-01 5.967627852731451077e-02
8.931879300836167435e-01 4.456924748059385433e-01 5.977910355526303704e-02
8.997606962747385362e-01 4.322609425636052549e-01 5.984286714976403548e-02
9.061390294233025999e-01 4.187219312517637126e-01 5.986656347662776961e-02
9.123168628225452048e-01 4.050876578885063695e-01 5.984925238065619962e-02
9.182886356743383827e-01 3.913708363611175800e-01 5.979006441068662053e-02
9.240493252554485837e-01 3.775846452884831783e-01 5.968820558594025577e-02
9.295944765737595983e-01 3.637426927681385314e-01 5.954296186103000266e-02
9.349202292011756787e-01 3.498589782140163473e-01 5.935370324909229611e-02
9.400233409909548588e-01 3.359478515264681664e-01 5.911988756524195338e-02
9.449012084128223243e-01 3.220239698692219377e-01 5.884106375587852544e-02
9.495518832690788003e-01 3.081022523579608485e-01 5.851687478325701131e-02
9.539740855886493787e-01 2.941978329915674317e-01 5.814706003912133853e-02
9.581672125331149870e-01 2.803260121792352511e-01 5.773145726601981026e-02
9.621313431886651113e-01 2.665022072341499126e-01 5.727000397010120758e-02
9.658672391599660845e-01 2.527419022169111740e-01 5.676273831464331149e-02
9.693763409254561036e-01 2.390605975190419896e-01 5.620979948919966468e-02
9.726607599578367402e-01 2.254737595786455995e-01 5.561142755496877726e-02
9.757232666577788649e-01 2.119967711164867097e-01 5.496796277269275222e-02
9.785672741923581164e-01 1.986448822715519147e-01 5.427984442498108575e-02
9.811968183717596492e-01 1.854331630006736953e-01 5.354760915033292962e-02
9.836165337376502338e-01 1.723764570873703994e-01 5.277188881120628561e-02
9.858316260736873504e-01 1.594893380810522010e-01 5.195340792317119927e-02
9.878478415823483960e-01 1.467860674596500326e-01 5.109298067641063201e-02
9.896714330021444406e-01 1.342805552770933164e-01 5.019150758453350819e-02
9.913091229649400038e-01 1.219863235225105424e-01 4.924997179878735226e-02
9.927680649142471836e-01 1.099164723812083438e-01 4.826943512826380178e-02
9.940558019218070918e-01 9.808364954908782574e-02 4.725103380855429774e-02
9.951803553816829240e-01 8.651298222816777850e-02 4.616886244836980457e-02
9.961497319939395245e-01 7.522316257003450191e-02 4.502429122900410835e-02
9.969724769556180810e-01 6.423233567298984592e-02 4.381879312510597591e-02
9.976576043455247511e-01 5.355806296622152990e-02 4.255393764677368323e-02
9.982145249421251476e-01 4.321729057823435471e-02 4.123138437216943702e-02
9.986529720752637118e-01 3.322632270489292439e-02 3.985287635021277780e-02
9.989829261079479217e-01 2.360079992002160273e-02 3.842023345123857930e-02
9.992145381322751208e-01 1.435568230257401427e-02 3.693534574065645421e-02
9.993580534445467567e-01 5.505237189986765534e-03 3.540016694672317582e-02
9.994237353396319135e-01 -2.936968691619797761e-03 3.381670808865273881e-02
9.994217897347142943e-01 -1.095807302249095401e-02 3.218703132556652302e-02
9.993622910987337571e-01 -1.854591795762598402e-02 3.051324408036217364e-02
9.992551101271827108e-01 -2.568904685540836924e-02 2.879749348559224736e-02
9.991098435634870878e-01 -3.237669808476771605e-02 2.704196119102956694e-02
9.989357465290030769e-01 -3.859879635302472523e-02 2.524885856489023778e-02
9.987416676846324615e-01 -4.434594201294184135e-02 2.342042231281548509e-02
9.985359875090581427e-01 -4.960939881653820410e-02 2.155891053080037298e-02
9.983265599423718495e-01 -5.438108058518172777e-02 1.966659920041132631e-02
9.981206576100511985e-01 -5.865353726067863011e-02 1.774577912695480750e-02
9.979249208113417646e-01 -6.241994079093739212e-02 1.579875331383479714e-02
9.977453104284987884e-01 -6.567407128673018180e-02 1.382783475924340838e-02
9.975870648892866122e-01 -6.841030386357688231e-02 1.183534465463282129e-02
9.974546612947405855e-01 -7.062359655531517955e-02 9.823610958173091198e-03
9.973517808074640056e-01 -7.230947965397536981e-02 7.794967310655185472e-03
9.972812783825252270e-01 -7.346404679462360809e-02 5.751752256089960602e-03
9.972451569131139948e-01 -7.408394806432995472e-02 3.696308724612957456e-03
9.972445458561616238e-01 -7.416638537179912061e-02 1.630983731257897463e-03
9.972796843987047355e-01 -7.370911026889349904e-02 -4.418717592693643254e-04
9.973499092233679697e-01 -7.271042436768547501e-02 -2.519902854480437875e-03
9.974536469303886266e-01 -7.116918244719247499e-02 -4.600750697464318743e-03
9.975884111734726334e-01 -6.908479829295947894e-02 -6.682052427997051819e-03
9.977508045668044279e-01 -6.645725326054839621e-02 -8.761441198466370095e-03
9.979365254200378565e-01 -6.328710750116807449e-02 -1.083654630175870034e-02
9.981403793563831117e-01 -5.957551373455001464e-02 -1.290499346761756795e-02
9.983562958652839603e-01 -5.532423340118539090e-02 -1.496440538260733824e-02
9.985773498349915789e-01 -5.053565497366949155e-02 -1.701240248668929936e-02
9.987957881009644767e-01 -4.521281415567206946e-02 -1.904660409652566416e-02
9.990030610328949345e-01 -3.935941564753697719e-02 -2.106462990196232565e-02
9.991898591657966122e-01 -3.297985611033438236e-02 -2.306410187769977402e-02
9.993461548586001220e-01 -2.607924791601615513e-02 -2.504264664694763609e-02
9.994612489368062125e-01 -1.866344323088109033e-02 -2.699789832788545424e-02
9.995238222438040943e-01 -1.073905794360293514e-02 -2.892750188704562922e-02
9.995219919884602566e-01 -2.313494918402814876e-03 -3.082911701633301443e-02
9.994433727346859753e-01 6.605033970634964502e-03 -3.270042254235371038e-02
9.992751418322126655e-01 1.600748758579542338e-02 -3.453912136811494032e-02
9.990041090372548949e-01 2.588397762422802936e-02 -3.634294593806848550e-02
9.986167900177865819e-01 3.622375364204932086e-02 -3.810966420801138038e-02
9.980994833816653200e-01 4.701519156999377919e-02 -3.983708609165790421e-02
9.974383508078250582e-01 5.824578626958328009e-02 -4.152307034590348167e-02
9.966194998024051621e-01 6.990214865185953586e-02 -4.316553184707812990e-02
9.956313537764619470e-01 8.195703169593390736e-02 -4.473537193863352107e-02
9.944614299157416015e-01 9.438841667105676847e-02 -4.623086231573702437e-02
9.930978154056061546e-01 1.071735497222161132e-01 -4.765040340695291671e-02
9.915292695518079791e-01 1.202889904784660846e-01 -4.899253308650184519e-02
9.897453209430003840e-01 1.337106682524040469e-01 -5.025593499630096050e-02
9.877363587310387105e-01 1.474139455883965721e-01 -5.143944634754995388e-02
9.854937171416013886e-01 1.613736887855695690e-01 -5.254206507546028276e-02
9.830097523809430138e-01 1.755643448937737605e-01 -5.356295622701756631e-02
9.802779111743835649e-01 1.899600245595731984e-01 -5.450145747035573668e-02
9.772927902576300507e-01 2.045345899875778972e-01 -5.535708362527583942e-02
9.740501862419465029e-01 2.192617471827950915e-01 -5.612953012747030901e-02
9.705471353867736184e-01 2.341151415545061620e-01 -5.681867535386251472e-02
9.667819429365058781e-01 2.490684558935567783e-01 -5.742458175283598337e-02
9.627542018092345444e-01 2.640955096845420402e-01 -5.794749574065700265e-02
9.584648005615872268e-01 2.791703586833754192e-01 -5.838784634370267762e-02
9.539159206923549794e-01 2.942673936798379519e-01 -5.874624258478534228e-02
9.491110234853548100e-01 3.093614373740638523e-01 -5.902346963049484585e-02
9.440548267258750403e-01 3.244278383251396614e-01 -5.922048373464711135e-02
9.387532717521760439e-01 3.394425609781566711e-01 -5.933840603023170929e-02
9.332134814211491269e-01 3.543822708417492251e-01 -5.937851523832328449e-02
9.274437096729587493e-01 3.692244139695257110e-01 -5.934223937693210160e-02
9.214532834712454434e-01 3.839472899936308137e-01 -5.923114656543803508e-02
9.152525379716375253e-01 3.985301180644594266e-01 -5.904693503085834544e-02
9.088527458307299467e-01 4.129530951645591919e-01 -5.879142243058201739e-02
9.022660416096691671e-01 4.271974463841944347e-01 -5.846653461226829218e-02
8.955053422508281180e-01 4.412454668680640957e-01 -5.807429393532324846e-02
8.885842646130387434e-01 4.550805552645080243e-01 -5.761680727976936645e-02
8.815170410411683477e-01 4.686872386275993674e-01 -5.709625386749916237e-02
8.743184339205674060e-01 4.820511888364221731e-01 -5.651487301799745788e-02
8.670036501274953622e-01 4.951592307024783035e-01 -5.587495195581458629e-02
8.595882562347206823e-01 5.079993420337848287e-01 -5.517881378059617120e-02
8.520880952689634524e-01 5.205606460113991751e-01 -5.442880570257189327e-02
8.445192057456885060e-01 5.328333963097927617e-01 -5.362728763734009307e-02
8.368977436290143679e-01 5.448089554560081593e-01 -5.277662124382920261e-02
8.292399077822013576e-01 5.564797669735567220e-01 -5.187915947874058992e-02
8.215618693892947633e-01 5.678393218955419819e-01 -5.093723672984308559e-02
8.138797057428623916e-01 5.788821202578460223e-01 -4.995315957944253954e-02
8.062093387080742080e-01 5.896036281979422089e-01 -4.892919823841641175e-02
7.985664780911200245e-01 6.000002312887929845e-01 -4.786757868058350712e-02
7.909665700614427752e-01 6.100691847312967875e-01 -4.677047549704579227e-02
7.834247507035446700e-01 6.198085610139515422e-01 -4.564000548063609081e-02
7.759558047060488573e-01 6.292171956259586807e-01 -4.447822194184616190e-02
7.685741291338928916e-01 6.382946313811075356e-01 -4.328710974967893421e-02
7.612937021744100585e-01 6.470410618756610166e-01 -4.206858108382302563e-02
7.541280566998393997e-01 6.554572745652924581e-01 -4.082447187841869302e-02
7.470902584475429542e-01 6.635445939050264030e-01 -3.955653893247917940e-02
7.401928885847981476e-01 6.713048249531672340e-01 -3.826645765773796504e-02
7.334480303972308324e-01 6.787401977963176680e-01 -3.695582043128078920e-02
7.268672598184301448e-01 6.858533131086579360e-01 -3.562613551774714005e-02
7.204616395026082198e-01 6.926470891154250520e-01 -3.427882652409458553e-02
7.142379975512194168e-01 6.991280544605954494e-01 -3.292488875921052022e-02
7.082046295415496129e-01 7.053012343478207713e-01 -3.156538426598674840e-02
7.023693043196316266e-01 7.111717400143930945e-01 -3.020129963306481327e-02
6.967392756049733960e-01 7.167447315889986514e-01 -2.883354820274697250e-02
6.913212949256017925e-01 7.220253833821854705e-01 -2.746297249951931002e-02
6.861216256237567812e-01 7.270188515927996642e-01 -2.609034684688275527e-02
6.811460576891310570e-01 7.317302443951513302e-01 -2.471638014248681015e-02
6.763999231936768108e-01 7.361645943560989336e-01 -2.334171876392816813e-02
6.718881121193817085e-01 7.403268331184279516e-01 -2.196694957996910696e-02
6.676150883877775000e-01 7.442217682766556486e-01 -2.059260304431155195e-02
6.635849059170608744e-01 7.478540623635275830e-01 -1.921915635140033704e-02
6.598012245493938277e-01 7.512282138597760062e-01 -1.784703663599753951e-02
6.562673257070562594e-01 7.543485401359794063e-01 -1.647662420044708476e-02
6.529861276515411816e-01 7.572191622333951377e-01 -1.510825575561837442e-02
6.499602002343253249e-01 7.598439913902280685e-01 -1.374222766346629501e-02
6.471917790418633132e-01 7.622267172207668473e-01 -1.237879917096314751e-02
6.446827788503139978e-01 7.643707974569760033e-01 -1.101819562683910292e-02
6.424348063176013035e-01 7.662794491653145412e-01 -9.660611674107756966e-03
6.404491718516533982e-01 7.679556413556001271e-01 -8.306214412750471954e-03
6.387269006040723340e-01 7.694020889035063648e-01 -6.955146528187118767e-03
6.372687425481060597e-01 7.706212477136434869e-01 -5.607529382273121130e-03
6.360751816086674948e-01 7.716153110560004524e-01 -4.263466064535544921e-03
6.351464438203286988e-01 7.723862070147209380e-01 -2.923044402197703603e-03
6.344825044967763450e-01 7.729355969946405391e-01 -1.586339928246127077e-03
6.340830944022095572e-01 7.732648752376444223e-01 -2.534188073699014492e-04
6.339477049216631910e-01 7.733751693076348355e-01 1.075659279945264746e-03
6.340755922333217720e-01 7.732673415096499303e-01 2.400838294552929547e-03
6.344657804916158383e-01 7.729419912153913108e-01 3.722063036178469789e-03
6.351170640353409613e-01 7.723994580740293214e-01 5.039276380407740549e-03
6.360280086402736455e-01 7.716398260936169207e-01 6.352416554190548972e-03
6.371969518408449051e-01 7.706629285846926525e-01 7.661414449019575065e-03
6.386220023504378673e-01 7.694683539636485436e-01 8.966190971146105124e-03
6.403010386148522137e-01 7.680554524191278709e-01 1.026665442848993977e-02
6.422317065384924861e-01 7.664233434500490327e-01 1.156269795428855121e-02
6.444114164279234336e-01 7.645709242887849255e-01 1.285419696800657596e-02
6.468373392026550706e-01 7.624968792275012008e-01 1.414100667458755185e-02
6.495064019283931511e-01 7.601996898696279370e-01 1.542295960377183806e-02
6.524152827335636395e-01 7.576776463318509736e-01 1.669986319192403798e-02
6.555604051757005779e-01 7.549288594248018125e-01 1.797149740960578626e-02
6.589379321302999415e-01 7.519512738427452936e-01 1.923761243899078932e-02
6.625437592809849674e-01 7.487426823939443699e-01 2.049792640614301470e-02
6.663735082962951584e-01 7.453007413039611784e-01 2.175212317416007346e-02
6.704225197850866014e-01 7.416229866238644997e-01 2.299985020421457457e-02
6.746858461293815390e-01 7.377068517740907883e-01 2.424071649259878711e-02
6.791582443004839931e-01 7.335496862524776285e-01 2.547429059298239248e-02
6.838341687712370387e-01 7.291487755316921060e-01 2.670009873421889945e-02
6.887077646443505730e-01 7.245013621668441317e-01 2.791762304517052609e-02
6.937728611236969600e-01 7.196046681284461455e-01 2.912629989915021742e-02
6.990229654622460709e-01 7.144559183690036841e-01 3.032551839168663374e-02
7.044512575267741772e-01 7.090523656233435057e-01 3.151461896638579896e-02
7.100477700586406149e-01 7.033946106728902192e-01 3.268315441376098973e-02
7.158033355435676759e-01 6.974819728520363915e-01 3.383023913528056953e-02
7.217084935872499774e-01 6.913139703457791274e-01 3.495493437153347066e-02
7.277534971426863342e-01 6.848903540698774162e-01 3.605624894463668045e-02
7.339283205450853886e-01 6.782111419202876412e-01 3.713314031185103309e-02
7.402226694886570035e-01 6.712766532469449654e-01 3.818451594417830025e-02
7.466259930690058999e-01 6.640875433893611568e-01 3.920923504269888810e-02
7.531274980020007392e-01 6.566448380939542417e-01 4.020611060407908166e-02
7.597161651147966710e-01 6.489499676158030361e-01 4.117391184501618950e-02
7.663807681870697941e-01 6.410048002909600751e-01 4.211136699339149136e-02
7.731098952004491487e-01 6.328116753499051228e-01 4.301716645156070801e-02
7.798919720316149773e-01 6.243734347285539998e-01 4.388996633453285529e-02
7.867152885996352429e-01 6.156934536208363840e-01 4.472839238278018825e-02
7.935680274509603338e-01 6.067756695066167660e-01 4.553104424610149303e-02
8.004382947362563838e-01 5.976246093810552162e-01 4.629650013135293979e-02
8.073141535021890469e-01 5.882454149067688487e-01 4.702332180299847314e-02
8.141836591886659757e-01 5.786438652087330103e-01 4.771005992135712859e-02
8.210348971882921454e-01 5.688263970340928788e-01 4.835525969918808009e-02
8.278560222903197374e-01 5.588001220052303264e-01 4.895746685291477857e-02
8.346352997966850484e-01 5.485728407048017230e-01 4.951523382041367327e-02
8.413611480633683692e-01 5.381530533461929000e-01 5.002712621295483941e-02
8.480221821868900722e-01 5.275499668020449118e-01 5.049172946466076728e-02
8.546072585238995156e-01 5.167734977871879520e-01 5.090765563883029726e-02
8.611055197021801888e-01 5.058342720204103138e-01 5.127355034674401651e-02
8.675064397546494721e-01 4.947436192217971040e-01 5.158809973121342152e-02
8.737998689847311651e-01 4.835135638386118817e-01 5.185003746424556720e-02
8.799760781524531561e-01 4.721568114324659060e-01 5.205815170585072205e-02
8.860258015563605705e-01 4.606867307033232217e-01 5.221129196929929356e-02
8.919402785773570264e-01 4.491173311711221805e-01 5.230837583710465366e-02
8.977112932473371165e-01 4.374632365827580971e-01 5.234839547172748936e-02
9.033312114083030808e-01 4.257396541600967921e-01 5.233042386550864483e-02
9.087930150367897753e-01 4.139623398527321751e-01 5.225362077567045210e-02
9.140903333239771555e-01 4.021475598064807588e-01 5.211723829239241212e-02
9.192174701238101653e-01 3.903120483042116784e-01 5.192062599095989550e-02
9.241694274096198258e-01 3.784729624786318802e-01 5.166323562277907316e-02
9.289419244138301668e-01 3.666478341361956161e-01 5.134462530460326413e-02
9.335314121649109786e-01 3.548545190665425286e-01 5.096446317056262804e-02
9.379350831802150124e-01 3.431111442420210489e-01 5.052253045745024734e-02
9.421508761220401817e-01 3.314360533362474825e-01 5.001872400009660380e-02
9.461774752763768559e-01 3.198477510087240350e-01 4.945305812045129590e-02
9.500143047684758146e-01 3.083648464138622480e-01 4.882566590106354049e-02
9.536615174856609700e-01 2.970059963970462236e-01 4.813679984088221203e-02
9.571199787347416388e-01 2.857898488374936430e-01 4.738683189854678290e-02
9.603912447179789869e-01 2.747349865876595465e-01 4.657625293547659751e-02
9.634775359668585892e-01 2.638598724419687347e-01 4.570567157795288327e-02
9.663817059259983688e-01 2.531827955440955069e-01 4.477581252389763178e-02
9.691072049295278434e-01 2.427218196123240301e-01 4.378751432606566019e-02
9.716580398584326872e-01 2.324947333273315320e-01 4.274172668877297687e-02
