1.000000000000000000e+00 0.000000000000000000e+00 0.000000000000000000e+00
1.000000000000000000e+00 0.000000000000000000e+00 0.000000000000000000e+00
1.000000000000000000e+00 0.000000000000000000e+00 0.000000000000000000e+00
1.000000000000000000e+00 0.000000000000000000e+00 0.000000000000000000e+00
1.000000000000000000e+00 0.000000000000000000e+00 0.000000000000000000e+00
1.000000000000000000e+00 0.000000000000000000e+00 0.000000000000000000e+00
1.000000000000000000e+00 0.000000000000000000e+00 0.000000000000000000e+00
1.000000000000000000e+00 0.000000000000000000e+00 0.000000000000000000e+00
1.000000000000000000e+00 0.000000000000000000e+00 0.000000000000000000e+00
1.000000000000000000e+00 0.000000000000000000e+00 0.000000000000000000e+00
1.000000000000000000e+00 0.000000000000000000e+00 0.000000000000000000e+00
1.000000000000000000e+00 0.000000000000000000e+00 0.000000000000000000e+00
1.000000000000000000e+00 0.000000000000000000e+00 0.000000000000000000e+00
1.000000000000000000e+00 0.000000000000000000e+00 0.000000000000000000e+00
1.000000000000000000e+00 0.000000000000000000e+00 0.000000000000000000e+00
1.000000000000000000e+00 0.000000000000000000e+00 0.000000000000000000e+00
1.000000000000000000e+00 0.000000000000000000e+00 0.000000000000000000e+00
1.000000000000000000e+00 0.000000000000000000e+00 0.000000000000000000e+00
1.000000000000000000e+00 0.000000000000000000e+00 0.000000000000000000e+00
1.000000000000000000e+00 0.000000000000000000e+00 0.000000000000000000e+00
1.000000000000000000e+00 0.000000000000000000e+00 0.000000000000000000e+00
1.000000000000000000e+00 0.000000000000000000e+00 0.000000000000000000e+00
1.000000000000000000e+00 0.000000000000000000e+00 0.000000000000000000e+00
1.000000000000000000e+00 0.000000000000000000e+00 0.000000000000000000e+00
1.000000000000000000e+00 0.000000000000000000e+00 0.000000000000000000e+00
1.000000000000000000e+00 0.000000000000000000e+00 0.000000000000000000e+00
1.000000000000000000e+00 0.000000000000000000e+00 0.000000000000000000e+00
1.000000000000000000e+00 0.000000000000000000e+00 0.000000000000000000e+00
1.000000000000000000e+00 0.000000000000000000e+00 0.000000000000000000e+00
1.000000000000000000e+00 0.000000000000000000e+00 0.000000000000000000e+00
1.000000000000000000e+00 0.000000000000000000e+00 0.000000000000000000e+00
1.000000000000000000e+00 0.000000000000000000e+00 0.000000000000000000e+00
1.000000000000000000e+00 0.000000000000000000e+00 0.000000000000000000e+00
1.000000000000000000e+00 0.000000000000000000e+00 0.000000000000000000e+00
1.000000000000000000e+00 0.000000000000000000e+00 0.000000000000000000e+00
1.000000000000000000e+00 0.000000000000000000e+00 0.000000000000000000e+00
1.000000000000000000e+00 0.000000000000000000e+00 0.000000000000000000e+00
1.000000000000000000e+00 0.000000000000000000e+00 0.000000000000000000e+00
1.000000000000000000e+00 0.000000000000000000e+00 0.000000000000000000e+00
1.000000000000000000e+00 0.000000000000000000e+00 0.000000000000000000e+00
1.000000000000000000e+00 0.000000000000000000e+00 0.000000000000000000e+00
1.000000000000000000e+00 0.000000000000000000e+00 0.000000000000000000e+00
1.000000000000000000e+00 0.000000000000000000e+00 0.000000000000000000e+00
1.000000000000000000e+00 0.000000000000000000e+00 0.000000000000000000e+00
1.000000000000000000e+00 0.000000000000000000e+00 0.000000000000000000e+00
1.000000000000000000e+00 0.000000000000000000e+00 0.000000000000000000e+00
1.000000000000000000e+00 0.000000000000000000e+00 0.000000000000000000e+00
1.000000000000000000e+00 0.000000000000000000e+00 0.000000000000000000e+00
1.000000000000000000e+00 0.000000000000000000e+00 0.000000000000000000e+00
1.000000000000000000e+00 0.000000000000000000e+00 0.000000000000000000e+00
1.000000000000000000e+00 0.000000000000000000e+00 0.000000000000000000e+00
1.000000000000000000e+00 0.000000000000000000e+00 0.000000000000000000e+00
9.999999999197338729e-01 -5.735535956542948927e-06 1.129772314294691988e-05
9.999999992137396099e-01 -2.070953354629272953e-05 3.381790298674592840e-05
9.999999965529345891e-01 -4.839843588625958825e-05 6.746678569363511943e-05
9.999999894585139826e-01 -9.224648647180328106e-05 1.121323447617880638e-04
9.999999738260231252e-01 -1.556600836897416166e-04 1.676845254658603608e-04
9.999999433453762299e-01 -2.420022159343334343e-04 2.339755184652981819e-04
9.999998888235617223e-01 -3.545869861278267993e-04 3.108400619878285516e-04
9.999997974176830784e-01 -4.966742341993562061e-04 3.980957719471337137e-04
9.999996517868280366e-01 -6.714642658090275466e-04 4.955434993085518431e-04
9.999994291720371020e-01 -8.820926953210697207e-04 6.029677139749620943e-04
9.999991004143419238e-01 -1.131625410734168717e-03 7.201369144269620121e-04
9.999986289214670698e-01 -1.423053667971840462e-03 8.468040623171331624e-04
9.999979695943274072e-01 -1.759289321624333538e-03 9.827070411876483256e-04
9.999970677249038209e-01 -2.143160198919410314e-03 1.127569138453673797e-03
9.999958578774442719e-01 -2.577405623385736755e-03 1.281099549771874896e-03
9.999942627652037563e-01 -3.064672094362625408e-03 1.442993904893687812e-03
9.999921921351159204e-01 -3.607509128206459401e-03 1.612934814086666030e-03
9.999895416728672437e-01 -4.208365266749917663e-03 1.790592434193885628e-03
9.999861919408334909e-01 -4.869584258287497879e-03 1.975625053390786100e-03
9.999820073612275539e-01 -5.593401416091711015e-03 2.167679693690570744e-03
9.999768352566056340e-01 -6.381940159210322885e-03 2.366392730243018546e-03
9.999705049595826178e-01 -7.237208740057214477e-03 2.571390526466830421e-03
9.999628270032228095e-01 -8.161097163088517487e-03 2.782290084052020315e-03
9.999535924030962253e-01 -9.155374298651760417e-03 2.998699706865901819e-03
9.999425720414329977e-01 -1.022168519590857007e-02 3.220219677793484826e-03
9.999295161631678308e-01 -1.136154859856005478e-02 3.446442947540094646e-03
9.999141539929484734e-01 -1.257635466694719158e-02 3.676955834420372188e-03
9.998961934813932473e-01 -1.386736290995428840e-02 3.911338734153066779e-03
9.998753211880238023e-01 -1.523570033000990094e-02 4.149166838674828509e-03
9.998512023073820032e-01 -1.668235978435352040e-02 4.390010862978211206e-03
9.998234808438611898e-01 -1.820819856561499417e-02 4.633437778969029704e-03
9.997917799397589844e-01 -1.981393720463358113e-02 4.879011555325832999e-03
9.997557023599890069e-01 -2.150015849832098702e-02 5.126293902329399216e-03
9.997148311357832995e-01 -2.326730676524399466e-02 5.374845020612735967e-03
9.996687303685825032e-01 -2.511568733146315319e-02 5.624224352762038047e-03
9.996169461941550871e-01 -2.704546624901049690e-02 5.873991336676470838e-03
9.995590079058157551e-01 -2.905667024921718480e-02 6.123706159569629673e-03
9.994944292344363213e-01 -3.114918693290737173e-02 6.372930511468286735e-03
9.994227097817671712e-01 -3.332276519925363861e-02 6.621228337034830436e-03
9.993433366024220277e-01 -3.557701591483823644e-02 6.868166584509015175e-03
9.992557859287317656e-01 -3.791141282418009767e-02 7.113315950532674535e-03
9.991595250315504773e-01 -4.032529370266674240e-02 7.356251619588403436e-03
9.990540142090120757e-01 -4.281786175247095927e-02 7.596553996750453688e-03
9.989387088941898973e-01 -4.538818724163187074e-02 7.833809432413811960e-03
9.988130618716176690e-01 -4.803520938603778739e-02 8.067610937636301299e-03
9.986765255916957296e-01 -5.075773847356321311e-02 8.297558888699261767e-03
9.985285545711346522e-01 -5.355445822908429937e-02 8.523261719465649242e-03
9.983686078667911579e-01 -5.642392841852691271e-02 8.744336600090971828e-03
9.981961516095340103e-01 -5.936458768949014891e-02 8.960410100623133339e-03
9.980106615841447537e-01 -6.237475664533826542e-02 9.171118838012685959e-03
9.978125865813823880e-01 -6.544121931906793366e-02 9.353566654629823229e-03
9.976020265032097267e-01 -6.855511016272158864e-02 9.507572416631405315e-03
9.973791842547956588e-01 -7.170751980090381283e-02 9.633004411639540729e-03
9.971443690916453884e-01 -7.488951144611040445e-02 9.729780355988679880e-03
9.968979989227922944e-01 -7.809213729124363235e-02 9.797867292377091322e-03
9.966406015551578790e-01 -8.130645482503857935e-02 9.837281378149570488e-03
9.963728148728365763e-01 -8.452354301593853481e-02 9.848087565139832661e-03
9.960953859536733068e-01 -8.773451831040635085e-02 9.830399172706148075e-03
9.958091691339976403e-01 -9.093055039274293427e-02 9.784377356291050834e-03
9.955151230406756868e-01 -9.410287765519126379e-02 9.710230474514410653e-03
9.952143066176667441e-01 -9.724282232941215687e-02 9.608213358458041892e-03
9.949078741819539218e-01 -1.003418052332921140e-01 9.478626487409226239e-03
9.945970695509882553e-01 -1.033913600904416696e-01 9.321815075890482055e-03
9.942832192905891597e-01 -1.063831473836113622e-01 9.138168077305280565e-03
9.939677251385251600e-01 -1.093089677075326505e-01 8.928117109966424159e-03
9.936520556647133740e-01 -1.121607745913161119e-01 8.692135311639322126e-03
9.933377372340916889e-01 -1.149306867654365238e-01 8.430736129021215025e-03
9.930263443427024272e-01 -1.176109998534294043e-01 8.144472048785659363e-03
9.927194894013658955e-01 -1.201941974736368129e-01 7.833933276947029067e-03
9.924188120445065486e-01 -1.226729617415930895e-01 7.499746373341148638e-03
9.921259680442187090e-01 -1.250401831688542909e-01 7.142572847975890704e-03
9.918426179115348296e-01 -1.272889699591711610e-01 6.763107725881214484e-03
9.915704152680986372e-01 -1.294126567078096313e-01 6.362078086884555284e-03
9.913109950720648822e-01 -1.314048125144643420e-01 5.940241586458809217e-03
9.910659617820831713e-01 -1.332592485245245040e-01 5.498384963441547285e-03
9.908368775426927844e-01 -1.349700249173770850e-01 5.037322540011684134e-03
9.906252504734063269e-01 -1.365314573639170026e-01 4.557894718840643095e-03
9.904325231422199671e-01 -1.379381229784327201e-01 4.060966481816832147e-03
9.902600613023029297e-01 -1.391848657925084387e-01 3.547425894183366124e-03
9.901091429682233880e-01 -1.402668017805036860e-01 3.018182617338237284e-03
9.899809479053053307e-01 -1.411793234675137454e-01 2.474166432932676553e-03
9.898765476026206711e-01 -1.419181041514674946e-01 1.916325780276703682e-03
9.897968957967332448e-01 -1.424791017711785623e-01 1.345626308430160692e-03
9.897428196096696995e-01 -1.428585624517334229e-01 7.630494437323262925e-04
9.897150113607209310e-01 -1.430530237575886043e-01 1.695909729126915530e-04
9.897140211076074223e-01 -1.430593176821764456e-01 -4.337403586614070562e-04
9.897402499682956822e-01 -1.428745734007115242e-01 -1.045924234599252727e-03
9.897939442703528323e-01 -1.424962198102817101e-01 -1.665930142476599891e-03
9.898751905701840270e-01 -1.419219878782367883e-01 -2.292718738180618641e-03
9.899839115798327871e-01 -1.411499128164011851e-01 -2.925243202001199735e-03
9.901198630342379348e-01 -1.401783360947846113e-01 -3.562450589210315946e-03
9.902826315269460666e-01 -1.390059073043021787e-01 -4.203283178154928676e-03
9.904716333372741710e-01 -1.376315858736038844e-01 -4.846679819101346216e-03
9.906861142668069720e-01 -1.360546426405150333e-01 -5.491577287206159119e-03
9.909251504978965341e-01 -1.342746612738715817e-01 -6.136911643047904090e-03
9.911876504815099187e-01 -1.322915395367678937e-01 -6.781619604132442004e-03
9.914723578563415796e-01 -1.301054903774869764e-01 -7.424639930682627557e-03
9.917778553955725052e-01 -1.277170428297309535e-01 -8.064914828839159916e-03
9.921025699720245061e-01 -1.251270426992815155e-01 -8.701391374135520468e-03
9.924447785267233035e-01 -1.223366530099702226e-01 -9.333022957767665370e-03
9.928026150200695010e-01 -1.193473541778979075e-01 -9.958770757761749651e-03
9.931740783389219063e-01 -1.161609438792782500e-01 -1.057760523665476730e-02
9.935570411269529778e-01 -1.127795365741611766e-01 -1.118850766674880058e-02
9.939492594996578445e-01 -1.092055626456774897e-01 -1.179047168338586207e-02
9.943483835994182396e-01 -1.054417671123953765e-01 -1.238250486602429125e-02
9.947519689400752263e-01 -1.014912078699438391e-01 -1.296363034618757369e-02
9.951574884845887370e-01 -9.735725341728299065e-02 -1.353288844061138405e-02
9.955623453936101042e-01 -9.304358002292391350e-02 -1.408933830714452495e-02
9.959638863772066752e-01 -8.855416828705089949e-02 -1.463205962017489342e-02
9.963594155766269944e-01 -8.389329905689613121e-02 -1.516015426156390108e-02
9.967462088979256452e-01 -7.906554865487142036e-02 -1.567274802229362204e-02
9.971215287145577255e-01 -7.407578338187212341e-02 -1.616899230927239944e-02
9.974826388517596953e-01 -6.892915326182348645e-02 -1.664806585101886657e-02
9.978268197617305990e-01 -6.363108499791492179e-02 -1.710917639526353048e-02
9.981513837953781554e-01 -5.818727411602839239e-02 -1.755156239088314155e-02
9.984536904737685292e-01 -5.260367627656558492e-02 -1.797449464602756883e-02
9.987311616604723774e-01 -4.688649774215546129e-02 -1.837727795382264329e-02
9.989812965347991680e-01 -4.104218499551042648e-02 -1.875925267664544857e-02
9.992016862655008769e-01 -3.507741350891385723e-02 -1.911979627967980155e-02
9.993900282849513816e-01 -2.899907567437536721e-02 -1.945832480427688374e-02
9.995441400651037256e-01 -2.281426791128399884e-02 -1.977429427157530867e-02
9.996619722987174494e-01 -1.653027697631914705e-02 -2.006720200688115810e-02
9.997416213924416040e-01 -1.015456550833348029e-02 -2.033658787547436980e-02
9.997813411823373020e-01 -3.694756848788354267e-03 -2.058203542079450193e-02
9.997795537873136462e-01 2.841380814015514837e-03 -2.080317289636538988e-02
9.997348595216998257e-01 9.445950921325335300e-03 -2.099967418334154623e-02
9.996460457947482503e-01 1.611094557844105352e-02 -2.117125958619463580e-02
9.995120949321966153e-01 2.282826307846105157e-02 -2.131769649979911238e-02
9.993321908630515837e-01 2.958972584065350589e-02 -2.143879994201334724e-02
9.991057246234000822e-01 3.638709868382834778e-02 -2.153443294677628156e-02
9.988322986382299762e-01 4.321210735088455018e-02 -2.160450681373743756e-02
9.985117297518314450e-01 5.005645719738439220e-02 -2.164898121149717511e-02
9.981440509872617772e-01 5.691185195461518492e-02 -2.166786413263966510e-02
9.977295120254622285e-01 6.377001247617856972e-02 -2.166121169987817244e-02
9.972685784048016533e-01 7.062269537672177799e-02 -2.162912782378493756e-02
9.967619294519696194e-01 7.746171147200105189e-02 -2.157176371373031171e-02
9.962104549651263907e-01 8.427894393103614601e-02 -2.148931724479168082e-02
9.956152506799256230e-01 9.106636605365113490e-02 -2.138203218449643769e-02
9.949776125583421615e-01 9.781605859015968241e-02 -2.125019728431996185e-02
9.942990299490593875e-01 1.045202265242876627e-01 -2.109414524185477743e-02
9.935811776763974201e-01 1.111712152455637537e-01 -2.091425154048814558e-02
9.928259071223123344e-01 1.177615260432685468e-01 -2.071093317426049227e-02
9.920352363727888978e-01 1.242838308605243580e-01 -2.048464726631631441e-02
9.912113395059278798e-01 1.307309862541325418e-01 -2.023588958999442480e-02
9.903565351041396791e-01 1.370960465132170791e-01 -1.996519300212883097e-02
9.894732740770691981e-01 1.433722758975032041e-01 -1.967312579854104196e-02
9.885641268851695918e-01 1.495531599640370080e-01 -1.936029000199629077e-02
9.876317702562112943e-01 1.556324159592245016e-01 -1.902731959306946247e-02
9.866789734884621188e-01 1.616040022611272275e-01 -1.867487869442265719e-02
9.857085844348274506e-01 1.674621268648914529e-01 -1.830365971893819707e-02
9.847235152619278065e-01 1.732012549119091582e-01 -1.791438149198313831e-02
9.837267280769570466e-01 1.788161152707186119e-01 -1.750778735781004930e-02
9.827212205132613843e-01 1.843017061846674576e-01 -1.708464327973136312e-02
9.817100113629689817e-01 1.896533000079054232e-01 -1.664573594324966072e-02
9.806961263417437458e-01 1.948664470572844809e-01 -1.619187087079301812e-02
9.796825840669164398e-01 1.999369786131670046e-01 -1.572387055610354953e-02
9.786723823259227961e-01 2.048610091069345829e-01 -1.524257262566885117e-02
9.776684847072428797e-01 2.096349375371213408e-01 -1.474882803388142399e-02
9.766738076609522423e-01 2.142554481595438931e-01 -1.424349929787130202e-02
9.756912080506497942e-01 2.187195104995583173e-01 -1.372745877719297805e-02
9.747234712529826428e-01 2.230243787366398833e-01 -1.320158700277017372e-02
9.737732998553255692e-01 2.271675905128671125e-01 -1.266677105872124516e-02
9.728433029964447254e-01 2.311469652176135481e-01 -1.212390301991396642e-02
9.719359863892540474e-01 2.349606018008370545e-01 -1.157387844734010865e-02
9.710537430591028585e-01 2.386068761668388161e-01 -1.101759494266620586e-02
9.701988448254702524e-01 2.420844381992829086e-01 -1.045595076261461760e-02
9.693734345495218507e-01 2.453922084666651515e-01 -9.889843493165340754e-03
9.685795191647460500e-01 2.485293746553456085e-01 -9.320168782949760783e-03
9.678189635028596749e-01 2.514953877747621025e-01 -8.747819134637693783e-03
9.670934849223727925e-01 2.542899581765764028e-01 -8.173682752602691795e-03
9.664046487426577459e-01 2.569130514263239240e-01 -7.598642444690836308e-03
9.657538644820752305e-01 2.593648840626952556e-01 -7.023574575517508092e-03
9.651423828946873451e-01 2.616459192759297836e-01 -6.449348068376376322e-03
9.645712937963308864e-01 2.637568625329996252e-01 -5.876823452565820526e-03
9.640415246673279537e-01 2.656986571733584435e-01 -5.306851952720278119e-03
9.635538400158766281e-01 2.674724799950749521e-01 -4.740274616576886819e-03
9.631088414831738831e-01 2.690797368472126472e-01 -4.177921477510037826e-03
9.627069686685743033e-01 2.705220582404000429e-01 -3.620610748126269068e-03
9.623485006505603234e-01 2.718012949837021464e-01 -3.069148041226990847e-03
9.620335581769852151e-01 2.729195138521945396e-01 -2.524325614514125356e-03
9.617621064959331889e-01 2.738789932860898335e-01 -1.986921635530684068e-03
9.615339587966047485e-01 2.746822191189081108e-01 -1.457699463491196178e-03
9.613487802278726235e-01 2.753318803290449868e-01 -9.374069448619217794e-04
9.612060924605464463e-01 2.758308648062017254e-01 -4.267757197940011014e-04
9.611052787579253964e-01 2.761822551215218913e-01 7.347946321013430412e-05
9.610455895178954266e-01 2.763893242879486012e-01 5.626614267099334455e-04
9.610261482486366358e-01 2.764555314952915066e-01 1.040091239800336638e-03
9.610459579389392104e-01 2.763845178027845018e-01 1.505108891274045246e-03
9.611039077831803334e-01 2.761801017705338701e-01 1.957073961732008413e-03
9.611987802201902298e-01 2.758462750102074756e-01 2.395366295521562418e-03
9.613292582445291945e-01 2.753871976346005113e-01 2.819386672994679630e-03
9.614939329481175800e-01 2.748071935853331760e-01 3.228557483189468426e-03
9.616913112497077476e-01 2.741107458178835832e-01 3.622323396650840421e-03
9.619198237693699083e-01 2.733024913234316511e-01 4.000152037725464120e-03
9.621778328049859219e-01 2.723872159675747584e-01 4.361534655295922804e-03
9.624636403677234719e-01 2.713698491268589086e-01 4.705986790563358377e-03
9.627754962335957067e-01 2.702554581052402649e-01 5.033048940150632727e-03
9.631116059685216335e-01 2.690492423140253275e-01 5.342287212482625496e-03
9.634701388847871639e-01 2.677565272005191788e-01 5.633293975110062295e-03
9.638492358874867216e-01 2.663827579125149225e-01 5.905688490381037943e-03
9.642470171704030646e-01 2.649334926878572638e-01 6.159117536632932079e-03
9.646615897218701052e-01 2.634143959605852459e-01 6.393256011878764404e-03
9.650910546024636938e-01 2.618312311775737866e-01 6.607807516798207791e-03
9.655335139578896664e-01 2.601898533221206899e-01 6.802504913715800086e-03
9.659870777321818425e-01 2.584962011435368301e-01 6.977110858158431378e-03
9.664498700482928584e-01 2.567562890944593557e-01 7.131418299531478225e-03
9.669200352253554120e-01 2.549761989802920015e-01 7.265250947438130560e-03
9.673957434042994574e-01 2.531620713278503465e-01 7.378463700189174038e-03
9.678751957561367858e-01 2.513200964829249151e-01 7.470943032109991604e-03
9.683566292500457307e-01 2.494565054490389677e-01 7.542607336346577110e-03
9.688383209614042091e-01 2.475775604821484621e-01 7.593407220001313976e-03
9.693185919031012121e-01 2.456895454583755967e-01 7.623325748590105942e-03
9.697958103667989604e-01 2.437987560340680870e-01 7.632378637002760861e-03
9.702683947642886109e-01 2.419114896195061482e-01 7.620614384365613503e-03
9.707348159626623119e-01 2.400340351894239832e-01 7.588114350446171184e-03
9.711935991106900312e-01 2.381726629551532970e-01 7.534992771500863967e-03
9.716433249575066045e-01 2.363336139246225709e-01 7.461396713745299322e-03
9.720826306684587914e-01 2.345230893776465986e-01 7.367505962918201659e-03
9.725102101467015814e-01 2.327472402849114774e-01 7.253532848711785781e-03
9.729248138728346929e-01 2.310121566997977993e-01 7.119722003148986483e-03
9.733252482785026416e-01 2.293238571526898251e-01 6.966350052298171495e-03
9.737103746734133702e-01 2.276882780776964821e-01 6.793725241025068418e-03
9.740791077486317118e-01 2.261112633017672569e-01 6.602186990786376025e-03
9.744304136822357076e-01 2.245985536260337589e-01 6.392105390766671114e-03
9.747633078764695869e-01 2.231557765288591233e-01 6.163880622946889438e-03
9.750768523583447367e-01 2.217884360195477578e-01 5.917942321966299796e-03
9.753701528782131591e-01 2.205019026709751917e-01 5.654748870898170660e-03
9.756423557431378457e-01 2.193014038585613945e-01 5.374786634300495261e-03
9.758926444238893438e-01 2.181920142320509515e-01 5.078569130125614936e-03
9.761202359760917657e-01 2.171786464455024157e-01 4.766636142275377554e-03
9.763243773174029583e-01 2.162660421697473467e-01 4.439552775770940797e-03
9.765043414036358449e-01 2.154587634103800609e-01 4.097908456668232675e-03
9.766594233473941955e-01 2.147611841531018861e-01 3.742315878991684958e-03
9.767889365231052778e-01 2.141774823569900232e-01 3.373409901080659697e-03
9.768922087022757772e-01 2.137116323150084762e-01 2.991846393846061061e-03
9.769685782623791503e-01 2.133673973998453932e-01 2.598301043520154403e-03
9.770173905119995394e-01 2.131483232119610327e-01 2.193468111552278332e-03
9.770379941737228346e-01 2.130577311455775225e-01 1.778059154358715283e-03
9.770297380647803287e-01 2.130987123872440936e-01 1.352801705678544509e-03
9.769919680136296414e-01 2.132741223605781333e-01 9.184379243210206859e-04
9.769240240485170812e-01 2.135865756298167828e-01 4.757232101161561894e-04
9.768252378916169043e-01 2.140384412739176345e-01 2.542479090105392381e-05
9.766949307896112265e-01 2.146318387421187190e-01 -4.316797166075943075e-04
9.765324117085746325e-01 2.153686342011037202e-01 -8.948037691873832796e-04
9.763369759177893403e-01 2.162504373832097315e-01 -1.363153379844695822e-03
9.761079039836600968e-01 2.172785989444550869e-01 -1.835928618002734616e-03
9.758444611912537869e-01 2.184542083405386081e-01 -2.312325124209933195e-03
9.755458974071826717e-01 2.197780922283587290e-01 -2.791535636403550454e-03
9.752114473936153161e-01 2.212508134000039373e-01 -3.272751524724202849e-03
9.748403315791621671e-01 2.228726702555592076e-01 -3.755164331830379652e-03
9.744317572882825740e-01 2.246436968204394147e-01 -4.237967315607395723e-03
9.739849204267215788e-01 2.265636633122822818e-01 -4.720356991102832821e-03
9.734990076163492212e-01 2.286320772616930175e-01 -5.201534668450896910e-03
9.729731987686719430e-01 2.308481851903137760e-01 -5.680707983472136312e-03
9.724066700822515674e-01 2.332109748487767031e-01 -6.157092417554008157e-03
9.717985974453343667e-01 2.357191780160771133e-01 -6.629912803333444862e-03
9.711481602211989861e-01 2.383712738607587645e-01 -7.098404812616974577e-03
9.704545453901074481e-01 2.411654928630281303e-01 -7.561816422889308491e-03
9.697169520183198665e-01 2.440998212955001467e-01 -8.019409358680324937e-03
9.689345960214502673e-01 2.471720062587209055e-01 -8.470460503985718578e-03
9.681067151865156983e-01 2.503795612659109882e-01 -8.914263281871325287e-03
9.672325744144044668e-01 2.537197723695301388e-01 -9.350128997338195622e-03
9.663114711421799674e-01 2.571897048202834712e-01 -9.777388139488025001e-03
9.653427409026703598e-01 2.607862102470837051e-01 -1.019539163900953956e-02
9.643257629771928574e-01 2.645059343442632271e-01 -1.060351207700881149e-02
9.632599660960439181e-01 2.683453250500117959e-01 -1.100114484123296092e-02
9.621448341405616222e-01 2.723006411976209296e-01 -1.138770922578980806e-02
9.609799118001536300e-01 2.763679616186650034e-01 -1.176264947054790969e-02
9.597648101376798913e-01 2.805431946747698468e-01 -1.212543573651392315e-02
9.584992120169985030e-01 2.848220881921375569e-01 -1.247556501362871717e-02
9.571828773473085583e-01 2.892002397705435990e-01 -1.281256195760106451e-02
9.558156481001657268e-01 2.936731074361265681e-01 -1.313597965260850792e-02
9.543974530566809999e-01 2.982360206049882723e-01 -1.344540029693900088e-02
9.529283122444306420e-01 3.028841913224409876e-01 -1.374043580892348598e-02
9.514083410259884799e-01 3.076127257407111348e-01 -1.402072835081755869e-02
9.498377538037109380e-01 3.124166357960704854e-01 -1.428595076862791691e-02
9.482168673084355737e-01 3.172908510447373653e-01 -1.453580694624418898e-02
9.465461034430671106e-01 3.222302306155084284e-01 -1.477003207262617308e-02
9.448259916555777904e-01 3.272295752359630217e-01 -1.498839282120715925e-02
9.430571708197138525e-01 3.322836392882528855e-01 -1.519068744110228450e-02
9.412403906056281411e-01 3.373871428499661818e-01 -1.537674576015262556e-02
9.393765123267129313e-01 3.425347836753513397e-01 -1.554642910028667530e-02
9.374665092530455324e-01 3.477212490723111671e-01 -1.569963010613642865e-02
9.355114663860317759e-01 3.529412276310390228e-01 -1.583627248830069695e-02
9.335125796930017206e-01 3.581894207609643277e-01 -1.595631068309883577e-02
9.314711548046309408e-01 3.634605539938032814e-01 -1.605972943109882159e-02
9.293886051820906546e-01 3.687493880119626644e-01 -1.614654327713011678e-02
9.272664497647242765e-01 3.740507293633060226e-01 -1.621679599489912055e-02
9.251063101127766641e-01 3.793594408253493366e-01 -1.627055993970936282e-02
9.229099070632249546e-01 3.846704513842821305e-01 -1.630793533314555191e-02
9.206790569200453689e-01 3.899787657967886956e-01 -1.632904948390678096e-02
9.184156672032718349e-01 3.952794737054448060e-01 -1.633405594926642945e-02
9.161217319839365381e-01 4.005677582814567983e-01 -1.632313364189166491e-02
9.137993268344047904e-01 4.058389043716612021e-01 -1.629648588697191550e-02
9.114506034257170430e-01 4.110883061299813734e-01 -1.625433943478152635e-02
9.090777838053176740e-01 4.163114741169062216e-01 -1.619694343393579539e-02
9.066831543899712686e-01 4.215040418539813816e-01 -1.612456837069121615e-02
9.042690597097476912e-01 4.266617718237513679e-01 -1.603750497968987540e-02
9.018378959396966543e-01 4.317805609090246133e-01 -1.593606313155518719e-02
8.993921042562342816e-01 4.368564452687227484e-01 -1.582057070271231797e-02
8.969341640553443185e-01 4.418856046508867208e-01 -1.569137243273323323e-02
8.944665860694620552e-01 4.468643661466162320e-01 -1.554882877439528639e-02
8.919919054193831132e-01 4.517892073917902929e-01 -1.539331474149574844e-02
8.895126746367364445e-01 4.566567592263267028e-01 -1.522521875928540061e-02
8.870314566915042942e-01 4.614638078234702401e-01 -1.504494152217507492e-02
8.845508180577882351e-01 4.662072963041306584e-01 -1.485289486313294896e-02
8.820733218495283579e-01 4.708843258536081766e-01 -1.464950063893083639e-02
8.796015210562158071e-01 4.754921563601340329e-01 -1.443518963511800264e-02
8.771379519068176478e-01 4.800282065965066902e-01 -1.421040049430464039e-02
8.746851273881878219e-01 4.844900539677159945e-01 -1.397557867102763515e-02
8.722455309421925929e-01 4.888754338488118245e-01 -1.373117541615197570e-02
8.698216103636641217e-01 4.931822385383960450e-01 -1.347764679343553713e-02
8.674157719191288862e-01 4.974085158539917062e-01 -1.321545273055627079e-02
8.650303747040709590e-01 5.015524673961849755e-01 -1.294505610657206880e-02
8.626677252542997998e-01 5.056124465088439601e-01 -1.266692187745774127e-02
8.603300724248221787e-01 5.095869559629065959e-01 -1.238151624104326734e-02
8.580196025474863264e-01 5.134746453912093500e-01 -1.208930584236525378e-02
8.557384348765907367e-01 5.172743085016082709e-01 -1.179075702014157831e-02
8.534886173296444278e-01 5.209848800952427972e-01 -1.148633509478947171e-02
8.512721225285453386e-01 5.246054329162206376e-01 -1.117650369813144584e-02
8.490908441446179955e-01 5.281351743582768377e-01 -1.086172414467306661e-02
8.469465935492289654e-01 5.315734430530975052e-01 -1.054245484409267741e-02
8.448410967700914487e-01 5.349197053640148969e-01 -1.021915075435676258e-02
8.427759917518760080e-01 5.381735518076873337e-01 -9.892262874666442329e-03
8.407528259183724151e-01 5.413346934251997977e-01 -9.562237777251058127e-03
8.387730540322005934e-01 5.444029581227620707e-01 -9.229517176854133351e-03
8.368380363469388739e-01 5.473782870008674362e-01 -8.894537536605344463e-03
8.349490370455371346e-01 5.502607306894131689e-01 -8.557729708839351829e-03
8.331072229579944421e-01 5.530504457048893707e-01 -8.219518609308085200e-03
8.313136625505154198e-01 5.557476908443295116e-01 -7.880322923137042870e-03
8.295693251777027655e-01 5.583528236292957247e-01 -7.540554840797708894e-03
8.278750805887939990e-01 5.608662968117522629e-01 -7.200619822306716759e-03
8.262316986785043227e-01 5.632886549522756470e-01 -6.860916387817170628e-03
8.246398494726847606e-01 5.656205310796673658e-01 -6.521835932737720526e-03
8.231001033387406185e-01 5.678626434396806255e-01 -6.183762565499750091e-03
8.216129314105733439e-01 5.700157923392574766e-01 -5.847072966091480285e-03
8.201787062177005039e-01 5.720808570913987756e-01 -5.512136263488956293e-03
8.187977025081677462e-01 5.740587930645658643e-01 -5.179313930136850846e-03
8.174700982548855910e-01 5.759506288393416717e-01 -4.848959691665856442e-03
8.161959758350953997e-01 5.777574634739650605e-01 -4.521419450077143569e-03
8.149753233727874413e-01 5.794804638792979690e-01 -4.197031218677082023e-03
8.138080362340508467e-01 5.811208623027943609e-01 -3.876125067106207106e-03
8.126939186655254277e-01 5.826799539201111822e-01 -3.559023074874385906e-03
8.116326855663430484e-01 5.841590945321420980e-01 -3.246039291888441845e-03
8.106239643841867126e-01 5.855596983644572040e-01 -2.937479704538365800e-03
8.096672971263478846e-01 5.868832359654047037e-01 -2.633642205992807721e-03
8.087621424769337874e-01 5.881312321984674130e-01 -2.334816569443145390e-03
8.079078780116476510e-01 5.893052643238720911e-01 -2.041284423127322657e-03
8.071038025018449913e-01 5.904069601639175824e-01 -1.753319226059176948e-03
8.063491382998468904e-01 5.914379963460227874e-01 -1.471186243485528809e-03
8.056457850447268365e-01 5.923963732990308317e-01 -1.186038042826899081e-03
8.049944914189370859e-01 5.932816049567958272e-01 -8.981907156987327997e-04
8.043959309544628233e-01 5.940932733067776361e-01 -6.079592765353773179e-04
8.038507014048705823e-01 5.948310272236677632e-01 -3.156575041252155885e-04
8.033593242470158380e-01 5.954945813471198557e-01 -2.159779561031053337e-05
8.029222443104908624e-01 5.960837150087664460e-01 2.739089680607580818e-04
8.025398295327836884e-01 5.965982712130307730e-01 5.705535462667225138e-04
8.022123708380343166e-01 5.970381556755717245e-01 8.680284534962494141e-04
8.019400821372121291e-01 5.974033359225296991e-01 1.166028065857656944e-03
8.017231004474987266e-01 5.976938404530731663e-01 1.464248720404249518e-03
8.015614861286354254e-01 5.979097579670887841e-01 1.762388808368264620e-03
8.014552232339886562e-01 5.980512366592064533e-01 2.060148863395333887e-03
8.014042199740897265e-01 5.981184835797113131e-01 2.357231645864861155e-03
8.014083092904195071e-01 5.981117640622668485e-01 2.653342224370040282e-03
8.014672495372290317e-01 5.980314012177626593e-01 2.948188055414510244e-03
8.015807252692115359e-01 5.978777754930009181e-01 3.241479062361109133e-03
8.017483481328676609e-01 5.976513242923586766e-01 3.532927714641974446e-03
8.019696578594306402e-01 5.973525416600005133e-01 3.822249108208549111e-03
8.022441233572378261e-01 5.969819780196763404e-01 4.109161048165042331e-03
8.025711439014537874e-01 5.965402399686206003e-01 4.393384134489767591e-03
8.029500504190549837e-01 5.960279901215714826e-01 4.674641851705638521e-03
8.033801068669856882e-01 5.954459470004571653e-01 4.952660663314211072e-03
8.038605117013815082e-01 5.947948849648483360e-01 5.227170111757061671e-03
8.043903994357300968e-01 5.940756341778558047e-01 5.497902924614283399e-03
8.049688422857996795e-01 5.932890806017585561e-01 5.764595127692524051e-03
8.055948518991089546e-01 5.924361660172822175e-01 6.026986165594538751e-03
8.062673811666424273e-01 5.915178880601152933e-01 6.284819030298793505e-03
8.069853261144255274e-01 5.905353002679457619e-01 6.537840398211517204e-03
8.077475278724717267e-01 5.894895121310309571e-01 6.785800776084837706e-03
8.085527747184898528e-01 5.883816891390767356e-01 7.028454656123567755e-03
8.093998041936039112e-01 5.872130528170003139e-01 7.265560680529990767e-03
8.102873052871835124e-01 5.859848807419841821e-01 7.496881815660871688e-03
8.112139206877132525e-01 5.846985065341031573e-01 7.722185535894169651e-03
8.121782490964468693e-01 5.833553198127129358e-01 7.941244017224770302e-03
8.131788476003947164e-01 5.819567661107420964e-01 8.153834340529336061e-03
8.142142341009875883e-01 5.805043467390166301e-01 8.359738704360285613e-03
8.152828897945401110e-01 5.789996185927792638e-01 8.558744647048440943e-03
8.163832617004141978e-01 5.774441938926383466e-01 8.750645277813164438e-03
8.175137652325524806e-01 5.758397398522989707e-01 8.935239516498346898e-03
8.186727868098178096e-01 5.741879782655863185e-01 9.112332341472720657e-03
8.198586865003427704e-01 5.724906850054760632e-01 9.281735045154015235e-03
8.210698006948612404e-01 5.707496894280915667e-01 9.443265496538889164e-03
8.223044448037688525e-01 5.689668736749189382e-01 9.596748410044731240e-03
8.235609159724408546e-01 5.671441718668223109e-01 9.742015619895801060e-03
8.248374958091313491e-01 5.652835691838182797e-01 9.878906359215094968e-03
8.261324531195836096e-01 5.633871008249842216e-01 1.000726754291534661e-02
8.274440466423086393e-01 5.614568508433336325e-01 1.012695405341800317e-02
8.287705277783347091e-01 5.594949508509859948e-01 1.023782902816837079e-02
8.301101433090989357e-01 5.575035785904939312e-01 1.033976414785877859e-02
8.314611380960489351e-01 5.554849563687574987e-01 1.043263992421995974e-02
8.328192340094691115e-01 5.534453260990812584e-01 1.050692045014726614e-02
8.341810927062658365e-01 5.513894616395672577e-01 1.056253097208550984e-02
8.355434118771475349e-01 5.493221824369191042e-01 1.059941739076230953e-02
8.369029297786375610e-01 5.472483483079624289e-01 1.061754681164817082e-02
8.382564295013980038e-01 5.451728538368783017e-01 1.061690806953529374e-02
8.396007429623510987e-01 5.431006223978901426e-01 1.059751222310189624e-02
8.409327546093454675e-01 5.410365998155993728e-01 1.055939301543012965e-02
8.422494048285400492e-01 5.389857476775612444e-01 1.050260729657216674e-02
8.435476930462512124e-01 5.369530363160093245e-01 1.042723540441017720e-02
8.448246805187248354e-01 5.349434374778578860e-01 1.033338150023060953e-02
8.460774928051357779e-01 5.329619167042277672e-01 1.022117385563027676e-02
8.473033219210722722e-01 5.310134254427272271e-01 1.009076508758977378e-02
8.484994281718092335e-01 5.291028929175742856e-01 9.942332338787166629e-03
8.496631416667983494e-01 5.272352177843493415e-01 9.776077400479910723e-03
8.507918635189786194e-01 5.254152595977119589e-01 9.592226775553595874e-03
8.518830667347206953e-01 5.236478301217915021e-01 9.391031679620503309e-03
8.529342968024326010e-01 5.219376845141625587e-01 9.172767978346754378e-03
8.539431719900578699e-01 5.202895124153381623e-01 8.937736059492062263e-03
8.549073833638527464e-01 5.187079289765479384e-01 8.686260638458374178e-03
8.558246945429266450e-01 5.171974658592226604e-01 8.418690496460927430e-03
8.566929412060303450e-01 5.157625622400682230e-01 8.135398150755134353e-03
8.575100303689650039e-01 5.144075558558955930e-01 7.836779456673222122e-03
8.582739394527362231e-01 5.131366741224712147e-01 7.523253141543608143e-03
8.589827151641649117e-01 5.119540253615763037e-01 7.195260270881635029e-03
8.596344722120753401e-01 5.108635901702163196e-01 6.853263647550734451e-03
8.602273918833868160e-01 5.098692129655115757e-01 6.497747144896733398e-03
8.607597205044262845e-01 5.089745937382331720e-01 6.129214975153308813e-03
8.612297678135339973e-01 5.081832800472367850e-01 5.748190894702253501e-03
8.616359052715483191e-01 5.074986592861966406e-01 5.355217348047127367e-03
8.619765643370110864e-01 5.069239512530641090e-01 4.950854552622082835e-03
8.622502347329332739e-01 5.064622010515791306e-01 4.535679526808366821e-03
8.624554627316883826e-01 5.061162723529596397e-01 4.110285063768671747e-03
8.625908494840681673e-01 5.058888410445880890e-01 3.675278653933650424e-03
8.626550494177330775e-01 5.057823892911236241e-01 3.231281359185275617e-03
8.626467687292317388e-01 5.057992000319884163e-01 2.778926641978102761e-03
8.625647639924527432e-01 5.059413519376309010e-01 2.318859152821844960e-03
8.624078409048220317e-01 5.062107148453474093e-01 1.851733479717046190e-03
8.621748531907839075e-01 5.066089456937682423e-01 1.378212863290038384e-03
8.618647016801147531e-01 5.071374849733769619e-01 8.989678815140091138e-04
8.614763335764454855e-01 5.077975537086493185e-01 4.146751080299388185e-04
8.610087419290199939e-01 5.085901509855621505e-01 -7.398425180543970105e-05
8.604609653182280216e-01 5.095160520363479772e-01 -5.663257429176231546e-04
8.598320877628367054e-01 5.105758068914518777e-01 -1.061663056244748025e-03
8.591212388541417111e-01 5.117697396066889226e-01 -1.559309433813926447e-03
8.583275941194868919e-01 5.130979480716071350e-01 -2.058579078717629254e-03
8.574503756147952016e-01 5.145603044030305773e-01 -2.558788565498600412e-03
8.564888527429392884e-01 5.161564559256942575e-01 -3.059258246420250120e-03
8.554423432919904258e-01 5.178858267397890014e-01 -3.559313649082398653e-03
8.543102146846470735e-01 5.197476198731146857e-01 -4.058286860840052378e-03
8.530918854274919250e-01 5.217408200133922813e-01 -4.555517895496180060e-03
8.517920607065020411e-01 5.238558716027162943e-01 -5.031115347937728174e-03
8.504134817479402919e-01 5.260863331685157185e-01 -5.484628923486493945e-03
8.489589702941134908e-01 5.284256550504510264e-01 -5.915649064340164527e-03
8.474314313354673889e-01 5.308671959462247791e-01 -6.323807153462378088e-03
8.458338553622571920e-01 5.334042393515642244e-01 -6.708775585304146451e-03
8.441693201023823256e-01 5.360300098293706572e-01 -7.070267705346789527e-03
8.424409917176757245e-01 5.387376890442273636e-01 -7.408037621087847080e-03
8.406521254367892437e-01 5.415204315000595736e-01 -7.721879887715291969e-03
8.388060656087354960e-01 5.443713799207473558e-01 -8.011629072325910164e-03
8.369062451670645775e-01 5.472836802159006808e-01 -8.277159201135043595e-03
8.349561845004955796e-01 5.502504959768028669e-01 -8.518383094691205429e-03
8.329594897315230062e-01 5.532650224507004166e-01 -8.735251596644580396e-03
8.309198504100117066e-01 5.563204999451372146e-01 -8.927752702117711797e-03
8.288410366340189794e-01 5.594102266178743177e-01 -9.095910592184720117e-03
8.267268956149916859e-01 5.625275706120703711e-01 -9.239784581377540745e-03
8.245813477090252475e-01 5.656659815007843983e-01 -9.359467985499931447e-03
8.224083819400036521e-01 5.688190010094615889e-01 -9.455086917338954497e-03
8.202120510441335277e-01 5.719802729898316729e-01 -9.526799018116604428e-03
8.179964660686075417e-01 5.751435526235428863e-01 -9.574792132719235280e-03
8.157657905598757475e-01 5.783027148388257821e-01 -9.599282936878198932e-03
8.135242343792439268e-01 5.814517619284819139e-01 -9.600515524551291729e-03
8.112760471852642485e-01 5.845848303624793241e-01 -9.578759963771376132e-03
8.090255116236280131e-01 5.876961967933598263e-01 -9.534310829187056524e-03
8.067769362660321963e-01 5.907802832574841068e-01 -9.467485719422262525e-03
8.045346483397773918e-01 5.938316615798129305e-01 -9.378623767229333011e-03
8.023029862896963182e-01 5.968450569944110384e-01 -9.268084150206835903e-03
8.000862922134251987e-01 5.998153509971326791e-01 -9.136244609602202013e-03
7.978889042100555384e-01 6.027375834509666186e-01 -8.983499984424409002e-03
7.957151486808663465e-01 6.056069539682654712e-01 -8.810260767757569639e-03
7.935693326191809449e-01 6.084188225975325492e-01 -8.616951691797013202e-03
7.914557359244540624e-01 6.111687098455738099e-01 -8.404010347730030486e-03
7.893786037735120997e-01 6.138522960686301211e-01 -8.171885846158698924e-03
7.873421390794883568e-01 6.164654202685795337e-01 -7.921037523317065593e-03
7.853504950664551565e-01 6.190040783324326501e-01 -7.651933697874219002e-03
7.834077679850932618e-01 6.214644207551456301e-01 -7.365050482643169943e-03
7.815179899920005058e-01 6.238427498872370913e-01 -7.060870655037426551e-03
7.796851222124641101e-01 6.261355167498406926e-01 -6.739882589637116901e-03
7.779130480037339535e-01 6.283393174606506371e-01 -6.402579255748273510e-03
7.762055664330819171e-01 6.304508893147483528e-01 -6.049457282366247843e-03
7.745663859822379260e-01 6.324671065645471879e-01 -5.681016092490379608e-03
7.729991184871887189e-01 6.343849759430737478e-01 -5.297757108284931529e-03
7.715072733198361510e-01 6.362016319745475990e-01 -4.900183028143375447e-03
7.700942518156621563e-01 6.379143321157373370e-01 -4.488797176291551769e-03
7.687633419493524745e-01 6.395204517708892311e-01 -4.064102925161625253e-03
7.675177132583149708e-01 6.410174792221610129e-01 -3.626603190384438194e-03
7.663604120121957353e-01 6.424030105164770799e-01 -3.176799997883782666e-03
7.652943566248693319e-01 6.436747443485631992e-01 -2.715194122212724950e-03
7.643223333039533829e-01 6.448304769786513679e-01 -2.242284794949685276e-03
7.634469919316931863e-01 6.458680972219768002e-01 -1.758569481670367194e-03
7.626708421700675311e-01 6.467855815457460578e-01 -1.264543725730442889e-03
7.619934104316545831e-01 6.475843201285476081e-01 -7.693135541133512166e-04
7.614151980374794793e-01 6.482644696097515924e-01 -2.733115637528916314e-04
7.609365657379789649e-01 6.488262434877259954e-01 2.230348358845511301e-04
7.605577344858551747e-01 6.492699101125369854e-01 7.193031657110203394e-04
7.602787863580878769e-01 6.495957909866755253e-01 1.215075609587393940e-03
7.600996656196413737e-01 6.498042593730216643e-01 1.709938739765235870e-03
7.600201799223554877e-01 6.498957392078724693e-01 2.203483238349700658e-03
7.600400016334657449e-01 6.498707043155269591e-01 2.695303617865275458e-03
7.601586692891521002e-01 6.497296779196450878e-01 3.184997943933512259e-03
7.603755891694521374e-01 6.494732324453686978e-01 3.672167562994947156e-03
7.606900369917873883e-01 6.491019896050060911e-01 4.156416837926391918e-03
7.611011597212292701e-01 6.486166207589389998e-01 4.637352894319971344e-03
7.616079774964655824e-01 6.480178475423030715e-01 5.114585380101704937e-03
7.622093856712091053e-01 6.473064427469172877e-01 5.587726241075124597e-03
7.629041569715140358e-01 6.464832314468954566e-01 6.056389514879233563e-03
7.636909437701177028e-01 6.455490923553547367e-01 6.520191145749892024e-03
7.645682804795087550e-01 6.445049593986449388e-01 6.978748822369137961e-03
7.655345860659188428e-01 6.433518234935574620e-01 7.431681840977736112e-03
7.665881666868513689e-01 6.420907345120275833e-01 7.878610995811984388e-03
7.677272184550810730e-01 6.407228034169257791e-01 8.319158498806104168e-03
7.689498303322830353e-01 6.392492045516398047e-01 8.752947930375917437e-03
7.702539871555768025e-01 6.376711780652796202e-01 9.179604222967563745e-03
7.716375728002915491e-01 6.359900324545002537e-01 9.598753678916310123e-03
7.730983734821743614e-01 6.342071472021306722e-01 1.001002402401454140e-02
7.746340812020721112e-01 6.323239754920257916e-01 1.041304449803458383e-02
7.762422973358148459e-01 6.303420469788321157e-01 1.080744598329057109e-02
7.779205363716200639e-01 6.282629705906748185e-01 1.119286117215404983e-02
7.796662297968164346e-01 6.260884373421473637e-01 1.156892477426012603e-02
7.814767301350615814e-01 6.238202231344175397e-01 1.193527376395467528e-02
7.833493151344985694e-01 6.214601915187639714e-01 1.229154766833842442e-02
7.852811921064657419e-01 6.190102963994358332e-01 1.263738889606082563e-02
7.872695024134502839e-01 6.164725846513878782e-01 1.297244310680576058e-02
7.893113261039610418e-01 6.138491986281984225e-01 1.329635962119265873e-02
7.914036866909001100e-01 6.111423785353335969e-01 1.360879187059130073e-02
7.935435560688436363e-01 6.083544646438857617e-01 1.390939788611689903e-02
7.957278595644068364e-01 6.054878993199990234e-01 1.419784082583512401e-02
7.979534811125827964e-01 6.025452288454049565e-01 1.447378953896542170e-02
8.002172685506152572e-01 5.995291050048348058e-01 1.473691916562663504e-02
8.025160390196085514e-01 5.964422864165611626e-01 1.498691177042278146e-02
8.048465844627075150e-01 5.932876395829509431e-01 1.522345700792047951e-02
8.072056772073082920e-01 5.900681396386956434e-01 1.544625281782458122e-02
8.095900756174080337e-01 5.867868707753221003e-01 1.565500614741678620e-02
8.119965298008781085e-01 5.834470263216814390e-01 1.584943369858528642e-02
8.144217873551745646e-01 5.800519084613682264e-01 1.602926269654387365e-02
8.168625991337938874e-01 5.766049275694318244e-01 1.619423167711826414e-02
8.193157250146609893e-01 5.731096011523093559e-01 1.634409128926806246e-02
8.217779396506169620e-01 5.695695523766265422e-01 1.647860510931657696e-02
8.242460381812735104e-01 5.659885081743749602e-01 1.659755046317995530e-02
8.267168418847352651e-01 5.623702969139749985e-01 1.670071925272379257e-02
8.291872037470766621e-01 5.587188456288604277e-01 1.678791878223139661e-02
8.316540139270087728e-01 5.550381767974635894e-01 1.685897258084541328e-02
8.341142050929037932e-01 5.513324046708271142e-01 1.691372121674489942e-02
8.365647576092620774e-01 5.476057311464994637e-01 1.695202309874513369e-02
8.390027045498275049e-01 5.438624411898780320e-01 1.697375526095864715e-02
8.414251365148872619e-01 5.401068978067192772e-01 1.697881412613441374e-02
8.438292062308329067e-01 5.363435365731266113e-01 1.696711624329873269e-02
8.462121329108222012e-01 5.325768597319311404e-01 1.693859899535677532e-02
8.485712063563579655e-01 5.288114298669778224e-01 1.689322127237834550e-02
8.509037907807984746e-01 5.250518631693975591e-01 1.683096410638534185e-02
8.532073283372181294e-01 5.213028223124646088e-01 1.675183126358120722e-02
8.554793423346508385e-01 5.175690089540836425e-01 1.665584979011403011e-02
8.577174401285524441e-01 5.138551558883065473e-01 1.654307050764384363e-02
8.599193156733069276e-01 5.101660188695180675e-01 1.641356845518990651e-02
8.620827517267516393e-01 5.065063681350384650e-01 1.626744327396395171e-02
8.642056216989965067e-01 5.028809796538492582e-01 1.610481953214867173e-02
8.662858911402392392e-01 4.992946261309396117e-01 1.592584698685510849e-02
8.683216188648061884e-01 4.957520677983802138e-01 1.573070078078585288e-02
8.703109577112608797e-01 4.922580430256483508e-01 1.551958157144064585e-02
8.722521549410823249e-01 4.888172587829386906e-01 1.529271559102436499e-02
8.741435522811074055e-01 4.854343809921933817e-01 1.505035463555189773e-02
8.759835856176155788e-01 4.821140248013666141e-01 1.479277598198707258e-02
8.777707843525928144e-01 4.788607448179977855e-01 1.452028223260087153e-02
8.795037704353075858e-01 4.756790253385052569e-01 1.423320108608469060e-02
8.811812570848397419e-01 4.725732706097304225e-01 1.393188503530457152e-02
8.828020472215957204e-01 4.695477951591629506e-01 1.361671099192947147e-02
8.843650316280931012e-01 4.666068142299691357e-01 1.328807983850802468e-02
8.858691868613767229e-01 4.637544343564369842e-01 1.294641590890148984e-02
8.873135729413167416e-01 4.609946441147496632e-01 1.259216639830341988e-02
8.886973308407122296e-01 4.583313050831195890e-01 1.222580070438690318e-02
8.900196798045623137e-01 4.557681430442707682e-01 1.184780970141628004e-02
8.912799145270556833e-01 4.533087394620586852e-01 1.145870494944043610e-02
8.924774022157504483e-01 4.509565232626849274e-01 1.105901784094783305e-02
8.936115795730642519e-01 4.487147629495103485e-01 1.064929868760834501e-02
8.946819497255558140e-01 4.465865590789113715e-01 1.023011574995301778e-02
8.956880791315503521e-01 4.445748371229783502e-01 9.802054213049556444e-03
8.966295944974430610e-01 4.426823407431337287e-01 9.365715111418437128e-03
8.975061797325067925e-01 4.409116254969693838e-01 8.921714206602149311e-03
8.983175729712339352e-01 4.392650529987798813e-01 8.470680820948359169e-03
8.990635636911737949e-01 4.377447855524126408e-01 8.013256631297186253e-03
8.997439899528877350e-01 4.363527812731828881e-01 7.550094426374016204e-03
9.003587357870539432e-01 4.350907897137169522e-01 7.081856831782883978e-03
9.009077287519277055e-01 4.339603480067045771e-01 6.609215006572496769e-03
9.013909376823165953e-01 4.329627775356637009e-01 6.132847315408165162e-03
9.018083706489902207e-01 4.320991811429599205e-01 5.653437980429322669e-03
9.021600731450271082e-01 4.313704408824778902e-01 5.171675716904836420e-03
9.024461265130393484e-01 4.307772163225196405e-01 4.688252356817902006e-03
9.026666466245250042e-01 4.303199434027070169e-01 4.203861464519795602e-03
9.028217828198185080e-01 4.299988338468919147e-01 3.719196948587966990e-03
9.029117171142566622e-01 4.298138751323306583e-01 3.234951674009551095e-03
9.029366636732899520e-01 4.297648310136548688e-01 2.751816078786954202e-03
9.028946681982780165e-01 4.298559181719890931e-01 2.260271903736393341e-03
9.027846292458859834e-01 4.300893080620561970e-01 1.761071020347297102e-03
9.026054800824750979e-01 4.304669249225652194e-01 1.254975342334560193e-03
9.023561871844375526e-01 4.309904417313205616e-01 7.427552945602083640e-04
9.020357490370068954e-01 4.316612767660789607e-01 2.251882531355219562e-04
9.016431952499921465e-01 4.324805907857162679e-01 -2.969430387915427110e-04
9.011775860054066500e-01 4.334492848444077562e-01 -8.228520749661579576e-04
9.006380118483213737e-01 4.345679987496421370e-01 -1.351750204993283286e-03
9.000235938285036097e-01 4.358371101729778818e-01 -1.882848263587244813e-03
8.993334839965436700e-01 4.372567344205030571e-01 -2.415358205285943454e-03
8.985668662542612983e-01 4.388267248679762478e-01 -2.948494739756293836e-03
8.977229575552605478e-01 4.405466740635978207e-01 -3.481476962771986108e-03
8.968010094476059901e-01 4.424159154992851617e-01 -4.013529977909245823e-03
8.958003099467678476e-01 4.444335260491995010e-01 -4.543886503981763025e-03
8.947201857232620625e-01 4.465983290720903498e-01 -5.071788463223343181e-03
8.935600045858378415e-01 4.489088981717873628e-01 -5.596488545227319179e-03
8.923191782376758141e-01 4.513635616078788826e-01 -6.117251741666632388e-03
8.909971652798903685e-01 4.539604073462721323e-01 -6.633356846849365780e-03
8.895934744337115063e-01 4.566972887369378231e-01 -7.144097919212791248e-03
8.881076679500916615e-01 4.595718308037089472e-01 -7.648785698926431446e-03
8.865393651731642288e-01 4.625814371285371651e-01 -8.146748976862731861e-03
8.848882462220014622e-01 4.657232973101240736e-01 -8.637335910304312289e-03
8.831540557534990343e-01 4.689943949743508589e-01 -9.119915280890702330e-03
8.813366067679754279e-01 4.723915163114464910e-01 -9.593877690466406927e-03
8.794357844182233430e-01 4.759112591123782487e-01 -1.005863669067686740e-02
8.774515497823026644e-01 4.795500422745406777e-01 -1.051362984237039916e-02
8.753839435603202324e-01 4.833041157444818436e-01 -1.095831970110266486e-02
8.732330896558050393e-01 4.871695708631612609e-01 -1.139219472530601102e-02
8.709991986030495292e-01 4.911423510771064094e-01 -1.181477010397854154e-02
8.686825708029415338e-01 4.952182629768505095e-01 -1.222558850106657789e-02
8.662835995313430404e-01 4.993929876222149011e-01 -1.262422071405789464e-02
8.638027736859603678e-01 5.036620921123705630e-01 -1.301026624467035812e-02
8.612406802398770989e-01 5.080210413571978334e-01 -1.338335377990929748e-02
8.585980063724534261e-01 5.124652100052838888e-01 -1.374314158217469252e-02
8.558755412511095395e-01 5.169898944829685039e-01 -1.408931778752332831e-02
8.530741774405684597e-01 5.215903250981963613e-01 -1.442160061162832581e-02
8.501949119193982218e-01 5.262616781625624185e-01 -1.473973846342533332e-02
8.472388466871328960e-01 5.309990880848662886e-01 -1.504350996688765332e-02
8.442071889488151903e-01 5.357976593897237905e-01 -1.533272389182755227e-02
8.411012508674612365e-01 5.406524786153256157e-01 -1.560721899507406044e-02
8.379224488786480851e-01 5.455586260452853775e-01 -1.586686377382445778e-02
8.346723025651334726e-01 5.505111872306778231e-01 -1.611155613340324588e-02
8.313524330930872619e-01 5.555052642598238277e-01 -1.634122297208462013e-02
8.279645612151103062e-01 5.605359867351256131e-01 -1.655581968603821869e-02
8.245105048486986998e-01 5.655985224182734639e-01 -1.675532959783960010e-02
8.209921762421440450e-01 5.706880875074189508e-01 -1.693976331234264832e-02
8.174115787430104030e-01 5.757999565124174435e-01 -1.710915800403798454e-02
8.137708031872683545e-01 5.809294716969595207e-01 -1.726357664031629921e-02
8.100720239298659919e-01 5.860720520593127869e-01 -1.740310714531602757e-02
8.063174945399580462e-01 5.912232018264484967e-01 -1.752786150925864442e-02
8.025095431861744011e-01 5.963785184395086203e-01 -1.763797484836071225e-02
7.986505677391787517e-01 6.015337000118420319e-01 -1.773360442055831737e-02
7.947430306203310257e-01 6.066845522441715044e-01 -1.781492860238607923e-02
7.907894534265249575e-01 6.118269947848197221e-01 -1.788214583241939243e-02
7.867924113622161153e-01 6.169570670262828349e-01 -1.793547352671518574e-02
7.827545275102915090e-01 6.220709333327718582e-01 -1.797514697167404765e-02
7.786784669737646380e-01 6.271648876966100516e-01 -1.800141819969628201e-02
7.745669309203206954e-01 6.322353578245535344e-01 -1.801455485291780789e-02
7.704226505614931719e-01 6.372789086581642781e-01 -1.801483904019095944e-02
7.662483810977469556e-01 6.422922453352908345e-01 -1.800256619232223215e-02
7.620468956599868449e-01 6.472722156024754980e-01 -1.797804392039656363e-02
7.578209792770274067e-01 6.522158116906909830e-01 -1.794159088180858827e-02
7.535734228973698379e-01 6.571201716692036676e-01 -1.789353565838839102e-02
7.493070174922580318e-01 6.619825802945421556e-01 -1.783421565075573798e-02
7.450245482654515028e-01 6.668004693735201105e-01 -1.776397599276583264e-02
7.407287889934843772e-01 6.715714176610054764e-01 -1.768316848962434018e-02
7.364224965183965299e-01 6.762931503146442092e-01 -1.759215058295324902e-02
7.321084054130569951e-01 6.809635379300363889e-01 -1.749128434578492083e-02
7.277892228372635497e-01 6.855805951809184062e-01 -1.738093551015282290e-02
7.234676236008312777e-01 6.901424790897445760e-01 -1.726147252963648390e-02
7.191462454478873001e-01 6.946474869546740427e-01 -1.713326567890832361e-02
7.148276845745966668e-01 6.990940539593768488e-01 -1.699668619202351905e-02
7.105144913905709902e-01 7.034807504922772070e-01 -1.685210544089342163e-02
7.062091665322741685e-01 7.078062792018635641e-01 -1.669989415509050626e-02
7.019141571348564979e-01 7.120694718145330615e-01 -1.654042168385018788e-02
6.976318533670299304e-01 7.162692857411051550e-01 -1.637405530086398150e-02
6.933645852318589542e-01 7.204048004976595365e-01 -1.620115955220063214e-02
6.891146196346893404e-01 7.244752139657339995e-01 -1.602209564744842829e-02
6.848841577178863549e-01 7.284798385161773693e-01 -1.583722089394384858e-02
6.806753324606008571e-01 7.324180970201036311e-01 -1.564688817373961066e-02
6.764902065404443388e-01 7.362895187694529220e-01 -1.545144546276989127e-02
6.723307704527240469e-01 7.400937353286457521e-01 -1.525123539149196572e-02
6.681989408817757825e-01 7.438304763377314721e-01 -1.504659484612226074e-02
6.640965593179344317e-01 7.474995652862983508e-01 -1.483785460944045224e-02
6.600253909127975493e-01 7.511009152762405661e-01 -1.462533904000782453e-02
6.559871235646660415e-01 7.546345247902768172e-01 -1.440936578853515941e-02
6.519833672253864121e-01 7.581004734819040136e-01 -1.419024555004050683e-02
6.480156534192632600e-01 7.614989180012504688e-01 -1.396828185035771906e-02
6.440854349642610721e-01 7.648300878700822203e-01 -1.374377086549196866e-02
6.401940858853575333e-01 7.680942814180180545e-01 -1.351700127226779236e-02
6.363429015096501162e-01 7.712918617908317565e-01 -1.328825412867780213e-02
6.325330987326419629e-01 7.744232530405730230e-01 -1.305780278231511576e-02
6.287658164450360410e-01 7.774889363061253666e-01 -1.282591280525903141e-02
6.250421161093469014e-01 7.804894460917456422e-01 -1.259284195378045958e-02
6.213629824756836673e-01 7.834253666500979874e-01 -1.235884015124030788e-02
6.177293244261676808e-01 7.862973284753156378e-01 -1.212414949256952409e-02
6.141419759376093301e-01 7.891060049106864982e-01 -1.188900426874278139e-02
6.106016971522810755e-01 7.918521088746804937e-01 -1.165363100968816457e-02
6.071091755468784879e-01 7.945363897082053928e-01 -1.141824854411171118e-02
6.036650271900535492e-01 7.971596301452064104e-01 -1.118306807475748059e-02
6.002697980792275345e-01 7.997226434080004775e-01 -1.094829326767022930e-02
5.969239655477416306e-01 8.022262704280734846e-01 -1.071412035407804525e-02
5.936279397337747010e-01 8.046713771924526304e-01 -1.048073824356561545e-02
5.903820651028477418e-01 8.070588522152057909e-01 -1.024832864726471678e-02
5.871866220161346961e-01 8.093896041331092306e-01 -1.001706620984628253e-02
5.840418283372095232e-01 8.116645594240643469e-01 -9.787118649157511632e-03
5.809478410702769713e-01 8.138846602464299140e-01 -9.558646902407461760e-03
5.779047580233478421e-01 8.160508623970682551e-01 -9.331805277864918882e-03
5.749126194902400844e-01 8.181641333855786957e-01 -9.106741611092671052e-03
5.719714099456957301e-01 8.202254506219088803e-01 -8.883597424802240280e-03
5.690810597483126898e-01 8.222357997142880626e-01 -8.662508091472379337e-03
5.662414468463868866e-01 8.241961728742190907e-01 -8.443602997932841969e-03
5.634523984821496745e-01 8.261075674250910605e-01 -8.227005711171936353e-03
5.607136928902627382e-01 8.279709844108319450e-01 -8.012834144681882723e-03
5.580250609867956069e-01 8.297874273009073764e-01 -7.801200724709911327e-03
5.553861880452641842e-01 8.315579007878853846e-01 -7.592212555835145364e-03
5.527967153566427649e-01 8.332834096737267160e-01 -7.385971585341545922e-03
5.502562418705853053e-01 8.349649578409203965e-01 -7.182574765905426484e-03
5.477643258153961359e-01 8.366035473045688731e-01 -6.982114216162259301e-03
5.453204862945804088e-01 8.382001773415259649e-01 -6.784677378761566624e-03
5.429242048580804614e-01 8.397558436927110570e-01 -6.590347175560689989e-03
5.405749270465592948e-01 8.412715378347537243e-01 -6.399202159648047922e-03
5.382720639073367286e-01 8.427482463171727112e-01 -6.211316663924245154e-03
5.360149934808096095e-01 8.441869501613487037e-01 -6.026760946004983480e-03
5.338030622563979533e-01 8.455886243176207184e-01 -5.845601329243292968e-03
5.316355865972544059e-01 8.469542371769139821e-01 -5.667900339700103138e-03
5.295118541331569340e-01 8.482847501333916629e-01 -5.493716838921696051e-03
5.274311251211691864e-01 8.495811171947159623e-01 -5.323106152410220053e-03
5.253926337738081820e-01 8.508442846366017775e-01 -5.156120193699139341e-03
5.233955895545961967e-01 8.520751906984468382e-01 -4.992807583969459742e-03
5.214391784410039588e-01 8.532747653169303614e-01 -4.833213767164787691e-03
5.195225641549029438e-01 8.544439298945789574e-01 -4.677381120583801177e-03
5.176448893607523694e-01 8.555835971004099871e-01 -4.525349060947704907e-03
5.158052768318351911e-01 8.566946706998748162e-01 -4.377154145957685462e-03
5.140028305849413393e-01 8.577780454114363184e-01 -4.232830171373381557e-03
5.122366369839685962e-01 8.588346067872296707e-01 -4.092408263658068104e-03
5.105057658129728004e-01 8.598652311153673899e-01 -3.955916968249564153e-03
5.088092713192569061e-01 8.608707853415626943e-01 -3.823382333528040859e-03
5.071461932271308370e-01 8.618521270078557395e-01 -3.694827990562870798e-03
5.055155577230158181e-01 8.628101042063398562e-01 -3.570275228730540075e-03
5.039163784125981760e-01 8.637455555458909418e-01 -3.449743067304526876e-03
5.023476572507622473e-01 8.646593101300131812e-01 -3.333248323125948768e-03
5.008083854450520178e-01 8.655521875440170820e-01 -3.220805674470772831e-03
4.992975443334268792e-01 8.664249978498512750e-01 -3.112427721235553994e-03
4.978141062370823877e-01 8.672785415870083447e-01 -3.008125041569019442e-03
4.963570352891156223e-01 8.681136097780263183e-01 -2.907906245081439984e-03
4.949252882398118003e-01 8.689309839372020283e-01 -2.811778022767657138e-03
4.935178152393276951e-01 8.697314360812273826e-01 -2.719745193782906363e-03
