1.000000000000000000e+00 0.000000000000000000e+00 0.000000000000000000e+00
9.999999999197338729e-01 -5.735535956542948927e-06 1.129772314294691988e-05
9.999999992137396099e-01 -2.070953354629272953e-05 3.381790298674592840e-05
9.999999965529345891e-01 -4.839843588625958825e-05 6.746678569363511943e-05
9.999999894585139826e-01 -9.224648647180328106e-05 1.121323447617880638e-04
9.999999738260231252e-01 -1.556600836897416166e-04 1.676845254658603608e-04
9.999999433453762299e-01 -2.420022159343334343e-04 2.339755184652981819e-04
9.999998888235617223e-01 -3.545869861278267993e-04 3.108400619878285516e-04
9.999997974176830784e-01 -4.966742341993562061e-04 3.980957719471337137e-04
9.999996517868280366e-01 -6.714642658090275466e-04 4.955434993085518431e-04
9.999994291720371020e-01 -8.820926953210697207e-04 6.029677139749620943e-04
9.999991004143419238e-01 -1.131625410734168717e-03 7.201369144269620121e-04
9.999986289214670698e-01 -1.423053667971840462e-03 8.468040623171331624e-04
9.999979695943274072e-01 -1.759289321624333538e-03 9.827070411876483256e-04
9.999970677249038209e-01 -2.143160198919410314e-03 1.127569138453673797e-03
9.999958578774442719e-01 -2.577405623385736755e-03 1.281099549771874896e-03
9.999942627652037563e-01 -3.064672094362625408e-03 1.442993904893687812e-03
9.999921921351159204e-01 -3.607509128206459401e-03 1.612934814086666030e-03
9.999895416728672437e-01 -4.208365266749917663e-03 1.790592434193885628e-03
9.999861919408334909e-01 -4.869584258287497879e-03 1.975625053390786100e-03
9.999820073612275539e-01 -5.593401416091711015e-03 2.167679693690570744e-03
9.999768352566056340e-01 -6.381940159210322885e-03 2.366392730243018546e-03
9.999705049595826178e-01 -7.237208740057214477e-03 2.571390526466830421e-03
9.999628270032228095e-01 -8.161097163088517487e-03 2.782290084052020315e-03
9.999535924030962253e-01 -9.155374298651760417e-03 2.998699706865901819e-03
9.999425720414329977e-01 -1.022168519590857007e-02 3.220219677793484826e-03
9.999295161631678308e-01 -1.136154859856005478e-02 3.446442947540094646e-03
9.999141539929484734e-01 -1.257635466694719158e-02 3.676955834420372188e-03
9.998961934813932473e-01 -1.386736290995428840e-02 3.911338734153066779e-03
9.998753211880238023e-01 -1.523570033000990094e-02 4.149166838674828509e-03
9.998512023073820032e-01 -1.668235978435352040e-02 4.390010862978211206e-03
9.998234808438611898e-01 -1.820819856561499417e-02 4.633437778969029704e-03
9.997917799397589844e-01 -1.981393720463358113e-02 4.879011555325832999e-03
9.997557023599890069e-01 -2.150015849832098702e-02 5.126293902329399216e-03
9.997148311357832995e-01 -2.326730676524399466e-02 5.374845020612735967e-03
9.996687303685825032e-01 -2.511568733146315319e-02 5.624224352762038047e-03
9.996169461941550871e-01 -2.704546624901049690e-02 5.873991336676470838e-03
9.995590079058157551e-01 -2.905667024921718480e-02 6.123706159569629673e-03
9.994944292344363213e-01 -3.114918693290737173e-02 6.372930511468286735e-03
9.994227097817671712e-01 -3.332276519925363861e-02 6.621228337034830436e-03
9.993433366024220277e-01 -3.557701591483823644e-02 6.868166584509015175e-03
9.992557859287317656e-01 -3.791141282418009767e-02 7.113315950532674535e-03
9.991595250315504773e-01 -4.032529370266674240e-02 7.356251619588403436e-03
9.990540142090120757e-01 -4.281786175247095927e-02 7.596553996750453688e-03
9.989387088941898973e-01 -4.538818724163187074e-02 7.833809432413811960e-03
9.988130618716176690e-01 -4.803520938603778739e-02 8.067610937636301299e-03
9.986765255916957296e-01 -5.075773847356321311e-02 8.297558888699261767e-03
9.985285545711346522e-01 -5.355445822908429937e-02 8.523261719465649242e-03
9.983686078667911579e-01 -5.642392841852691271e-02 8.744336600090971828e-03
9.981961516095340103e-01 -5.936458768949014891e-02 8.960410100623133339e-03
9.980106615841447537e-01 -6.237475664533826542e-02 9.171118838012685959e-03
9.978116258407163652e-01 -6.545264114896796881e-02 9.376110105045930287e-03
9.975985473225716937e-01 -6.859633585173961767e-02 9.575042479710475091e-03
9.973709464953777193e-01 -7.180382794231444932e-02 9.767586413506839857e-03
9.971283639618960803e-01 -7.507300110937020765e-02 9.953424797231174084e-03
9.968703630466794197e-01 -7.840163971138036647e-02 1.013225350277354928e-02
9.965965323350040039e-01 -8.178743314584313584e-02 1.030378189950412887e-02
9.963064881504214432e-01 -8.522798040954311649e-02 1.046773334385615352e-02
9.959998769555145071e-01 -8.872079484062665722e-02 1.062384564076033003e-02
9.956763776607596705e-01 -9.226330903248028403e-02 1.077187147564011641e-02
9.953357038268215717e-01 -9.585287990862659258e-02 1.091157881574151937e-02
9.949776057461384715e-01 -9.948679394710213675e-02 1.104275127964443257e-02
9.946018723902934067e-01 -1.031622725420644204e-01 1.116518847388490478e-02
9.942083332104015847e-01 -1.068764774896978215e-01 1.127870629570894290e-02
9.937968597785745706e-01 -1.106265165848591692e-01 1.138313720107791971e-02
9.933673672594400816e-01 -1.144094493143287539e-01 1.147833043715304480e-02
9.929198157016945192e-01 -1.182222926320199707e-01 1.156415223860089887e-02
9.924542111407385070e-01 -1.220620268010553233e-01 1.164048598718307390e-02
9.919706065045821308e-01 -1.259256012872451980e-01 1.170723233421966901e-02
9.914691023163996197e-01 -1.298099406882125828e-01 1.176430928564788612e-02
9.909498471883509962e-01 -1.337119506821961845e-01 1.181165224953217331e-02
9.904130381025643137e-01 -1.376285239804397320e-01 1.184921404602041171e-02
9.898589204764702831e-01 -1.415565462670393404e-01 1.187696487988026267e-02
9.892877880109990363e-01 -1.454929021101737663e-01 1.189489227589001462e-02
9.886999823214654981e-01 -1.494344808287870474e-01 1.190300097749784868e-02
9.880958923522866755e-01 -1.533781822990268606e-01 1.190131280930129855e-02
9.874759535779675801e-01 -1.573209226850645071e-01 1.188986650403366790e-02
9.868406469940657066e-01 -1.612596400793319673e-01 1.186871749487513825e-02
9.861904979030756691e-01 -1.651913000377032148e-01 1.183793767403226900e-02
9.855260745013632029e-01 -1.691129009957184626e-01 1.179761511864943317e-02
9.848479862744099478e-01 -1.730214795525949478e-01 1.174785378522861037e-02
9.841568822087003454e-01 -1.769141156104814538e-01 1.168877317383890634e-02
9.834534488295814114e-01 -1.807879373571892878e-01 1.162050796349349893e-02
9.827384080753457374e-01 -1.846401260814629075e-01 1.154320762015861694e-02
9.820125150186307383e-01 -1.884679208107313542e-01 1.145703597893620203e-02
9.812765554469747853e-01 -1.922686227621994703e-01 1.136217080202848312e-02
9.805313433150342206e-01 -1.960395995990874551e-01 1.125880331414856779e-02
9.797777180815271381e-01 -1.997782894847998647e-01 1.114713771708596667e-02
9.790165419444406547e-01 -2.034822049287928758e-01 1.102739068516972974e-02
9.782486969884081063e-01 -2.071489364189028626e-01 1.089979084339445965e-02
9.774750822584347132e-01 -2.107761558358919596e-01 1.076457822998606352e-02
9.766966107743267900e-01 -2.143616196469491642e-01 1.062200374518491516e-02
9.759142065002585076e-01 -2.179031718758511482e-01 1.047232858801442311e-02
9.751288012838954522e-01 -2.213987468484277521e-01 1.031582368278330039e-02
9.743413317793915285e-01 -2.248463717128867390e-01 1.015276909704055687e-02
9.735527363683834645e-01 -2.282441687354239968e-01 9.983453452664090011e-03
9.727639520928340611e-01 -2.315903573723736841e-01 9.808173331717238638e-03
9.719759116132253851e-01 -2.348832561209323322e-01 9.627232678653657033e-03
9.711895402051774484e-01 -2.381212841512182488e-01 9.440942200390082042e-03
9.704057528070820782e-01 -2.413029627230972862e-01 9.249618765699752984e-03
9.696254511307875745e-01 -2.444269163918173504e-01 9.053584805307379746e-03
9.688495208467668984e-01 -2.474918740070425616e-01 8.853167713990393178e-03
9.680788288545500997e-01 -2.504966695103642005e-01 8.648699255911640113e-03
9.673142206485045858e-01 -2.534402425367867084e-01 8.440514974326591285e-03
9.665565177883185255e-01 -2.563216388260450285e-01 8.228953606724383196e-03
9.658065154827831789e-01 -2.591400104499023693e-01 8.014356506377363909e-03
9.650649802946877909e-01 -2.618946158618093989e-01 7.797067071189145264e-03
9.643326479738399959e-01 -2.645848197754757103e-01 7.577430180647205110e-03
9.636102214244174347e-01 -2.672100928790156482e-01 7.355791641603539807e-03
9.628983688120378304e-01 -2.697700113913871767e-01 7.132497643526440265e-03
9.621977218151187561e-01 -2.722642564678439125e-01 6.907894223788732697e-03
9.615088740242886400e-01 -2.746926134610759296e-01 6.682326743483379614e-03
9.608323794928047556e-01 -2.770549710446213454e-01 6.456139374186658716e-03
9.601687514401480161e-01 -2.793513202049991984e-01 6.229674596022621164e-03
9.595184611101894578e-01 -2.815817531088435355e-01 6.003272707320625283e-03
9.588819367845752284e-01 -2.837464618511160719e-01 5.777271346100642559e-03
9.582595629512470348e-01 -2.858457370902443562e-01 5.552005023569076859e-03
9.576516796273173426e-01 -2.878799665757794113e-01 5.327804669761107038e-03
9.570585818348460450e-01 -2.898496335738927066e-01 5.104997191424215895e-03
9.564805192274270507e-01 -2.917553151957474888e-01 4.883905042201645841e-03
9.559176958648877287e-01 -2.935976806334814060e-01 4.664845805143983531e-03
9.553702701328320446e-01 -2.953774893082360409e-01 4.448131787551878880e-03
9.548383548032263191e-01 -2.970955889343658285e-01 4.234069628132915500e-03
9.543220172317261607e-01 -2.987529135036579020e-01 4.022959916440725821e-03
9.538212796869877108e-01 -3.003504811930999829e-01 3.815096824554303767e-03
9.533361198067834552e-01 -3.018893921994491580e-01 3.610767750949980121e-03
9.528664711753638272e-01 -3.033708265035823803e-01 3.410252976517255848e-03
9.524122240161636554e-01 -3.047960415673542922e-01 3.213825332672446463e-03
9.519732259936498631e-01 -3.061663699654497139e-01 3.021749881530449988e-03
9.515492831178454791e-01 -3.074832169545024252e-01 2.834283608104583990e-03
9.511401607448406459e-01 -3.087480579815566895e-01 2.651675124516944971e-03
9.507455846664170096e-01 -3.099624361337789402e-01 2.474164386216733558e-03
9.503652422817651102e-01 -3.111279595311815527e-01 2.301982420221047355e-03
9.499987838441671384e-01 -3.122462986640034965e-01 2.135351065411386119e-03
9.496458237754442644e-01 -3.133191836763009053e-01 1.974482724939086251e-03
9.493059420409355464e-01 -3.143484015972373702e-01 1.819580130813742980e-03
9.489786855777735397e-01 -3.153357935215270191e-01 1.670836120769954129e-03
9.486635697692596958e-01 -3.162832517404747801e-01 1.528433427529062331e-03
9.483600799582110330e-01 -3.171927168250756046e-01 1.392544480593591516e-03
9.480676729922514756e-01 -3.180661746626773367e-01 1.263331220732410564e-03
9.477857787941563750e-01 -3.189056534487804684e-01 1.140944927333991353e-03
9.475138019505209286e-01 -3.197132206356390061e-01 1.025526058823105803e-03
9.472511233122189456e-01 -3.204909798394409703e-01 9.172041063526637861e-04
9.469971016003367881e-01 -3.212410677079802768e-01 8.160974609968441084e-04
9.467510750115167850e-01 -3.219656507508854570e-01 7.223132946839741974e-04
9.465123628169143100e-01 -3.226669221346391003e-01 6.359474551175481284e-04
9.462802669492688112e-01 -3.233470984448066354e-01 5.570843749411695913e-04
9.460540735729039419e-01 -3.240084164180895288e-01 4.857969954078863615e-04
9.458330546318075571e-01 -3.246531296470250849e-01 4.221467048162282011e-04
9.456164693712951763e-01 -3.252835052603697541e-01 3.661832919741761332e-04
9.454035658291269906e-01 -3.259018205824243952e-01 3.179449149482018551e-04
9.451935822923316355e-01 -3.265103597747844311e-01 2.774580853473930650e-04
9.449857487163793035e-01 -3.271114104642228182e-01 2.447376683824826864e-04
9.447792881037488932e-01 -3.277072603606401846e-01 2.197868989263927135e-04
9.445734178393399016e-01 -3.283001938692369781e-01 2.025974137866809704e-04
9.443673509805906585e-01 -3.288924887012804055e-01 1.931493003811327719e-04
9.441602975005757292e-01 -3.294864124880476641e-01 1.914111619857465131e-04
9.439514654827668716e-01 -3.300842194027276411e-01 1.973401996996491286e-04
9.437400622665469418e-01 -3.306881467952534348e-01 2.108823112441535696e-04
9.435252955429695998e-01 -3.313004118452143043e-01 2.319722066834007757e-04
9.433063744006469076e-01 -3.319232082381587401e-01 2.605335411219540697e-04
9.430825103220286110e-01 -3.325587028707481796e-01 2.964790644005528618e-04
9.428529181307040430e-01 -3.332090325903503403e-01 3.397107877751051434e-04
9.426168168907066436e-01 -3.338763009747747201e-01 3.901201675261848582e-04
9.423734307591348225e-01 -3.345625751579451856e-01 4.475883054069228532e-04
9.421219897937134213e-01 -3.352698827073790078e-01 5.119861657965191735e-04
9.418617307172093556e-01 -3.360002085593941090e-01 5.831748093848118826e-04
9.415918976408775842e-01 -3.367554920179979816e-01 6.610056431706906339e-04
9.413117427493529199e-01 -3.375376238234228388e-01 7.453206865138022399e-04
9.410205269496110247e-01 -3.383484432962583499e-01 8.359528529351997316e-04
9.407175204868027940e-01 -3.391897355631006139e-01 9.327262473185597702e-04
9.404020035299145430e-01 -3.400632288695790706e-01 1.035456478119523710e-03
9.400732667303244305e-01 -3.409705919865448909e-01 1.143950984146804113e-03
9.397306117564105943e-01 -3.419134317151041880e-01 1.258009375435169752e-03
9.393733518074175448e-01 -3.428932904960559358e-01 1.377423787687432439e-03
9.390008121098071259e-01 -3.439116441291519832e-01 1.501979249720327390e-03
9.386123303993058054e-01 -3.449698996074300750e-01 1.631454063307855116e-03
9.382072573918111003e-01 -3.460693930716851607e-01 1.765620194775428722e-03
9.377849572462428895e-01 -3.472113878899381612e-01 1.904243677659202098e-03
9.373448080223107937e-01 -3.483970728665352623e-01 2.047085025707401622e-03
9.368862021360294667e-01 -3.496275605852648405e-01 2.193899655464492601e-03
9.364085468156403413e-01 -3.509038858906172176e-01 2.344438317644739842e-03
9.359112645604010794e-01 -3.522270045110290626e-01 2.498447536469281319e-03
9.353937936044776080e-01 -3.535977918276574372e-01 2.655670056110396877e-03
9.348555883879263728e-01 -3.550170417919127908e-01 2.815845293358305509e-03
9.342961200364835461e-01 -3.564854659946510851e-01 2.978709795599721044e-03
9.337148768515876052e-01 -3.580036928895796722e-01 3.143997703173625168e-03
9.331113648117571602e-01 -3.595722671730745001e-01 3.311441215148421251e-03
9.324851080861256136e-01 -3.611916493222341873e-01 3.480771057545900896e-03
9.318356495606016088e-01 -3.628622152926148092e-01 3.651716953021390266e-03
9.311625513767887163e-01 -3.645842563766960032e-01 3.824008090996157058e-03
9.304653954834507523e-01 -3.663579792237254829e-01 3.997373597227740598e-03
9.297437841999660613e-01 -3.681835060211796073e-01 4.171543001796411756e-03
9.289973407908685976e-01 -3.700608748376577051e-01 4.346246704481531060e-03
9.282257100502351310e-01 -3.719900401266049705e-01 4.521216436500299224e-03
9.274285588943453895e-01 -3.739708733898302606e-01 4.696185717583268270e-03
9.266055769607208781e-01 -3.760031639993525188e-01 4.870890307366138733e-03
9.257564772113412443e-01 -3.780866201756776235e-01 5.045068650085837367e-03
9.248809965375456299e-01 -3.802208701201729713e-01 5.218462311580670220e-03
9.239788963638552177e-01 -3.824054632987765601e-01 5.390816407609586372e-03
9.230499632477032756e-01 -3.846398718738474054e-01 5.561880022524181254e-03
9.220940094718338420e-01 -3.869234922805424581e-01 5.731406617349146283e-03
9.211108736259306928e-01 -3.892556469436862510e-01 5.899154426352316502e-03
9.201004211738685878e-01 -3.916355861306934361e-01 6.064886841214356221e-03
9.190625450028353516e-01 -3.940624899357050293e-01 6.228372781940320034e-03
9.179971659504674308e-01 -3.965354703897145949e-01 6.389387053690858027e-03
9.169042333060616334e-01 -3.990535736910890141e-01 6.547710688749599876e-03
9.157837252818834539e-01 -4.016157825505342061e-01 6.703131272885097525e-03
9.146356494505821777e-01 -4.042210186442181663e-01 6.855443255410616395e-03
9.134600431447477131e-01 -4.068681451684469930e-01 7.004448242292831556e-03
9.122569738147007223e-01 -4.095559694889949753e-01 7.149955271710962262e-03
9.110265393407012136e-01 -4.122832458779160936e-01 7.291781071520889689e-03
9.097688682958836592e-01 -4.150486783304192517e-01 7.429750298134188066e-03
9.084841201563846891e-01 -4.178509234541679107e-01 7.563695756379443941e-03
9.071724854553140371e-01 -4.206885934231734958e-01 7.693458599972610897e-03
9.058341858774382471e-01 -4.235602589882885294e-01 7.818888512284105294e-03
9.044694742916875585e-01 -4.264644525361738214e-01 7.939843867152691914e-03
9.030786347188657359e-01 -4.293996711885129658e-01 8.056191869559531024e-03
9.016619822322343714e-01 -4.323643799331788329e-01 8.167808676039941401e-03
9.002198627889538285e-01 -4.353570147790218337e-01 8.274579494774947364e-03
8.987526529906945116e-01 -4.383759859259473424e-01 8.376398665369391705e-03
8.972607597720754224e-01 -4.414196809419809742e-01 8.473169718387844884e-03
8.957446200159449035e-01 -4.444864679390854167e-01 8.564805414783473181e-03
8.942047000948861735e-01 -4.475746987395912146e-01 8.651227765418070120e-03
8.926414953387018514e-01 -4.506827120252339114e-01 8.732368030933310502e-03
8.910555294280093630e-01 -4.538088364609541014e-01 8.808166702293602698e-03
8.894473537144560460e-01 -4.569513937858105668e-01 8.878573462379354270e-03
8.878175464684372464e-01 -4.601087018635807158e-01 8.943547129065834017e-03
8.861667120555709598e-01 -4.632790776858762283e-01 9.003055580276642100e-03
8.844954800435423925e-01 -4.664608403208812537e-01 9.057075661551982834e-03
8.828045042412846488e-01 -4.696523138011259313e-01 9.105593076720123677e-03
8.810944616727962586e-01 -4.728518299440379047e-01 9.148602262305382746e-03
8.793660514882214452e-01 -4.760577310993631683e-01 9.186106246347558110e-03
8.776199938151201252e-01 -4.792683728179192304e-01 9.218116492345664395e-03
8.758570285531408484e-01 -4.824821264365290463e-01 9.244652729073019742e-03
8.740779141155725629e-01 -4.856973815743853007e-01 9.265742767041009256e-03
8.722834261214901241e-01 -4.889125485365093393e-01 9.281422302415152925e-03
8.704743560424264004e-01 -4.921260606203902155e-01 9.291734709209296603e-03
8.686515098076914576e-01 -4.953363763223206373e-01 9.296730820601827386e-03
8.668157063726267264e-01 -4.985419814403809213e-01 9.296468700231779250e-03
8.649677762542177240e-01 -5.017413910714583203e-01 9.291013404342515075e-03
8.631085600386005918e-01 -5.049331515001250770e-01 9.280436735646397511e-03
8.612389068650816437e-01 -5.081158419776325985e-01 9.264816989785632298e-03
8.593596728913456273e-01 -5.112880763897055258e-01 9.244238695262247188e-03
8.574717197445586025e-01 -5.144485048122412474e-01 9.218792347704221277e-03
8.555759129630764459e-01 -5.175958149544303000e-01 9.188574139325141402e-03
8.536731204334474521e-01 -5.207287334892120034e-01 9.153685684421666857e-03
8.517642108273533186e-01 -5.238460272713657551e-01 9.114233741736654099e-03
8.498500520430642968e-01 -5.269465044439078927e-01 9.070329934496305230e-03
8.479315096558924791e-01 -5.300290154338181958e-01 9.022090468907312255e-03
8.460094453820163896e-01 -5.330924538384544942e-01 8.969635851874923141e-03
8.440847155599193741e-01 -5.361357572043297104e-01 8.913090608675410670e-03
8.421581696535358486e-01 -5.391579077002225384e-01 8.852583001286808140e-03
8.402306487810347058e-01 -5.421579326868645188e-01 8.788244748050247357e-03
8.383029842729897707e-01 -5.451349051857005135e-01 8.720210745301036973e-03
8.363759962634964573e-01 -5.480879442494490661e-01 8.648618791574060050e-03
8.344504923175900535e-01 -5.510162152373947464e-01 8.573609314952308422e-03
8.325272660981087869e-01 -5.539189299985307624e-01 8.495325104090765272e-03
8.306070960749252219e-01 -5.567953469658297738e-01 8.413911043410576829e-03
8.286907442792440515e-01 -5.596447711650608392e-01 8.329513852920761990e-03
8.267789551054334218e-01 -5.624665541416848935e-01 8.242281833086896950e-03
8.248724541626233364e-01 -5.652600938094579641e-01 8.152364615128351519e-03
8.229719471780724271e-01 -5.680248342244416104e-01 8.059912917088157824e-03
8.210781189540673486e-01 -5.707602652881746952e-01 7.965078305982463761e-03
8.191916323798883459e-01 -5.734659223837920150e-01 7.868012966300096112e-03
8.173131275001433993e-01 -5.761413859488886402e-01 7.768869475087083684e-03
8.154432206405479722e-01 -5.787862809889255944e-01 7.667800583816347486e-03
8.135825035920047910e-01 -5.814002765349489676e-01 7.564959007209163394e-03
8.117315428536245880e-01 -5.839830850493601400e-01 7.460497219142675322e-03
8.098908789351184634e-01 -5.865344617834197249e-01 7.354567255746764266e-03
8.080610257187931245e-01 -5.890542040901044496e-01 7.247320525763978165e-03
8.062424698811866408e-01 -5.915421506958564724e-01 7.138907628218247280e-03
8.044356703741982750e-01 -5.939981809346767117e-01 7.029478177411637926e-03
8.026410579653923127e-01 -5.964222139479128382e-01 6.919180635243597777e-03
8.008590348369897249e-01 -5.988142078529860024e-01 6.808162150824026426e-03
7.990899742429069530e-01 -6.011741588841830186e-01 6.696568407330083690e-03
7.973342202230564446e-01 -6.035021005085184909e-01 6.584543476036946834e-03
7.955920873739884547e-01 -6.057981025195449121e-01 6.472229677434735394e-03
7.938638606748292803e-01 -6.080622701118537643e-01 6.359767449327562681e-03
7.921497953673570791e-01 -6.102947429388781986e-01 6.247295221796076228e-03
7.904501168889531693e-01 -6.124956941564674295e-01 6.134949298891927486e-03
7.887650208570721189e-01 -6.146653294545652013e-01 6.022863746921315424e-03
7.870946731037895550e-01 -6.168038860791840161e-01 5.911170289165012560e-03
7.854392097589146804e-01 -6.189116318467291489e-01 5.799998206874103571e-03
7.837987373800859858e-01 -6.209888641525853625e-01 5.689474246373915113e-03
7.821733331282156865e-01 -6.230359089757455671e-01 5.579722532103305495e-03
7.805630449865998965e-01 -6.250531198811258848e-01 5.470864485412491214e-03
7.789678920219715863e-01 -6.270408770210803562e-01 5.363018748939860428e-03
7.773878646857450558e-01 -6.289995861375017316e-01 5.256301116386698571e-03
7.758229251536736815e-01 -6.309296775657728951e-01 5.150824467508332422e-03
7.742730077021285906e-01 -6.328316052417132243e-01 5.046698708140818189e-03
7.727380191191957071e-01 -6.347058457125533959e-01 4.944030715083888236e-03
7.712178391487832796e-01 -6.365528971528616742e-01 4.842924285663308299e-03
7.697123209659372245e-01 -6.383732783862439142e-01 4.743480091799071388e-03
7.682212916815658321e-01 -6.401675279135421448e-01 4.645795638409819239e-03
7.667445528747905970e-01 -6.419362029481662235e-01 4.549965225988493976e-03
7.652818811511552521e-01 -6.436798784591075684e-01 4.456079917189408567e-03
7.638330287249475159e-01 -6.453991462221069231e-01 4.364227507272592892e-03
7.623977240239119268e-01 -6.470946138793742808e-01 4.274492498257342031e-03
7.609756723146614554e-01 -6.487669040081942562e-01 4.186956076643342205e-03
7.595665563471267756e-01 -6.504166531986891320e-01 4.101696094564438039e-03
7.581700370164153879e-01 -6.520445111409586270e-01 4.018787054247019430e-03
7.567857540404910877e-01 -6.536511397217675823e-01 3.938300095652086559e-03
7.554133266521201318e-01 -6.552372121309106845e-01 3.860302987187176106e-03
7.540523543035738685e-01 -6.568034119773469293e-01 3.784860119381534740e-03
7.527024173826166731e-01 -6.583504324151657761e-01 3.712032501425072562e-03
7.513630779383533298e-01 -6.598789752794220753e-01 3.641877760478715552e-03
7.500338804155520789e-01 -6.613897502318561994e-01 3.574450143670756565e-03
7.487143523961058422e-01 -6.628834739165010426e-01 3.509800522700586359e-03
7.474040053463394395e-01 -6.643608691251658982e-01 3.447976400977809282e-03
7.461023353689153481e-01 -6.658226639727821139e-01 3.389021923231086506e-03
7.448088239581382997e-01 -6.672695910825932053e-01 3.332977887527164597e-03
7.435229387575030824e-01 -6.687023867811729971e-01 3.279881759646300406e-03
7.422441343183782125e-01 -6.701217903032616885e-01 3.229767689765778490e-03
7.409718528587616593e-01 -6.715285430064186212e-01 3.182666531408289996e-03
7.397055250210923250e-01 -6.729233875955009658e-01 3.138605862616683853e-03
7.384445706281442812e-01 -6.743070673569933060e-01 3.097610009320934422e-03
7.371883994360763914e-01 -6.756803254032288653e-01 3.059700070867083302e-03
7.359364118837526947e-01 -6.770439039265634396e-01 3.024893947681436650e-03
7.346879998374935550e-01 -6.783985434635815270e-01 2.993206371046380678e-03
7.334425473304579945e-01 -6.797449821694395711e-01 2.964648934966816057e-03
7.321994312958999274e-01 -6.810839551024714389e-01 2.939230130108439355e-03
7.309580222935828653e-01 -6.824161935192094575e-01 2.916955379790869916e-03
7.297176852286739734e-01 -6.837424241799954228e-01 2.897827078019962841e-03
7.284777800624807620e-01 -6.850633686653851973e-01 2.881844629544562907e-03
7.272376625144273410e-01 -6.863797427035747134e-01 2.869004491923437400e-03
7.259966847547076885e-01 -6.876922555091005140e-01 2.859300219588196967e-03
7.247541960870840239e-01 -6.890016091330946058e-01 2.852722509887673560e-03
7.235095436213375697e-01 -6.903084978253968274e-01 2.849259251098497717e-03
7.222620729349072954e-01 -6.916136074088533592e-01 2.848895572385505906e-03
7.210111287232877642e-01 -6.929176146661516489e-01 2.851613895694125444e-03
7.197560554387855136e-01 -6.942211867395644553e-01 2.857393989555076508e-03
7.184961979172638236e-01 -6.955249805439968069e-01 2.866213024779567121e-03
7.172309019925345863e-01 -6.968296421937467677e-01 2.878045632020705385e-03
7.159595150980808675e-01 -6.981358064434095567e-01 2.892863961174096336e-03
7.146813868558229421e-01 -6.994440961433686654e-01 2.910637742587597523e-03
7.133958696516614628e-01 -7.007551217103319408e-01 2.931334350046943971e-03
7.121023191975586197e-01 -7.020694806133800370e-01 2.954918865500467690e-03
7.108000950799371331e-01 -7.033877568760046328e-01 2.981354145482510883e-03
7.094885612942003483e-01 -7.047105205946195827e-01 3.010600889191272691e-03
7.081670867651953527e-01 -7.060383274740325010e-01 3.042617708172860695e-03
7.068350458534609082e-01 -7.073717183803647224e-01 3.077361197559251756e-03
7.054918188471184237e-01 -7.087112189119080252e-01 3.114786008803673966e-03
7.041367924392817335e-01 -7.100573389884010655e-01 3.154844923852688759e-03
7.027693601908767684e-01 -7.114105724592031388e-01 3.197488930690001695e-03
7.013889229787771962e-01 -7.127713967308333398e-01 3.242667300182715782e-03
6.999948894291738721e-01 -7.141402724143326441e-01 3.290327664156528394e-03
6.985866763361111564e-01 -7.155176429928895576e-01 3.340416094622108024e-03
6.971637090651330304e-01 -7.169039345101568816e-01 3.392877184070784528e-03
6.957254219419929386e-01 -7.182995552796639371e-01 3.447654126753610729e-03
6.942712586263920516e-01 -7.197048956157099386e-01 3.504688800853930641e-03
6.928006724707189701e-01 -7.211203275860972317e-01 3.563921851459805282e-03
6.913160338746889844e-01 -7.225434625651591114e-01 3.617483372126294953e-03
6.898185730529786674e-01 -7.239729976673705547e-01 3.665391448314771639e-03
6.883095241577493750e-01 -7.254076456147220409e-01 3.707669492876488129e-03
6.867901241362910358e-01 -7.268461360133682270e-01 3.744346087886807166e-03
6.852616115884436754e-01 -7.282872165574517664e-01 3.775454821722416809e-03
6.837252256259245264e-01 -7.297296541594889829e-01 3.801034121969569003e-03
6.821822047356795871e-01 -7.311722360069695670e-01 3.821127084745227880e-03
6.806337856493617222e-01 -7.326137705450848081e-01 3.835781301004788715e-03
6.790812022210050980e-01 -7.340530883857460109e-01 3.845048680399751513e-03
6.775256843149293218e-01 -7.354890431432989928e-01 3.848985273236617440e-03
6.759684567058555915e-01 -7.369205121975684891e-01 3.847651091074379484e-03
6.744107379931610913e-01 -7.383463973850867834e-01 3.841109926482480248e-03
6.728537395311298130e-01 -7.397656256195687119e-01 3.829429172464130296e-03
6.712986643769873751e-01 -7.411771494428895934e-01 3.812679642031534082e-03
6.697467062584233632e-01 -7.425799475080057110e-01 3.790935388400063031e-03
6.681990485622201215e-01 -7.439730249954265018e-01 3.764273526247802551e-03
6.666568633455137727e-01 -7.453554139650045984e-01 3.732774054465413417e-03
6.651213103711157704e-01 -7.467261736449506415e-01 3.696519680798939465e-03
6.635935361682220313e-01 -7.480843906601123416e-01 3.655595648765290820e-03
6.620746731197330037e-01 -7.494291792016700704e-01 3.610089567196681035e-03
6.605658385772996688e-01 -7.507596811405063963e-01 3.560091242746504792e-03
6.590681340051024462e-01 -7.520750660865944681e-01 3.505692515665086943e-03
6.575826441532595101e-01 -7.533745313968276403e-01 3.446987099129561211e-03
6.561104362616513308e-01 -7.546573021337751319e-01 3.384070422387942638e-03
6.546525592948365668e-01 -7.559226309779016884e-01 3.317039477953385562e-03
6.532100432086268560e-01 -7.571697980958252971e-01 3.245992673060727873e-03
6.517838982487789146e-01 -7.583981109672185417e-01 3.171029685573849982e-03
6.503751142821571074e-01 -7.596069041729716087e-01 3.092251324509173727e-03
6.489846601606157339e-01 -7.607955391472442930e-01 3.009759395317926703e-03
6.476134831177507989e-01 -7.619634038960279021e-01 2.923656570047604344e-03
6.462625081985728936e-01 -7.631099126848258640e-01 2.834046262481521548e-03
6.449326377220611084e-01 -7.642345056980386353e-01 2.741032508334447469e-03
6.436247507764679687e-01 -7.653366486726067563e-01 2.644719850562161738e-03
6.423397027471601239e-01 -7.664158325084293732e-01 2.545213229823391383e-03
6.410783248767024656e-01 -7.674715728580279173e-01 2.442617880113998399e-03
6.398414238568149726e-01 -7.685034096978732299e-01 2.337039229575556872e-03
6.386297814517644111e-01 -7.695109068837359123e-01 2.228582806463591005e-03
6.374441541526868482e-01 -7.704936516923558409e-01 2.117354150244759887e-03
6.362852728622790943e-01 -7.714512543516592880e-01 2.003458727777187535e-03
6.351538426092413481e-01 -7.723833475616787014e-01 1.887001854513956252e-03
6.340505422918070177e-01 -7.732895860082530382e-01 1.768088620656507867e-03
6.329760244496507315e-01 -7.741696458715099372e-01 1.646823822172332769e-03
6.319309150634283556e-01 -7.750232243310452018e-01 1.523311896579849058e-03
6.309158133811709757e-01 -7.758500390696335680e-01 1.397656863392797520e-03
6.299312917707263759e-01 -7.766498277772179160e-01 1.269962269106756541e-03
6.289778955974194563e-01 -7.774223476568351554e-01 1.140331136601530071e-03
6.280561431260860417e-01 -7.781673749340518587e-01 1.008865918825124991e-03
6.271665254466214368e-01 -7.788847043713902352e-01 8.756684566178190958e-04
6.263095064221769759e-01 -7.795741487891398869e-01 7.408399405283911440e-04
6.254855226591339301e-01 -7.802355385938584131e-01 6.044808764688885819e-04
6.246921797886849648e-01 -7.808709600223109337e-01 4.737532384556473065e-04
6.239281564053724694e-01 -7.814816275441319737e-01 3.487009386373935240e-04
6.231921145499099701e-01 -7.820687539411322886e-01 2.293642213456851295e-04
6.224827010393417792e-01 -7.826335500331164097e-01 1.157796877429515816e-04
6.217985487749335682e-01 -7.831772243961092617e-01 7.980316886177483168e-06
6.211382780279782745e-01 -7.837009830708427938e-01 -9.400451653950541277e-05
6.205004977037053004e-01 -7.842060292595176563e-01 -1.901490275517701085e-04
6.198838065834826327e-01 -7.846935630090228209e-01 -2.804310089910500231e-04
6.192867945454975098e-01 -7.851647808789616878e-01 -3.648318221452380959e-04
6.187080437640947173e-01 -7.856208755930024212e-01 -4.433363895873737126e-04
6.181461298879419308e-01 -7.860630356722381196e-01 -5.159331899282911882e-04
6.175996231971827566e-01 -7.864924450494072961e-01 -5.826142541811374712e-04
6.170670897397226851e-01 -7.869102826629952308e-01 -6.433751634307639973e-04
6.165470924467815195e-01 -7.873177220304009571e-01 -6.982150474982864140e-04
6.160381922278299616e-01 -7.877159307995194037e-01 -7.471365842895201113e-04
6.155389490450152712e-01 -7.881060702782536342e-01 -7.901459995155599636e-04
6.150479229671631520e-01 -7.884892949416321128e-01 -8.272530664744533451e-04
6.145636752034316919e-01 -7.888667519163675701e-01 -8.584711055846861501e-04
6.140847691166770872e-01 -7.892395804428506967e-01 -8.838169833640861740e-04
6.136097712165783369e-01 -7.896089113147284344e-01 -9.033111105516684718e-04
6.131372521325573199e-01 -7.899758662963679567e-01 -9.169774390749648894e-04
6.126657875665169062e-01 -7.903415575186572006e-01 -9.248434575713925139e-04
6.121939592254131979e-01 -7.907070868537382502e-01 -9.269401851792723190e-04
6.117203557336685638e-01 -7.910735452694118708e-01 -9.233021633221485339e-04
6.112435735254238001e-01 -7.914420121640897143e-01 -9.139674452190674637e-04
6.107622177166261990e-01 -7.918135546833018346e-01 -8.989775828634342979e-04
6.102749029569430883e-01 -7.921892270188978236e-01 -8.783776112239251614e-04
6.097802542614904064e-01 -7.925700696922006738e-01 -8.522160294326898335e-04
6.092769078223653212e-01 -7.929571088224912634e-01 -8.205447787386840885e-04
6.087635117999709022e-01 -7.933513553823113851e-01 -7.834192170173782856e-04
6.082387270941252977e-01 -7.937538044411797111e-01 -7.408980896422771422e-04
6.077012280949504186e-01 -7.941654343994124510e-01 -6.930434965386006669e-04
6.071497034135391324e-01 -7.945872062138323866e-01 -6.399208552550844035e-04
6.065828565924064053e-01 -7.950200626172349017e-01 -5.815988599060723570e-04
6.059994067957358288e-01 -7.954649273335553383e-01 -5.181494358529224135e-04
6.053980894794408485e-01 -7.959227042907525140e-01 -4.496476900110687493e-04
6.047776570410661190e-01 -7.963942768334828504e-01 -3.761718566869225329e-04
6.041368794495647343e-01 -7.968805069376935224e-01 -2.978032388670179839e-04
6.034745448549931890e-01 -7.973822344293070019e-01 -2.146261449003999348e-04
6.027894601781751405e-01 -7.979002762092050061e-01 -1.267278205341168160e-04
6.020804516803943685e-01 -7.984354254867466194e-01 -3.419837628077334506e-05
6.013463655131819907e-01 -7.989884510240745641e-01 6.286928988366195315e-05
6.005860682482747626e-01 -7.995600963934708094e-01 1.643795744742656629e-04
5.997984473878235079e-01 -8.001510792500242664e-01 2.702342550669410400e-04
5.989824118549410548e-01 -8.007620906218635426e-01 3.803325814274333702e-04
5.981368924646801588e-01 -8.013937942201897480e-01 4.945713711243155970e-04
5.972608423755402240e-01 -8.020468257713165849e-01 6.128451095317402229e-04
5.963532375216008541e-01 -8.027217923728897642e-01 7.350460541091039662e-04
5.954130770253862615e-01 -8.034192718764121555e-01 8.610643428264670111e-04
5.944393835915611213e-01 -8.041398122981474605e-01 9.907881065866926389e-04
5.934312038815628965e-01 -8.048839312604129104e-01 1.124103585477891640e-03
5.923876088692696662e-01 -8.056521154652013239e-01 1.260895248672939603e-03
5.913076941778034890e-01 -8.064448202019939282e-01 1.401045917776648367e-03
5.901905803975624476e-01 -8.072624688915399638e-01 1.544436893405685528e-03
5.890354133855719709e-01 -8.081054526672843963e-01 1.690948084771614268e-03
5.878413645462381432e-01 -8.089741299960249155e-01 1.840458142023515672e-03
5.866076310935801619e-01 -8.098688263392728182e-01 1.992844591093646377e-03
5.853334362950105563e-01 -8.107898338566773555e-01 2.147983970777464502e-03
5.840180296967236728e-01 -8.117374111527559943e-01 2.305751971768288215e-03
5.826606873307429435e-01 -8.127117830680462562e-01 2.466023577356741756e-03
5.812607119036710124e-01 -8.137131405156675656e-01 2.628673205496156323e-03
5.798174329671728078e-01 -8.147416403641469795e-01 2.793574851927192043e-03
5.783302070702167619e-01 -8.157974053672260029e-01 2.960602234048193698e-03
5.767984178930867234e-01 -8.168805241412251394e-01 3.129628935212218181e-03
5.752214763631696703e-01 -8.179910511904006087e-01 3.300528549127269319e-03
5.735988207525162252e-01 -8.191290069805824414e-01 3.473174824033109422e-03
5.719299167571627596e-01 -8.202943780612375058e-01 3.647441806326061006e-03
5.702142575581984341e-01 -8.214871172359550222e-01 3.823203983302479216e-03
5.684513638645543043e-01 -8.227071437812039090e-01 4.000336424692088090e-03
5.666407839374895117e-01 -8.239543437130664172e-01 4.178714922654109404e-03
5.647820935967454714e-01 -8.252285701015076302e-01 4.358216129912060102e-03
5.628748962083415242e-01 -8.265296434315962948e-01 4.538717695707237751e-03
5.609188226539848499e-01 -8.278573520109516748e-01 4.720098399256265898e-03
5.589135312820727730e-01 -8.292114524225554506e-01 4.902238280404540467e-03
5.568587078402716939e-01 -8.305916700219294624e-01 5.085018767175032012e-03
5.547540653896659846e-01 -8.319976994775543089e-01 5.268322799920601741e-03
5.525993442004801803e-01 -8.334292053532752487e-01 5.452034951797725404e-03
5.503943116293928961e-01 -8.348858227313228353e-01 5.636041545290249206e-03
5.481387619784767740e-01 -8.363671578744611423e-01 5.820230764523506156e-03
5.458325163358177523e-01 -8.378727889256675221e-01 6.004492763121681460e-03
5.434754223978885967e-01 -8.394022666436468105e-01 6.188719767374739784e-03
5.410673542737762798e-01 -8.409551151723864137e-01 6.372806174495404194e-03
5.386082122713896636e-01 -8.425308328428730009e-01 6.556648645761562269e-03
5.360979226658016961e-01 -8.441288930050102612e-01 6.740146194355006726e-03
5.335364374499150797e-01 -8.457487448877054614e-01 6.923200267723498766e-03
5.309237340676711270e-01 -8.473898144850293690e-01 7.105714824309732405e-03
5.282598151300593736e-01 -8.490515054662980399e-01 7.287596404507760972e-03
5.255447081142223809e-01 -8.507332001078776740e-01 7.468754195724812417e-03
5.227784650459900151e-01 -8.524342602444772155e-01 7.649100091443991091e-03
5.199611621662194594e-01 -8.541540282376622883e-01 7.828548744201182727e-03
5.170928995813564022e-01 -8.558918279593040745e-01 8.007017612407350479e-03
5.141738008986805886e-01 -8.576469657876650832e-01 8.184427000965367738e-03
5.112040128467376654e-01 -8.594187316138199861e-01 8.360700095648387203e-03
5.081837048815082136e-01 -8.612063998561161338e-01 8.535762991224547444e-03
5.051130687789056051e-01 -8.630092304803910208e-01 8.709544713330370086e-03
5.019923182142415063e-01 -8.648264700236876212e-01 8.881977234112506392e-03
4.988216883293388193e-01 -8.666573526192377086e-01 9.052995481674510486e-03
4.956014352880176999e-01 -8.685011010205221371e-01 9.222537343381853603e-03
4.923318358207203760e-01 -8.703569276222626883e-01 9.390543663094564827e-03
4.890131867590820081e-01 -8.722240354762531567e-01 9.556958232412459883e-03
4.856509007027189351e-01 -8.740989095625874006e-01 9.710782128059298676e-03
4.822482515071064846e-01 -8.759791999554008557e-01 9.852182945487387294e-03
4.788084900390903731e-01 -8.778626333953287730e-01 9.981337725284693263e-03
4.753348414632902474e-01 -8.797470150604305150e-01 1.009843226088137647e-02
4.718305025912114536e-01 -8.816302300238522127e-01 1.020366040865841942e-02
4.682986393023234606e-01 -8.835102444074212080e-01 1.029722340280562164e-02
4.647423840458415611e-01 -8.853851062412912976e-01 1.037932917713957695e-02
4.611648334313759867e-01 -8.872529460405818025e-01 1.045019169595005383e-02
4.575690459159999501e-01 -8.891119771106679170e-01 1.051003029579678470e-02
4.539580395946397617e-01 -8.909604955933965176e-01 1.055906904002928970e-02
4.503347901000160358e-01 -8.927968802670128712e-01 1.059753608765110454e-02
4.467022286176711710e-01 -8.946195921129950213e-01 1.062566307799801824e-02
4.430632400209129629e-01 -8.964271736633090404e-01 1.064368453254843638e-02
4.394206611297928888e-01 -8.982182481418191644e-01 1.065183727503411261e-02
4.357772790975273369e-01 -8.999915184137200486e-01 1.065035987087183632e-02
4.321358299270682823e-01 -9.017457657569045715e-01 1.063949208679238964e-02
4.284989971198385761e-01 -9.034798484691488607e-01 1.061947437140272829e-02
4.248694104579754938e-01 -9.051927003248898540e-01 1.059054735728175503e-02
4.212496449207753235e-01 -9.068833288951928528e-01 1.055295138507969521e-02
4.176422197354074384e-01 -9.085508137442687149e-01 1.050692604996666425e-02
4.140495975613722179e-01 -9.101943045156021261e-01 1.045270977065771052e-02
4.104741838076146898e-01 -9.118130189204041169e-01 1.039053938113006920e-02
4.069183260806779612e-01 -9.134062406407075230e-01 1.032064974504358183e-02
4.033843137617905139e-01 -9.149733171589887748e-01 1.024327339277759756e-02
3.998743777103282993e-01 -9.165136575257307738e-01 1.015864018090724755e-02
3.963906900906791209e-01 -9.180267300758438997e-01 1.006697697385878706e-02
3.929353643191627610e-01 -9.195120601043393904e-01 9.968507347407819241e-03
3.895104551273253501e-01 -9.209692275111109883e-01 9.863451313615505603e-03
3.861179587376318278e-01 -9.223978644241241920e-01 9.752025066736308423e-03
3.827598131473230469e-01 -9.237976528097517903e-01 9.634440749576134860e-03
3.794378985159861384e-01 -9.251683220784245876e-01 9.510906239731903994e-03
3.761540376522041762e-01 -9.265096466931966868e-01 9.381624955102182972e-03
3.729099965945045225e-01 -9.278214437882583709e-01 9.246795678023439838e-03
3.697074852817121005e-01 -9.291035708038680729e-01 9.106612397357374475e-03
3.665481583077331851e-01 -9.303559231436211441e-01 8.961264167831335670e-03
3.634336157557435665e-01 -9.315784318594335645e-01 8.810934985915787679e-03
3.603654041067329561e-01 -9.327710613690887165e-01 8.655803681509735906e-03
3.573450172173603945e-01 -9.339338072106840860e-01 8.496043824696701552e-03
3.543738973621030075e-01 -9.350666938378192627e-01 8.331823646829855656e-03
3.514534363347304180e-01 -9.361697724588893266e-01 8.163305975204961096e-03
3.485849766042054543e-01 -9.372431189233916271e-01 7.990648180583481697e-03
3.457698125202009476e-01 -9.382868316577179790e-01 7.814002136835338647e-03
3.430091915635236077e-01 -9.393010296524884062e-01 7.633514191980848851e-03
3.403043156368548150e-01 -9.402858505030918801e-01 7.449325149924255866e-03
3.376563423913460094e-01 -9.412414485047259083e-01 7.261570262186468894e-03
3.350663865847466338e-01 -9.421679928028816597e-01 7.070379228962028056e-03
3.325355214668896386e-01 -9.430656655998925775e-01 6.875876208844530595e-03
3.300647801885139843e-01 -9.439346604178615596e-01 6.678179836585579690e-03
3.276551572295638981e-01 -9.447751804179987944e-01 6.477403248274495214e-03
3.253076098432670094e-01 -9.455874367761402111e-01 6.273654113349340367e-03
3.230194102787829480e-01 -9.463728459814367833e-01 6.074316403207088988e-03
3.207893655157639801e-01 -9.471323120397182604e-01 5.879354621164962179e-03
3.186162837774213497e-01 -9.478667112949277218e-01 5.688732731297628520e-03
3.164989752216838537e-01 -9.485768932832774336e-01 5.502414264273294831e-03
3.144362525767541716e-01 -9.492636815764495806e-01 5.320362415080301215e-03
3.124269317243527078e-01 -9.499278746124985018e-01 5.142540133048678110e-03
3.104698322338131922e-01 -9.505702465132725987e-01 4.968910204556528827e-03
3.085637778500670003e-01 -9.511915478873271823e-01 4.799435328796557154e-03
3.067075969384295275e-01 -9.517925066174367510e-01 4.634078186963575506e-03
3.049001228889781090e-01 -9.523738286319427537e-01 4.472801505209525463e-03
3.031401944831905726e-01 -9.529361986592872480e-01 4.315568111698446160e-03
3.014266562253947734e-01 -9.534802809651886646e-01 4.162340988079975095e-03
2.997583586414636625e-01 -9.540067200720127039e-01 4.013083315686461969e-03
2.981341585470769773e-01 -9.545161414599762084e-01 3.867758516745526797e-03
2.965529192877618958e-01 -9.550091522499025709e-01 3.726330290887097749e-03
2.950135109528164712e-01 -9.554863418673161801e-01 3.588762647211462056e-03
2.935148105651179673e-01 -9.559482826877301331e-01 3.455019932172822585e-03
2.920557022487167420e-01 -9.563955306630363973e-01 3.325066853521183204e-03
2.906350773760201234e-01 -9.568286259289607854e-01 3.198868500534144624e-03
2.892518346962773546e-01 -9.572480933935907377e-01 3.076390360759382898e-03
2.879048804469864220e-01 -9.576544433070250939e-01 2.957598333478173112e-03
2.865931284497573173e-01 -9.580481718122317858e-01 2.842458740090358753e-03
2.853155001920826828e-01 -9.584297614772311347e-01 2.730938331611604958e-03
2.840709248963871336e-01 -9.587996818087517470e-01 2.623004293464635366e-03
2.828583395776494980e-01 -9.591583897475304266e-01 2.518624247737423147e-03
2.816766890908186660e-01 -9.595063301454500593e-01 2.417766253072966675e-03
2.805249261691736273e-01 -9.598439362247274120e-01 2.320398802347346107e-03
2.794020114547101641e-01 -9.601716300193804399e-01 2.226490818285180740e-03
2.783069135215726075e-01 -9.604898227992187953e-01 2.136011647154430898e-03
2.772386088934870041e-01 -9.607989154766123363e-01 2.048931050675631589e-03
2.761960820560932506e-01 -9.610992989963038635e-01 1.965219196274169914e-03
2.751783254650172483e-01 -9.613913547085398692e-01 1.884846645798048418e-03
2.741843395504705572e-01 -9.616754547258024033e-01 1.807784342817740121e-03
2.732131327191133496e-01 -9.619519622634278289e-01 1.734003598619206091e-03
2.722637213538677270e-01 -9.622212319644061207e-01 1.663476076995910186e-03
2.713351298123221067e-01 -9.624836102086564704e-01 1.596173777940700783e-03
2.704263904243220940e-01 -9.627394354070788474e-01 1.532069020333737567e-03
2.695365434893016165e-01 -9.629890382806826077e-01 1.471134423718207032e-03
2.686646372738674127e-01 -9.632327421250962418e-01 1.413342889251365626e-03
2.678097280101113253e-01 -9.634708630607622393e-01 1.358667579914485824e-03
2.669708798950886641e-01 -9.637037102691227153e-01 1.307081900061525829e-03
2.661471650918658116e-01 -9.639315862151019987e-01 1.258559474382791752e-03
2.653376637325070564e-01 -9.641547868561918255e-01 1.213074126356506171e-03
2.645414639233392151e-01 -9.643736018384457820e-01 1.170599856258021983e-03
2.637576617528024636e-01 -9.645883146796893071e-01 1.131110818793405748e-03
2.629853613021675418e-01 -9.647992029402511216e-01 1.094581300421268010e-03
2.622236746593721857e-01 -9.650065383815220610e-01 1.060985696424020198e-03
2.614717219362036604e-01 -9.652105871126472891e-01 1.030298487787160511e-03
2.607286312890305102e-01 -9.654116097256579820e-01 1.002494217942762403e-03
2.599935389432623256e-01 -9.656098614193473484e-01 9.775474694310160289e-04
2.592655892216955138e-01 -9.658055921121982967e-01 9.554328405314561597e-04
2.585439345768806851e-01 -9.659990465446673946e-01 9.361249219134044333e-04
2.578277356276286181e-01 -9.661904643711329843e-01 9.195982733531274465e-04
2.571161611997523355e-01 -9.663800802418132108e-01 9.058274005632759073e-04
2.564083883711247291e-01 -9.665681238749632698e-01 8.947867321783106644e-04
2.557036025211147368e-01 -9.667548201196587421e-01 8.864505969378230635e-04
2.550009973844488131e-01 -9.669403890094755427e-01 8.807932011079310300e-04
2.542997751095288916e-01 -9.671250458073775702e-01 8.777886061792523073e-04
2.535991463212242114e-01 -9.673090010421228069e-01 8.774107068783292170e-04
2.528983301881405077e-01 -9.674924605365029517e-01 8.796332095277998404e-04
2.521965544943570170e-01 -9.676756254277303348e-01 8.844296107890584893e-04
2.514930557156102586e-01 -9.678586921802898591e-01 8.917731768196421544e-04
2.507870790998912858e-01 -9.680418525915743810e-01 9.016369228760945939e-04
2.500778787524130520e-01 -9.682252937906240531e-01 9.139935933915984334e-04
2.493647177248939639e-01 -9.684091982302929225e-01 9.288156425562310321e-04
2.486468681090943933e-01 -9.685937436731667516e-01 9.460752154262762077e-04
2.479236111345337612e-01 -9.687791031715595746e-01 9.657441295876183478e-04
2.471942372703076207e-01 -9.689654450419181719e-01 9.877938573968495298e-04
2.464580463309163361e-01 -9.691529328339651972e-01 1.012195508822333898e-03
2.457143475860093795e-01 -9.693417252949154683e-01 1.038919814906091518e-03
2.449624598739426617e-01 -9.695319763290994874e-01 1.067937111865993821e-03
2.442017117190397879e-01 -9.697238349533338075e-01 1.099217325856387002e-03
2.434314414524424985e-01 -9.699174452483758646e-01 1.132729958403892994e-03
2.426509973364296135e-01 -9.701129463068062231e-01 1.168444072533772211e-03
2.418597376920792463e-01 -9.703104721776809605e-01 1.206328279600865031e-03
2.410570310301439756e-01 -9.705101518082990264e-01 1.246350726837767726e-03
2.402422561850048321e-01 -9.707121089834306327e-01 1.288479085631531523e-03
2.394148024515654616e-01 -9.709164622623542851e-01 1.332680540538819366e-03
2.385740697249449371e-01 -9.711233249140508450e-01 1.378921779048090110e-03
2.377194686428240056e-01 -9.713328048509034529e-01 1.427168982096028126e-03
2.368504207302966624e-01 -9.715450045612532559e-01 1.477387815344088830e-03
2.359663585470767044e-01 -9.717600210411597716e-01 1.529543421219681926e-03
2.350667258369061874e-01 -9.719779457257164967e-01 1.583600411725179669e-03
2.341509776790109965e-01 -9.721988644202699259e-01 1.639522862016615451e-03
2.332185806414465712e-01 -9.724228572318901476e-01 1.697274304752616290e-03
2.322690129361757727e-01 -9.726499985014407379e-01 1.756817725212817243e-03
2.313017645757191876e-01 -9.728803567365919003e-01 1.818115557183722477e-03
2.303163375312171912e-01 -9.731139945461212415e-01 1.881129679608710718e-03
2.293122458917422335e-01 -9.733509685758430230e-01 1.945821413997639911e-03
2.282890160246991429e-01 -9.735913294465027290e-01 2.012151522590291571e-03
2.272461867371504685e-01 -9.738351216939732380e-01 2.080080207266703576e-03
2.261833094379038511e-01 -9.740823837120817785e-01 2.149567109196278986e-03
2.250999483001980273e-01 -9.743331476983962958e-01 2.220571309216440824e-03
2.239956804248238176e-01 -9.745874396032914166e-01 2.293051328930503004e-03
2.228700960035168432e-01 -9.748452790826120928e-01 2.366965132513397779e-03
2.217227984824585718e-01 -9.751066794542454508e-01 2.442270129212880270e-03
2.205534047257226016e-01 -9.753716476589062712e-01 2.518923176532888303e-03
2.193615451785035364e-01 -9.756401842254345258e-01 2.596880584084821936e-03
2.181468640299660255e-01 -9.759122832408960724e-01 2.676098118091662335e-03
2.169090193755521812e-01 -9.761879323257708352e-01 2.756531006529047267e-03
2.156476833785858638e-01 -9.764671126145034741e-01 2.838133944886694557e-03
2.143625424310130478e-01 -9.767497987416844385e-01 2.920861102532888720e-03
2.130532973131182284e-01 -9.770359588341188672e-01 3.004666129664139689e-03
2.117196633520567750e-01 -9.773255545090332452e-01 3.089502164821589150e-03
2.103613705790444988e-01 -9.776185408786571829e-01 3.175321842955270302e-03
2.089781638850458367e-01 -9.779148665614095792e-01 3.262077304016939606e-03
2.075698031748026418e-01 -9.782144736999069945e-01 3.349720202061880290e-03
2.061360635190462309e-01 -9.785172979859999565e-01 3.438201714839843239e-03
2.046767353047359017e-01 -9.788232686930324888e-01 3.527472553855124336e-03
2.031916243831673186e-01 -9.791323087155077154e-01 3.617482974875720070e-03
2.016805522157949782e-01 -9.794443346163290709e-01 3.708182788871487202e-03
2.001433560176127946e-01 -9.797592566817758808e-01 3.799521373361343726e-03
1.985798888979376786e-01 -9.800769789843563062e-01 3.891447684149713579e-03
1.969900199984408184e-01 -9.803973994536705483e-01 3.983910267432682999e-03
1.953736346282714254e-01 -9.807204099553992194e-01 4.076857272254688115e-03
1.937306343961181232e-01 -9.810458963785222419e-01 4.170236463296976212e-03
1.920609373390527175e-01 -9.813737387308553162e-01 4.263995233979621727e-03
1.903644780480008847e-01 -9.817038112429794516e-01 4.358080619859459187e-03
1.886412077896843509e-01 -9.820359824806219606e-01 4.452439312307003051e-03
1.868910946248784344e-01 -9.823701154655340995e-01 4.547017672446187694e-03
1.851141235228283832e-01 -9.827060678048935571e-01 4.641761745341601263e-03
1.833102964716672167e-01 -9.830436918292460025e-01 4.736617274418845544e-03
1.814796325846772806e-01 -9.833828347389833580e-01 4.831529716104623721e-03
1.796221682022363930e-01 -9.837233387593412592e-01 4.926444254674271564e-03
1.777379569892888200e-01 -9.840650413038822819e-01 5.021305817295574313e-03
1.758270700281799048e-01 -9.844077751464146431e-01 5.116059089258939707e-03
1.738895959066920349e-01 -9.847513686012812073e-01 5.210648529385280420e-03
1.719256408011180237e-01 -9.850956457119373066e-01 5.305018385604288837e-03
1.699353285542068437e-01 -9.854404264477190090e-01 5.399112710697186179e-03
1.679188007478144007e-01 -9.857855269086873706e-01 5.492875378199479908e-03
1.658762167700907342e-01 -9.861307595384188884e-01 5.586250098460732692e-03
1.638077538770329467e-01 -9.864759333445950462e-01 5.679180434859888368e-03
1.617136072482310560e-01 -9.868208541272284196e-01 5.771609820176258968e-03
1.595939900366320496e-01 -9.871653247143457044e-01 5.863481573117853771e-03
1.574491334121451425e-01 -9.875091452049327145e-01 5.954738915010346356e-03
1.552792865989086890e-01 -9.878521132189304055e-01 6.045324986651601055e-03
1.530847169060373936e-01 -9.881940241540536629e-01 6.135182865338296987e-03
1.508657097516654111e-01 -9.885346714491897169e-01 6.224255582072823687e-03
1.486225686800988766e-01 -9.888738468541181659e-01 6.312486138960244318e-03
1.463556153718885977e-01 -9.892113407052753882e-01 6.399817526806714924e-03
1.440651896466314530e-01 -9.895469422072751264e-01 6.486192742932353657e-03
1.417516494583060116e-01 -9.898804397198776028e-01 6.571554809213073570e-03
1.394153708829458105e-01 -9.902116210500861992e-01 6.655846790367434679e-03
1.370567480984509201e-01 -9.905402737490351939e-01 6.739011812506014339e-03
1.346761933563359603e-01 -9.908661854133172797e-01 6.820993081962213080e-03
1.322741369452108684e-01 -9.911891439903837142e-01 6.901733904424750543e-03
1.298510271457874454e-01 -9.915089380876364045e-01 6.981177704393395911e-03
1.274073301772035982e-01 -9.918253572848169108e-01 7.059268044980635155e-03
1.249435301344546112e-01 -9.921381924492819193e-01 7.135948648083119752e-03
1.224601289167187718e-01 -9.924472360537425208e-01 7.211163414947708607e-03
1.199576461463636029e-01 -9.927522824960295367e-01 7.284856447157838678e-03
1.174366190784170705e-01 -9.930531284204344722e-01 7.356972068066730021e-03
1.148976025002872020e-01 -9.933495730401626922e-01 7.427454844704596201e-03
1.123411686215124300e-01 -9.936414184604224209e-01 7.496249610187565374e-03
1.097679069533248897e-01 -9.939284700016609575e-01 7.563301486656404983e-03
1.071784241778080682e-01 -9.942105365224468416e-01 7.628555908773398085e-03
1.045733440064310210e-01 -9.944874307414867110e-01 7.691958647805812940e-03
1.019533070277414133e-01 -9.947589695582524927e-01 7.753455836324346824e-03
9.931897054400111446e-02 -9.950249743716852446e-01 7.812993993544695148e-03
9.667100839654930999e-02 -9.952852713964316367e-01 7.870520051340002335e-03
9.401011077968025875e-02 -9.955396919760581831e-01 7.925981380951380162e-03
9.133698404282540595e-02 -9.957880728926814529e-01 7.979325820422903878e-03
8.865235048083265623e-02 -9.960302566724414941e-01 8.030501702786577850e-03
8.595694811213941411e-02 -9.962660918862407122e-01 8.079457885021627123e-03
8.325153044464041197e-02 -9.964954334451602280e-01 8.126143777811109525e-03
8.053686622905639747e-02 -9.967181428899622997e-01 8.170509376117383177e-03
7.781373919961546981e-02 -9.969340886740803986e-01 8.212505290596186155e-03
7.508294780186543227e-02 -9.971431464394931998e-01 8.252082779867194254e-03
7.234530490744267572e-02 -9.973451992848773040e-01 8.289193783656806369e-03
6.960163751563114287e-02 -9.975401380254281802e-01 8.323790956826573884e-03
6.685278644155365213e-02 -9.977278614437388171e-01 8.355827704298180239e-03
6.409960599084751909e-02 -9.979082765311241277e-01 8.385258216883156868e-03
6.134296362068680092e-02 -9.980812987187797081e-01 8.412037508022638527e-03
5.858373958702463302e-02 -9.982468520981657711e-01 8.436121451439319505e-03
5.582282657794133962e-02 -9.984048696300090731e-01 8.457466819700533434e-03
5.306112933299682310e-02 -9.985552933413213150e-01 8.476031323687894387e-03
5.029956424849958696e-02 -9.986980745098374967e-01 8.491773652965295752e-03
4.753905896861927022e-02 -9.988331738352836942e-01 8.504653517033297291e-03
4.478055196228510060e-02 -9.989605615968961683e-01 8.514631687453921849e-03
4.202499208582897994e-02 -9.990802177966192632e-01 8.521670040825827380e-03
3.927333813134891577e-02 -9.991921322874255385e-01 8.525731602585559510e-03
3.652655836078657486e-02 -9.992963048862132380e-01 8.526780591606209631e-03
3.378563002573128221e-02 -9.993927454707529634e-01 8.524782465560371350e-03
3.105153887298236007e-02 -9.994814740601705161e-01 8.519703967009651172e-03
2.832527863592174122e-02 -9.995625208784760796e-01 8.511513170178404419e-03
2.560785051176975996e-02 -9.996359264006665635e-01 8.500179528364563974e-03
2.290026262481846542e-02 -9.997017413809548003e-01 8.485673921935726546e-03
2.020352947575891969e-02 -9.997600268627021558e-01 8.467968706853783167e-03
1.751867137724164719e-02 -9.998108541696593132e-01 8.447037763666608370e-03
1.484671387583255675e-02 -9.998543048781488585e-01 8.422856546900460081e-03
1.218868716055031103e-02 -9.998904707698550443e-01 8.395402134781961359e-03
9.545625458195147045e-03 -9.999194537649186421e-01 8.364653279213781975e-03
6.918566415703527282e-03 -9.999413658350717604e-01 8.330590455923410700e-03
4.308550469787651889e-03 -9.999563288965830354e-01 8.293195914699862462e-03
1.716620204143700507e-03 -9.999644746828254549e-01 8.252453729628600465e-03
-8.561803054623318664e-04 -9.999659445963180460e-01 8.208349849230632198e-03
-3.408806157897288896e-03 -9.999608895401393971e-01 8.160872146407496808e-03
-5.940212304793045239e-03 -9.999494697286533951e-01 8.110010468089833349e-03
-8.449354239724305576e-03 -9.999318544775372963e-01 8.055756684483361338e-03
-1.093518869802328868e-02 -9.999082219731496579e-01 7.998104737802503791e-03
-1.339667436679799033e-02 -9.998787590213277232e-01 7.937050690378472453e-03
-1.583277260469643025e-02 -9.998436607757559269e-01 7.872592772025550564e-03
-1.824244817093542692e-02 -9.998031304461008073e-01 7.804731426546457525e-03
-2.062466996308897835e-02 -9.997573789861630145e-01 7.733469357255153172e-03
-2.297841176310839312e-02 -9.997066247623545010e-01 7.658811571393260575e-03
-2.530265299102403206e-02 -9.996510932028647156e-01 7.580765423314426640e-03
-2.759637946575680192e-02 -9.995910164279402377e-01 7.499340656309437525e-03
-2.985858417244660959e-02 -9.995266328617601337e-01 7.414549442943833835e-03
-3.208826803568482627e-02 -9.994581868264493796e-01 7.326406423779032416e-03
-3.428444069801844796e-02 -9.993859281188337551e-01 7.234928744347675356e-03
-3.644612130307523651e-02 -9.993101115705987914e-01 7.140136090254062956e-03
-3.857233928264153927e-02 -9.992309965925759707e-01 7.042050720271080845e-03
-4.066213514700802584e-02 -9.991488467039398857e-01 6.940697497306039243e-03
-4.271456127788300638e-02 -9.990639290471592382e-01 6.836103917109311728e-03
-4.472868272315855265e-02 -9.989765138896028462e-01 6.728300134601577706e-03
-4.670357799280117073e-02 -9.988868741127607809e-01 6.617318987697845024e-03
-4.863833985512652780e-02 -9.987952846900953752e-01 6.503196018509288003e-03
-5.053207613270643828e-02 -9.987020221545933607e-01 6.385969491807236449e-03
-5.238391049714626740e-02 -9.986073640571435650e-01 6.265680410637412129e-03
-5.419298326196188287e-02 -9.985115884169144529e-01 6.142372528976740992e-03
-5.595845217277734679e-02 -9.984149731649558657e-01 6.016092361329718544e-03
-5.767949319405783065e-02 -9.983177955822951644e-01 5.886889189166432702e-03
-5.935530129158645557e-02 -9.982203317338413928e-01 5.754815064109841498e-03
-6.098509120988914595e-02 -9.981228558994520439e-01 5.619924807785868677e-03
-6.256809824380789309e-02 -9.980256400035529829e-01 5.482276008256179063e-03
-6.410357900342034121e-02 -9.979289530447368328e-01 5.341929012960206294e-03
-6.559081217150189436e-02 -9.978330605267943243e-01 5.198946918100047672e-03
-6.702909925272579339e-02 -9.977382238926585378e-01 5.053395554409211704e-03
-6.841776531379689663e-02 -9.976446999627637258e-01 4.905343469253874850e-03
-6.975615971371595947e-02 -9.975527403793373882e-01 4.754861905023248167e-03
-7.104365682337293597e-02 -9.974625910581572663e-01 4.602024773773838971e-03
-7.227965673367058030e-02 -9.973744916493106905e-01 4.446908628100795617e-03
-7.346358595138288705e-02 -9.972886750084989371e-01 4.289592628218077443e-03
-7.459489808195689242e-02 -9.972053666804245875e-01 4.130158505237932313e-03
-7.567307449847110457e-02 -9.971247843957928847e-01 3.968690520648970529e-03
-7.669762499596884109e-02 -9.970471375834465411e-01 3.805275422001019522e-03
-7.766808843039066379e-02 -9.969726268991317975e-01 3.640002394813885832e-03
-7.858403334133626239e-02 -9.969014437723738853e-01 3.472963010736051289e-03
-7.944505855789274484e-02 -9.968337699729071799e-01 3.304251171988229017e-03
-8.025079378677361930e-02 -9.967697771980721377e-01 3.133963052135492564e-03
-8.100090018202009412e-02 -9.967096266825516970e-01 2.962197033240376778e-03
-8.169507089552408008e-02 -9.966534688317720825e-01 2.789053639457864803e-03
-8.233303160764096629e-02 -9.966014428802437708e-01 2.614635467141503567e-03
-8.291454103716819346e-02 -9.965536765760607540e-01 2.439047111537986055e-03
-8.343939142997502945e-02 -9.965102858927161744e-01 2.262395090155360118e-03
-8.390740902557794478e-02 -9.964713747693240142e-01 2.084787762897554863e-03
-8.431845450096545069e-02 -9.964370348802675803e-01 1.906335249065102848e-03
-8.467242339098642046e-02 -9.964073454352165848e-01 1.727149341328763302e-03
