1.000000000000000000e+00 0.000000000000000000e+00 0.000000000000000000e+00
9.999999987157410786e-01 2.294214381817457141e-05 -4.519089254951237319e-05
9.999999874198327587e-01 8.283813384116374672e-05 -1.352716112848684671e-04
9.999999448469527596e-01 1.935937395770005948e-04 -2.698671369677366552e-04
9.999998313362318259e-01 3.689859209570149731e-04 -4.485293496510240913e-04
9.999995812164285125e-01 6.226402250945309476e-04 -6.707379936394903749e-04
9.999990935263056713e-01 9.680084827383035606e-04 -9.359017507535284056e-04
9.999982211781247576e-01 1.418346826039653796e-03 -1.243359416953871257e-03
9.999967586867952729e-01 1.986694044109197851e-03 -1.592381177061195051e-03
9.999944286008779493e-01 2.685850287330090319e-03 -1.982169972120883129e-03
9.999908667842648535e-01 3.528356125692053407e-03 -2.411862953929416221e-03
9.999856067088845890e-01 4.526471960696814428e-03 -2.880533021361162630e-03
9.999780629291613598e-01 5.692157784850245331e-03 -3.387190433415232516e-03
9.999675139181463113e-01 7.037053277591465150e-03 -3.930784494340069414e-03
9.999530844532066309e-01 8.572458221905193687e-03 -4.510205306783254819e-03
9.999337277458801854e-01 1.030931322200622814e-02 -5.124285589646379591e-03
9.999082075159548832e-01 1.225818069955036428e-02 -5.771802558186735904e-03
9.998750802140005112e-01 1.442922614397788156e-02 -6.451479864882382273e-03
9.998326775994436089e-01 1.683219959198058169e-02 -7.161989600644675172e-03
9.997790898828243789e-01 1.947641731182805924e-02 -7.901954357099456872e-03
9.997121496410775743e-01 2.237074367049678159e-02 -8.669949351838518101e-03
9.996294167135235664e-01 2.552357316529354006e-02 -9.464504619738217661e-03
9.995281642837029468e-01 2.894281260700081251e-02 -1.028410727462144431e-02
9.994053663482059813e-01 3.263586344851161780e-02 -1.112720384667022222e-02
9.992576867681933761e-01 3.660960426144794361e-02 -1.199220270204577783e-02
9.990814700923276170e-01 4.087037337331655279e-02 -1.287747655210675496e-02
9.988727343312781004e-01 4.542395168925856402e-02 -1.378136506040061188e-02
9.986271658537767548e-01 5.027554573526663018e-02 -1.470217755620477004e-02
9.983401165623156936e-01 5.542977097370908879e-02 -1.563819586378072807e-02
9.980066034929478969e-01 6.089063545690960588e-02 -1.658767725664636941e-02
9.976213109682140479e-01 6.666152390014118412e-02 -1.754885754604176146e-02
9.971785954149471332e-01 7.274518227142760807e-02 -1.851995431233825068e-02
9.966724929395613941e-01 7.914370301169171285e-02 -1.949917028740041566e-02
9.960967297324235803e-01 8.585851101470748370e-02 -2.048469689484093761e-02
9.954447353500475160e-01 9.289035051163496703e-02 -2.147471795370138603e-02
9.947096588992043742e-01 1.002392730192556286e-01 -2.246741354934523802e-02
9.938843881206999020e-01 1.079046265239803903e-01 -2.346096407326837135e-02
9.929615713426628298e-01 1.158850460848647179e-01 -2.445355443112965169e-02
9.919336422439103407e-01 1.241784460478292385e-01 -2.544337841560102842e-02
9.907928473375330336e-01 1.327820140696555629e-01 -2.642864323766233245e-02
9.895312760535633911e-01 1.416922071537320971e-01 -2.740757420675849279e-02
9.881408932678019674e-01 1.509047498996233527e-01 -2.837841954684261134e-02
9.866135740919604880e-01 1.604146351650296565e-01 -2.933945533180164558e-02
9.849411407086884340e-01 1.702161273313514411e-01 -3.028899052016434737e-02
9.831154010042617575e-01 1.803027683526935987e-01 -3.122537206539188759e-02
9.811281887222523812e-01 1.906673867526408883e-01 -3.214699007452465757e-02
9.789714048339135388e-01 2.013021097134867488e-01 -3.305228298458171704e-02
9.766370597958740074e-01 2.121983783788801703e-01 -3.393974272296335082e-02
9.741173163435993265e-01 2.233469664632415919e-01 -3.480791981527259910e-02
9.714045324505068413e-01 2.347380022300623315e-01 -3.565542840152862575e-02
9.684913040681348839e-01 2.463609938667165877e-01 -3.648095111976870641e-02
9.653705072528490083e-01 2.582048582461549113e-01 -3.728324381459652281e-02
9.620353392796359149e-01 2.702579530263772289e-01 -3.806114002739365704e-02
9.584793583439285003e-01 2.825081119975517141e-01 -3.881355522472002689e-02
9.546965214583714721e-01 2.949426835447725437e-01 -3.953949072192582820e-02
9.506812201631201775e-01 3.075485720525105715e-01 -4.023803726020722810e-02
9.464283136856843637e-01 3.203122820356181788e-01 -4.090837819726907826e-02
9.419331592093969086e-01 3.332199647421348887e-01 -4.154979227440302320e-02
9.371916389380680057e-01 3.462574669359282931e-01 -4.216165592612373253e-02
9.322001836779364448e-01 3.594103815331938234e-01 -4.274344510248798829e-02
9.269557926961711214e-01 3.726640997367778874e-01 -4.329473657879290976e-02
9.214560496573199755e-01 3.860038642868562908e-01 -4.381520873243712616e-02
9.156991344845609726e-01 3.994148234262812625e-01 -4.430464177224530120e-02
9.096838310406037964e-01 4.128820851643808520e-01 -4.476291741140315389e-02
9.034095305727742886e-01 4.263907714145039329e-01 -4.519001798121922986e-02
8.968762309173062830e-01 4.399260715783707698e-01 -4.558602498910743761e-02
8.900845315082440701e-01 4.534732951543849477e-01 -4.595111713035339440e-02
8.830356242857304583e-01 4.670179229574186741e-01 -4.628556776927117422e-02
8.757312806459249810e-01 4.805456565539867886e-01 -4.658974191116142805e-02
8.681738346195413403e-01 4.940424655388300779e-01 -4.686409269193957811e-02
8.603661625072474006e-01 5.074946323062625719e-01 -4.710915741731604156e-02
8.523116592372694811e-01 5.208887940016230234e-01 -4.732555318789225668e-02
8.440142117429131341e-01 5.342119813741348366e-01 -4.751397215041479327e-02
8.354781696849183925e-01 5.474516542916805228e-01 -4.767517641864661704e-02
8.267083138652786545e-01 5.605957337196452173e-01 -4.780999270982978777e-02
8.177098226951858839e-01 5.736326300092591257e-01 -4.791930674450273209e-02
8.084882370900534632e-01 5.865512673849558878e-01 -4.800405745849082445e-02
7.990494241691817878e-01 5.993411045643481927e-01 -4.806523107622082125e-02
7.893995401367455145e-01 6.119921514877486590e-01 -4.810385509414164679e-02
7.795449927146924640e-01 6.244949821760101827e-01 -4.812099222200508231e-02
7.694924034872230312e-01 6.368407437751953948e-01 -4.811773432812012363e-02
7.592485705012379515e-01 6.490211618836365659e-01 -4.809519643250507320e-02
7.488204314480090273e-01 6.610285422908611652e-01 -4.805451078919000668e-02
7.382150277289171170e-01 6.728557692882464192e-01 -4.799682109584348794e-02
7.274394696830012164e-01 6.844963007378646047e-01 -4.792327686548911170e-02
7.165009032268720990e-01 6.959441601086067131e-01 -4.783502799141783196e-02
7.054064781288662545e-01 7.071939257072393792e-01 -4.773321953257026601e-02
6.941633181097242034e-01 7.182407173465676919e-01 -4.761898674273373766e-02
6.827784929321215612e-01 7.290801807034236193e-01 -4.749345036294420203e-02
6.712589926115637429e-01 7.397084696259282888e-01 -4.735771219256865172e-02
6.596117038519409004e-01 7.501222266526107463e-01 -4.721285095072926680e-02
6.478433887808203728e-01 7.603185620057522076e-01 -4.705991843606856240e-02
6.359606660326834193e-01 7.702950313180850772e-01 -4.689993598938985847e-02
6.239699942030692004e-01 7.800496123460215481e-01 -4.673389126047661213e-02
6.118776576731973504e-01 7.895806809142746907e-01 -4.656273527742635365e-02
5.996897547832680253e-01 7.988869863264153048e-01 -4.638737981415153033e-02
5.874121883133932576e-01 8.079676264639327199e-01 -4.620869504931490040e-02
5.750506582140537670e-01 8.168220227830806923e-01 -4.602750750788837941e-02
5.626106565131160364e-01 8.254498954045187409e-01 -4.584459827475313720e-02
5.500974643137513942e-01 8.338512384758144380e-01 -4.566070146829109833e-02
5.375161507870106492e-01 8.420262959715323348e-01 -4.547650296074531862e-02
5.248715740542266861e-01 8.499755380801583549e-01 -4.529263933123658936e-02
5.121927298126054406e-01 8.576874996462808820e-01 -4.506404570491700373e-02
4.994957442381972035e-01 8.651575139851024332e-01 -4.479380756225598975e-02
4.867961658470612574e-01 8.723821346576827729e-01 -4.448496078117233216e-02
4.741089178155933892e-01 8.793590617855894243e-01 -4.414048221490150803e-02
4.614482571222477403e-01 8.860870661773411205e-01 -4.376328140426358204e-02
4.488277404213043553e-01 8.925659121614244462e-01 -4.335619340191439880e-02
4.362601964721835590e-01 8.987962799506516998e-01 -4.292197267501035585e-02
4.237577048736378416e-01 9.047796882870617896e-01 -4.246328804329353723e-02
4.113315807908504707e-01 9.105184180375845981e-01 -4.198271860188989429e-02
3.989923653146287275e-01 9.160154373302349384e-01 -4.148275057205046135e-02
3.867498210548410142e-01 9.212743287403780679e-01 -4.096577501856399350e-02
3.746129325441667768e-01 9.262992189581013003e-01 -4.043408636951501683e-02
3.625899110121288405e-01 9.310947112921527102e-01 -3.988988167232246362e-02
3.506882030821900087e-01 9.356658212942663422e-01 -3.933526051942851098e-02
3.389145029453135005e-01 9.400179157207327885e-01 -3.877222557746662357e-02
3.272747675706915160e-01 9.441566549863437130e-01 -3.820268365507392683e-02
3.157742345272443463e-01 9.480879392096884795e-01 -3.762844724658043899e-02
3.044174420069439835e-01 9.518178578983836902e-01 -3.705123649146789544e-02
2.932082506620408147e-01 9.553526432782130096e-01 -3.647268149261420622e-02
2.821498668919727448e-01 9.586986272312432167e-01 -3.589432493980713318e-02
2.712448672413094730e-01 9.618622017745745989e-01 -3.531762498871543476e-02
2.604952235968083230e-01 9.648497829832111128e-01 -3.474395834935270488e-02
2.499023288989188907e-01 9.676677782372574699e-01 -3.417462354197627755e-02
2.394670231103352143e-01 9.703225566549049663e-01 -3.361084428226052828e-02
2.291896192110194908e-01 9.728204225580525666e-01 -3.305377296141261828e-02
2.190699290151503498e-01 9.751675918065126902e-01 -3.250449419061114675e-02
2.091072886303964040e-01 9.773701708291685497e-01 -3.196402838270731572e-02
1.993005834035681267e-01 9.794341381757697418e-01 -3.143333534750493430e-02
1.896482722189035963e-01 9.813653284108941888e-01 -3.091331788010989387e-02
1.801484110358925472e-01 9.831694181715953107e-01 -3.040482532479765396e-02
1.707986755725833805e-01 9.848519142120498726e-01 -2.990865709958126853e-02
1.615963830577303029e-01 9.864181432618078782e-01 -2.942556616917012605e-02
1.525385129909360427e-01 9.878732435287306268e-01 -2.895626245629211171e-02
1.436217268641679645e-01 9.892221576831234930e-01 -2.850141618341439295e-02
1.348423868107325174e-01 9.904696271656963091e-01 -2.806166113874785165e-02
1.261965731590583006e-01 9.916201876686048244e-01 -2.763759786206673383e-02
1.176801008785487435e-01 9.926781656457628333e-01 -2.722979674732929969e-02
1.092885349134151834e-01 9.936476757157132189e-01 -2.683880106035859553e-02
1.010172044078891662e-01 9.945326188274635770e-01 -2.646512987094745348e-02
9.286121583264081436e-02 9.953366810667251263e-01 -2.610928089970061122e-02
8.481546502769983509e-02 9.960633329868383568e-01 -2.577173328073173800e-02
7.687464818178815773e-02 9.967158293552502712e-01 -2.545295024200613238e-02
6.903327177182760899e-02 9.972972092126609622e-01 -2.515338170567206141e-02
6.128566148957729359e-02 9.978102961478292343e-01 -2.487346681116602010e-02
5.362597018497628626e-02 9.982576986964787347e-01 -2.461363636421933648e-02
4.604818485790552335e-02 9.986418107777446096e-01 -2.437431521514451735e-02
3.854613273182284916e-02 9.989648120861266412e-01 -2.415592456994768156e-02
3.111348644414680537e-02 9.992286683609478137e-01 -2.395888423790535141e-02
2.374376838944465898e-02 9.994351314588513224e-01 -2.378361481926590318e-02
1.643035425249081416e-02 9.995857391578953921e-01 -2.363053983669324148e-02
9.165164847416855387e-03 9.996818217859633204e-01 -2.350029446004583619e-02
1.941568302947999439e-03 9.997244732482197804e-01 -2.339266570105751064e-02
-5.247014227200434179e-03 9.997145794131051533e-01 -2.330745519706435565e-02
-1.240710928718753887e-02 9.996528231090017202e-01 -2.324447921824683225e-02
-1.954519199143917377e-02 9.995396884585420194e-01 -2.320356861760440939e-02
-2.666768699876956306e-02 9.993754645662904501e-01 -2.318456872655116213e-02
-3.378096954261321921e-02 9.991602485754425000e-01 -2.318733919842318192e-02
-4.089136647357008436e-02 9.988939481090409744e-01 -2.321175380161776686e-02
-4.800515727194652749e-02 9.985762831110338578e-01 -2.325770016353722464e-02
-5.512857498912776544e-02 9.982067871023325711e-01 -2.332507946598385770e-02
-6.226780707745854099e-02 9.977848078668944964e-01 -2.341380609214471428e-02
-6.942899606885283292e-02 9.973095075827874689e-01 -2.352380722481241249e-02
-7.661824006261462594e-02 9.967798624132164775e-01 -2.365502239500955409e-02
-8.384159298294427409e-02 9.961946615726363641e-01 -2.380740297971672623e-02
-9.110506456634329120e-02 9.955525058833641916e-01 -2.398091164694626104e-02
-9.841462003862863628e-02 9.948518058385674712e-01 -2.417552174595388390e-02
-1.057761794405410877e-01 9.940907791881705702e-01 -2.439121663993721462e-02
-1.131956165599966035e-01 9.932674480651141335e-01 -2.462798897813267204e-02
-1.206787574279018366e-01 9.923796356705560928e-01 -2.488583990379013983e-02
-1.282313783331534562e-01 9.914249625380450182e-01 -2.516477819407775957e-02
-1.358592033109862485e-01 9.904008423984559384e-01 -2.546481932754769348e-02
-1.435679010572497583e-01 9.893044776695953946e-01 -2.578598447437841293e-02
-1.513630812195036757e-01 9.881328545968830479e-01 -2.612829940420162075e-02
-1.592502900140572164e-01 9.868827380744391586e-01 -2.649179330592421611e-02
-1.672350051162710960e-01 9.855506661792881040e-01 -2.687649751357059844e-02
-1.753226297696313385e-01 9.841329444552678885e-01 -2.728244413180170094e-02
-1.835184860573352839e-01 9.826256399876419634e-01 -2.770966455441876974e-02
-1.918278072784526112e-01 9.810245753143967962e-01 -2.815818786883769742e-02
-2.002557293691960005e-01 9.793253222258011537e-01 -2.862803913922994797e-02
-2.088072813085227464e-01 9.775231955100441850e-01 -2.911923756077674369e-02
-2.174873744462645087e-01 9.756132467096988448e-01 -2.963179447728301816e-02
-2.263007906913335476e-01 9.735902579613977537e-01 -3.016571125425713401e-02
-2.352521694973740418e-01 9.714487359995003235e-01 -3.072097699949356137e-02
-2.443459935836250208e-01 9.691829064136878724e-01 -3.129756612321201587e-02
-2.535865733298561797e-01 9.667867082603692763e-01 -3.189543572992332293e-02
-2.629780297861619709e-01 9.642537891385158932e-01 -3.251452283442664987e-02
-2.725242762412993236e-01 9.615775008520688338e-01 -3.315474139471361048e-02
-2.822289982972918110e-01 9.587508957933512654e-01 -3.381597915508304658e-02
-2.920956324033701090e-01 9.557667241949385772e-01 -3.449809429347889395e-02
-3.021273428091651447e-01 9.526174324111271741e-01 -3.520091186797680988e-02
-3.123269969056161055e-01 9.492951624044151382e-01 -3.592422005848994182e-02
-3.226971389325133943e-01 9.457917526271513164e-01 -3.666776620116802415e-02
-3.332399620441857668e-01 9.420987405035736728e-01 -3.743125261465612280e-02
-3.439572787397920939e-01 9.382073667326537025e-01 -3.821433221938984326e-02
-3.548504896822165522e-01 9.341085816472634029e-01 -3.901660395346313176e-02
-3.659205509499223741e-01 9.297930538798984124e-01 -3.983760799134282438e-02
-3.771679397895074115e-01 9.252511815991902866e-01 -4.067682077484954112e-02
-3.885926189633268080e-01 9.204731065943321244e-01 -4.153364986940420028e-02
-4.001939998165756074e-01 9.154487314958570376e-01 -4.240742866257598415e-02
-4.119709042217929995e-01 9.101677404304323593e-01 -4.329741092647926975e-02
-4.239215255959442041e-01 9.046196234138609293e-01 -4.420276527056506838e-02
-4.360433892260746069e-01 8.987937047896605858e-01 -4.512256951683925321e-02
-4.483333121839489510e-01 8.926791760196810532e-01 -4.605580503550754656e-02
-4.607873631579227913e-01 8.862651331274340460e-01 -4.700135108547357637e-02
-4.734008225812603721e-01 8.795406190832993909e-01 -4.795797921096450755e-02
-4.861681434897878740e-01 8.724946714026411421e-01 -4.892434775277249709e-02
-4.990829135975675679e-01 8.651163752022078546e-01 -4.989899654010210295e-02
-5.121378191364326371e-01 8.573949219260774690e-01 -5.088034183670284843e-02
-5.253246110627656229e-01 8.493196739089506897e-01 -5.186667162271416803e-02
-5.386340742916545521e-01 8.408802348909503177e-01 -5.285614130130082688e-02
-5.520560006731065616e-01 8.320665265335225325e-01 -5.384676992652396438e-02
-5.655791664756990578e-01 8.228688709099584164e-01 -5.483643705575823313e-02
-5.791913151880203614e-01 8.132780788560750596e-01 -5.582288033608119593e-02
-5.928791464853998550e-01 8.032855439665763653e-01 -5.680369393914909415e-02
-6.066283122364564129e-01 7.928833419107437219e-01 -5.777632796282968636e-02
-6.204234204384428963e-01 7.820643346179509958e-01 -5.873808891996302323e-02
-6.342480479696726015e-01 7.708222787500739193e-01 -5.968614143472542044e-02
-6.480847630288738559e-01 7.591519377356840126e-01 -6.061751126483587437e-02
-6.619151580925789480e-01 7.470491964920594752e-01 -6.152908976293031129e-02
-6.757198941602116093e-01 7.345111778081626630e-01 -6.241763988251966544e-02
-6.894787569702660601e-01 7.215363592081055488e-01 -6.327980382276197913e-02
-7.031707257581601977e-01 7.081246889641149567e-01 -6.411211239159041175e-02
-7.167740549858300225e-01 6.942776997850693688e-01 -6.491099614839523912e-02
-7.302663693044690874e-01 6.799986185762507684e-01 -6.567279836540003413e-02
-7.436247718153965458e-01 6.652924705533873606e-01 -6.639378982115440309e-02
-7.568259654712617968e-01 6.501661759049525147e-01 -6.707018541037251813e-02
-7.698463872131512398e-01 6.346286371367090284e-01 -6.769816252201120432e-02
-7.826623541723378708e-01 6.186908152071646239e-01 -6.827388110249033026e-02
-7.952502209833136604e-01 6.023657925770624644e-01 -6.879350528396434294e-02
-8.075865469634891936e-01 5.856688213547035504e-01 -6.925322641936657031e-02
-8.196482716217821096e-01 5.686173548252714260e-01 -6.964928732752911911e-02
-8.314128966714879887e-01 5.512310608086188335e-01 -6.997800751412180942e-02
-8.428586724513421613e-01 5.335318154968869964e-01 -7.023580909864568511e-02
-8.539647864120266663e-01 5.155436766798171533e-01 -7.041924314551624431e-02
-8.647115511131678867e-01 4.972928355687260549e-01 -7.052501606964897696e-02
-8.750805890074488946e-01 4.788075467748842406e-01 -7.055001576514954853e-02
-8.850550111724491131e-01 4.601180363775017601e-01 -7.049133709084942634e-02
-8.946195870946798134e-01 4.412563884218203558e-01 -7.034630633949706668e-02
-9.037609026198684115e-01 4.222564106083983027e-01 -7.011250431918217285e-02
-9.124675032627155291e-01 4.031534803586573901e-01 -6.978778768653712272e-02
-9.207300202196555539e-01 3.839843728563155367e-01 -6.937030819161835171e-02
-9.285412766485977576e-01 3.647870730562132735e-01 -6.885852952397319982e-02
-9.358963720665601782e-01 3.456005740081553035e-01 -6.825124148774527888e-02
-9.427927430632766503e-01 3.264646641513712644e-01 -6.754757127991289911e-02
-9.492301989275255814e-01 3.074197064840125115e-01 -6.674699169871217697e-02
-9.552109312222418769e-01 2.885064126925740435e-01 -6.584932616750455159e-02
-9.607394968118312395e-01 2.697656154314087562e-01 -6.485475052110994953e-02
-9.658227743267385756e-01 2.512380419684187016e-01 -6.376379156508613089e-02
-9.704698945318633863e-01 2.329640923582871614e-01 -6.257732248165398525e-02
-9.746921455325513461e-01 2.149836251709446033e-01 -6.129655521701483228e-02
-9.785045706714328162e-01 1.973137741055933647e-01 -5.996736258446364737e-02
-9.819239421715765248e-01 1.799788929125699377e-01 -5.859158861657449285e-02
-9.849678949515118243e-01 1.630021397778489423e-01 -5.717125331971541907e-02
-9.876548085138611155e-01 1.464054003253645875e-01 -5.570853919022938222e-02
-9.900036843452707513e-01 1.302092222984225500e-01 -5.420577713261861413e-02
-9.920340203862698658e-01 1.144327620753656100e-01 -5.266543197218673950e-02
-9.937656841063174928e-01 9.909374297451907510e-02 -5.109008775003001657e-02
-9.952187856687856327e-01 8.420842511575167555e-02 -4.948243298014928793e-02
-9.964135525960278184e-01 6.979158643453101107e-02 -4.784524603719089719e-02
-9.973702072495189697e-01 5.585651429218928266e-02 -4.618138082939319405e-02
-9.981088483281401746e-01 4.241500699552869236e-02 -4.449375289523223309e-02
-9.986493374629824560e-01 2.947738443138508274e-02 -4.278532604456289357e-02
-9.990111918535047320e-01 1.705250693807170564e-02 -4.105909964627710296e-02
-9.992134837513091394e-01 5.147801475766862131e-03 -3.931809664517019187e-02
-9.992747474577442501e-01 -6.230705878725517274e-03 -3.756535237130816801e-02
-9.992128943632110349e-01 -1.707835210199343257e-02 -3.580390418616716253e-02
-9.990451364222192598e-01 -2.739179504211398594e-02 -3.403678199156352085e-02
-9.987879183312479148e-01 -3.716896784383098840e-02 -3.226699961024100810e-02
-9.984568585581543587e-01 -4.640903089929378222e-02 -3.049754703120177365e-02
-9.980666992636252344e-01 -5.511232218848632902e-02 -2.873138349866833502e-02
-9.976312650578725849e-01 -6.328030680774864025e-02 -2.697143141109299008e-02
-9.971634304499398249e-01 -7.091552641013691705e-02 -2.522057098598102717e-02
-9.966750957726834281e-01 -7.802154920015698381e-02 -2.348163563750444577e-02
-9.961771713035006970e-01 -8.460292103988276136e-02 -2.175740800694855176e-02
-9.956795692486645200e-01 -9.066511813571648259e-02 -2.005061658091037563e-02
-9.951912032169616396e-01 -9.621450168694396787e-02 -1.836393282877837527e-02
-9.947199947753078142e-01 -1.012582747904603592e-01 -1.669996878926502046e-02
-9.942728866541179489e-01 -1.058044418120439173e-01 -1.506127503551514882e-02
-9.938558621523654324e-01 -1.098617703545764768e-01 -1.345033894943695879e-02
-9.934739702803883077e-01 -1.134397558786763571e-01 -1.186958323825378081e-02
-9.931313561715198190e-01 -1.165485889621530186e-01 -1.032136462970251016e-02
-9.928312962905377903e-01 -1.191991251221576342e-01 -8.807972686656770356e-03
-9.925762379668162660e-01 -1.214028570683692854e-01 -7.331628687078429497e-03
-9.923678427821069903e-01 -1.231718892073500604e-01 -5.894484520952400324e-03
-9.922070333463844927e-01 -1.245189141775182168e-01 -4.498621562093723519e-03
-9.920940429995870335e-01 -1.254571911611030155e-01 -3.146049479295800685e-03
-9.920284679819434404e-01 -1.260005256939271401e-01 -1.838704958083729139e-03
-9.920093216205893016e-01 -1.261632506757926486e-01 -5.784503112234245202e-04
-9.920350900851749865e-01 -1.259602082734169459e-01 6.329280370007796599e-04
-9.921037892700915739e-01 -1.254067324039981890e-01 1.793721200999250521e-03
-9.922130223658482961e-01 -1.245186314902349406e-01 2.902299620347458843e-03
-9.923600376871715145e-01 -1.233121711865723252e-01 3.957114978117178689e-03
-9.925417863307842703e-01 -1.218040567911240907e-01 4.956702240924655556e-03
-9.927549792418631780e-01 -1.200114150776024069e-01 5.899681805298199154e-03
-9.929961432751744921e-01 -1.179517753060958241e-01 6.784761730276828856e-03
-9.932616758452319505e-01 -1.156430492000456167e-01 7.610740032083421376e-03
-9.935478977698458669e-01 -1.131035097086146579e-01 8.376507013320304978e-03
-9.938511039235004008e-01 -1.103517684081149475e-01 9.081047596451447337e-03
-9.941676113314232843e-01 -1.074067514325274947e-01 9.723443629391100018e-03
-9.944938043522709714e-01 -1.042876738606552944e-01 1.030287612982953328e-02
-9.948261766172600273e-01 -1.010140125253329441e-01 1.081862743449519756e-02
-9.951613694164775925e-01 -9.760547724760879063e-02 1.127008321986908666e-02
-9.954962062490689823e-01 -9.408198053516850234e-02 1.165673436190765508e-02
-9.958277232830070602e-01 -9.046360581875809159e-02 1.197817860405852620e-02
-9.961531955020994644e-01 -8.677057433230730976e-02 1.223412200521869359e-02
-9.964701583525878981e-01 -8.302321077122445936e-02 1.242438014222591904e-02
-9.967764247388746224e-01 -7.924190788837302823e-02 1.254887904491725804e-02
-9.970700972572185128e-01 -7.544709020807156830e-02 1.260765584565084162e-02
-9.973495755972714427e-01 -7.165917705469952714e-02 1.260085912937652756e-02
-9.976135590836001654e-01 -6.789854510385974484e-02 1.252874897475965768e-02
-9.978610443723520129e-01 -6.418549067037356004e-02 1.239169668140733399e-02
-9.980913183614462669e-01 -6.054019194860773417e-02 1.219018418281359387e-02
-9.983039464155539777e-01 -5.698267141681240266e-02 1.192480314912394354e-02
-9.984987560491371816e-01 -5.353275860845861656e-02 1.159625378811889214e-02
-9.986758162514343118e-01 -5.021005344028561801e-02 1.120534335683299326e-02
-9.988354126760266016e-01 -4.703389026928854466e-02 1.075298439987012675e-02
-9.989780189540633515e-01 -4.402330282967821529e-02 1.024019273366601028e-02
-9.991042644239972459e-01 -4.119699017648947165e-02 9.668085198614499720e-03
-9.992148986014759426e-01 -3.857328373563675278e-02 9.037877203056626785e-03
-9.993107527406239754e-01 -3.617011553150328157e-02 8.350880084585380128e-03
-9.993926988621676388e-01 -3.400498763333020813e-02 7.608498314913814640e-03
-9.994616066446309066e-01 -3.209494283149513100e-02 6.812226574672722822e-03
-9.995182985921390317e-01 -3.045653652499263550e-02 5.963646723944952995e-03
-9.995635039062676919e-01 -2.910580977280237749e-02 5.064424693119202320e-03
-9.995978114999716224e-01 -2.805826343507950016e-02 4.116307316783468853e-03
-9.996216225990702808e-01 -2.732883330591732302e-02 3.121119130917351502e-03
-9.996351033812388431e-01 -2.693186611845557049e-02 2.080759150635482120e-03
-9.996381381041544723e-01 -2.688109628592042638e-02 9.971976422453576044e-04
-9.996302831735862648e-01 -2.718962322929924930e-02 -1.275271005143556284e-04
-9.996107225989835365e-01 -2.786988913420929484e-02 -1.291311970411514447e-03
-9.995782252786894473e-01 -2.893365697646948023e-02 -2.491992249648124387e-03
-9.995311045494224000e-01 -3.039198865819128098e-02 -3.727344805187559045e-03
-9.994671804252125424e-01 -3.225522310403960979e-02 -4.995091284523408420e-03
-9.993837449396014705e-01 -3.453295418074981554e-02 -6.292901324495822624e-03
-9.992775309915785664e-01 -3.723400832199463134e-02 -7.618395790149073803e-03
-9.991446850803555879e-01 -4.036642176514323999e-02 -8.969150064727551830e-03
-9.989807442965197293e-01 -4.393741733610530276e-02 -1.034269741561876649e-02
-9.987806179171432319e-01 -4.795338075295976776e-02 -1.173653246426523307e-02
-9.985385739298018315e-01 -5.241983645797527319e-02 -1.314811479068004121e-02
-9.982482307848543623e-01 -5.734142303036920268e-02 -1.457487270511643312e-02
-9.979025546464247443e-01 -6.272186827804868137e-02 -1.601420722056964840e-02
-9.974938623799595172e-01 -6.856396415484243556e-02 -1.746349626004879696e-02
-9.970138304776583471e-01 -7.486954169947514226e-02 -1.892009913187771980e-02
-9.964535100821902969e-01 -8.163944624276307793e-02 -2.038136130461042778e-02
-9.958033482236475775e-01 -8.887351317913659565e-02 -2.184461951043844413e-02
-9.950532153344856523e-01 -9.657054464645691005e-02 -2.330720720220226874e-02
-9.941924390521754695e-01 -1.047282875029614674e-01 -2.476646038429618918e-02
-9.932098442595233001e-01 -1.133434130307714172e-01 -2.621972383189680178e-02
-9.920937992483099821e-01 -1.224114988304297186e-01 -2.766435770609862801e-02
-9.908322678234658953e-01 -1.319270133991259641e-01 -2.909774456477926680e-02
-9.894174666744396385e-01 -1.418608293356765082e-01 -3.047262091479762888e-02
-9.878397071865115953e-01 -1.521916729298777582e-01 -3.178689669220216563e-02
-9.860896900073899962e-01 -1.628974276308651770e-01 -3.303862665091421291e-02
-9.841586103538113584e-01 -1.739551929351704773e-01 -3.422601849636762450e-02
-9.820382591603160627e-01 -1.853413502427918857e-01 -3.534744059785688286e-02
-9.797211189803706199e-01 -1.970316354937033387e-01 -3.640142915636833398e-02
-9.772004535931461122e-01 -2.090012182588585898e-01 -3.738669470665000050e-02
-9.744703903308968851e-01 -2.212247868233827852e-01 -3.830212783704987911e-02
-9.715259942217634448e-01 -2.336766386687319508e-01 -3.914680401817863253e-02
-9.683633331401249045e-01 -2.463307756385337277e-01 -3.991998744160877438e-02
-9.649795332699770967e-01 -2.591610029628343970e-01 -4.062113378241098693e-02
-9.613728243142761754e-01 -2.721410312205254090e-01 -4.124989181407633099e-02
-9.575425740223557636e-01 -2.852445802423834165e-01 -4.180610382094254035e-02
-9.534893117555542918e-01 -2.984454838995326820e-01 -4.228980477123746307e-02
-9.492147409649068779e-01 -3.117177946857757620e-01 -4.270122023283350748e-02
-9.447217406107646376e-01 -3.250358869880679569e-01 -4.304076303330412606e-02
-9.400143557090009372e-01 -3.383745579477298038e-01 -4.330902868540336542e-02
-9.350977773385541481e-01 -3.517091248454258245e-01 -4.350678961817158741e-02
-9.299783125870859646e-01 -3.650155179944937212e-01 -4.363498827204231184e-02
-9.246633450424004419e-01 -3.782703681982855226e-01 -4.369472913315923523e-02
-9.191612865542226896e-01 -3.914510879156635759e-01 -4.368726979722903359e-02
-9.134815210916743533e-01 -4.045359453821132378e-01 -4.361401116631458824e-02
-9.076343416045049572e-01 -4.175041310491893198e-01 -4.347648689276392697e-02
-9.016308808596105173e-01 -4.303358158290667146e-01 -4.327635219279508255e-02
-8.954830372679213335e-01 -4.430122007605694634e-01 -4.301537215801730374e-02
-8.892033967402738215e-01 -4.555155578449512355e-01 -4.269540969634162686e-02
-8.828051516148573974e-01 -4.678292619307476419e-01 -4.231841323436935642e-02
-8.763020176841875841e-01 -4.799378136542739037e-01 -4.188640431156399196e-02
-8.697081503177064299e-01 -4.918268535631388216e-01 -4.140146519248720514e-02
-8.630380606288027279e-01 -5.034831676621839280e-01 -4.086572661733989253e-02
-8.563065325743257628e-01 -5.148946847226278933e-01 -4.028135580325944987e-02
-8.495285418027749280e-01 -5.260504657844207177e-01 -3.965054479957640099e-02
-8.427191769866443360e-01 -5.369406863578551903e-01 -3.897549928983441714e-02
-8.358935642872575844e-01 -5.475566118927331916e-01 -3.825842792213911270e-02
-8.290667955091927110e-01 -5.578905671316504167e-01 -3.750153223762910104e-02
-8.222538604082854086e-01 -5.679358999984226442e-01 -3.670699725484871667e-02
-8.154695835242747881e-01 -5.776869406938456297e-01 -3.587698275581601565e-02
-8.087285658182622461e-01 -5.871389566796523241e-01 -3.501361530786368387e-02
-8.020451313079037803e-01 -5.962881042287302424e-01 -3.411898104409560178e-02
-7.954332788109884644e-01 -6.051313772065816110e-01 -3.319511921472396987e-02
-7.889066388318572987e-01 -6.136665537269606618e-01 -3.224401651177253442e-02
-7.824784355558002114e-01 -6.218921412949841576e-01 -3.126760216075660098e-02
-7.761614538546917075e-01 -6.298073210151797774e-01 -3.026774376505282985e-02
-7.699680111530138316e-01 -6.374118914012808501e-01 -2.924624388179231094e-02
-7.639099339571783220e-01 -6.447062122804202433e-01 -2.820483730226223604e-02
-7.579985388126156964e-01 -6.516911492379456883e-01 -2.714518900497221721e-02
-7.522446174222106041e-01 -6.583680190015057665e-01 -2.606889274569801698e-02
-7.466584256359620753e-01 -6.647385361153420602e-01 -2.497747024590714002e-02
-7.412496760047583289e-01 -6.708047612087533196e-01 -2.387237093893343834e-02
-7.360275335803345698e-01 -6.765690511172065547e-01 -2.275497223202697580e-02
-7.310006146382322934e-01 -6.820340110711818893e-01 -2.162658024188002584e-02
-7.261769880002727495e-01 -6.872024491270316560e-01 -2.048843096133511413e-02
-7.215641786370656785e-01 -6.920773329762807125e-01 -1.934169181563073076e-02
-7.171691732387761586e-01 -6.966617492351472318e-01 -1.818746356764938329e-02
-7.129984274531604438e-01 -7.009588652847820178e-01 -1.702678253311895942e-02
-7.090578745031983487e-01 -7.049718937048797818e-01 -1.586062306850380410e-02
-7.053529349119616043e-01 -7.087040593188992377e-01 -1.468990029633380351e-02
-7.018885270791899167e-01 -7.121585688480773779e-01 -1.351547303489110050e-02
-6.986690784719717939e-01 -7.153385831536119843e-01 -1.233814690144474820e-02
-6.956985372105640719e-01 -7.182471920316569891e-01 -1.115867756053968984e-02
-6.929803838494140722e-01 -7.208873915139328847e-01 -9.977774091160896558e-03
-6.905176431725913444e-01 -7.232620636175847162e-01 -8.796102448865712048e-03
-6.883128958418668342e-01 -7.253739584811881302e-01 -7.614289001172793413e-03
-6.863682897544145511e-01 -7.272256788192784649e-01 -6.432924116585999122e-03
-6.846855509854102850e-01 -7.288196666252013678e-01 -5.252565789592619425e-03
-6.832659942085639315e-01 -7.301581920512276724e-01 -4.073743285789088037e-03
-6.821105325047669421e-01 -7.312433443954934331e-01 -2.896960792939583425e-03
-6.812196864855295519e-01 -7.320770251271865314e-01 -1.722701065253497144e-03
-6.805935926736965680e-01 -7.326609428842854044e-01 -5.514290494698255701e-04
-6.802320110990701663e-01 -7.329966103818482681e-01 6.164045175436855088e-04
-6.801343320810508963e-01 -7.330853431731476633e-01 1.780359549032547962e-03
-6.802995821842560131e-01 -7.329282602106573785e-01 2.940003095040759611e-03
-6.807264293463330951e-01 -7.325262861588424101e-01 4.094905883566882232e-03
-6.814131871898919668e-01 -7.318801554157092770e-01 5.244638923818815968e-03
-6.823578185426771858e-01 -7.309904178049781986e-01 6.388770178963670485e-03
-6.835579382018407424e-01 -7.298574459053945862e-01 7.526861315698409396e-03
-6.850108149894896803e-01 -7.284814439879521153e-01 8.658464538047919851e-03
-6.867133731576099409e-01 -7.268624585355292211e-01 9.783119513019770605e-03
-6.886621932110352784e-01 -7.250003903225055168e-01 1.090035039609766297e-02
-6.908535122273544715e-01 -7.228950080342106954e-01 1.200966296502599048e-02
-6.932832237625322636e-01 -7.205459634074525832e-01 1.311054187091209924e-02
-6.959468774405583869e-01 -7.179528078737612562e-01 1.420244801633561982e-02
-6.988396783346026986e-01 -7.151150106862816935e-01 1.528481607088919177e-02
-7.019564862559074525e-01 -7.120319785093551790e-01 1.635705213536397390e-02
-7.052918150749347692e-01 -7.087030764466701882e-01 1.741853156661703553e-02
-7.088398322070270652e-01 -7.051276504793727584e-01 1.846859697599513572e-02
-7.125943584019421850e-01 -7.013050512796440428e-01 1.950655641501767082e-02
-7.165488679829843388e-01 -6.972346593579468177e-01 2.053168176281667395e-02
-7.206964896869283432e-01 -6.929159114933853836e-01 2.154320733056765136e-02
-7.250300082603945429e-01 -6.883483283864167968e-01 2.254032869879483633e-02
-7.295418669716053905e-01 -6.835315434615185648e-01 2.352220180396922752e-02
-7.342241711983732433e-01 -6.784653327344023488e-01 2.448794229120838245e-02
-7.390686932535452947e-01 -6.731496456440489995e-01 2.543662515010286854e-02
-7.440668786077790919e-01 -6.675846367343289955e-01 2.636728465070508134e-02
-7.492098536662440411e-01 -6.617706980534104888e-01 2.727891459649155886e-02
-7.544884352504515057e-01 -6.557084921217269935e-01 2.817046891062021871e-02
-7.598931419287244804e-01 -6.493989853011905566e-01 2.904086257102147378e-02
-7.654142073286621661e-01 -6.428434813798555858e-01 2.988897290876093432e-02
-7.710415955521836562e-01 -6.360436551676581507e-01 3.071364128266911020e-02
-7.767650187982327870e-01 -6.290015858805101390e-01 3.151367514143173926e-02
-7.825739572799088606e-01 -6.217197900722898352e-01 3.228785048215979808e-02
-7.884576815016225426e-01 -6.142012538575390979e-01 3.303491471190385387e-02
-7.944052769378684431e-01 -6.064494641523915375e-01 3.375358991564310351e-02
-8.004056711284399661e-01 -5.984684386478569262e-01 3.444257653097308747e-02
-8.064476631755204128e-01 -5.902627542185483467e-01 3.510055742605503598e-02
-8.125199555962827613e-01 -5.818375734617198258e-01 3.572620237340006638e-02
-8.186111884507086822e-01 -5.731986690565479270e-01 3.631817290778015933e-02
-8.247099756286581096e-01 -5.643524456323683047e-01 3.687512755203223302e-02
-8.308049431432374954e-01 -5.553059588374786859e-01 3.739572738980898731e-02
-8.368847692397448634e-01 -5.460669313074850706e-01 3.787864195949901258e-02
-8.429382260915139202e-01 -5.366437652442892503e-01 3.832255543866606301e-02
-8.489542228164992377e-01 -5.270455513338975218e-01 3.872617308352954701e-02
-8.549218495121558847e-01 -5.172820737533851965e-01 3.908822788331860199e-02
-8.608304219718254657e-01 -5.073638110445863880e-01 3.940748738487883512e-02
-8.666695267142332515e-01 -4.973019326642836302e-01 3.968276063879590254e-02
-8.724290659296137784e-01 -4.871082910576121638e-01 3.991290521462582952e-02
-8.780993019221906559e-01 -4.767954091427080709e-01 4.009683422968861322e-02
-8.836709006099754404e-01 -4.663764631398202298e-01 4.023352333338449383e-02
-8.891349736298004292e-01 -4.558652607265584189e-01 4.032201758721820628e-02
-8.944831185887522906e-01 -4.452762145519207349e-01 4.036143817974128384e-02
-8.997074570032170815e-01 -4.346243111943921544e-01 4.035098891550793765e-02
-9.048006694739408884e-01 -4.239250757027939187e-01 4.028996241793039029e-02
-9.097560276600785700e-01 -4.131945319116898663e-01 4.017774598764067839e-02
-9.145674226371969251e-01 -4.024491587749757793e-01 4.001382706062202310e-02
-9.192293892535191580e-01 -3.917058430107235867e-01 3.979779821394580086e-02
-9.237371261350582063e-01 -3.809818283963812835e-01 3.952936167139964319e-02
-9.280865110332398027e-01 -3.702946620950314793e-01 3.920833326655379786e-02
-9.322741112575472222e-01 -3.596621384296620483e-01 3.883464582680224569e-02
-9.362971889898544786e-01 -3.491022405524727978e-01 3.840835194852600110e-02
-9.401537013355617534e-01 -3.386330804794419058e-01 3.792962614063586507e-02
-9.438422950283780199e-01 -3.282728379761648552e-01 3.739876632122324240e-02
-9.473622957695267965e-01 -3.180396987889905214e-01 3.681619465973143268e-02
-9.507136922471122187e-01 -3.079517927155370205e-01 3.618245776480191050e-02
-9.538971149462108778e-01 -2.980271320007844560e-01 3.549822622559171970e-02
-9.569138099237709527e-01 -2.882835505293251943e-01 3.476429352174490589e-02
-9.597656077834807453e-01 -2.787386442613983828e-01 3.398157432418285467e-02
-9.624548881433633296e-01 -2.694097133306206371e-01 3.315110221531811924e-02
-9.649845399419975100e-01 -2.603137061855816947e-01 3.227402686306916901e-02
-9.673579179771308878e-01 -2.514671661165732708e-01 3.135161068805424750e-02
-9.695787961123465415e-01 -2.428861804636439636e-01 3.038522506748517205e-02
-9.716513176228228632e-01 -2.345863327539847165e-01 2.937634612250378252e-02
-9.735799431797258485e-01 -2.265826579664649565e-01 2.832655013796538807e-02
-9.753693969941630293e-01 -2.188896010700896733e-01 2.723750866495970591e-02
-9.770246116558718441e-01 -2.115209789323561351e-01 2.611098335667912107e-02
-9.785506722089980514e-01 -2.044899456440348595e-01 2.494882058762778326e-02
-9.799527600076812783e-01 -1.978089612597961067e-01 2.375294590466581202e-02
-9.812360968880607937e-01 -1.914897639102713101e-01 2.252535835607181319e-02
-9.824058901811946187e-01 -1.855433452013884876e-01 2.126812474177202511e-02
-9.834672790737897241e-01 -1.799799287818354965e-01 1.998337382422669256e-02
-9.844252828011488266e-01 -1.748089519298313133e-01 1.867329053529537958e-02
-9.852878090652107401e-01 -1.700167801511444643e-01 1.738466361962173051e-02
-9.860616692683852325e-01 -1.655975351771563076e-01 1.611953448402078659e-02
-9.867532298310821570e-01 -1.615445777289495621e-01 1.487989850499782905e-02
-9.873684220852130267e-01 -1.578505352826776731e-01 1.366770106832952344e-02
-9.879127553700881581e-01 -1.545073302523302938e-01 1.248483383855837278e-02
-9.883913330552148713e-01 -1.515062085071278986e-01 1.133313124747533165e-02
-9.888088711973820333e-01 -1.488377681592348845e-01 1.021436719128689455e-02
-9.891697195255860775e-01 -1.464919885737501482e-01 9.130251927078419927e-03
-9.894778844367049242e-01 -1.444582595668027214e-01 8.082429160332704060e-03
-9.897370536772540639e-01 -1.427254107689078511e-01 7.072473316578567308e-03
-9.899506223819418693e-01 -1.412817411394627631e-01 6.101886991665821450e-03
-9.901217201379790556e-01 -1.401150486243892823e-01 5.172098576629909593e-03
-9.902532387450688756e-01 -1.392126599525355668e-01 4.284460054564027259e-03
-9.903478603446101980e-01 -1.385614605676669941e-01 3.440244968305355890e-03
-9.904080855977669406e-01 -1.381479246918950188e-01 2.640646559016825417e-03
-9.904362616005943920e-01 -1.379581455134474832e-01 1.886776076864220449e-03
-9.904346092352364073e-01 -1.379778654870490728e-01 1.179661265914571430e-03
-9.904052496692112850e-01 -1.381925067291618070e-01 5.202450260867878037e-04
-9.903502297298446555e-01 -1.385872014832604804e-01 -9.061574455209245055e-05
-9.902715458978507135e-01 -1.391468226225282545e-01 -6.521511236458016163e-04
-9.901711666827511804e-01 -1.398560141492017905e-01 -1.163678951120755093e-03
-9.900510531630861699e-01 -1.406992216416186048e-01 -1.624605425347863587e-03
-9.899131774960265862e-01 -1.416607225921556190e-01 -2.034425506343856896e-03
-9.897595392238490719e-01 -1.427246565720153570e-01 -2.392723124273210458e-03
-9.895921792285644614e-01 -1.438750551525062871e-01 -2.699171192540811195e-03
-9.894131912105806892e-01 -1.450958715073376870e-01 -2.953531425985366898e-03
-9.892247305923902445e-01 -1.463710096167320507e-01 -3.155653966062698171e-03
-9.890290207736687211e-01 -1.476843529920340015e-01 -3.305476816410974749e-03
-9.888283566896040044e-01 -1.490197928391034377e-01 -3.403025093778061332e-03
-9.886251056495140022e-01 -1.503612555802168738e-01 -3.448410100923795640e-03
-9.884217054576092121e-01 -1.516927296575111828e-01 -3.441828229745390755e-03
-9.882206598419042143e-01 -1.529982915461857995e-01 -3.383559704470255093e-03
-9.880245312405583347e-01 -1.542621309126879225e-01 -3.273967176276096173e-03
-9.878359310171542784e-01 -1.554685748618449548e-01 -3.113494182093641885e-03
-9.876575071974291742e-01 -1.566021112272483196e-01 -2.902663481585479599e-03
-9.874919298396237499e-01 -1.576474108709590427e-01 -2.642075287341432138e-03
-9.873418741688007039e-01 -1.585893489715929916e-01 -2.332405404156372066e-03
-9.872100016221241336e-01 -1.594130252938179559e-01 -1.974403293834608563e-03
-9.870989389671431802e-01 -1.601037834469971055e-01 -1.568890082274858886e-03
-9.870112556685677330e-01 -1.606472291558666554e-01 -1.116756525615280465e-03
-9.869494396908798928e-01 -1.610292475814510960e-01 -6.189609519482750866e-04
-9.869158719344344188e-01 -1.612360197455973698e-01 -7.652719454420025581e-05
-9.869127995115348773e-01 -1.612540381272526413e-01 5.094574683485122600e-04
-9.869423080764195833e-01 -1.610701215126171537e-01 1.137844353227169137e-03
-9.870062934292651580e-01 -1.606714291942861195e-01 1.807425378137049541e-03
-9.871064326193307314e-01 -1.600454746261689709e-01 2.516935025832408787e-03
-9.872441547763601832e-01 -1.591801386510740823e-01 3.265052254555052009e-03
-9.874206119024511175e-01 -1.580636824261230644e-01 4.050402349897034779e-03
-9.876366498589254084e-01 -1.566847601773792287e-01 4.871558713623913225e-03
-9.878927797843991554e-01 -1.550324319190316824e-01 5.727044587916211953e-03
-9.881859772192594926e-01 -1.531185786997003029e-01 6.570666682228552477e-03
-9.885141747300378867e-01 -1.509468394512495371e-01 7.401110558650080863e-03
-9.888750784570106145e-01 -1.485212349799573950e-01 8.217081825707957948e-03
-9.892661838984265765e-01 -1.458461657808454437e-01 9.017307764228732828e-03
-9.896847929762045970e-01 -1.429264095858311379e-01 9.800539006425783989e-03
-9.901280322873038386e-01 -1.397671185616589651e-01 1.056555126995938759e-02
-9.905928724374928329e-01 -1.363738160708846681e-01 1.131114714720064633e-02
-9.910761483468532029e-01 -1.327523929079232612e-01 1.203615794837232557e-02
-9.915745804091337101e-01 -1.289091029223694840e-01 1.273944559566022282e-02
-9.920847963800975000e-01 -1.248505579434795731e-01 1.341990456381025008e-02
-9.926033538633842745e-01 -1.205837219228692581e-01 1.407646386117197140e-02
-9.931267632562481573e-01 -1.161159042171174410e-01 1.470808904364206623e-02
-9.936515110119450434e-01 -1.114547519380317958e-01 1.531378425252443928e-02
-9.941740830706570220e-01 -1.066082413057704847e-01 1.589259426598037261e-02
-9.946909883067770464e-01 -1.015846679487435178e-01 1.644360655251457526e-02
-9.951987818372595163e-01 -9.639263610413457972e-02 1.696595331385241517e-02
-9.956940880336903055e-01 -9.104104668386533983e-02 1.745881350362990872e-02
-9.961736230798547975e-01 -8.553908418272453129e-02 1.792141480755900934e-02
-9.966342169169815079e-01 -7.989620241804076817e-02 1.835303557016215378e-02
-9.970728344206024607e-01 -7.412210910351045567e-02 1.875300665280492038e-02
-9.974865956561577152e-01 -6.822674927340582895e-02 1.912071320760403217e-02
-9.978727950651370415e-01 -6.222028758717742386e-02 1.945559635185660149e-02
-9.982289194397085952e-01 -5.611308955821633915e-02 1.975715472792866773e-02
-9.985526645514402055e-01 -4.991570176403604259e-02 2.002494593405609868e-02
-9.988419503088380447e-01 -4.363883110815332256e-02 2.025858781224447458e-02
-9.990949343289599049e-01 -3.729332321627900487e-02 2.045775958039839498e-02
-9.993100238202172747e-01 -3.089014006086552439e-02 2.062220279695235747e-02
-9.994858856865641572e-01 -2.444033691840730160e-02 2.075172214759954045e-02
-9.996214547774343595e-01 -1.795503877297500300e-02 2.084618604520170615e-02
-9.997159402228884550e-01 -1.144541628713064210e-02 2.090552703559105455e-02
-9.997688298092872738e-01 -4.922661467485934562e-03 2.092974200371780155e-02
-9.997798923672258642e-01 1.602036843372893482e-03 2.091889217642823109e-02
-9.997491781602416694e-01 8.117517514138960014e-03 2.087310292004797285e-02
-9.996770172797380116e-01 1.461267157580328421e-02 2.079256333286410435e-02
-9.995640160684189368e-01 2.107646644184871243e-02 2.067752563451656297e-02
-9.994110516111059939e-01 2.749796976561706685e-02 2.052830435619402288e-02
-9.992192643478824410e-01 3.386637280714398235e-02 2.034527533735178487e-02
-9.989900488798921785e-01 4.017101318767853785e-02 2.012887453640123392e-02
-9.987250430526150025e-01 4.640139691754146395e-02 1.987959666443545395e-02
-9.984261154148824646e-01 5.254721959178835361e-02 1.959799365252962861e-02
-9.980953511641386111e-01 5.859838665817315023e-02 1.928467296446704365e-02
-9.977350366993572583e-01 6.454503267297241609e-02 1.894029576787377087e-02
-9.973476429125099907e-01 7.037753947213895578e-02 1.856557497768347373e-02
-9.969358073574507983e-01 7.608655319779973614e-02 1.816127318658757733e-02
-9.965023154415103557e-01 8.166300013308683270e-02 1.772820049764879669e-02
-9.960500807899415054e-01 8.709810131147925627e-02 1.726721227456485402e-02
-9.955821249366461068e-01 9.238338588002792395e-02 1.677920682516536796e-02
-9.951015564963616722e-01 9.751070320883187259e-02 1.626512303361278208e-02
-9.946115499737578913e-01 1.024722337517384452e-01 1.572593795646613085e-02
-9.941153243637534942e-01 1.072604986752727085e-01 1.516266439726542473e-02
-9.936193295776466483e-01 1.118457135208906633e-01 1.453145906648550811e-02
-9.931286324262287302e-01 1.162073411703945930e-01 1.383373776157418439e-02
-9.926484564678236255e-01 1.203253481798114977e-01 1.307101315025996704e-02
-9.921841223526706166e-01 1.241802274397107025e-01 1.224489003380728296e-02
-9.917409855395038498e-01 1.277530179076053207e-01 1.135706062337450695e-02
-9.913243719086995975e-01 1.310253215582244113e-01 1.040929988429050920e-02
-9.909395117957540133e-01 1.339793177512572653e-01 9.403460999999375611e-03
-9.905914729639858640e-01 1.365977752663200817e-01 8.341471003360920525e-03
-9.902850930269884167e-01 1.388640623004852581e-01 7.225326618015394733e-03
-9.900249118202756327e-01 1.407621547639532622e-01 6.057090346715103893e-03
-9.898151042085953089e-01 1.422766432436559370e-01 4.838886836993579188e-03
-9.896594138013147246e-01 1.433927390321803053e-01 3.572899547391202718e-03
-9.895610880338817639e-01 1.440962796399258283e-01 2.261367729796320402e-03
-9.895228150593151639e-01 1.443737342214804487e-01 9.065837354071783812e-04
-9.895466628805886788e-01 1.442122093525418647e-01 -4.891093565115708572e-04
-9.896340211431207123e-01 1.435994555911229986e-01 -1.923319796397253206e-03
-9.897855459967282998e-01 1.425238752461404912e-01 -3.393608926540308234e-03
-9.900011084285523788e-01 1.409745317577400514e-01 -4.897492673943474630e-03
-9.902797464626563739e-01 1.389411610668710717e-01 -6.432442808494595078e-03
-9.906196216181278880e-01 1.364141853167562257e-01 -7.995888009035024072e-03
-9.910179800152701945e-01 1.333847291861407491e-01 -9.585214787460431818e-03
-9.914711185184007514e-01 1.298446391037477166e-01 -1.119776832800447458e-02
-9.919743563032369371e-01 1.257865055354772388e-01 -1.283085330520654550e-02
-9.925220122360506325e-01 1.212036884709219858e-01 -1.448173474962800335e-02
-9.931073884497793047e-01 1.160903461641735190e-01 -1.614763903502974482e-02
-9.937227604980155560e-01 1.104414671062260433e-01 -1.782575506432803811e-02
-9.943593744600950357e-01 1.042529051232361226e-01 -1.951323573407458614e-02
-9.950074513581163016e-01 9.752141740731103126e-02 -2.120719975833058185e-02
-9.956561992283777807e-01 9.024470519538349556e-02 -2.290473393249616366e-02
-9.962938331641244538e-01 8.242145671828365883e-02 -2.460289591579587973e-02
-9.969076036124382423e-01 7.405139194773215083e-02 -2.629871760759814811e-02
-9.974838331644561018e-01 6.513530857525105799e-02 -2.798920918746918007e-02
-9.980079620238958560e-01 5.567512856572617158e-02 -2.967136388175814141e-02
-9.984646022733725257e-01 4.567394454155443428e-02 -3.134216351053773636e-02
-9.988376009807228284e-01 3.513606517315039784e-02 -3.299858485787563606e-02
-9.991101120984066108e-01 2.406705868038244017e-02 -3.463760689572181750e-02
-9.992646770082815877e-01 1.247379348967765818e-02 -3.625621887724807951e-02
-9.992833134523566585e-01 3.644750455235219733e-04 -3.785142929940717160e-02
-9.991476124687120874e-01 -1.225132225468373269e-02 -3.942027571698611399e-02
-9.988388428223157200e-01 -2.536262904475063834e-02 -4.095983537177100980e-02
-9.983380622851585340e-01 -3.895706192573238774e-02 -4.246723658094005843e-02
-9.976262349816787944e-01 -5.302081235522079078e-02 -4.393967080884059184e-02
-9.966843538769880606e-01 -6.753864443586576893e-02 -4.537440532632307233e-02
-9.954935673505017624e-01 -8.249390246937349236e-02 -4.676879634228804650e-02
-9.940353086700701724e-01 -9.786852903789036717e-02 -4.812030247357455826e-02
-9.922914270656540969e-01 -1.136430942463208110e-01 -4.942649840232801739e-02
-9.902443190011122054e-01 -1.297968366080668179e-01 -5.068508855508420397e-02
-9.878770581617895008e-01 -1.463077158850560888e-01 -5.189392062553199736e-02
-9.851735226180989846e-01 -1.631524780036880951e-01 -5.305099875377293495e-02
-9.821185175945106316e-01 -1.803067319651955047e-01 -5.415449616932568183e-02
-9.786978922720754870e-01 -1.977450384563212982e-01 -5.520276710349251992e-02
-9.748986490828124296e-01 -2.154410096491694293e-01 -5.619435777927873910e-02
-9.707090440171141088e-01 -2.333674194630751264e-01 -5.712801629398243236e-02
-9.661186765609121041e-01 -2.514963233521013697e-01 -5.800270122086884778e-02
-9.611185680067783066e-01 -2.697991864851171373e-01 -5.881758877188894563e-02
-9.557012270404364740e-01 -2.882470190070152150e-01 -5.957207838293211016e-02
-9.498607016882759657e-01 -3.068105169147735123e-01 -6.026579660621691342e-02
-9.435926169183916912e-01 -3.254602069554595745e-01 -6.089859922059114722e-02
-9.368941974125529759e-01 -3.441665938588328033e-01 -6.147057149909150586e-02
-9.297642752637885755e-01 -3.629003081578718315e-01 -6.198202660337307629e-02
-9.222032825979264992e-01 -3.816322528282048432e-01 -6.243350210576406600e-02
-9.142132293611640037e-01 -4.003337469927494841e-01 -6.282575467090399657e-02
-9.057976667532596782e-01 -4.189766649903592932e-01 -6.315975295935406797e-02
-8.969616370111503922e-01 -4.375335691952420558e-01 -6.343666884442639153e-02
-8.877116104550810682e-01 -4.559778350945656311e-01 -6.365786706002486695e-02
-8.780554108937254076e-01 -4.742837672812278971e-01 -6.382489342087221962e-02
-8.680021306421397131e-01 -4.924267051926528027e-01 -6.393946177657225394e-02
-8.575620365335578921e-01 -5.103831176194790764e-01 -6.400343987710938043e-02
-8.467464684008888520e-01 -5.281306852145257746e-01 -6.401883433934017764e-02
-8.355677315652658699e-01 -5.456483704466682516e-01 -6.398777491165032194e-02
-8.240389848971630959e-01 -5.629164746604974345e-01 -6.391249823723925416e-02
-8.121741260114549998e-01 -5.799166821153842744e-01 -6.379533131559197989e-02
-7.999876751233068184e-01 -5.966320910817665135e-01 -6.363867485686014458e-02
-7.874946590296585391e-01 -6.130472322636619786e-01 -6.344498671546057456e-02
-7.747104965946517430e-01 -6.291480749908158199e-01 -6.321676557765024129e-02
-7.616508870104444773e-01 -6.449220217785266440e-01 -6.295653506365211927e-02
-7.483317019815588500e-01 -6.603578919858972274e-01 -6.266682838862332183e-02
-7.347688828454114196e-01 -6.754458954126660863e-01 -6.235017370892877164e-02
-7.209783434981641426e-01 -6.901775967603288597e-01 -6.200908026135704826e-02
-7.069758798475034300e-01 -7.045458719451129781e-01 -6.164602538361450834e-02
-6.927770863661212308e-01 -7.185448572893285979e-01 -6.126344248514543206e-02
-6.783972801748683334e-01 -7.321698926350312941e-01 -6.086371001848554785e-02
-6.638514329456692842e-01 -7.454174594215838834e-01 -6.044914148334087911e-02
-6.491541107837397462e-01 -7.582851147487239540e-01 -6.002197647870748110e-02
-6.343194221283345868e-01 -7.707714224114560198e-01 -5.958437280285720783e-02
-6.193609736025930124e-01 -7.828758818449661483e-01 -5.913839958709277145e-02
-6.042918336469700336e-01 -7.945988558592851358e-01 -5.868603143694170465e-02
-5.891245036877439389e-01 -8.059414979770354037e-01 -5.822914354397557696e-02
-5.738708965222750757e-01 -8.169056801156160397e-01 -5.776950772271834122e-02
-5.585423215458179547e-01 -8.274939212797477461e-01 -5.730878932011258114e-02
-5.431494764002321451e-01 -8.377093178533562279e-01 -5.684854493967274325e-02
-5.277024445921498774e-01 -8.475554760030306056e-01 -5.639022091867034597e-02
-5.122106986061100153e-01 -8.570364466301991779e-01 -5.593515249434435205e-02
-4.966831080258204967e-01 -8.661566632369381846e-01 -5.548456359407199362e-02
-4.811279521729429631e-01 -8.749208830019233885e-01 -5.503956718452429620e-02
-4.655529367764599247e-01 -8.833341312991870309e-01 -5.460116611591468022e-02
-4.499652141956433926e-01 -8.914016498335641803e-01 -5.417025439937851045e-02
-4.343714067347834162e-01 -8.991288485133314135e-01 -5.374761885815011742e-02
-4.187776326071059874e-01 -9.065212611326981529e-01 -5.333394109639424258e-02
-4.031895341277330624e-01 -9.135845048945260283e-01 -5.292979973317245984e-02
-3.876123077402238715e-01 -9.203242437667904507e-01 -5.253567285296513456e-02
-3.720507355073848776e-01 -9.267461556346590079e-01 -5.215194062832155530e-02
-3.565092177239515547e-01 -9.328559031833399962e-01 -5.177888807448260272e-02
-3.409918063358198248e-01 -9.386591084247000172e-01 -5.141670790013252307e-02
-3.255022388772355613e-01 -9.441613307626751661e-01 -5.106550342272118959e-02
-3.100439726633182347e-01 -9.493680484782839324e-01 -5.072529152100005434e-02
-2.946202190001676047e-01 -9.542846435041648645e-01 -5.039600560148795733e-02
-2.792339771983268215e-01 -9.589163893505833203e-01 -5.007749855949108347e-02
-2.638880681973669873e-01 -9.632684420393539115e-01 -4.976954571901719138e-02
-2.485851676296979562e-01 -9.673458338987109828e-01 -4.947184773942738673e-02
-2.333278381703304816e-01 -9.711534700704438361e-01 -4.918403347994527303e-02
-2.181185610361991434e-01 -9.746961275802360491e-01 -4.890566281618449751e-02
-2.029597665138283269e-01 -9.779784568227896102e-01 -4.863622940565697633e-02
-1.878538634076401814e-01 -9.810049853146652898e-01 -4.837516340178422969e-02
-1.728032673131525143e-01 -9.837801235695711188e-01 -4.812183411825477625e-02
-1.578104276298043507e-01 -9.863081729528401231e-01 -4.787555264765409879e-02
-1.428778532373046750e-01 -9.885933353738548535e-01 -4.763557444014532988e-02
-1.280081367673689130e-01 -9.906397246770178855e-01 -4.740110184960286133e-02
-1.132039774096377793e-01 -9.924513795934011284e-01 -4.717128665600303639e-02
-9.846820219662433260e-02 -9.940322781163022370e-01 -4.694523257406132272e-02
-8.380378571786942232e-02 -9.953863531645171792e-01 -4.672199775907805858e-02
-6.921386821826588931e-02 -9.965175093971356812e-01 -4.650059732172002330e-02
-5.470177203990110593e-02 -9.974296410430457671e-01 -4.628000586402569727e-02
-4.027101637092285469e-02 -9.981266506070874955e-01 -4.605916004928180957e-02
-2.592533026900860349e-02 -9.986124683129310453e-01 -4.583696121857955968e-02
-1.166866393115691125e-02 -9.988910721403082560e-01 -4.561227806682322666e-02
2.494801814142265373e-03 -9.989665083112575505e-01 -4.538394939073307072e-02
1.656064781164209507e-02 -9.988429120766203484e-01 -4.515078692096036878e-02
3.052421069517047975e-02 -9.985245286502552053e-01 -4.491157824981648061e-02
4.438057882313414804e-02 -9.980157341344200184e-01 -4.466508986531252806e-02
5.812459003605178337e-02 -9.973210562756480435e-01 -4.441007030121388310e-02
7.175083123159425869e-02 -9.964451948863476405e-01 -4.414525341163832994e-02
8.525363974503590014e-02 -9.953930417634490047e-01 -4.386936177737344594e-02
9.862710651473664825e-02 -9.941696999318647698e-01 -4.358111024956379254e-02
1.118650810032911502e-01 -9.927805020375038980e-01 -4.327920963473102373e-02
1.249611778353323932e-01 -9.912310277122500235e-01 -4.296237052325001943e-02
1.379087851027248901e-01 -9.895271197318714629e-01 -4.262930726142517834e-02
1.507010742771138778e-01 -9.876748987874472974e-01 -4.227874206520827044e-02
1.633310116586241534e-01 -9.856807766917363711e-01 -4.190940927139136934e-02
1.757913712780668491e-01 -9.835514678441584779e-01 -4.152005971981572591e-02
1.880747491584750242e-01 -9.812939987818340981e-01 -4.110946525778425703e-02
2.001735788303387331e-01 -9.789157156495833512e-01 -4.067642335547731053e-02
2.120801479837517156e-01 -9.764242894290203756e-01 -4.021976181877724016e-02
2.237866161300385015e-01 -9.738277187759817322e-01 -3.973834358353762336e-02
2.352850331355397784e-01 -9.711343303265559390e-01 -3.923107157302003350e-02
2.465673584813382613e-01 -9.683527763449559789e-01 -3.869689359799858425e-02
2.576254810950553420e-01 -9.654920296013954628e-01 -3.813480727693398242e-02
2.684512395946848096e-01 -9.625613753849401322e-01 -3.754386495167900961e-02
2.790364427799885694e-01 -9.595704005749335908e-01 -3.692317857242952833e-02
2.893728902044809814e-01 -9.565289797149194584e-01 -3.627192452411154983e-02
2.994523926606686426e-01 -9.534472580548452036e-01 -3.558934836512549910e-02
3.092667924131609625e-01 -9.503356315505508967e-01 -3.487476944838122789e-02
3.188079830186526520e-01 -9.472047238338947572e-01 -3.412758539387483053e-02
3.280679285786956556e-01 -9.440653601920990790e-01 -3.334727638170084663e-02
3.370386822806644700e-01 -9.409285386207452140e-01 -3.253340923437563620e-02
3.457124040943700960e-01 -9.378053980410108181e-01 -3.168564125767942691e-02
3.540813775063264002e-01 -9.347071837979286091e-01 -3.080372380990977280e-02
3.621380251906002323e-01 -9.316452105823388452e-01 -2.988750557047630332e-02
3.698749235343022357e-01 -9.286308229445122686e-01 -2.893693548014858105e-02
3.772848159568604198e-01 -9.256753535918208486e-01 -2.795206532698214438e-02
3.843606249849733092e-01 -9.227900796860627475e-01 -2.693305195397445104e-02
3.910954630692176082e-01 -9.199861773778241769e-01 -2.588015906681862682e-02
3.974826421532941523e-01 -9.172746748353609592e-01 -2.479375862270109462e-02
4.035156820324078408e-01 -9.146664040436803811e-01 -2.367433178389763415e-02
4.091883175628254210e-01 -9.121719516656402460e-01 -2.252246942292674553e-02
4.144945048097544715e-01 -9.098016092708056668e-01 -2.133887216918275986e-02
4.194284262448381151e-01 -9.075653232494149680e-01 -2.012434999025600191e-02
4.239844951272607187e-01 -9.054726447380413434e-01 -1.887982130451557050e-02
4.281573592232152392e-01 -9.035326798903589030e-01 -1.760631162494397106e-02
4.319419040368200902e-01 -9.017540408308341027e-01 -1.630495173763579775e-02
4.353332557410490300e-01 -9.001447976311945931e-01 -1.497697542177030966e-02
4.383267840094472456e-01 -8.987124316492267617e-01 -1.362371672120826424e-02
4.409181049580014888e-01 -8.974637905668929605e-01 -1.224660678111751284e-02
4.431030844112187617e-01 -8.964050454600186457e-01 -1.084717026617380148e-02
4.448778417070236024e-01 -8.955416502249730071e-01 -9.427021379890000372e-03
4.462387542513594485e-01 -8.948783036789341727e-01 -7.987859507478772478e-03
4.471824630253042332e-01 -8.944189146395922219e-01 -6.531464507333431188e-03
4.477058792350972483e-01 -8.941665702775609681e-01 -5.059691678704650482e-03
4.478061922788212912e-01 -8.941235080204296137e-01 -3.574466435443771420e-03
4.474808791827726284e-01 -8.942910912713226690e-01 -2.077778717765047661e-03
4.467277156360452417e-01 -8.946697891871102648e-01 -5.716771758380284185e-04
4.455447887239007421e-01 -8.952591607420358200e-01 9.417368393537181321e-04
4.439305114295087340e-01 -8.960578432815295979e-01 2.460315441072004686e-03
4.418836389401081255e-01 -8.970635457483668862e-01 3.981870489865216300e-03
4.394032867581055823e-01 -8.982730467391105700e-01 5.504179955806922861e-03
4.364889505806830439e-01 -8.996821975229739587e-01 7.024994320588085275e-03
4.331405278737665565e-01 -9.012859301278608459e-01 8.542042979865521746e-03
4.293583410283685065e-01 -9.030782705694349044e-01 1.005304060634028794e-02
4.251431619500276593e-01 -9.050523572686913765e-01 1.155569343445463255e-02
4.204962378960049318e-01 -9.072004646717460874e-01 1.304770542837458205e-02
4.154193183407033918e-01 -9.095140320525365585e-01 1.452678429608591192e-02
4.099146826180974368e-01 -9.119836974450071798e-01 1.599064731399102088e-02
4.039851680613613660e-01 -9.145993366163250871e-01 1.743702692836692283e-02
3.976341983349176989e-01 -9.173501069569766075e-01 1.886367610243976783e-02
3.908658116332407451e-01 -9.202244961275093393e-01 2.026837338065268224e-02
3.836846884043454420e-01 -9.232103752655150819e-01 2.164892764494838473e-02
3.760961782442657220e-01 -9.262950565205444464e-01 2.300318254154455275e-02
3.681063256021965824e-01 -9.294653546493615304e-01 2.432902056072797428e-02
