1.000000000000000000e+00 0.000000000000000000e+00 0.000000000000000000e+00
9.999999987157410786e-01 -2.294214381817457141e-05 4.519089254951237319e-05
9.999999874198327587e-01 -8.283813384116374672e-05 1.352716112848684671e-04
9.999999448469527596e-01 -1.935937395770005948e-04 2.698671369677366552e-04
9.999998313362318259e-01 -3.689859209570149731e-04 4.485293496510240913e-04
9.999995812164285125e-01 -6.226402250945309476e-04 6.707379936394903749e-04
9.999990935263056713e-01 -9.680084827383035606e-04 9.359017507535284056e-04
9.999982211781247576e-01 -1.418346826039653796e-03 1.243359416953871257e-03
9.999967586867952729e-01 -1.986694044109197851e-03 1.592381177061195051e-03
9.999944286008779493e-01 -2.685850287330090319e-03 1.982169972120883129e-03
9.999908667842648535e-01 -3.528356125692053407e-03 2.411862953929416221e-03
9.999856067088845890e-01 -4.526471960696814428e-03 2.880533021361162630e-03
9.999780629291613598e-01 -5.692157784850245331e-03 3.387190433415232516e-03
9.999675139181463113e-01 -7.037053277591465150e-03 3.930784494340069414e-03
9.999530844532066309e-01 -8.572458221905193687e-03 4.510205306783254819e-03
9.999337277458801854e-01 -1.030931322200622814e-02 5.124285589646379591e-03
9.999082075159548832e-01 -1.225818069955036428e-02 5.771802558186735904e-03
9.998750802140005112e-01 -1.442922614397788156e-02 6.451479864882382273e-03
9.998326775994436089e-01 -1.683219959198058169e-02 7.161989600644675172e-03
9.997790898828243789e-01 -1.947641731182805924e-02 7.901954357099456872e-03
9.997121496410775743e-01 -2.237074367049678159e-02 8.669949351838518101e-03
9.996294167135235664e-01 -2.552357316529354006e-02 9.464504619738217661e-03
9.995281642837029468e-01 -2.894281260700081251e-02 1.028410727462144431e-02
9.994053663482059813e-01 -3.263586344851161780e-02 1.112720384667022222e-02
9.992576867681933761e-01 -3.660960426144794361e-02 1.199220270204577783e-02
9.990814700923276170e-01 -4.087037337331655279e-02 1.287747655210675496e-02
9.988727343312781004e-01 -4.542395168925856402e-02 1.378136506040061188e-02
9.986271658537767548e-01 -5.027554573526663018e-02 1.470217755620477004e-02
9.983401165623156936e-01 -5.542977097370908879e-02 1.563819586378072807e-02
9.980066034929478969e-01 -6.089063545690960588e-02 1.658767725664636941e-02
9.976213109682140479e-01 -6.666152390014118412e-02 1.754885754604176146e-02
9.971785954149471332e-01 -7.274518227142760807e-02 1.851995431233825068e-02
9.966724929395613941e-01 -7.914370301169171285e-02 1.949917028740041566e-02
9.960967297324235803e-01 -8.585851101470748370e-02 2.048469689484093761e-02
9.954447353500475160e-01 -9.289035051163496703e-02 2.147471795370138603e-02
9.947096588992043742e-01 -1.002392730192556286e-01 2.246741354934523802e-02
9.938843881206999020e-01 -1.079046265239803903e-01 2.346096407326837135e-02
9.929615713426628298e-01 -1.158850460848647179e-01 2.445355443112965169e-02
9.919336422439103407e-01 -1.241784460478292385e-01 2.544337841560102842e-02
9.907928473375330336e-01 -1.327820140696555629e-01 2.642864323766233245e-02
9.895312760535633911e-01 -1.416922071537320971e-01 2.740757420675849279e-02
9.881408932678019674e-01 -1.509047498996233527e-01 2.837841954684261134e-02
9.866135740919604880e-01 -1.604146351650296565e-01 2.933945533180164558e-02
9.849411407086884340e-01 -1.702161273313514411e-01 3.028899052016434737e-02
9.831154010042617575e-01 -1.803027683526935987e-01 3.122537206539188759e-02
9.811281887222523812e-01 -1.906673867526408883e-01 3.214699007452465757e-02
9.789714048339135388e-01 -2.013021097134867488e-01 3.305228298458171704e-02
9.766370597958740074e-01 -2.121983783788801703e-01 3.393974272296335082e-02
9.741173163435993265e-01 -2.233469664632415919e-01 3.480791981527259910e-02
9.714045324505068413e-01 -2.347380022300623315e-01 3.565542840152862575e-02
9.684913040681348839e-01 -2.463609938667165877e-01 3.648095111976870641e-02
9.653705072528490083e-01 -2.582048582461549113e-01 3.728324381459652281e-02
9.620353392796359149e-01 -2.702579530263772289e-01 3.806114002739365704e-02
9.584793583439285003e-01 -2.825081119975517141e-01 3.881355522472002689e-02
9.546965214583714721e-01 -2.949426835447725437e-01 3.953949072192582820e-02
9.506812201631201775e-01 -3.075485720525105715e-01 4.023803726020722810e-02
9.464283136856843637e-01 -3.203122820356181788e-01 4.090837819726907826e-02
9.419331592093969086e-01 -3.332199647421348887e-01 4.154979227440302320e-02
9.371916389380680057e-01 -3.462574669359282931e-01 4.216165592612373253e-02
9.322001836779364448e-01 -3.594103815331938234e-01 4.274344510248798829e-02
9.269557926961711214e-01 -3.726640997367778874e-01 4.329473657879290976e-02
9.214560496573199755e-01 -3.860038642868562908e-01 4.381520873243712616e-02
9.156991344845609726e-01 -3.994148234262812625e-01 4.430464177224530120e-02
9.096838310406037964e-01 -4.128820851643808520e-01 4.476291741140315389e-02
9.034095305727742886e-01 -4.263907714145039329e-01 4.519001798121922986e-02
8.968762309173062830e-01 -4.399260715783707698e-01 4.558602498910743761e-02
8.900845315082440701e-01 -4.534732951543849477e-01 4.595111713035339440e-02
8.830356242857304583e-01 -4.670179229574186741e-01 4.628556776927117422e-02
8.757312806459249810e-01 -4.805456565539867886e-01 4.658974191116142805e-02
8.681738346195413403e-01 -4.940424655388300779e-01 4.686409269193957811e-02
8.603661625072474006e-01 -5.074946323062625719e-01 4.710915741731604156e-02
8.523116592372694811e-01 -5.208887940016230234e-01 4.732555318789225668e-02
8.440142117429131341e-01 -5.342119813741348366e-01 4.751397215041479327e-02
8.354781696849183925e-01 -5.474516542916805228e-01 4.767517641864661704e-02
8.267083138652786545e-01 -5.605957337196452173e-01 4.780999270982978777e-02
8.177098226951858839e-01 -5.736326300092591257e-01 4.791930674450273209e-02
8.084882370900534632e-01 -5.865512673849558878e-01 4.800405745849082445e-02
7.990494241691817878e-01 -5.993411045643481927e-01 4.806523107622082125e-02
7.893995401367455145e-01 -6.119921514877486590e-01 4.810385509414164679e-02
7.795449927146924640e-01 -6.244949821760101827e-01 4.812099222200508231e-02
7.694924034872230312e-01 -6.368407437751953948e-01 4.811773432812012363e-02
7.592485705012379515e-01 -6.490211618836365659e-01 4.809519643250507320e-02
7.488204314480090273e-01 -6.610285422908611652e-01 4.805451078919000668e-02
7.382150277289171170e-01 -6.728557692882464192e-01 4.799682109584348794e-02
7.274394696830012164e-01 -6.844963007378646047e-01 4.792327686548911170e-02
7.165009032268720990e-01 -6.959441601086067131e-01 4.783502799141783196e-02
7.054064781288662545e-01 -7.071939257072393792e-01 4.773321953257026601e-02
6.941633181097242034e-01 -7.182407173465676919e-01 4.761898674273373766e-02
6.827784929321215612e-01 -7.290801807034236193e-01 4.749345036294420203e-02
6.712589926115637429e-01 -7.397084696259282888e-01 4.735771219256865172e-02
6.596117038519409004e-01 -7.501222266526107463e-01 4.721285095072926680e-02
6.478433887808203728e-01 -7.603185620057522076e-01 4.705991843606856240e-02
6.359606660326834193e-01 -7.702950313180850772e-01 4.689993598938985847e-02
6.239699942030692004e-01 -7.800496123460215481e-01 4.673389126047661213e-02
6.118776576731973504e-01 -7.895806809142746907e-01 4.656273527742635365e-02
5.996897547832680253e-01 -7.988869863264153048e-01 4.638737981415153033e-02
5.874121883133932576e-01 -8.079676264639327199e-01 4.620869504931490040e-02
5.750506582140537670e-01 -8.168220227830806923e-01 4.602750750788837941e-02
5.626106565131160364e-01 -8.254498954045187409e-01 4.584459827475313720e-02
5.500974643137513942e-01 -8.338512384758144380e-01 4.566070146829109833e-02
5.375161507870106492e-01 -8.420262959715323348e-01 4.547650296074531862e-02
5.248715740542266861e-01 -8.499755380801583549e-01 4.529263933123658936e-02
5.121927298126054406e-01 -8.576874996462808820e-01 4.506404570491700373e-02
4.994957442381972035e-01 -8.651575139851024332e-01 4.479380756225598975e-02
4.867961658470612574e-01 -8.723821346576827729e-01 4.448496078117233216e-02
4.741089178155933892e-01 -8.793590617855894243e-01 4.414048221490150803e-02
4.614482571222477403e-01 -8.860870661773411205e-01 4.376328140426358204e-02
4.488277404213043553e-01 -8.925659121614244462e-01 4.335619340191439880e-02
4.362601964721835590e-01 -8.987962799506516998e-01 4.292197267501035585e-02
4.237577048736378416e-01 -9.047796882870617896e-01 4.246328804329353723e-02
4.113315807908504707e-01 -9.105184180375845981e-01 4.198271860188989429e-02
3.989923653146287275e-01 -9.160154373302349384e-01 4.148275057205046135e-02
3.867498210548410142e-01 -9.212743287403780679e-01 4.096577501856399350e-02
3.746129325441667768e-01 -9.262992189581013003e-01 4.043408636951501683e-02
3.625899110121288405e-01 -9.310947112921527102e-01 3.988988167232246362e-02
3.506882030821900087e-01 -9.356658212942663422e-01 3.933526051942851098e-02
3.389145029453135005e-01 -9.400179157207327885e-01 3.877222557746662357e-02
3.272747675706915160e-01 -9.441566549863437130e-01 3.820268365507392683e-02
3.157742345272443463e-01 -9.480879392096884795e-01 3.762844724658043899e-02
3.044174420069439835e-01 -9.518178578983836902e-01 3.705123649146789544e-02
2.932082506620408147e-01 -9.553526432782130096e-01 3.647268149261420622e-02
2.821498668919727448e-01 -9.586986272312432167e-01 3.589432493980713318e-02
2.712448672413094730e-01 -9.618622017745745989e-01 3.531762498871543476e-02
2.604952235968083230e-01 -9.648497829832111128e-01 3.474395834935270488e-02
2.499023288989188907e-01 -9.676677782372574699e-01 3.417462354197627755e-02
2.394670231103352143e-01 -9.703225566549049663e-01 3.361084428226052828e-02
2.291896192110194908e-01 -9.728204225580525666e-01 3.305377296141261828e-02
2.190699290151503498e-01 -9.751675918065126902e-01 3.250449419061114675e-02
2.091072886303964040e-01 -9.773701708291685497e-01 3.196402838270731572e-02
1.993005834035681267e-01 -9.794341381757697418e-01 3.143333534750493430e-02
1.896482722189035963e-01 -9.813653284108941888e-01 3.091331788010989387e-02
1.801484110358925472e-01 -9.831694181715953107e-01 3.040482532479765396e-02
1.707986755725833805e-01 -9.848519142120498726e-01 2.990865709958126853e-02
1.615963830577303029e-01 -9.864181432618078782e-01 2.942556616917012605e-02
1.525385129909360427e-01 -9.878732435287306268e-01 2.895626245629211171e-02
1.436217268641679645e-01 -9.892221576831234930e-01 2.850141618341439295e-02
1.348423868107325174e-01 -9.904696271656963091e-01 2.806166113874785165e-02
1.261965731590583006e-01 -9.916201876686048244e-01 2.763759786206673383e-02
1.176801008785487435e-01 -9.926781656457628333e-01 2.722979674732929969e-02
1.092885349134151834e-01 -9.936476757157132189e-01 2.683880106035859553e-02
1.010172044078891662e-01 -9.945326188274635770e-01 2.646512987094745348e-02
9.286121583264081436e-02 -9.953366810667251263e-01 2.610928089970061122e-02
8.481546502769983509e-02 -9.960633329868383568e-01 2.577173328073173800e-02
7.687464818178815773e-02 -9.967158293552502712e-01 2.545295024200613238e-02
6.903327177182760899e-02 -9.972972092126609622e-01 2.515338170567206141e-02
6.128566148957729359e-02 -9.978102961478292343e-01 2.487346681116602010e-02
5.362597018497628626e-02 -9.982576986964787347e-01 2.461363636421933648e-02
4.604818485790552335e-02 -9.986418107777446096e-01 2.437431521514451735e-02
3.854613273182284916e-02 -9.989648120861266412e-01 2.415592456994768156e-02
3.111348644414680537e-02 -9.992286683609478137e-01 2.395888423790535141e-02
2.374376838944465898e-02 -9.994351314588513224e-01 2.378361481926590318e-02
1.643035425249081416e-02 -9.995857391578953921e-01 2.363053983669324148e-02
9.163853941493993460e-03 -9.996818289471958163e-01 2.350050104219826921e-02
1.937914081880497824e-03 -9.997244810198415710e-01 2.339263656978676081e-02
-5.253571647993410081e-03 -9.997145764606066853e-01 2.330610464364269233e-02
-1.241646448130971810e-02 -9.996528091919278936e-01 2.324008193911616255e-02
-1.955638234860467700e-02 -9.995396971834780153e-01 2.319376195488136172e-02
-2.667870145675465057e-02 -9.993755930042939051e-01 2.316635339985081629e-02
-3.378855763829647502e-02 -9.991606937926000853e-01 2.315707859796905729e-02
-4.089084745308710356e-02 -9.988950507148481872e-01 2.316517191363012124e-02
-4.799022902871305507e-02 -9.985785779820645081e-01 2.318987820016085027e-02
-5.509112263009289384e-02 -9.982110614883524802e-01 2.323045127357830156e-02
-6.219771095243015191e-02 -9.977921671333211950e-01 2.328615241365818850e-02
-6.931393913511862959e-02 -9.973214488872885752e-01 2.335624889423611877e-02
-7.644351449741942917e-02 -9.967983566553214603e-01 2.344001254459928199e-02
-8.358990599975750502e-02 -9.962222439935044527e-01 2.353671834380832023e-02
-9.075634343735781984e-02 -9.955923757282526543e-01 2.364564304981301920e-02
-9.794581637568529342e-02 -9.949079355269792035e-01 2.376606386528717571e-02
-1.051610728397929240e-01 -9.941680334659726004e-01 2.389725714220397243e-02
-1.124046177722386325e-01 -9.933717136389057512e-01 2.403849712729967669e-02
-1.196787112767187106e-01 -9.925179618469666121e-01 2.418905475072751984e-02
-1.269853666669970294e-01 -9.916057134091391667e-01 2.434819646038162769e-02
-1.343263483430919558e-01 -9.906338611286547025e-01 2.451518310457002914e-02
-1.417031695190222318e-01 -9.896012634490445325e-01 2.468926886593265924e-02
-1.491170898287093316e-01 -9.885067528305360174e-01 2.486970024973180621e-02
-1.565691128388848607e-01 -9.873491443747196561e-01 2.505571512988528232e-02
-1.640599835000511875e-01 -9.861272447224480597e-01 2.524654185636316175e-02
-1.715901855686811917e-01 -9.848398612467930135e-01 2.544139842782380118e-02
-1.791599390359073229e-01 -9.834858115595542793e-01 2.563949173361989783e-02
-1.867691975999223597e-01 -9.820639333462723997e-01 2.584001686955672561e-02
-1.944176462211769374e-01 -9.805730945409242283e-01 2.604215653202791511e-02
-2.021046988011867829e-01 -9.790122038474637911e-01 2.624508049538465740e-02
-2.098294960273315024e-01 -9.773802216110970553e-01 2.644794517760716210e-02
-2.175909034274063902e-01 -9.756761710376444796e-01 2.664989329953738190e-02
-2.253875096788488519e-01 -9.738991497545373965e-01 2.685005364309409059e-02
-2.332176252184670617e-01 -9.720483417019231132e-01 2.704754091401976451e-02
-2.410792811991152029e-01 -9.701230293370169955e-01 2.724145571479744121e-02
-2.489702288400510999e-01 -9.681226061292499407e-01 2.743088463341910449e-02
-2.568879392176386389e-01 -9.660465893179371877e-01 2.761490045367874166e-02
-2.648296035425838912e-01 -9.638946328981554679e-01 2.779256249259754244e-02
-2.727921339689805547e-01 -9.616665407942931454e-01 2.796291707045919089e-02
-2.807721649790538287e-01 -9.593622801743699746e-01 2.812499811873454131e-02
-2.887660553855970202e-01 -9.569819948517491737e-01 2.827782793090144117e-02
-2.967698909916630656e-01 -9.545260187143392860e-01 2.842041806081188962e-02
-3.047794879440772764e-01 -9.519948891148625192e-01 2.855177037282084079e-02
-3.127903968137594193e-01 -9.493893601493167411e-01 2.867087824736461871e-02
-3.207979074316668622e-01 -9.467104157444549140e-01 2.877672794505923073e-02
-3.287970545043925052e-01 -9.439592824690216100e-01 2.886830013167777584e-02
-3.367826240280743511e-01 -9.411374419777140954e-01 2.894457156556068042e-02
-3.447491605133100601e-01 -9.382466429914593231e-01 2.900451694811305089e-02
-3.526909750272456123e-01 -9.352889127127140823e-01 2.904711093705177050e-02
-3.606021540519587232e-01 -9.322665675702019872e-01 2.907133032098437042e-02
-3.684765691507325691e-01 -9.291822231838937629e-01 2.907615635273716470e-02
-3.763078874258782291e-01 -9.260388034382137645e-01 2.906057723760828090e-02
-3.840895827434895327e-01 -9.228395485495126671e-01 2.902359077141052068e-02
-3.918149476919920993e-01 -9.195880220128771487e-01 2.896420712179973572e-02
-3.994771062326833433e-01 -9.162881163134291018e-01 2.888145174496855108e-02
-4.070690269917650039e-01 -9.129440572884879312e-01 2.877436842833668018e-02
-4.145835371347755260e-01 -9.095604070293862309e-01 2.864202244840301920e-02
-4.220133367559723014e-01 -9.061420652153991950e-01 2.848350383145821160e-02
-4.293510137072381605e-01 -9.026942687772118168e-01 2.829793070340733824e-02
-4.365890587836501191e-01 -8.992225897936260148e-01 2.808445271354016032e-02
-4.437198811761029482e-01 -8.957329315328046437e-01 2.784225451573075702e-02
-4.507358240954846273e-01 -8.922315225582556630e-01 2.757055928926975888e-02
-4.576291804680130415e-01 -8.887249088299267186e-01 2.726863228035104891e-02
-4.643922085976078251e-01 -8.852199437421707229e-01 2.693578434417086623e-02
-4.710171476887313191e-01 -8.817237760528644497e-01 2.657137546666984290e-02
-4.774962331221142553e-01 -8.782438356715293049e-01 2.617481824417595970e-02
-4.838217113762930399e-01 -8.747878172887912918e-01 2.574558129860503655e-02
-4.899858544900169699e-01 -8.713636618447998528e-01 2.528319260545986574e-02
-4.959809739643991633e-01 -8.679795358501444236e-01 2.478724271165170037e-02
-5.017994340092236660e-01 -8.646438085892080849e-01 2.425738782015803702e-02
-5.074336640450877178e-01 -8.613650272525985585e-01 2.369335271873515558e-02
-5.128761703820328144e-01 -8.581518900621216694e-01 2.309493353032629828e-02
-5.181195470059373198e-01 -8.550132174685236564e-01 2.246200026344686435e-02
-5.231564854161213640e-01 -8.519579215187450538e-01 2.179449914168357302e-02
-5.279797834712172122e-01 -8.489949735055151159e-01 2.109245469250902241e-02
-5.325823532152303974e-01 -8.461333700276013614e-01 2.035597157687684886e-02
-5.369572276716599868e-01 -8.433820976037519346e-01 1.958523614251366646e-02
-5.410975666103444714e-01 -8.407500959971785370e-01 1.878051768544696659e-02
-5.449966613090898582e-01 -8.382462204201939215e-01 1.794216940608615168e-02
-5.486479383498620299e-01 -8.358792028002322017e-01 1.707062904808772166e-02
-5.520449625070760202e-01 -8.336576122988424986e-01 1.616641921026490750e-02
-5.551814388030014147e-01 -8.315898152842967628e-01 1.523014732392556810e-02
-5.580512138221983554e-01 -8.296839349661342400e-01 1.426250529021817412e-02
-5.606482763928987145e-01 -8.279478109062570201e-01 1.326426877431279017e-02
-5.629667577580290683e-01 -8.263889586260806386e-01 1.223629615552121984e-02
-5.650009313718471482e-01 -8.250145295327475647e-01 1.117952713474807021e-02
-5.667452124696353843e-01 -8.238312713895511452e-01 1.009498100294391881e-02
-5.681941575673102873e-01 -8.228454895565305849e-01 8.983754576486356960e-03
-5.693424640549257232e-01 -8.220630092267399158e-01 7.847019807629399338e-03
-5.701849700526750997e-01 -8.214891388820063645e-01 6.686021080323738437e-03
-5.707166546999624668e-01 -8.211286351891422530e-01 5.502072203808498936e-03
-5.709326390473051793e-01 -8.209856695536077442e-01 4.296553118400303281e-03
-5.708281877171654806e-01 -8.210637965425903184e-01 3.070906329850020544e-03
-5.703987114932645985e-01 -8.213659243834134926e-01 1.826633090495200342e-03
-5.696397709885303584e-01 -8.218942877361467003e-01 5.652893472015154373e-04
-5.685470815296420621e-01 -8.226504229312784355e-01 -7.115185222453491391e-04
-5.671165193812858218e-01 -8.236351458543577087e-01 -2.002138161069859368e-03
-5.653441294158954022e-01 -8.248485326495922365e-01 -3.304875849072701557e-03
-5.632261343150446464e-01 -8.262899034035228185e-01 -4.618001255801548396e-03
-5.607589453670477342e-01 -8.279578089580447164e-01 -5.939752304071426424e-03
-5.579391749020105040e-01 -8.298500209892051283e-01 -7.268340115486071097e-03
-5.547636503809142416e-01 -8.319635254743491526e-01 -8.601954008659679074e-03
-5.512294301296611909e-01 -8.342945196552974396e-01 -9.938766520041266914e-03
-5.473338206827808028e-01 -8.368384125893052472e-01 -1.127693841661670492e-02
-5.430743956750877510e-01 -8.395898293625781994e-01 -1.261462366932385171e-02
-5.384490161934363250e-01 -8.425426190231217749e-01 -1.394997435578288619e-02
-5.334558524752462949e-01 -8.456898662707179604e-01 -1.528114546093749596e-02
-5.280934068161086126e-01 -8.490239069219139845e-01 -1.660629954444381093e-02
-5.223605375259229300e-01 -8.525363471471684162e-01 -1.792361124415424792e-02
-5.162564837520461358e-01 -8.562180864558369686e-01 -1.923127158584290661e-02
-5.097808909692009838e-01 -8.600593443826554108e-01 -2.052749207042679769e-02
-5.029338369197106084e-01 -8.640496908069476012e-01 -2.181050851136906443e-02
-4.957158577742517558e-01 -8.681780798131715216e-01 -2.307858459671939186e-02
-4.881279742729647264e-01 -8.724328869788308127e-01 -2.433001515236126247e-02
-4.801717175995771636e-01 -8.768019499534688288e-01 -2.556312908549870228e-02
-4.718491547372704042e-01 -8.812726121706935256e-01 -2.677629199022388273e-02
-4.631629130543720718e-01 -8.858317695142052806e-01 -2.796790840015151922e-02
-4.541162038705516824e-01 -8.904659197388927749e-01 -2.913642367656997176e-02
-4.447128447599179024e-01 -8.951612144294711637e-01 -3.028032552431779781e-02
-4.349572803561026491e-01 -8.999035132621014954e-01 -3.139814513161666432e-02
-4.248546014358413614e-01 -9.046784403191641122e-01 -3.248845793433769585e-02
-4.144105620714458316e-01 -9.094714421940389704e-01 -3.354988400960226547e-02
-4.036315946585997683e-01 -9.142678476115134734e-01 -3.458108810816735990e-02
-3.925248226437385579e-01 -9.190529282803894251e-01 -3.558077933966129203e-02
-3.810980707945313406e-01 -9.238119606880345058e-01 -3.654771052935460590e-02
-3.693598728772828355e-01 -9.285302885420236851e-01 -3.748067726970673308e-02
-3.573194766260342492e-01 -9.331933855615746065e-01 -3.837851669435179275e-02
-3.449868459093949347e-01 -9.377869183210925108e-01 -3.924010600640666369e-02
-3.323726600223333438e-01 -9.422968088496527228e-01 -4.006436079693066060e-02
-3.194883100509852691e-01 -9.467092966934541609e-01 -4.085023319297040323e-02
-3.063458922787257177e-01 -9.510110001529544776e-01 -4.159670987781986101e-02
-2.929581986210779143e-01 -9.551889764122776239e-01 -4.230281002885255548e-02
-2.793387040953310696e-01 -9.592307802853025089e-01 -4.296758322048419704e-02
-2.655015513478998779e-01 -9.631245213103093450e-01 -4.359010734144976029e-02
-2.514615322784334861e-01 -9.668589189329149791e-01 -4.416948657658659877e-02
-2.372340668144763687e-01 -9.704233555250086907e-01 -4.470484950366965943e-02
-2.228351789041648490e-01 -9.738079269952836237e-01 -4.519534735552109550e-02
-2.082814698071152881e-01 -9.770034907545646075e-01 -4.564015249659688495e-02
-1.935900887754802846e-01 -9.800017108063193705e-01 -4.603845716153097400e-02
-1.787787012282923138e-01 -9.827950997394319099e-01 -4.638947250069510447e-02
-1.638654545328844803e-01 -9.853770574064986132e-01 -4.669242797472234613e-02
-1.488689415175779573e-01 -9.877419060766209347e-01 -4.694657113616663990e-02
-1.338081618501568704e-01 -9.898849218570388020e-01 -4.715116783206128176e-02
-1.187024814270930956e-01 -9.918023621831468795e-01 -4.730550285613800698e-02
-1.035715899291827363e-01 -9.934914891817057114e-01 -4.740888107392561557e-02
-8.843545671031644018e-02 -9.949505887176967045e-01 -4.746062903792357818e-02
-7.331428519757568485e-02 -9.961789849416052833e-01 -4.746009710360896139e-02
-5.822846599271100376e-02 -9.971770501613311799e-01 -4.740666205026195651e-02
-4.319852887723166224e-02 -9.979462098717956087e-01 -4.729973020356890295e-02
-2.824509393566092263e-02 -9.984889427860489386e-01 -4.713874104977248264e-02
-1.338882202375506897e-02 -9.988087757246532083e-01 -4.692317132388247602e-02
1.349635179656354100e-03 -9.989102732356816006e-01 -4.665253954723667940e-02
1.594968528744548572e-02 -9.987990218361527672e-01 -4.632641098261389145e-02
3.039084522588614279e-02 -9.984816087873557011e-01 -4.594440296825339637e-02
4.465279089531117712e-02 -9.979655953414974245e-01 -4.550619058563321051e-02
5.871540619563005853e-02 -9.972594844255207036e-01 -4.501151260980506413e-02
7.255883113913891291e-02 -9.963726827597920721e-01 -4.446017768557633532e-02
8.616350877274553399e-02 -9.953154574445461922e-01 -4.385207066796173447e-02
9.951023063505676225e-02 -9.940988870852930370e-01 -4.318715906118492792e-02
1.125801804811574769e-01 -9.927348075695343610e-01 -4.246549948716835804e-02
1.253549760197001095e-01 -9.912357526506901939e-01 -4.168724411197150675e-02
1.378167084233795081e-01 -9.896148895405975088e-01 -4.085264695707355870e-02
1.499479793951365436e-01 -9.878859497587316740e-01 -3.996207002178095435e-02
1.617319355985365470e-01 -9.860631555337681098e-01 -3.901598914339155649e-02
1.731523002915851817e-01 -9.841611421005375115e-01 -3.801499952306686136e-02
1.841934020385082027e-01 -9.821948762821128831e-01 -3.695982084763566045e-02
1.948402004133151233e-01 -9.801795717919484785e-01 -3.585130194074311744e-02
2.050783086517208587e-01 -9.781306017339405079e-01 -3.469042488081847120e-02
2.148940132535022973e-01 -9.760634088182953416e-01 -3.347830852819667913e-02
2.242742905847756596e-01 -9.739934138475163650e-01 -3.221621140931468785e-02
2.332068205780365167e-01 -9.719359230590678411e-01 -3.090553391212021161e-02
2.416799976760554414e-01 -9.699060349388340940e-01 -2.954781975357863300e-02
2.496829392127507541e-01 -9.679185471419429199e-01 -2.814475668733434216e-02
2.572054914688052252e-01 -9.659878641745395234e-01 -2.669817642706429420e-02
2.642382336808912768e-01 -9.641279065014568550e-01 -2.521005376874082757e-02
2.707724803197780750e-01 -9.623520217502926632e-01 -2.368250490278604042e-02
2.768002819832310890e-01 -9.606728986821386762e-01 -2.211778491484386530e-02
2.823144252734878235e-01 -9.591024845931491738e-01 -2.051828448151715029e-02
2.873084320453325735e-01 -9.576519067993940482e-01 -1.888652577482252334e-02
2.917765584186777783e-01 -9.563313988401800358e-01 -1.722515759622198980e-02
2.957137939485431355e-01 -9.551502320124435341e-01 -1.553694976782412501e-02
2.991158613350570206e-01 -9.541166528211526554e-01 -1.382478681464674106e-02
3.019792170364466455e-01 -9.532378268981382963e-01 -1.209166097764535763e-02
3.043010531190175616e-01 -9.525197899046410344e-01 -1.034066460249562398e-02
3.060793006401574257e-01 -9.519674058913428771e-01 -8.574981953839913920e-03
3.073126348139676445e-01 -9.515843335439486683e-01 -6.797880508843206354e-03
3.080004821549839344e-01 -9.513730006926852667e-01 -5.012701787431665494e-03
3.081430297345514324e-01 -9.513345874105587630e-01 -3.222851779494237054e-03
3.077412366179235748e-01 -9.514690179680059812e-01 -1.431791031601535374e-03
3.067968474793682510e-01 -9.517749618508465348e-01 3.569755425722822856e-04
3.053124083189476812e-01 -9.522498439843348761e-01 2.139909062958538291e-03
3.032912841297484285e-01 -9.528898642388138329e-01 3.913447229446176054e-03
3.007376782898101286e-01 -9.536900262221907898e-01 5.674014948733358162e-03
2.976566533805055648e-01 -9.546441752914668344e-01 7.418034977550659777e-03
2.940541530643228096e-01 -9.557450456401885841e-01 9.141938519818846448e-03
2.899370245915163236e-01 -9.569843162413865789e-01 1.084217571766999538e-02
2.853130414484629784e-01 -9.583526753468285531e-01 1.251522597929548286e-02
2.801909256121956626e-01 -9.598398931638717491e-01 1.415760809027437686e-02
2.745803688367495776e-01 -9.614349022515759069e-01 1.576589005935762761e-02
2.684920523687060467e-01 -9.631258850988519971e-01 1.733669865460122847e-02
2.619376644725044945e-01 -9.649003682702009810e-01 1.886672859120556295e-02
2.549299151413136344e-01 -9.667453224300320835e-01 2.035275133836305511e-02
2.474825473768530737e-01 -9.686472674857053988e-01 2.179162351876013509e-02
2.396103444416052830e-01 -9.705923820234125809e-01 2.318029488102381006e-02
2.313291325191548509e-01 -9.725666161509078922e-01 2.451581583223289354e-02
2.226557782624634663e-01 -9.745558068080176772e-01 2.579534452449981294e-02
2.136081807650049291e-01 -9.765457945608441159e-01 2.701615349642891295e-02
2.042052575548704285e-01 -9.785225408596129881e-01 2.817563587682062054e-02
1.944669242860213865e-01 -9.804722447140630237e-01 2.927131116416170978e-02
1.844140678824353619e-01 -9.823814577248921598e-01 3.030083060106429638e-02
1.740685129784260710e-01 -9.842371964056501055e-01 3.126198216773880961e-02
1.634529815902673600e-01 -9.860270507370341164e-01 3.215269522266854529e-02
1.525910460486795406e-01 -9.877392879150583838e-01 3.297104482177057316e-02
1.415070753169667961e-01 -9.893629502860902258e-01 3.371525574937619257e-02
1.302261749138461377e-01 -9.908879465051602109e-01 3.438370629526651956e-02
1.187741207515330272e-01 -9.923051350089493461e-01 3.497493181170703569e-02
1.071772872867631510e-01 -9.936063989609503766e-01 3.548762808292507676e-02
9.546257046354984788e-02 -9.947847119028329077e-01 3.592065453678661840e-02
8.365730600014209539e-02 -9.958341934322118005e-01 3.627303732460962493e-02
7.178918363754774323e-02 -9.967501543218663107e-01 3.654397229019241966e-02
5.988615802197837928e-02 -9.975291305979181455e-01 3.673282784336136253e-02
4.797635693769922854e-02 -9.981689062033756166e-01 3.683914774680760451e-02
3.608798763927155429e-02 -9.986685239875181530e-01 3.686265381786743567e-02
2.424924205250727702e-02 -9.990282848795132287e-01 3.680324853940548230e-02
1.248820162128284200e-02 -9.992497352250395704e-01 3.666101756629799868e-02
8.327425725712135629e-04 -9.993356423861323723e-01 3.643623210640632021e-02
-1.068955764523933649e-02 -9.992899588255484966e-01 3.612935114759819460e-02
-2.205151202512466505e-02 -9.991177750162505422e-01 3.574102349553125169e-02
-3.322641308074269356e-02 -9.988252616327448763e-01 3.527208958075738615e-02
-4.418811870960634436e-02 -9.984196015926162238e-01 3.472358298841849572e-02
-5.491113426913322992e-02 -9.979089126223960049e-01 3.409673165953630569e-02
-6.537069036493611818e-02 -9.973021611206558390e-01 3.339295870977497527e-02
-7.554281592831918468e-02 -9.966090681818098318e-01 3.261388280966492914e-02
-8.540440624326162133e-02 -9.958400087255183664e-01 3.176131806967390919e-02
-9.493328567051370626e-02 -9.950059047479147267e-01 3.083727337421554929e-02
-1.041082649060010717e-01 -9.941181137713678284e-01 2.984395111067976794e-02
-1.129091927006462548e-01 -9.931883136185331029e-01 2.878374524280234367e-02
-1.213170020570455976e-01 -9.922283846735683310e-01 2.765923868208311487e-02
-1.293137510032541515e-01 -9.912502908183009609e-01 2.647319991640540229e-02
-1.368826581233396900e-01 -9.902659602436790776e-01 2.522857886137473693e-02
-1.440081330965672368e-01 -9.892871673370247088e-01 2.392850190703662422e-02
-1.506758025603946727e-01 -9.883254168335896539e-01 2.257626614039354163e-02
-1.568725316654063506e-01 -9.873918313969642924e-01 2.117533273235681218e-02
-1.625864417316132682e-01 -9.864970437574165363e-01 1.972931948627455051e-02
-1.678069244441952323e-01 -9.856510944907308502e-01 1.824199255381102336e-02
-1.725246530420376234e-01 -9.848633364631641518e-01 1.671725733256090168e-02
-1.767315909539317609e-01 -9.841423469013693692e-01 1.515914856822029796e-02
-1.804209983250152638e-01 -9.834958479702554657e-01 1.357181969227377362e-02
-1.835874368502339871e-01 -9.829306366574628306e-01 1.195953143387607116e-02
-1.862267732929737962e-01 -9.824525246711750537e-01 1.032663975180728166e-02
-1.883361820165504186e-01 -9.820662889591044165e-01 8.677583138974266988e-03
-1.899141467953041063e-01 -9.817756333514248146e-01 7.016869357847800234e-03
-1.909604621022686910e-01 -9.815831617199453074e-01 5.349061670406641232e-03
-1.914762339936875724e-01 -9.814903629306792610e-01 3.678764630561989941e-03
-1.914638806291673601e-01 -9.814976077479689032e-01 2.010609510626045360e-03
-1.909271323822979705e-01 -9.816041577262913931e-01 3.492394361448102579e-04
-1.898710314125402199e-01 -9.818081860016808493e-01 -1.300705694673735075e-03
-1.883019304875462319e-01 -9.821068097692923216e-01 -2.934604429641608260e-03
-1.862274907682729130e-01 -9.824961341080322708e-01 -4.547869041865416906e-03
-1.836566781996214759e-01 -9.829713066884993022e-01 -6.135960792696494581e-03
-1.805997580890743026e-01 -9.835265827779355874e-01 -7.694405102836495911e-03
-1.770682874068747747e-01 -9.841553998367973399e-01 -9.218806558234340226e-03
-1.730751043053871951e-01 -9.848504608873324129e-01 -1.070486368027613946e-02
-1.686343143337340755e-01 -9.856038257266946934e-01 -1.214838339328406201e-02
-1.637612728176048027e-01 -9.864070089572058997e-01 -1.354529512642914379e-02
-1.584725628838167810e-01 -9.872510837159833574e-01 -1.489166449174046669e-02
-1.527859686349058166e-01 -9.881267899069092753e-01 -1.618370648486056398e-02
-1.467204430203963850e-01 -9.890246456713757128e-01 -1.741779816044520049e-02
-1.402960700076815170e-01 -9.899350607818988568e-01 -1.859049073951691763e-02
-1.335340207254270828e-01 -9.908484506059063168e-01 -1.969852111153182553e-02
-1.264565033345097234e-01 -9.917553492669385351e-01 -2.073882269928129657e-02
-1.190867064737533704e-01 -9.926465206281320786e-01 -2.170853565989909473e-02
-1.114487362278958477e-01 -9.935130657388487885e-01 -2.260501640005991783e-02
-1.035675466708113890e-01 -9.943465254200664072e-01 -2.342584638782821763e-02
-9.546886414538455212e-02 -9.951389767177062362e-01 -2.416884024745130644e-02
-8.717910554984031890e-02 -9.958831220251380678e-01 -2.483205312661286926e-02
-7.872529100603316288e-02 -9.965723697660074931e-01 -2.541378732821896955e-02
-7.013495138550890351e-02 -9.972009056352530987e-01 -2.591259820065138636e-02
-6.143603126154471156e-02 -9.977637535183424555e-01 -2.632729928159266430e-02
-5.265678793753432452e-02 -9.982568253446582052e-01 -2.665696669103213498e-02
-4.382568727199094571e-02 -9.986769592786097771e-01 -2.690094276895804368e-02
-3.497129707640522084e-02 -9.990219458091892379e-01 -2.705883895260926750e-02
-2.612217890292389821e-02 -9.992905414628726612e-01 -2.713053788710499681e-02
-1.730677906343232320e-02 -9.994824700333937439e-01 -2.711619476191426056e-02
-8.553319729701330809e-03 -9.995984113922876668e-01 -2.701623786410512623e-02
1.103090441804937399e-04 -9.996399781134955864e-01 -2.683136833776867194e-02
8.656655560352609011e-03 -9.996096803110307016e-01 -2.656255913759049403e-02
1.705881019959606948e-02 -9.995108792481288695e-01 -2.621105316338277758e-02
2.529050590396744042e-02 -9.993477304269581252e-01 -2.577836056162310929e-02
3.332621476163906415e-02 -9.991251170075619026e-01 -2.526625517978736690e-02
4.114124011175920165e-02 -9.988485745312024600e-01 -2.467677015960843823e-02
4.871180367093912861e-02 -9.985242080348623039e-01 -2.401219265641275566e-02
5.601512727232188515e-02 -9.981586027388562599e-01 -2.327505767342983103e-02
6.302950890056163713e-02 -9.977587295671138667e-01 -2.246814100245747223e-02
6.973439279887765074e-02 -9.973318468188441255e-01 -2.159445126549190686e-02
7.611043351511076471e-02 -9.968853993504365185e-01 -2.065722105586799764e-02
8.213955383998070015e-02 -9.964269166473532779e-01 -1.965989718204760525e-02
8.780499667027563682e-02 -9.959639111674815082e-01 -1.860613002237139837e-02
9.309137090050323415e-02 -9.955037783202810298e-01 -1.749976200476264024e-02
9.798469150689717577e-02 -9.950536994106803368e-01 -1.634481523143939061e-02
1.024724140362616720e-01 -9.946205488238464287e-01 -1.514547827504427596e-02
1.065434637479932556e-01 -9.942108066577103331e-01 -1.390609217912401781e-02
1.101882596802073594e-01 -9.938304779256351695e-01 -1.263113570246826058e-02
1.133987339201129041e-01 -9.934850193531956641e-01 -1.132520985333492977e-02
1.161683463549490203e-01 -9.931792746821160867e-01 -9.993021765937934106e-03
1.184920951636762726e-01 -9.929174192725087611e-01 -8.639367977649827640e-03
1.203665232823483977e-01 -9.927029146632523338e-01 -7.269117171082780174e-03
1.217897210391890167e-01 -9.925384736112888850e-01 -5.887192450471001072e-03
1.227613251106820375e-01 -9.924260359854822910e-01 -4.498553226512436165e-03
1.232825138995292114e-01 -9.923667557411971485e-01 -3.108176787973218180e-03
1.233559993813944516e-01 -9.923609990496755628e-01 -1.721039641862657371e-03
1.229860154123160881e-01 -9.924083535033979553e-01 -3.420987068078287265e-04
1.221783024349331614e-01 -9.925076481667318706e-01 1.023727553635182287e-03
1.209400884716053670e-01 -9.926569840921350973e-01 2.371577969620758397e-03
1.192800662483469859e-01 -9.928537747778555245e-01 3.696667386856201422e-03
1.172083662572851737e-01 -9.930947959053303409e-01 4.994305183001358957e-03
1.147365255388615168e-01 -9.933762435652098155e-01 6.259913490804123667e-03
1.118774519496638226e-01 -9.936938000619628397e-01 7.489045041671719624e-03
1.086453836786581417e-01 -9.940427062801775460e-01 8.677400545558867223e-03
1.050558437843258780e-01 -9.944178395026760375e-01 9.820845525847717722e-03
1.011255895479857697e-01 -9.948137954930428295e-01 1.091542653124377704e-02
9.687255647413056669e-02 -9.952249735945840614e-01 1.195738665055100583e-02
9.231579681621776556e-02 -9.956456635553727619e-01 1.294318026044497319e-02
8.747541256488104711e-02 -9.960701327659210458e-01 1.386948694095702962e-02
8.237248290344158230e-02 -9.964927125929216034e-01 1.473322449823361718e-02
7.702898621102732823e-02 -9.969078825098554031e-01 1.553156103916122216e-02
7.146771677440828807e-02 -9.973103507631631004e-01 1.626192604756952417e-02
6.571219645348214122e-02 -9.976951303708431196e-01 1.692202041686844544e-02
5.978658162973362472e-02 -9.980576093281012806e-01 1.750982539907198349e-02
5.371556584944436885e-02 -9.983936139909626029e-01 1.802361043515636127e-02
4.752427865150353481e-02 -9.986994647221200117e-01 1.846193983654700888e-02
4.123818114105713001e-02 -9.989720230119135680e-01 1.882367829219742245e-02
3.488295893284641680e-02 -9.992087294290499244e-01 1.910799518019571860e-02
2.848441314012338521e-02 -9.994076319080366089e-01 1.931436766710959221e-02
2.206835012504264684e-02 -9.995674040406240524e-01 1.944258258236852832e-02
1.566047075335865596e-02 -9.996873532039479704e-01 1.949273705890731609e-02
9.286259909478365715e-03 -9.997674185255491786e-01 1.946523793509148323e-02
2.970877027248617665e-03 -9.998081588519878160e-01 1.936079991665520111e-02
-3.260951622443429045e-03 -9.998107310503469014e-01 1.918044250105294807e-02
-9.385038173420491570e-03 -9.997768591276168237e-01 1.892548567030710033e-02
-1.537783526057720854e-02 -9.997087947990151990e-01 1.859754436217276111e-02
-2.121653434563153598e-02 -9.996092702701812049e-01 1.819852173328306844e-02
-2.687915970524860920e-02 -9.994814441176254061e-01 1.773060123192068613e-02
-3.234465757945885478e-02 -9.993288412548646527e-01 1.719623750221292366e-02
-3.759298004785649461e-02 -9.991552880567230455e-01 1.659814614588788623e-02
-4.260516327307335704e-02 -9.989648437801000869e-01 1.593929237226393916e-02
-4.736339982330100423e-02 -9.987617294652496591e-01 1.522287857186977247e-02
-5.185110485609152609e-02 -9.985502555268145342e-01 1.445233085399069001e-02
-5.605297601236986643e-02 -9.983347492484330177e-01 1.363128459348011100e-02
-5.995504693082984171e-02 -9.981194833789559517e-01 1.276356903732545935e-02
-6.354473434723231784e-02 -9.979086069928057023e-01 1.185319102666713455e-02
-6.681087878947498948e-02 -9.977060797226979805e-01 1.090431789518373808e-02
-6.974377891691439790e-02 -9.975156104010588498e-01 9.921259609915968405e-03
-7.233521958092409276e-02 -9.973406010584566772e-01 8.908450225641663389e-03
-7.457849370308389236e-02 -9.971840971249226193e-01 7.870428728769645818e-03
-7.646841807809809377e-02 -9.970487445650060288e-01 6.811819351323723792e-03
-7.800134321127012715e-02 -9.969367545518240670e-01 5.737311439875433967e-03
-7.917515729616095288e-02 -9.968498761513349127e-01 4.651638968191913401e-03
-7.998928442823793894e-02 -9.967893773478175845e-01 3.559559785834563121e-03
-8.044467713639222306e-02 -9.967560345973498492e-01 2.465834697920404710e-03
-8.054380329782256931e-02 -9.967501309502505569e-01 1.375206473692372998e-03
-8.029062748467839794e-02 -9.967714626383195053e-01 2.923788833946764591e-04
-7.969058677475221453e-02 -9.968193538805625309e-01 -7.780041358204743338e-04
-7.875056104506723831e-02 -9.968926795242037953e-01 -1.831379083645664780e-03
-7.747883775793838745e-02 -9.969898950083541100e-01 -2.863283168805345023e-03
-7.588507124530906311e-02 -9.971090730178202577e-01 -3.869374149213010948e-03
-7.398023649994404927e-02 -9.972479460861918277e-01 -4.845449641074269127e-03
-7.177657749215363148e-02 -9.974039543123397467e-01 -5.787465800022765366e-03
-6.928755004856824995e-02 -9.975742972744441328e-01 -6.691555280141887191e-03
-6.652775935516182237e-02 -9.977559891620468857e-01 -7.554044380120375490e-03
-6.351289217996847203e-02 -9.979459161005569401e-01 -8.371469289780966022e-03
-6.025964395114341565e-02 -9.981408946149893380e-01 -9.140591354766910287e-03
-5.678564087225768803e-02 -9.983377301710626428e-01 -9.858411282224307376e-03
-5.310935730778297559e-02 -9.985332747423207866e-01 -1.052218221582608935e-02
-4.925002872617803562e-02 -9.987244823815575323e-01 -1.112942161439017114e-02
-4.522756054422095995e-02 -9.989084618230003043e-01 -1.167792187459132554e-02
-4.106243327252036279e-02 -9.990825252075804519e-01 -1.216575964479507492e-02
-3.677560441672237529e-02 -9.992442321059455956e-01 -1.259130378379467834e-02
-3.238840764007762385e-02 -9.993914281110792830e-01 -1.295322192515385544e-02
-2.792244973911047964e-02 -9.995222773825815921e-01 -1.325048561489706837e-02
-2.339950602367062149e-02 -9.996352886456573161e-01 -1.348237399739929225e-02
-1.884141472439228998e-02 -9.997293342772357594e-01 -1.364847603146741341e-02
-1.426997107355221228e-02 -9.998036622468137180e-01 -1.374869122574033826e-02
-9.706821718816340677e-03 -9.998579008178510863e-01 -1.378322888963558548e-02
-5.173360133033604209e-03 -9.998920560540708324e-01 -1.375260590311263957e-02
-6.906236770385203172e-04 -9.999065023110522699e-01 -1.365764301548918862e-02
3.720807043344772670e-03 -9.999019660243469998e-01 -1.349945969042079183e-02
8.040905909648284750e-03 -9.998795032284243378e-01 -1.327946752092620634e-02
1.225029552885184211e-02 -9.998404713536784838e-01 -1.299936224500001375e-02
1.633033743345572303e-02 -9.997864959493741877e-01 -1.266111439889265958e-02
2.026321774531295722e-02 -9.997194330669141316e-01 -1.226695865154681445e-02
2.403202785483283740e-02 -9.996413281086594660e-01 -1.181938186994778081e-02
2.762083971980920649e-02 -9.995543720015490630e-01 -1.132110997126240318e-02
3.101477544209452902e-02 -9.994608555911383974e-01 -1.077509362359049296e-02
3.420007083420709137e-02 -9.993631231699829920e-01 -1.018449286291694088e-02
3.716413274040974990e-02 -9.992635260544723286e-01 -9.552660699409755082e-03
3.989558992668225390e-02 -9.991643771065787938e-01 -8.883125791533894380e-03
4.238433740037615000e-02 -9.990679070621854008e-01 -8.179574271514424011e-03
4.462157406247520969e-02 -9.989762234766613735e-01 -7.445830810453338625e-03
4.659983363282309970e-02 -9.988912730324495115e-01 -6.685839015848103924e-03
4.831300882122080420e-02 -9.988148078741297953e-01 -5.903641258340000704e-03
4.975636874499496376e-02 -9.987483565454968737e-01 -5.103358028198905563e-03
5.092656961679112998e-02 -9.986932000025695588e-01 -4.289166925289550347e-03
5.182165874546584144e-02 -9.986503530682290242e-01 -3.465281389024105641e-03
5.244107190873265045e-02 -9.986205515805555155e-01 -2.635929277049524344e-03
5.278562416949234698e-02 -9.986042453701622357e-01 -1.805331403109596347e-03
5.285749421947168875e-02 -9.986015970842080369e-01 -9.776801456279171458e-04
5.266020234487288343e-02 -9.986124867585808307e-01 -1.571182390491997422e-04
5.219858212015292265e-02 -9.986365219272198557e-01 6.522821401728709370e-04
5.147874594870116560e-02 -9.986730529508285326e-01 1.446539881862986005e-03
5.050804458385238505e-02 -9.987211931483479521e-01 2.221784935093644529e-03
4.929502078099980145e-02 -9.987798432253707226e-01 2.974277678411798957e-03
4.784935725201670126e-02 -9.988477194158539296e-01 3.700427562750130406e-03
4.618181911701006032e-02 -9.989233846884838508e-01 4.396810925980207570e-03
4.430419107564908393e-02 -9.990052823180449737e-01 5.060187882258126643e-03
4.222920955074856153e-02 -9.990917710860733880e-01 5.687518194148388252e-03
3.997049009003728753e-02 -9.991811613545394932e-01 6.275976040959680910e-03
3.754245034750372523e-02 -9.992717512516110512e-01 6.822963602750856636e-03
3.496022900261041427e-02 -9.993618622196619450e-01 7.326123386024154839e-03
3.223960101309326226e-02 -9.994498732022599752e-01 7.783349224167644687e-03
2.939688963400257163e-02 -9.995342527882005168e-01 8.192795893186968076e-03
2.644887567103743412e-02 -9.996135886857475672e-01 8.552887291121320096e-03
2.341270446900683630e-02 -9.996866139678051155e-01 8.862323137711009338e-03
2.030579116539293558e-02 -9.997522296071964520e-01 9.120084159313269698e-03
1.714572476355407174e-02 -9.998095229087753388e-01 9.325435732688075116e-03
1.395017159927207373e-02 -9.998577815397309276e-01 9.477929970036078761e-03
1.073677878746487346e-02 -9.998965029590305420e-01 9.577406236507157722e-03
7.523078242481119268e-03 -9.999253991492300653e-01 9.623990100253512758e-03
4.326391865201021682e-03 -9.999443966565841890e-01 9.618090723921416882e-03
1.163738483129895564e-03 -9.999536320462285577e-01 9.560396715209421720e-03
-1.948256884060817380e-03 -9.999534429759897591e-01 9.451870462720099453e-03
-4.993450881167565969e-03 -9.999443551830011767e-01 9.293740991752766703e-03
-7.956266269783320716e-03 -9.999270657598630097e-01 9.087495382884745732e-03
-1.082177248088154672e-02 -9.999024231698642184e-01 8.834868804130448922e-03
-1.357576180760887256e-02 -9.998714045123286986e-01 8.537833215115362903e-03
-1.620482081711159886e-02 -9.998350905982865688e-01 8.198584809022852263e-03
-1.869639660165994810e-02 -9.997946394325238906e-01 7.819530265034532399e-03
-2.103885753242693002e-02 -9.997512587200751977e-01 7.403271890560211843e-03
-2.322154822315092987e-02 -9.997061780231634165e-01 6.952591738712927787e-03
-2.523483845476000992e-02 -9.996606211885428195e-01 6.470434792200876681e-03
-2.707016585516047041e-02 -9.996157796455669153e-01 5.959891310054457950e-03
-2.872007217021651376e-02 -9.995727871427780853e-01 5.424178438356771007e-03
-3.017823300203697351e-02 -9.995326964463671082e-01 4.866621190373895262e-03
-3.143948092875278877e-02 -9.994964584686928388e-01 4.290632905161438811e-03
-3.249982195587849954e-02 -9.994649042306130715e-01 3.699695296831218266e-03
-3.335644528310731383e-02 -9.994387299892574239e-01 3.097338209172025014e-03
-3.400772640212403747e-02 -9.994184857848174008e-01 2.487119192208023244e-03
-3.445322357097200389e-02 -9.994045675777815108e-01 1.872603018525507545e-03
-3.469366773899813794e-02 -9.993972130636983309e-01 1.257341257783663267e-03
-3.473094602379609569e-02 -9.993965011679324384e-01 6.448520277302933340e-04
-3.456807886826394199e-02 -9.994023551398719674e-01 3.860003925503624998e-05
-3.420919103227326730e-02 -9.994145490864878578e-01 -5.580229484799203955e-04
-3.365947659985605439e-02 -9.994327177107561466e-01 -1.141717148994135815e-03
-3.292515820953323402e-02 -9.994563689528275230e-01 -1.709293134604024074e-03
-3.201344074262722078e-02 -9.994848991723788156e-01 -2.257689480393865536e-03
-3.093245973220784192e-02 -9.995176104605314471e-01 -2.783989563052221769e-03
-2.969122478369108295e-02 -9.995537296300597285e-01 -3.285437416575471593e-03
-2.829955832689774742e-02 -9.995924284040876850e-01 -3.759452552486315744e-03
-2.676803004832444335e-02 -9.996328443065658487e-01 -4.203643658484513407e-03
-2.510788738111489546e-02 -9.996741017527465134e-01 -4.615821096302701911e-03
-2.333098245828729711e-02 -9.997153328445625986e-01 -4.994008126938438361e-03
-2.144969596164352302e-02 -9.997556973939358826e-01 -5.336450799325392728e-03
-1.947685832388156360e-02 -9.997944017259735583e-01 -5.641626446837340846e-03
-1.742566876415611171e-02 -9.998307158529201599e-01 -5.908250744729310645e-03
-1.530961265709315094e-02 -9.998639886575207969e-01 -6.135283290648137558e-03
-1.314237775150658809e-02 -9.998936607798413201e-01 -6.321931679624298930e-03
-1.093776976729247952e-02 -9.999192749631350408e-01 -6.467654054420742850e-03
-8.709627906775952236e-03 -9.999404836804521857e-01 -6.572160121694162194e-03
-6.471740819845217887e-03 -9.999570539326937402e-01 -6.635410634051274598e-03
-4.237763560328889484e-03 -9.999688691789918593e-01 -6.657615347689497393e-03
-2.021136064181941645e-03 -9.999759284299288842e-01 -6.639229474831745068e-03
1.649963318083300969e-04 -9.999783426015069754e-01 -6.580948659534945414e-03
2.307859828731891050e-03 -9.999763282913464169e-01 -6.483702514609950181e-03
4.395126080774948429e-03 -9.999701991968448223e-01 -6.348646766278589516e-03
6.414982631333044499e-03 -9.999603554466511834e-01 -6.177154061756971737e-03
8.356199443368083485e-03 -9.999472711606626207e-01 -5.970803503141434987e-03
1.020819112948196175e-02 -9.999314805889257807e-01 -5.731368978737362563e-03
1.196107452190742562e-02 -9.999135632056278533e-01 -5.460806370267337097e-03
1.360572125938433810e-02 -9.998941281503631595e-01 -5.161239721183501564e-03
1.513380510614059302e-02 -9.998737984148691194e-01 -4.834946457552477365e-03
1.653784375740468410e-02 -9.998531951695113218e-01 -4.484341758646023801e-03
1.781123492556172319e-02 -9.998329226102726786e-01 -4.111962179426152143e-03
1.894828654080740402e-02 -9.998135536844066085e-01 -3.720448631531872701e-03
1.994424093960573893e-02 -9.997956170220105854e-01 -3.312528833131292167e-03
2.079529295314213808e-02 -9.997795853625073281e-01 -2.890999341075200634e-03
2.149860184608431285e-02 -9.997658657205015231e-01 -2.458707281157301514e-03
2.205229709319099160e-02 -9.997547914859430396e-01 -2.018531893935265279e-03
2.245547801757708309e-02 -9.997466166003238230e-01 -1.573366014482373721e-03
2.270820734973926988e-02 -9.997415118951596957e-01 -1.126097604611329918e-03
2.281149880079123143e-02 -9.997395636226974469e-01 -6.795914555330613647e-04
2.276729877679798536e-02 -9.997407741530656144e-01 -2.366711775810547173e-04
2.257846239368556732e-02 -9.997450647583343564e-01 1.998984084528533027e-04
2.224872398397730738e-02 -9.997522803534738545e-01 6.274283666564660095e-04
2.178266231759004926e-02 -9.997621960182034861e-01 1.043322119861242198e-03
2.118566078909592601e-02 -9.997745250832685837e-01 1.445091198171443792e-03
2.046386285315690556e-02 -9.997889285306775786e-01 1.830370163282746265e-03
1.962412301815945337e-02 -9.998050254306047879e-01 2.196930615370935348e-03
1.867395373525308766e-02 -9.998224041185498345e-01 2.542694195625585900e-03
1.762146854581686170e-02 -9.998406338052662212e-01 2.865744504396914357e-03
1.647532187458575215e-02 -9.998592763090482505e-01 3.164337862371640383e-03
1.524464587797187340e-02 -9.998778976050991529e-01 3.436912850145588776e-03
1.393898477719709289e-02 -9.998960788995931992e-01 3.682098569961727522e-03
1.256822712338615672e-02 -9.999134269561912314e-01 3.898721582172594378e-03
1.114253645642857699e-02 -9.999295834294931185e-01 4.085811478101939939e-03
9.672280830897541856e-03 -9.999442329923791117e-01 4.242605060354886874e-03
8.167961690341590808e-03 -9.999571100814216296e-01 4.368549111189518747e-03
6.640142575612419627e-03 -9.999680041254658258e-01 4.463301739244329193e-03
5.099378153389363608e-03 -9.999767631659201017e-01 4.526732304643387231e-03
3.556144047602573591e-03 -9.999832958220582491e-01 4.558919932202172044e-03
2.020767949008370722e-03 -9.999875715995055758e-01 4.560150632060460188e-03
5.033624667705744859e-04 -9.999896195838601232e-01 4.530913056504434072e-03
-9.862398293381863159e-04 -9.999895256029506241e-01 4.471892930940443538e-03
-2.438548746401932466e-03 -9.999874279794991327e-01 4.383966205882531934e-03
-3.844475778101553651e-03 -9.999835120299872537e-01 4.268190985352963117e-03
-5.195390004787227289e-03 -9.999780034945152662e-01 4.125798295211272060e-03
-6.483170230184647290e-03 -9.999711611057293670e-01 3.958181762568448343e-03
-7.700253031713291500e-03 -9.999632685219923545e-01 3.766886284558507072e-03
-8.839676434125278565e-03 -9.999546258605687132e-01 3.553595771284018962e-03
-9.895118950574283839e-03 -9.999455410705699876e-01 3.320120053683694832e-03
-1.086093377091952757e-02 -9.999363213828039720e-01 3.068381052351765084e-03
-1.173217791370068618e-02 -9.999272650647396121e-01 2.800398307938135878e-03
-1.250463619545082172e-02 -9.999186536939241865e-01 2.518273977647016854e-03
-1.317483990854167140e-02 -9.999107451429324334e-01 2.224177405506218806e-03
-1.374008013630720337e-02 -9.999037674439718026e-01 1.920329376480449379e-03
-1.419841567153025744e-02 -9.998979136724077676e-01 1.608986166134896605e-03
-1.454867554129831743e-02 -9.998933379566018465e-01 1.292423498410008587e-03
-1.479045617756260395e-02 -9.998901526875095813e-01 9.729205241389906212e-04
-1.492411330831793989e-02 -9.998884269664570779e-01 6.527439322251908215e-04
-1.495074867902566364e-02 -9.998881862943859167e-01 3.341323039011203115e-04
-1.487219174760548608e-02 -9.998894134715954340e-01 1.928081822312829484e-05
-1.469097652890634202e-02 -9.998920506445454492e-01 -2.896735860703650929e-04
-1.441031379591055719e-02 -9.998960024064561525e-01 -5.906664909745905183e-04
-1.403405887490218225e-02 -9.999011398320213351e-01 -8.817196250259101437e-04
-1.356667530029969336e-02 -9.999073053041765968e-01 -1.160953742784237054e-03
-1.301319462166216495e-02 -9.999143179730644038e-01 -1.426600672088839533e-03
-1.237917268035830867e-02 -9.999219796744868161e-01 -1.677014449610638325e-03
-1.167064269635822125e-02 -9.999300811274721701e-01 -1.910681472212451878e-03
-1.089406552637629984e-02 -9.999384082281898012e-01 -2.126229599130023684e-03
-1.005627747296299231e-02 -9.999467482602565349e-01 -2.322436147945773459e-03
-9.164436039915234075e-03 -9.999548958492814332e-01 -2.498234735684480134e-03
-8.225964042359753398e-03 -9.999626585019441016e-01 -2.652720925052253018e-03
-7.248492489883567348e-03 -9.999698615865206808e-01 -2.785156644800630861e-03
-6.239802667986865496e-03 -9.999763526319876972e-01 -2.894973362357465552e-03
-5.207767846789022013e-03 -9.999820048459707733e-01 -2.981773996154398615e-03
-4.160295046237223737e-03 -9.999867197771310501e-01 -3.045333564425174028e-03
-3.105267283997754663e-03 -9.999904290743121260e-01 -3.085598576577191533e-03
-2.050486725744516802e-03 -9.999930953221011221e-01 -3.102685182478363141e-03
-1.003619147735507937e-03 -9.999947119595852252e-01 -3.096876104081304482e-03
2.785989153069766064e-05 -9.999953023152340359e-01 -3.068616382657634017e-03
1.036716790032024636e-03 -9.999949178152774953e-01 -3.018507983469524703e-03
2.016009189990319948e-03 -9.999936354450175147e-01 -2.947303307899361464e-03
2.959132475360488554e-03 -9.999915545616316903e-01 -2.855897670830625026e-03
3.859863164240878546e-03 -9.999887931727263757e-01 -2.745320808366960921e-03
4.712398908203282999e-03 -9.999854838068035212e-01 -2.616727487739132618e-03
5.511394839329024006e-03 -9.999817691096881678e-01 -2.471387297433108761e-03
6.251996036221811257e-03 -9.999777973046906077e-01 -2.310673701133558397e-03
6.929865912150064144e-03 -9.999737176538644468e-01 -2.136052443977311342e-03
7.541210361453448349e-03 -9.999696760532922335e-01 -1.949069403817756682e-03
8.082797534138397647e-03 -9.999658108871268825e-01 -1.751337983685889851e-03
8.551973142902917838e-03 -9.999622492534899765e-01 -1.544526144374345654e-03
8.946671241402063060e-03 -9.999591036607140548e-01 -1.330343178050233735e-03
9.265420447136383381e-03 -9.999564692753345474e-01 -1.110526325009378052e-03
9.507345616675225153e-03 -9.999544217842611937e-01 -8.868273361125917232e-04
9.672165014788621645e-03 -9.999530159133088736e-01 -6.609990830933753928e-04
9.760183052242034016e-03 -9.999522846233789286e-01 -4.347823178009211980e-04
9.772278699305698979e-03 -9.999522389846984272e-01 -2.098926795530949908e-04
9.709889713252331522e-03 -9.999528687092654744e-01 1.199195286272919121e-05
9.574992848078590912e-03 -9.999541433026074566e-01 2.292436713658997909e-04
9.370080243207666928e-03 -9.999560137786668301e-01 4.402962218224022034e-04
9.098132214837609602e-03 -9.999584148665583427e-01 6.436560759632656715e-04
8.762586698720839160e-03 -9.999612676254820975e-01 8.379128129532872719e-04
8.367305616326479664e-03 -9.999644823745279520e-01 1.021748737525027869e-03
7.916538457384460908e-03 -9.999679618376755563e-01 1.193947668074771609e-03
7.414883390580368980e-03 -9.999716044010846794e-01 1.353402835085457459e-03
6.867246230511976288e-03 -9.999753073797855718e-01 1.499123837640318211e-03
6.278797602792594509e-03 -9.999789701940282605e-01 1.630242613560220705e-03
5.654928660266882005e-03 -9.999824973616410206e-01 1.746018386774355821e-03
5.001205711583430955e-03 -9.999858012215132597e-01 1.845841563852159382e-03
4.323324128758240098e-03 -9.999888043144082861e-01 1.929236560116224857e-03
3.627061902801542725e-03 -9.999914413603169239e-01 1.995863544352074765e-03
2.918233215932295593e-03 -9.999936607860273607e-01 2.045519099760723970e-03
2.202642395364637178e-03 -9.999954257720201634e-01 2.078135807393584767e-03
1.486038607144909507e-03 -9.999967148036953413e-01 2.093780766796492568e-03
7.740716391045501885e-04 -9.999975217277879969e-01 2.092653076901699726e-03
7.224910976356968551e-05 -9.999978553301496209e-01 2.075080308276646811e-03
-6.141045749074940888e-04 -9.999977384653899737e-01 2.041514005601572073e-03
-1.279887212432063862e-03 -9.999972067817868293e-01 1.992524266643011781e-03
-1.920255457885563068e-03 -9.999963070960026235e-01 1.928793450958845614e-03
-2.530658878485816943e-03 -9.999950954812170112e-01 1.851109078058635815e-03
-3.106871170096410679e-03 -9.999936351390600331e-01 1.760355980700835984e-03
-3.645018322700419641e-03 -9.999919941300778881e-01 1.657507784390995420e-03
-4.141603549047069739e-03 -9.999902430393130537e-01 1.543617788912370493e-03
-4.593528819032884417e-03 -9.999884526529569939e-01 1.419809331837729128e-03
-4.998112871693197526e-03 -9.999866917190300963e-01 1.287265717409388516e-03
-5.353105606690153340e-03 -9.999850248598290969e-01 1.147219796910181177e-03
-5.656698787632169489e-03 -9.999835106966938891e-01 1.000943288663331101e-03
-5.907533020194206952e-03 -9.999822002387702691e-01 8.497359270822687095e-04
-6.104700998581202333e-03 -9.999811355772204591e-01 6.949145307362241016e-04
-6.247747044149195260e-03 -9.999803489151272151e-01 5.378020792039253043e-04
-6.336662989738824601e-03 -9.999798619515395393e-01 3.797168875616923223e-04
-6.371880492261766844e-03 -9.999796856261147227e-01 2.219619657052839803e-04
-6.354259884099157721e-03 -9.999798202190124385e-01 6.581464735439958151e-05
-6.285075700718442682e-03 -9.999802557894692523e-01 -8.748342944223889278e-05
-6.165999047397205217e-03 -9.999809729261628366e-01 -2.367359121663273238e-04
-5.999076991875087160e-03 -9.999819437733780125e-01 -3.808008202203785279e-04
-5.786709191963834709e-03 -9.999831332893561742e-01 -5.185990588963714084e-04
-5.531621987467794620e-03 -9.999845006872557507e-01 -6.491222973867706147e-04
-5.236840204051689159e-03 -9.999860010050071191e-01 -7.714401532068739182e-04
-4.905656932801248128e-03 -9.999875867480911840e-01 -8.847066317382496804e-04
-4.541601563031898159e-03 -9.999892095489181232e-01 -9.881657763241391383e-04
-4.148406357304044306e-03 -9.999908217879818206e-01 -1.081156491390272006e-03
-3.729971866511399853e-03 -9.999923781252070265e-01 -1.163116508367079832e-03
-3.290331489251842236e-03 -9.999938368947297596e-01 -1.233585471688158517e-03
-2.833615483420380814e-03 -9.999951613225422919e-01 -1.292207129769851843e-03
-2.364014739055854495e-03 -9.999963205337495387e-01 -1.338730623571887266e-03
-1.885744619925746549e-03 -9.999972903243397049e-01 -1.373010873032614113e-03
-1.403009177170774996e-03 -9.999980536810758602e-01 -1.395008069298405871e-03
-9.199660316015934470e-04 -9.999986010420596205e-01 -1.404786288159909228e-03
-4.406922120180704872e-04 -9.999989302993925744e-01 -1.402511247404270847e-03
3.084877469423848726e-05 -9.999990465538843853e-01 -1.388447237830579134e-03
4.908383798236921978e-04 -9.999989616396420811e-01 -1.362953264396494580e-03
9.356327095975725851e-04 -9.999986934433917618e-01 -1.326478440311552702e-03
1.361790254582316258e-03 -9.999982650493212111e-01 -1.279556682814739048e-03
1.766097443612244487e-03 -9.999977037449268025e-01 -1.222800764822574429e-03
2.145591835489886554e-03 -9.999970399266856491e-01 -1.156895781565540383e-03
2.497582784428086216e-03 -9.999963059462873005e-01 -1.082592095706490535e-03
2.819669439089498176e-03 -9.999955349386325798e-01 -1.000697828221153596e-03
3.109755959896859986e-03 -9.999947596718709031e-01 -9.120709654897275146e-04
3.366063864807007557e-03 -9.999940114574850103e-01 -8.176111555772715405e-04
3.587141439730454594e-03 -9.999933191549617018e-01 -7.182512685522180525e-04
3.771870176004044322e-03 -9.999927083010684559e-01 -6.149487968957600276e-04
3.919468223556581837e-03 -9.999922003883821020e-01 -5.086771725848996274e-04
4.029490874420265517e-03 -9.999918123116929847e-01 -4.004170772892279946e-04
4.101828116813657776e-03 -9.999915559944705379e-01 -2.911478213125116084e-04
4.136699324941328811e-03 -9.999914382009537084e-01 -1.818388654471319579e-04
4.134645173715940231e-03 -9.999914605328594774e-01 -7.344155781020316940e-05
4.096516890614564435e-03 -9.999916196034028815e-01 3.311884498191237903e-05
4.023462978647135771e-03 -9.999919073755090260e-01 1.369508062404126429e-04
3.916913564767207992e-03 -9.999923116459427108e-01 2.372037250191533686e-04
3.778562546832399307e-03 -9.999928166527530804e-01 3.330746814648133879e-04
3.610347729276200922e-03 -9.999934037800365383e-01 4.238146586787071225e-04
3.414429152851201823e-03 -9.999940523316581675e-01 5.087341933200491490e-04
3.193165837028737099e-03 -9.999947403442773775e-01 5.872084128070011264e-04
2.949091164790938312e-03 -9.999954454098080037e-01 6.586814229184282960e-04
2.684887148545399890e-03 -9.999961454782784198e-01 7.226700158101047626e-04
2.403357822666245518e-03 -9.999968196138723231e-01 7.787666748761827877e-04
2.107402012674139055e-03 -9.999974486796326945e-01 8.266418594505520970e-04
1.799985733288070929e-03 -9.999980159297686688e-01 8.660455589927349871e-04
