1.000000000000000000e+00 0.000000000000000000e+00 0.000000000000000000e+00
9.999999999799334960e-01 2.867767978321456184e-06 -5.648861571612679969e-06
9.999999998034349025e-01 1.035476677529640882e-05 -1.690895149751118432e-05
9.999999991382336750e-01 2.419921796793003113e-05 -3.373339288311008903e-05
9.999999973646285234e-01 4.612324339171538405e-05 -5.606617256461984887e-05
9.999999934565058091e-01 7.783004253027363327e-05 -8.384226340932996672e-05
9.999999858363438632e-01 1.210011103484115360e-04 -1.169877612520725242e-04
9.999999722058895424e-01 1.772935000543664566e-04 -1.554200361876509383e-04
9.999999493544177165e-01 2.483371351790043336e-04 -1.990478979156237922e-04
9.999999129466978776e-01 3.357321752540263419e-04 -2.477717748112743135e-04
9.999998572929844620e-01 4.410464392583402643e-04 -3.014839063749252140e-04
9.999997751035233362e-01 5.658128908822097555e-04 -3.600685486910225851e-04
9.999996572302216613e-01 7.115271895331775568e-04 -4.234021925086500489e-04
9.999994923982623574e-01 8.796453108766483968e-04 -4.913537935363721746e-04
9.999992669305581838e-01 1.071581240568003071e-03 -5.637850145265656298e-04
9.999989644680276069e-01 1.288704744692781290e-03 -6.405504787076874611e-04
9.999985656887440122e-01 1.532339220287391376e-03 -7.214980341072560780e-04
9.999980480290504570e-01 1.803759629165528535e-03 -8.064690282936735899e-04
9.999973854097524706e-01 2.104190518125546947e-03 -8.952985930513864205e-04
9.999965479704965299e-01 2.434804128461915199e-03 -9.878159384912434463e-04
9.999955018154124131e-01 2.796718597550050794e-03 -1.083844656086237028e-03
9.999942087730459006e-01 3.190996255118672912e-03 -1.183203030112074585e-03
9.999926261735323507e-01 3.618642016667705883e-03 -1.285704356962180878e-03
9.999907066458639804e-01 4.080601876332984150e-03 -1.391157271797743237e-03
9.999883979379819987e-01 4.577761501341820125e-03 -1.499366081985227658e-03
9.999856427622860755e-01 5.110944930046072351e-03 -1.610131106766375577e-03
9.999823786689888694e-01 5.680913375361814656e-03 -1.723249022598992821e-03
9.999785379495653714e-01 6.288364135287133339e-03 -1.838513213600809952e-03
9.999740475723482014e-01 6.933929612011979424e-03 -1.955714126523296070e-03
9.999688291521044992e-01 7.618176440976317035e-03 -2.074639629677493824e-03
9.999627989552011265e-01 8.341604731074970386e-03 -2.195075375229682286e-03
9.999558679417227536e-01 9.104647417049398922e-03 -2.316805164280930345e-03
9.999479418456518331e-01 9.907669724948024378e-03 -2.439611314141351336e-03
9.999389212939556737e-01 1.075096875137735927e-02 -2.563275027207094492e-03
9.999287019651534880e-01 1.163477315710593693e-02 -2.687576760845779723e-03
9.999171747876574035e-01 1.255924297542160284e-02 -2.812296597694225863e-03
9.999042261778970930e-01 1.352446953547978108e-02 -2.937214615770902641e-03
9.998897383179541354e-01 1.453047550071576849e-02 -3.062111257804595553e-03
9.998735894721444417e-01 1.557721502222748043e-02 -3.186767699180313544e-03
9.998556543417027598e-01 1.666457400686632492e-02 -3.310966213903515816e-03
9.998358044564426006e-01 1.779237049960266312e-02 -3.434490537984336012e-03
9.998139086019883770e-01 1.896035517955856065e-02 -3.557126229644669031e-03
9.997898332809074251e-01 2.016821196892401580e-02 -3.678661025752800670e-03
9.997634432058116749e-01 2.141555875379357737e-02 -3.798885193892784749e-03
9.997346018222476038e-01 2.270194821577815880e-02 -3.917591879479030183e-03
9.997031718589597382e-01 2.402686877306201355e-02 -4.034577447330655285e-03
9.996690159028885914e-01 2.538974562938723506e-02 -4.149641817125128765e-03
9.996319969960599794e-01 2.678994192925824094e-02 -4.262588792156652220e-03
9.995919792513331403e-01 2.822676001746650745e-02 -4.373226380831685654e-03
9.995488284838057735e-01 2.969944280084170496e-02 -4.481367110342077478e-03
9.995024128545235698e-01 3.120717520994006899e-02 -4.586828331965489211e-03
9.994526035230137939e-01 3.274908575818436668e-02 -4.689432517453249842e-03
9.993992753050543465e-01 3.432424819577323954e-02 -4.789007545977539727e-03
9.993423073320075734e-01 3.593168325548131564e-02 -4.885386981122920129e-03
9.992815837079852548e-01 3.757036048727623728e-02 -4.978410337421722461e-03
9.992169941610770101e-01 3.923920017848546438e-02 -5.067923335948784636e-03
9.991484346848592546e-01 4.093707535605504294e-02 -5.153778148508450681e-03
9.990758081664181667e-01 4.266281386725552516e-02 -5.235833629965683418e-03
9.989990249971518743e-01 4.441520053500805365e-02 -5.313955538293584600e-03
9.989180036626829073e-01 4.619297938382674329e-02 -5.388016741931557670e-03
9.988326713082932296e-01 4.799485593220344237e-02 -5.457897414071802636e-03
9.987429642764060755e-01 4.981949954709851552e-02 -5.523485213516713711e-03
9.986488286127666036e-01 5.166554585604743455e-02 -5.584675451776092980e-03
9.985502205381300289e-01 5.353159921224887735e-02 -5.641371246100764826e-03
9.984471068824375406e-01 5.541623520786653767e-02 -5.693483658178171737e-03
9.983394654786559297e-01 5.731800323065498054e-02 -5.740931818245724114e-03
9.982272855136680167e-01 5.923542905891057697e-02 -5.783643034408993654e-03
9.981105678338322296e-01 6.116701748965252400e-02 -5.821552886984153463e-03
9.979893252030720419e-01 6.311125499485709112e-02 -5.854605307717296661e-03
9.978635825116187741e-01 6.506661240050118367e-02 -5.882752643767214656e-03
9.977333769337972669e-01 6.703154758311968830e-02 -5.905955706372824007e-03
9.975987580335305971e-01 6.900450817854544838e-02 -5.924183804161466983e-03
9.974597878165244458e-01 7.098393429748103833e-02 -5.937414761089694105e-03
9.973165407283921535e-01 7.296826124254918167e-02 -5.945634919043651934e-03
9.971691035982782614e-01 7.495592222148214634e-02 -5.948839125161702220e-03
9.970175755278437579e-01 7.694535105114168327e-02 -5.947030703977238333e-03
9.968620677257773455e-01 7.893498484710834151e-02 -5.940221414514616945e-03
9.967027032882999071e-01 8.092326669364324765e-02 -5.928431392505611845e-03
9.965396169264260084e-01 8.290864828890581739e-02 -5.911689077927545846e-03
9.963729546410390325e-01 8.488959256040695678e-02 -5.890031128097207754e-03
9.962028733471205433e-01 8.686457624578886039e-02 -5.863502316586599421e-03
9.960295404487506943e-01 8.883209243414844081e-02 -5.832155418257346617e-03
9.958531333667595131e-01 9.079065306326145057e-02 -5.796051080740118565e-03
9.956738390211612444e-01 9.273879136821720770e-02 -5.755257682713515663e-03
9.954918532707410783e-01 9.467506427713878736e-02 -5.709851179363445266e-03
9.953073803123855257e-01 9.659805474983972073e-02 -5.659914935428966322e-03
9.951206320429508700e-01 9.850637405545406566e-02 -5.605539546263796011e-03
9.949318273866536444e-01 1.003986639852715995e-01 -5.546822647364104027e-03
9.947411915911318347e-01 1.022735989972126808e-01 -5.483868712832788705e-03
9.945489554954749511e-01 1.041298882885859367e-01 -5.416788843268080869e-03
9.943553547736483367e-01 1.059662777939864992e-01 -5.345700543580052602e-03
9.941606291568412246e-01 1.077815521054106829e-01 -5.270727491252359329e-03
9.939650216383549841e-01 1.095745363118841714e-01 -5.191999295578374370e-03
9.937687776647081694e-01 1.113440977561234863e-01 -5.109651248410717987e-03
9.935721443166781741e-01 1.130891477059736416e-01 -5.023824066971148763e-03
9.933753694840157245e-01 1.148086429385874463e-01 -4.934663629273858439e-03
9.931787010375678904e-01 1.165015872355328191e-01 -4.842320702719457061e-03
9.929823860025206450e-01 1.181670327872321180e-01 -4.746950666419457593e-03
9.927866697364263748e-01 1.198040815053521557e-01 -4.648713227811873162e-03
9.925917951156193464e-01 1.214118862419730493e-01 -4.547772134127780336e-03
9.923980017335355397e-01 1.229896519145685096e-01 -4.444294879266441449e-03
9.922055251143521160e-01 1.245366365360283945e-01 -4.338452406632921365e-03
9.920145959452408846e-01 1.260521521491460295e-01 -4.230418808487181395e-03
9.918254393303939098e-01 1.275355656651772362e-01 -4.120371022347520812e-03
9.916382740698254095e-01 1.289862996062547951e-01 -4.008488524984070260e-03
9.914533119657900073e-01 1.304038327516109652e-01 -3.894953024529897254e-03
9.912707571594762124e-01 1.317877006877216928e-01 -3.779948151228367057e-03
9.910908055004428174e-01 1.331374962626383496e-01 -3.663659147325739815e-03
9.909136439510650707e-01 1.344528699449170361e-01 -3.546272556607742588e-03
9.907394500280475302e-01 1.357335300876916506e-01 -3.427975914068128686e-03
9.905683912828402438e-01 1.369792430985643794e-01 -3.308957436186139248e-03
9.904006248225738496e-01 1.381898335161073910e-01 -3.189405712278399647e-03
9.902362968728981585e-01 1.393651839938811754e-01 -3.069509397379229561e-03
9.900755423838784042e-01 1.405052351929801935e-01 -2.949456907091688260e-03
9.899184846798676496e-01 1.416099855842142818e-01 -2.829436114840021450e-03
9.897652351540423554e-01 1.426794911611254379e-01 -2.709634051942551216e-03
9.896158930080516392e-01 1.437138650651249849e-01 -2.590236610912578438e-03
9.894705450370023803e-01 1.447132771241160520e-01 -2.471428252383531948e-03
9.893292654597729552e-01 1.456779533060410248e-01 -2.353391716043499050e-03
9.891921157944266740e-01 1.466081750888640067e-01 -2.236307735953420046e-03
9.890591447782784984e-01 1.475042787485648377e-01 -2.120354760612634150e-03
9.889303883319593425e-01 1.483666545667846892e-01 -2.005708678125173779e-03
9.888058695666201992e-01 1.491957459598231561e-01 -1.892542546810195526e-03
9.886855988332268197e-01 1.499920485307454365e-01 -1.781026331590225553e-03
9.885695738127117105e-01 1.507561090464144271e-01 -1.671326646481456147e-03
9.884577796455809029e-01 1.514885243413177374e-01 -1.563606503501159973e-03
9.883501890994106365e-01 1.521899401501140281e-01 -1.458025068298350862e-03
9.882467627725249892e-01 1.528610498708769250e-01 -1.354737422805077579e-03
9.881474493320077102e-01 1.535025932610688260e-01 -1.253894335197173159e-03
9.880521857840836031e-01 1.541153550683307949e-01 -1.155642037444832302e-03
9.879608977747970089e-01 1.547001635982296341e-01 -1.060122010725019761e-03
9.878734999188216737e-01 1.552578892211581574e-01 -9.674707789593731382e-04
9.877898961541611289e-01 1.557894428206413606e-01 -8.778197107328940393e-04
9.877099801204325402e-01 1.562957741853577831e-01 -7.912948298402840575e-04
9.876336355583820170e-01 1.567778703472439417e-01 -7.080166346982066494e-04
9.875607367282450699e-01 1.572367538681084531e-01 -6.280999268530010511e-04
9.874911488445481389e-01 1.576734810772424944e-01 -5.516536488043833047e-04
9.874247285249430073e-01 1.580891402625742292e-01 -4.787807313563937879e-04
9.873613242506790177e-01 1.584848498179755594e-01 -4.095779506972402773e-04
9.873007768363416536e-01 1.588617563493922025e-01 -3.441357953996970862e-04
9.872429199065257954e-01 1.592210327425288008e-01 -2.825383435233174692e-04
9.871875803771649194e-01 1.595638761948835749e-01 -2.248631499888560843e-04
9.871345789393013437e-01 1.598915062149870447e-01 -1.711811443839546211e-04
9.870837305431623410e-01 1.602051625917605970e-01 -1.215565393472861654e-04
9.870348448804927566e-01 1.605061033369689083e-01 -7.604674966596989584e-05
9.869877268631968015e-01 1.607956026037980768e-01 -3.470232220813216495e-05
9.869421770964496021e-01 1.610749485846461604e-01 2.433123200996878085e-06
9.868979923445572178e-01 1.613454413912659702e-01 3.532294186510232068e-05
9.868549659879713998e-01 1.616083909204491520e-01 6.393750118517389606e-05
9.868128884699973735e-01 1.618651147084876896e-01 8.825420644565458352e-05
9.867715477318736994e-01 1.621169357776908182e-01 1.082575153694090720e-04
9.867307296350472656e-01 1.623651804782741404e-01 1.239389414087434997e-04
9.866902183696144579e-01 1.626111763289713741e-01 1.352970457563651570e-04
9.866497968480527625e-01 1.628562498597477537e-01 1.423374180772714543e-04
9.866092470835187145e-01 1.631017244600174720e-01 1.450726459800689657e-04
9.865683505521432028e-01 1.633489182357851510e-01 1.435222732641055566e-04
9.865268885389084641e-01 1.635991418791431506e-01 1.377127469970109179e-04
9.864846424668430869e-01 1.638536965535614121e-01 1.276773534957228507e-04
9.864413942094224508e-01 1.641138717984058637e-01 1.134561433027885869e-04
9.863969263862064629e-01 1.643809434561129823e-01 9.509584526861550118e-05
9.863510226418887861e-01 1.646561716254335006e-01 7.264976986934636204e-05
9.863034679090681989e-01 1.649407986441361607e-01 4.617770190909427147e-05
9.862540486551820695e-01 1.652360471045336843e-01 1.574578277433526545e-05
9.862025531141637158e-01 1.655431179051562174e-01 -1.857361757273397960e-05
9.861487715034993329e-01 1.658631883418545672e-01 -5.670203865617832231e-05
9.860924962274660865e-01 1.661974102415642585e-01 -9.855507737922526799e-05
9.860335220674273371e-01 1.665469081419037045e-01 -1.440425455051779359e-04
9.859716463601465586e-01 1.669127775197143948e-01 -1.930686364652248860e-04
9.859066691651546810e-01 1.672960830715786718e-01 -2.455321012141668965e-04
9.858383934222705314e-01 1.676978570492716480e-01 -3.013264328376048231e-04
9.857666251004230107e-01 1.681190976530176628e-01 -3.603400595971045501e-04
9.856911733389642771e-01 1.685607674853287774e-01 -4.224565460833122859e-04
9.856118505826895193e-01 1.690237920681041117e-01 -4.875548021309946160e-04
9.855284727117945565e-01 1.695090584255629362e-01 -5.555092991345515849e-04
9.854408591680032803e-01 1.700174137354732995e-01 -6.261902933877588505e-04
9.853488330780895144e-01 1.705496640510206496e-01 -6.994640560573524551e-04
9.852522213759932201e-01 1.711065730955380060e-01 -7.751931093866364433e-04
9.851508549247000035e-01 1.716888611321912839e-01 -8.532364687125816062e-04
9.850445686390055799e-01 1.722972039105799547e-01 -9.334498898679460810e-04
9.849332016102310128e-01 1.729322316920755276e-01 -1.015686121528799847e-03
9.848165972338889240e-01 1.735945283555777319e-01 -1.099795162057506503e-03
9.846946033412226074e-01 1.742846305852214506e-01 -1.185624520381739575e-03
9.845670723354542631e-01 1.750030271414174110e-01 -1.273019480441506908e-03
9.844338613334840948e-01 1.757501582164542886e-01 -1.361823368728436309e-03
9.842948323136800903e-01 1.765264148757334506e-01 -1.451877824434791341e-03
9.841498522702876173e-01 1.773321385855456678e-01 -1.543023071723815176e-03
9.839987933748730597e-01 1.781676208281365303e-01 -1.635098193628101593e-03
9.838415331450964807e-01 1.790331028046407980e-01 -1.727941407078752633e-03
9.836779546209818426e-01 1.799287752262976881e-01 -1.821390338565141188e-03
9.835079465487268635e-01 1.808547781941895749e-01 -1.915282299923149823e-03
9.833314035719646906e-01 1.818112011675747097e-01 -2.009454563748837470e-03
9.831482264302591201e-01 1.827980830207117657e-01 -2.103744637934589542e-03
9.829583221644846436e-01 1.838154121879007896e-01 -2.197990538825963375e-03
9.827616043286125924e-01 1.848631268962909746e-01 -2.292031062499647748e-03
9.825579932072989742e-01 1.859411154858311988e-01 -2.385706053666224701e-03
9.823474160385448073e-01 1.870492168155659107e-01 -2.478856671705774971e-03
9.821298072405797441e-01 1.881872207553050846e-01 -2.571325653349796746e-03
9.819051086420074181e-01 1.893548687615251580e-01 -2.662957571529418928e-03
9.816732697141403730e-01 1.905518545361868654e-01 -2.753599089917489924e-03
9.814342478043540652e-01 1.917778247669869873e-01 -2.843099212700831314e-03
9.811880083691936205e-01 1.930323799473946944e-01 -2.931309529128703090e-03
9.809345252058854214e-01 1.943150752746590770e-01 -3.018084452394411733e-03
9.806737806808281110e-01 1.956254216238142440e-01 -3.103281452418904258e-03
9.804057659535750924e-01 1.969628865955515840e-01 -3.186761282118212232e-03
9.801304811947640916e-01 1.983268956356759316e-01 -3.268388196750632389e-03
9.798479357964081649e-01 1.997168332237151955e-01 -3.348030165954604762e-03
9.795581485729292215e-01 2.011320441281096161e-01 -3.425559078104324553e-03
9.792611479512967065e-01 2.025718347252706553e-01 -3.500850936627154103e-03
9.789569721486247600e-01 2.040354743796684023e-01 -3.573786047944887013e-03
9.786456693355869429e-01 2.055221968819825329e-01 -3.644249200719797133e-03
9.783272977840236084e-01 2.070312019422349270e-01 -3.712129836106135491e-03
9.780019259971441947e-01 2.085616567347131911e-01 -3.777322208728284714e-03
9.776696328207706843e-01 2.101126974913928025e-01 -3.839725538128075950e-03
9.773305075341170989e-01 2.116834311404733604e-01 -3.899244150445761378e-03
9.769846499186662925e-01 2.132729369865604685e-01 -3.955787610121761812e-03
9.766321703037795787e-01 2.148802684289509157e-01 -4.009270841429485657e-03
9.762731895877591048e-01 2.165044547144134024e-01 -4.059614239673194069e-03
9.759078392331798080e-01 2.181445027208029352e-01 -4.106743771908971143e-03
9.755362612354110396e-01 2.197993987678019401e-01 -4.150591067071263823e-03
9.751586080633624087e-01 2.214681104510472509e-01 -4.191093495412139165e-03
9.747750425716086298e-01 2.231495884958785980e-01 -4.228194237185206594e-03
9.743857378831770610e-01 2.248427686269309778e-01 -4.261842340531059141e-03
9.739908772424152872e-01 2.265465734497917327e-01 -4.291992768545951388e-03
9.735906538374967667e-01 2.282599143409513864e-01 -4.318606435540189858e-03
9.731852705922657831e-01 2.299816933422972609e-01 -4.341650232517257901e-03
9.727749399272699327e-01 2.317108050564285482e-01 -4.361097041928946837e-03
9.723598834899795929e-01 2.334461385391125021e-01 -4.376925741785619300e-03
9.719403318543438086e-01 2.351865791852520982e-01 -4.389121199224097457e-03
9.715165241899832438e-01 2.369310106047966547e-01 -4.397674253658469951e-03
9.710887079014739465e-01 2.386783164850974359e-01 -4.402581689661249145e-03
9.706571382383223368e-01 2.404273824362901935e-01 -4.403846199743706273e-03
9.702220778763812614e-01 2.421770978163757804e-01 -4.401476337224787677e-03
9.697837964715995129e-01 2.439263575327666744e-01 -4.395486459397707907e-03
9.693425701871364319e-01 2.456740638171730218e-01 -4.385896661222026156e-03
9.688986811950076605e-01 2.474191279708140012e-01 -4.372732699786725796e-03
9.684524171535568993e-01 2.491604720770597137e-01 -4.356025909806415450e-03
9.680040706621693136e-01 2.508970306787340898e-01 -4.335813110428294107e-03
9.675539386947571430e-01 2.526277524174401767e-01 -4.312136503641793468e-03
9.671023220136542031e-01 2.543516016324047224e-01 -4.285043564595973804e-03
9.666495245656538948e-01 2.560675599164788374e-01 -4.254586924141586478e-03
9.661958528620133713e-01 2.577746276270743153e-01 -4.220824243925368376e-03
9.657416153443266760e-01 2.594718253499609384e-01 -4.183818084373476694e-03
9.652871217382389402e-01 2.611581953139980317e-01 -4.143635765909075425e-03
9.648326823970322375e-01 2.628328027550218549e-01 -4.100349223755903223e-03
9.643786076371636540e-01 2.644947372272605790e-01 -4.054034856685229463e-03
9.639252070678733242e-01 2.661431138607969205e-01 -4.004773370067941235e-03
9.634727889170104920e-01 2.677770745637478855e-01 -3.952649613596628288e-03
9.630216593552389792e-01 2.693957891679774064e-01 -3.897752414044495725e-03
9.625721218207953234e-01 2.709984565173032545e-01 -3.840174403428734014e-03
9.621244763469637418e-01 2.725843054973007829e-01 -3.780011842945712151e-03
9.616790188944236428e-01 2.741525960059469358e-01 -3.717364443044028459e-03
9.612360406905969823e-01 2.757026198644818571e-01 -3.652335179999151478e-03
9.607958275780921209e-01 2.772337016679977117e-01 -3.585030109350145593e-03
9.603586593742973188e-01 2.787451995753910117e-01 -3.515558176554880749e-03
9.599248092441249325e-01 2.802365060384372497e-01 -3.444031025215221146e-03
9.594945430878467629e-01 2.817070484698622201e-01 -3.370562803218065968e-03
9.590681189458933886e-01 2.831562898503978132e-01 -3.295269967131826423e-03
9.586457864224150471e-01 2.845837292749139324e-01 -3.218271085191049940e-03
9.582277861293160282e-01 2.859889024378199918e-01 -3.139686639194515499e-03
9.578143491523889441e-01 2.873713820580219847e-01 -3.059638825634290477e-03
9.574056965410767672e-01 2.887307782438112702e-01 -2.978251356365044147e-03
9.570020388232922670e-01 2.900667387981412104e-01 -2.895649259114398046e-03
9.566035755466185675e-01 2.913789494648267864e-01 -2.811958678126371281e-03
9.562104948471046306e-01 2.926671341162705442e-01 -2.727306675221072285e-03
9.558229730467585616e-01 2.939310548833849457e-01 -2.641821031544777567e-03
9.554411742807248364e-01 2.951705122284393745e-01 -2.555630050275509157e-03
9.550652501550143114e-01 2.963853449616151159e-01 -2.468862360540169387e-03
9.546953394355373046e-01 2.975754302020994224e-01 -2.381646722790343052e-03
9.543315677690690224e-01 2.987406832845955207e-01 -2.294111835875014757e-03
9.539740474366567025e-01 2.998810576121632154e-01 -2.206386146039763900e-03
9.536228771398573834e-01 3.009965444563419967e-01 -2.118597658073497880e-03
9.532781418200749757e-01 3.020871727055384204e-01 -2.030873748815527260e-03
9.529399125111486235e-01 3.031530085626885085e-01 -1.943340983227782827e-03
9.526082462252251082e-01 3.041941551932307863e-01 -1.856124933229248448e-03
9.522831858718368014e-01 3.052107523244461107e-01 -1.769349999482281799e-03
9.519647602099926553e-01 3.062029757972418720e-01 -1.683139236313385906e-03
9.516529838329828017e-01 3.071710370714736404e-01 -1.597614179944231412e-03
9.513478571854925292e-01 3.081151826859139797e-01 -1.512894680202284776e-03
9.510493666125189316e-01 3.090356936739920846e-01 -1.429098735874287677e-03
9.507574844394904856e-01 3.099328849364402227e-01 -1.346342333860046318e-03
9.504721690828936698e-01 3.108071045719967285e-01 -1.264739292278520581e-03
9.501933651906284695e-01 3.116587331673255634e-01 -1.184401107673027686e-03
9.499210038112290144e-01 3.124881830473252853e-01 -1.105436806457497576e-03
9.496550025910125425e-01 3.132958974870117541e-01 -1.027952800741092736e-03
9.493952659981474973e-01 3.140823498861712304e-01 -9.520527486641227732e-04
9.491416855725680612e-01 3.148480429079931198e-01 -8.778374193740265180e-04
9.488941402006034753e-01 3.155935075829053860e-01 -8.054045627662084327e-04
9.486524964131378690e-01 3.163193023788503089e-01 -7.348487841106909500e-04
9.484166087060704742e-01 3.170260122392539182e-01 -6.662614236818498268e-04
9.481863198818057947e-01 3.177142475899588092e-01 -5.997304415048790218e-04
9.479614614104693304e-01 3.183846433164092549e-01 -5.353403073290766102e-04
9.477418538095176981e-01 3.190378577123957893e-01 -4.731718959345099988e-04
9.475273070403903430e-01 3.196745714016883122e-01 -4.133023878750610031e-04
9.473176209208344911e-01 3.202954862339082998e-01 -3.558051757572558080e-04
9.471125855515272196e-01 3.209013241560150775e-01 -3.007497761505916628e-04
9.469119817556146401e-01 3.214928260608046484e-01 -2.482017472212790237e-04
9.467155815297912946e-01 3.220707506138471010e-01 -1.982226121773644518e-04
9.465231485055520810e-01 3.226358730603146041e-01 -1.508697886090637204e-04
9.463344384192617920e-01 3.231889840131801361e-01 -1.061965238038120628e-04
9.461491995897076679e-01 3.237308882242964647e-01 -6.425183611095135379e-05
9.459671734018254563e-01 3.242624033398937566e-01 -2.508046242616068100e-05
9.457880947953161144e-01 3.247843586420638973e-01 1.127718813938746555e-05
9.456116927569070407e-01 3.252975937778299631e-01 4.478507434555806981e-05
9.454376908150473602e-01 3.258029574774288784e-01 7.541155661161320532e-05
9.452658075358698619e-01 3.263013062634653183e-01 1.031294244585912351e-04
9.450957570192970447e-01 3.267935031526233436e-01 1.279159175642874467e-04
9.449272493942174611e-01 3.272804163516517817e-01 1.497527403961458809e-04
9.447599913117101789e-01 3.277629179493651290e-01 1.686260703944640561e-04
9.445936864353489115e-01 3.282418826064293360e-01 1.845265596857371428e-04
9.444280359276745473e-01 3.287181862447252079e-01 1.974493303137502421e-04
9.442627389319808717e-01 3.291927047381050797e-01 2.073939629841511857e-04
9.440974930486200067e-01 3.296663126063791860e-01 2.143644793266836601e-04
9.439319948050923781e-01 3.301398817143860187e-01 2.183693176880376291e-04
9.437659401192485253e-01 3.306142799780165675e-01 2.194213024773487223e-04
9.435990247549902454e-01 3.310903700790751580e-01 2.175376070957531867e-04
9.434309447699201767e-01 3.315690081908693743e-01 2.127397104910273503e-04
9.432613969544494381e-01 3.320510427164276024e-01 2.050533473882251365e-04
9.430900792619321127e-01 3.325373130412458411e-01 1.945084522573313046e-04
9.429166912294547620e-01 3.330286483024648692e-01 1.811390970892196137e-04
9.427409343889645577e-01 3.335258661763734755e-01 1.649834230616796309e-04
9.425625126684762378e-01 3.340297716861257427e-01 1.460835661878387502e-04
9.423811327831491669e-01 3.345411560315467714e-01 1.244855770500006089e-04
9.421965046160769575e-01 3.350607954428845292e-01 1.002393347326577299e-04
9.420083415886791878e-01 3.355894500603442965e-01 7.339845507921520117e-05
9.418163610206293779e-01 3.361278628412157632e-01 4.402019340772211789e-05
9.416202844792936899e-01 3.366767584963725191e-01 1.216534183163079394e-05
9.414198381186935638e-01 3.372368424578897073e-01 -2.210187865776743903e-05
9.412147530080388069e-01 3.378087998794842006e-01 -5.871393118005381243e-05
9.410047654499076319e-01 3.383932946714399148e-01 -9.760008084802666547e-05
9.407896172881784480e-01 3.389909685716299692e-01 -1.386865173559979740e-04
9.405690562058371951e-01 3.396024402541963916e-01 -1.818964820764473593e-04
9.403428360128063268e-01 3.402283044773889986e-01 -2.271503994577908929e-04
9.401107169239526495e-01 3.408691312720036892e-01 -2.743660125066930099e-04
9.398724658274438815e-01 3.415254651717951062e-01 -3.234585221293634458e-04
9.396278565436293473e-01 3.421978244871665686e-01 -3.743407300976788442e-04
9.393766700746220000e-01 3.428867006233679016e-01 -4.269231853977871883e-04
9.391186948447594052e-01 3.435925574443523534e-01 -4.811143337111193816e-04
9.388537269321142187e-01 3.443158306833626892e-01 -5.368206697704832426e-04
9.385815702912184699e-01 3.450569274012311727e-01 -5.939468923271850513e-04
9.383020369671523087e-01 3.458162254932899971e-01 -6.523960614589228773e-04
9.380149473011337724e-01 3.465940732456966322e-01 -7.120697579425771520e-04
9.377201301277283685e-01 3.473907889418851869e-01 -7.728682444109976398e-04
9.374174229637768363e-01 3.482066605197569609e-01 -8.346906280084707671e-04
9.371066721891164741e-01 3.490419452801254430e-01 -8.974350242557827418e-04
9.367877332191464346e-01 3.498968696468285344e-01 -9.609987218326876066e-04
9.364604706692621905e-01 3.507716289788191388e-01 -1.025278347983146765e-03
9.361247585111543978e-01 3.516663874344399532e-01 -1.090170034246967573e-03
9.357804802209400696e-01 3.525812778879828802e-01 -1.155569582220429374e-03
9.354275289190632225e-01 3.535164018985278434e-01 -1.221372629048157613e-03
9.350658075018727367e-01 3.544718297309478183e-01 -1.287474812348907583e-03
9.346952287647544155e-01 3.554476004288600333e-01 -1.353771934279037088e-03
9.343157155166644801e-01 3.564437219391968781e-01 -1.420160124439314494e-03
9.339272006858827524e-01 3.574601712879622584e-01 -1.486536001333279731e-03
9.335296274167755870e-01 3.584968948066337702e-01 -1.552796832088708216e-03
9.331229491573304058e-01 3.595538084085664332e-01 -1.618840690157755894e-03
9.327071297372010461e-01 3.606307979146493592e-01 -1.684566610716122827e-03
9.322821434359761517e-01 3.617277194273658125e-01 -1.749874743487046455e-03
9.318479750413650731e-01 3.628443997523064790e-01 -1.814666502722077444e-03
9.314046198969745394e-01 3.639806368660892799e-01 -1.878844714077447737e-03
9.309520839393349290e-01 3.651362004295428121e-01 -1.942313758132332502e-03
9.304903837238204245e-01 3.663108323449204562e-01 -2.004979710303449354e-03
9.300195464390992317e-01 3.675042473558217671e-01 -2.066750476919204226e-03
9.295396099097414933e-01 3.687161336884138829e-01 -2.127535927225946907e-03
9.290506225866109746e-01 3.699461537324639226e-01 -2.187248021108821865e-03
9.285526435246655996e-01 3.711939447606160125e-01 -2.245800932320162532e-03
9.280457423477973533e-01 3.724591196842740870e-01 -2.303111167019333307e-03
9.275299992003479543e-01 3.737412678443826075e-01 -2.359097677439368160e-03
9.270055046849505764e-01 3.750399558353344487e-01 -2.413681970507612629e-03
9.264723597863605553e-01 3.763547283601759719e-01 -2.466788211259851767e-03
9.259306757809587785e-01 3.776851091152260698e-01 -2.518343320900016773e-03
9.253805741316329936e-01 3.790306017021778384e-01 -2.568277069370511825e-03
9.248221863677682508e-01 3.803906905657088444e-01 -2.616522162311400463e-03
9.242556539501084467e-01 3.817648419545885963e-01 -2.663014322300141009e-03
9.236811281202808033e-01 3.831525049042405762e-01 -2.707692364277168584e-03
9.230987697348146392e-01 3.845531122386902645e-01 -2.750498265076391918e-03
9.225087490835213178e-01 3.859660815898113273e-01 -2.791377226993523638e-03
9.219112456921446652e-01 3.873908164317672043e-01 -2.830277735339045263e-03
9.213064481092362312e-01 3.888267071285378407e-01 -2.867151609936522370e-03
9.206945536772527250e-01 3.902731319924185316e-01 -2.901954050540811111e-03
9.200757682879247001e-01 3.917294583513814543e-01 -2.934643676164457992e-03
9.194503061219910789e-01 3.931950436232000134e-01 -2.965182558314198493e-03
9.188183893734478414e-01 3.946692363942498893e-01 -2.993536248152872583e-03
9.181802479585093879e-01 3.961513775009218308e-01 -3.019673797615278141e-03
9.175361192095349283e-01 3.976408011116070451e-01 -3.043567774519386621e-03
9.168862475542228774e-01 3.991368358072458489e-01 -3.065194271726946317e-03
9.162308841804320814e-01 4.006388056584674895e-01 -3.084532910419747476e-03
9.155702866870385481e-01 4.021460312973888507e-01 -3.101566837569663844e-03
9.149047187212913101e-01 4.036578309821856059e-01 -3.116282717692017094e-03
9.142344496031791223e-01 4.051735216525990668e-01 -3.128670718982757507e-03
9.135597539373727649e-01 4.066924199745958202e-01 -3.138724493950429458e-03
9.128809112133542403e-01 4.082138433724547544e-01 -3.146441154663821935e-03
9.121982053943921143e-01 4.097371110466175859e-01 -3.151821242745605697e-03
9.115119244960661060e-01 4.112615449757038300e-01 -3.154868694251084481e-03
9.108223601550881066e-01 4.127864709011579425e-01 -3.155590799579411146e-03
9.101298071892051089e-01 4.143112192930668569e-01 -3.153998158572257626e-03
9.094345631490079462e-01 4.158351262957590833e-01 -3.150104630961930632e-03
9.087369278625044844e-01 4.173575346518701434e-01 -3.143927282337289752e-03
9.080372029733464467e-01 4.188777946036357225e-01 -3.135486325801581289e-03
9.073356914736272483e-01 4.203952647702515200e-01 -3.124805059501372176e-03
9.066326972321941957e-01 4.219093130002166681e-01 -3.111909800210244798e-03
9.059285245194381719e-01 4.234193171976577408e-01 -3.096829813154695216e-03
9.052234775295425750e-01 4.249246661217086496e-01 -3.079597238272873544e-03
9.045189834620372960e-01 4.264224135261305837e-01 -3.055137821530213953e-03
9.038160317643453290e-01 4.279105503043315606e-01 -3.023529533397097385e-03
9.031156133302827849e-01 4.293870976611898760e-01 -2.984859613221084885e-03
9.024187188523256076e-01 4.308501095390074864e-01 -2.939224322741390300e-03
9.017263371465065180e-01 4.322976749380408878e-01 -2.886728690349314036e-03
9.010394534549410750e-01 4.337279201303128051e-01 -2.827486246979385442e-03
9.003590477311005369e-01 4.351390107658458795e-01 -2.761618754506343660e-03
8.996860929130389151e-01 4.365291538708824803e-01 -2.689255927509399350e-03
8.990215531898445578e-01 4.378965997380651065e-01 -2.610535149247703805e-03
8.983663822666168031e-01 4.392396437089433614e-01 -2.525601182669760109e-03
8.977215216332766756e-01 4.405566278495465227e-01 -2.434605877254909616e-03
8.970878988424978440e-01 4.418459425201141100e-01 -2.337707872457264052e-03
8.964664258019989784e-01 4.431060278404059805e-01 -2.235072298491771504e-03
8.958579970863677078e-01 4.443353750523200141e-01 -2.126870475168816076e-03
8.952634882734940014e-01 4.455325277818272256e-01 -2.013279609448132782e-03
8.946837543105760071e-01 4.466960832024878258e-01 -1.894482492345165138e-03
8.941196279145281478e-01 4.478246931030415712e-01 -1.770667195783635038e-03
8.935719180114692906e-01 4.489170648617655801e-01 -1.642026769947322684e-03
8.930414082197993819e-01 4.499719623304657690e-01 -1.508758941642192406e-03
8.925288553811908665e-01 4.509882066311129423e-01 -1.371065814137365467e-03
8.920349881436235862e-01 4.519646768682516469e-01 -1.229153568910332228e-03
8.915605056003845785e-01 4.529003107603978839e-01 -1.083232169678523130e-03
8.911060759887343696e-01 4.537941051937042780e-01 -9.335150690562242764e-04
8.906723354517160907e-01 4.546451167012045547e-01 -7.802189181331054078e-04
8.902598868663492704e-01 4.554524618709586137e-01 -6.235632792286057791e-04
8.898692987412093469e-01 4.562153176864010562e-01 -4.637703420353697127e-04
8.895011041861513590e-01 4.569329218021559447e-01 -3.010646433250787311e-04
8.891557999566891413e-01 4.576045727585147382e-01 -1.356727903516241650e-04
8.888338455752896605e-01 4.582296301376889702e-01 3.217681195016053341e-05
8.885356625315955492e-01 4.588075146648411540e-01 2.022542299068569717e-04
8.882616335633356508e-01 4.593377082567728920e-01 3.743282661593570304e-04
8.880121020194350345e-01 4.598197540210039458e-01 5.481667208263533552e-04
8.877873713065885797e-01 4.602532562078181511e-01 7.235366488066801403e-04
8.875877044203156485e-01 4.606378801176782001e-01 9.002046132745132470e-04
8.874133235612714499e-01 4.609733519662252421e-01 1.077936935444538929e-03
8.872644098373508870e-01 4.612594587088832410e-01 1.256499940704644720e-03
8.871411030518844276e-01 4.614960478268827493e-01 1.435660201231341547e-03
8.870435015779953858e-01 4.616830270763060962e-01 1.615184775217967704e-03
8.869716623189601856e-01 4.618203642015391019e-01 1.794841442857718740e-03
8.869256007541891362e-01 4.619080866142935560e-01 1.974398939232670843e-03
8.869052910702310832e-01 4.619462810391414265e-01 2.153627184266223779e-03
8.869106663759882547e-01 4.619350931262811155e-01 2.332297509899798268e-03
8.869416190011238932e-01 4.618747270320341936e-01 2.510182884655236344e-03
8.869980008764397628e-01 4.617654449673551653e-01 2.687058135742196544e-03
8.870796239948053330e-01 4.616075667144254324e-01 2.862700168865003718e-03
8.871862609510273723e-01 4.614014691111976152e-01 3.036888185875982315e-03
8.873176455588628331e-01 4.611475855035601090e-01 3.209403900412358818e-03
8.874734735431965005e-01 4.608464051646059545e-01 3.380031751641500264e-03
8.876534033052296824e-01 4.604984726803142414e-01 3.548559116224664616e-03
8.878570567583560225e-01 4.601043873007897855e-01 3.714776518592728151e-03
8.880828715432732556e-01 4.596670638744302928e-01 3.873457854947270386e-03
8.883296906265213400e-01 4.591885938711773862e-01 4.024428763629934493e-03
8.885963317321422528e-01 4.586711141860116969e-01 4.167524691756458247e-03
8.888815898379728297e-01 4.581168049495386030e-01 4.302591089668341036e-03
8.891842396656780556e-01 4.575278872669308883e-01 4.429483600596057814e-03
8.895030381576756184e-01 4.569066208830835363e-01 4.548068244921808258e-03
8.898367269342506436e-01 4.562553017722300042e-01 4.658221598388395841e-03
8.901840347243346052e-01 4.555762596506902629e-01 4.759830963564016387e-03
8.905436797636177015e-01 4.548718554118658108e-01 4.852794533840782895e-03
8.909143721538858030e-01 4.541444784830638293e-01 4.937021549217885351e-03
8.912948161777169975e-01 4.533965441042165923e-01 5.012432443098647009e-03
8.916837125629430982e-01 4.526304905290619018e-01 5.078958979314481675e-03
8.920797606915730205e-01 4.518487761498595212e-01 5.136544378578054154e-03
8.924816607481917963e-01 4.510538765472381639e-01 5.185143433562815554e-03
8.928881158031890530e-01 4.502482814672887912e-01 5.224722611806649833e-03
8.932978338265301632e-01 4.494344917285433838e-01 5.255260145643559158e-03
8.937095296281657442e-01 4.486150160619996607e-01 5.276746108379166446e-03
8.941219267215754218e-01 4.477923678878660274e-01 5.289182475943200561e-03
8.945337591073603267e-01 4.469690620332064657e-01 5.292583173274993322e-03
8.949437729742317771e-01 4.461476113951571287e-01 5.286974104726206714e-03
8.953507283151921348e-01 4.453305235548640773e-01 5.272393167798317126e-03
8.957534004571595654e-01 4.445202973477476172e-01 5.248890249570663594e-03
8.961505815027569488e-01 4.437194193961365718e-01 5.216527205217828290e-03
8.965410816834561425e-01 4.429303606107258262e-01 5.175377818062531013e-03
8.969237306237431984e-01 4.421555726676965059e-01 5.125527740661770144e-03
8.972973785164451987e-01 4.413974844686927024e-01 5.067074416479335798e-03
8.976608972098278905e-01 4.406584985911736196e-01 5.000126981756703413e-03
8.980131812075397013e-01 4.399409877369512278e-01 4.924806147256354134e-03
8.983531485829263641e-01 4.392472911869792496e-01 4.841244059616383634e-03
8.986797418096845735e-01 4.385797112706814604e-01 4.749584142122468579e-03
8.989919285112411007e-01 4.379405098582892508e-01 4.649980914772511818e-03
8.992887021316481322e-01 4.373319048848048340e-01 4.542599793580133494e-03
8.995690825311629668e-01 4.367560669143137342e-01 4.427616869135289450e-03
8.998321165100320318e-01 4.362151157534372437e-01 4.305218664513232180e-03
9.000768782643210342e-01 4.357111171227463498e-01 4.175601872696442160e-03
9.003024697779234975e-01 4.352460793949475271e-01 4.038973073747647267e-03
9.005080211551343972e-01 4.348219504086034415e-01 3.895548432045247648e-03
9.006926908983940994e-01 4.344406143660649589e-01 3.745553373965011725e-03
9.008556661359863327e-01 4.341038888241675053e-01 3.589222246463495865e-03
9.009961628046142534e-01 4.338135217860841775e-01 3.426797957088866149e-03
9.011134257918728130e-01 4.335711889025338217e-01 3.258531596013442867e-03
9.012067290436923672e-01 4.333784907903113215e-01 3.084682040748962847e-03
9.012753756418372397e-01 4.332369504758455392e-01 2.905515544270073029e-03
9.013186978565099761e-01 4.331480109711965398e-01 2.721305307333578977e-03
9.013360571790375309e-01 4.331130329895788722e-01 2.532331035840344226e-03
9.013268443394945040e-01 4.331332928071459643e-01 2.338878484143142641e-03
9.012904793139578929e-01 4.332099802773914377e-01 2.141238985257079650e-03
9.012264113258877662e-01 4.333441970041180813e-01 1.939708968979234798e-03
9.011341188458864560e-01 4.335369546784985095e-01 1.734589468970694883e-03
9.010131095938128665e-01 4.337891735853013908e-01 1.526185619897127551e-03
9.008629205469173007e-01 4.341016812828886184e-01 1.314806145763212659e-03
9.006831179573194790e-01 4.344752114611005744e-01 1.100762840611609972e-03
9.004732973817813901e-01 4.349104029806443172e-01 8.843700427884961532e-04
9.002330837263319285e-01 4.354077990970801615e-01 6.659441040050377830e-04
8.999621313078796092e-01 4.359678468719725419e-01 4.458028544473292137e-04
8.996601239345189960e-01 4.365908967732281543e-01 2.242650652063126479e-04
8.993267750057826193e-01 4.372772024660948054e-01 1.649909313899348539e-06
8.989618276336355240e-01 4.380269207957356303e-01 -2.217235773180910698e-04
8.985650547845429603e-01 4.388401119617295620e-01 -4.455370337535022448e-04
8.981362594424771029e-01 4.397167398842827812e-01 -6.694733093776078069e-04
8.976752747922669418e-01 4.406566727613658863e-01 -8.932169954314831805e-04
8.971819644222389645e-01 4.416596838154236426e-01 -1.116454951440565887e-03
8.966562225446537138e-01 4.427254522277364046e-01 -1.338876825254557961e-03
8.960979742320149821e-01 4.438535642579500284e-01 -1.560175565431821823e-03
8.955071756669186200e-01 4.450435145457340980e-01 -1.780047924721809205e-03
8.948838144027231323e-01 4.462947075909787786e-01 -1.998194953423802159e-03
8.942279096319651899e-01 4.476064594084012138e-01 -2.214322481429326431e-03
8.935395124591124505e-01 4.489779993519057988e-01 -2.428141587788921248e-03
8.928187061739520924e-01 4.504084721035279126e-01 -2.639369056681476703e-03
8.920656065216499009e-01 4.518969398212949184e-01 -2.847727818705975394e-03
8.912803619652933662e-01 4.534423844398575709e-01 -3.052947376461088297e-03
8.904631539365485127e-01 4.550437101172866150e-01 -3.254764213427570590e-03
8.896141970699170676e-01 4.566997458209927641e-01 -3.452922185221617753e-03
8.887337394159812165e-01 4.584092480453158536e-01 -3.647172892344109803e-03
8.878220626289680117e-01 4.601709036529418873e-01 -3.837276033610822167e-03
8.868794821239498471e-01 4.619833328319508658e-01 -4.022999739512000440e-03
8.859063471990307193e-01 4.638450921599687193e-01 -4.204120884815918877e-03
8.849030411179386046e-01 4.657546777666024540e-01 -4.380425379800004237e-03
8.838699811485635216e-01 4.677105285850746141e-01 -4.551708439564394228e-03
8.828076185531332776e-01 4.697110296837470056e-01 -4.717774830956295191e-03
8.817164385259180781e-01 4.717545156680325036e-01 -4.878439096708711391e-03
8.805969600745866543e-01 4.738392741430420552e-01 -5.033525756473847604e-03
8.794497358416053512e-01 4.759635492271989676e-01 -5.182869484509310815e-03
8.782753518623704903e-01 4.781255451069792994e-01 -5.326315263853817136e-03
8.770744272570974998e-01 4.803234296229026978e-01 -5.463718516908064315e-03
8.758476138538422440e-01 4.825553378769039115e-01 -5.594945212415373091e-03
8.745955957404140113e-01 4.848193758512634455e-01 -5.719871948915246362e-03
8.733190887433337490e-01 4.871136240293624242e-01 -5.838386014820739350e-03
8.720188398324110191e-01 4.894361410086549014e-01 -5.950385425347060400e-03
8.706956264499351450e-01 4.917849670964186681e-01 -6.055778936593795951e-03
8.693502557639162243e-01 4.941581278790500575e-01 -6.154486037156103526e-03
8.679835638452482183e-01 4.965536377559131576e-01 -6.246436917710831115e-03
8.665964147691110897e-01 4.989695034290316800e-01 -6.331572419091406265e-03
8.651896996413646068e-01 5.014037273402256467e-01 -6.409843959430137905e-03
8.637643355511206433e-01 5.038543110476411124e-01 -6.481213441007982294e-03
8.623212644511040192e-01 5.063192585339966190e-01 -6.545653137509503151e-03
8.608614519678200461e-01 5.087965794392736996e-01 -6.603145562434459617e-03
8.593858861439426233e-01 5.112842922110094612e-01 -6.653683319466892690e-03
8.578955761157115445e-01 5.137804271657984145e-01 -6.697268935647558707e-03
8.563915507284807216e-01 5.162830294560851740e-01 -6.733914678235863004e-03
8.548761676067411219e-01 5.187880653418854848e-01 -6.758815595535345479e-03
8.533512841487186362e-01 5.212923608211895710e-01 -6.772050140984161790e-03
8.518187788528894799e-01 5.237927883219132275e-01 -6.773711492575234042e-03
8.502805485059977686e-01 5.262862706405280200e-01 -6.763907073962338416e-03
8.487385052770736182e-01 5.287697846359898923e-01 -6.742758059156080813e-03
8.471945737282464695e-01 5.312403646760450737e-01 -6.710398863092353026e-03
8.456506877534700761e-01 5.336951058342325194e-01 -6.666976620343600078e-03
8.441087874565101901e-01 5.361311668371178119e-01 -6.612650654218559833e-03
8.425708159796889696e-01 5.385457727624763935e-01 -6.547591938459561972e-03
8.410387162949389817e-01 5.409362174902868636e-01 -6.471982553698529123e-03
8.395144279686957978e-01 5.432998659094933069e-01 -6.386015140774129427e-03
8.379998839120568199e-01 5.456341558845410056e-01 -6.289892352943833066e-03
8.364970071274572261e-01 5.479365999866768755e-01 -6.183826308946595643e-03
8.350077074628714513e-01 5.502047869959318938e-01 -6.068038048785469145e-03
8.335338783842419774e-01 5.524363831805596536e-01 -5.942756994005344608e-03
8.320773937764743833e-01 5.546291333614964403e-01 -5.808220414140257033e-03
8.306401047829246043e-01 5.567808617701206497e-01 -5.664672900898057480e-03
8.292238366928479376e-01 5.588894727082329705e-01 -5.512365851538725790e-03
8.278303858857840591e-01 5.609529510197408531e-01 -5.351556962787054443e-03
8.264615168413280699e-01 5.629693623840218430e-01 -5.182509736501823144e-03
8.251189592221871427e-01 5.649368534413473641e-01 -5.005492998202708266e-03
8.238044050378541261e-01 5.668536517610857084e-01 -4.820780429433990308e-03
8.225195058956498162e-01 5.687180656636611209e-01 -4.628650114821366603e-03
8.212658703452971887e-01 5.705284839074310499e-01 -4.429384104555724073e-03
8.200450613226046848e-01 5.722833752517566541e-01 -4.223267992916245051e-03
8.188585936972498924e-01 5.739812879075870677e-01 -4.010590513325464242e-03
8.177079319290796455e-01 5.756208488868554962e-01 -3.791643150311477597e-03
8.165944878367816795e-01 5.772007632618978423e-01 -3.566719768638039814e-03
8.155196184822347538e-01 5.787198133459627858e-01 -3.336116259752310888e-03
8.144846241733205705e-01 5.801768578056772929e-01 -3.100130205592982295e-03
8.134907465874775534e-01 5.815708307160794011e-01 -2.859060559698905785e-03
8.125391670177981585e-01 5.829007405685261434e-01 -2.613207345460486376e-03
8.116310047430246311e-01 5.841656692414378682e-01 -2.362871371263342013e-03
8.107673155223747985e-01 5.853647709434519619e-01 -2.108353962186298829e-03
8.099490902157414629e-01 5.864972711381328807e-01 -1.849956707833952732e-03
8.091772535294476931e-01 5.875624654589296503e-01 -1.587981225807902352e-03
8.084526628874136867e-01 5.885597186225833832e-01 -1.322728940250505721e-03
8.077761074272929998e-01 5.894884633486767722e-01 -1.054500874830702770e-03
8.071483071208700455e-01 5.903481992924836108e-01 -7.835974594831107655e-04
8.065699120177748371e-01 5.911384919977249464e-01 -5.103183501592874725e-04
8.060415016113624542e-01 5.918589718752722550e-01 -2.349622608037078039e-04
8.055635843254276285e-01 5.925093332132608248e-01 4.217319327341181910e-05
8.051365971202687488e-01 5.930893332234902227e-01 3.207916414888313051e-04
8.047609052164894639e-01 5.935987911283968632e-01 6.005980944357260966e-04
8.044368019348180354e-01 5.940375872922902811e-01 8.812990716040986199e-04
8.041645086501409967e-01 5.944056623999484090e-01 1.162602721303977044e-03
8.039441748578781688e-01 5.947030166850758581e-01 1.444218933735348740e-03
8.037758783507784610e-01 5.949297092105400031e-01 1.725859448155623883e-03
8.036596255041762449e-01 5.950858572017174719e-01 2.007237955097170012e-03
8.035953516677248887e-01 5.951716354337102111e-01 2.288070194584217783e-03
8.035815646034913939e-01 5.951891274641170071e-01 2.563530964264038904e-03
8.036172264462819737e-01 5.951397529233917183e-01 2.833366104759917677e-03
8.037012369712258630e-01 5.950249812987322695e-01 3.097327448628285976e-03
8.038324359532155183e-01 5.948463312839431527e-01 3.355172911356567051e-03
8.040096055827782306e-01 5.946053701459390606e-01 3.606666589621679731e-03
8.042314729339050672e-01 5.943037131000884488e-01 3.851578867083496616e-03
8.044967124793777069e-01 5.939430226865126672e-01 4.089686527900778142e-03
8.048039486491352923e-01 5.935250081394134458e-01 4.320772878070601973e-03
8.051517584272124273e-01 5.930514247415055173e-01 4.544627874606204168e-03
8.055386739827576914e-01 5.925240731556771223e-01 4.761048262482838779e-03
8.059631853306087335e-01 5.919447987260897381e-01 4.969837719197057330e-03
8.064237430168613718e-01 5.913154907410614891e-01 5.170807006701959654e-03
8.069187608248207244e-01 5.906380816502497799e-01 5.363774130399832397e-03
8.074466184966732074e-01 5.899145462288658548e-01 5.548564504794454254e-03
8.080056644661609555e-01 5.891469006819056720e-01 5.725011125328530875e-03
8.085942185974890339e-01 5.883372016816785788e-01 5.892954745857537785e-03
8.092105749256395253e-01 5.874875453322438990e-01 6.052244061140011483e-03
8.098530043932204991e-01 5.866000660547373569e-01 6.202735893656324308e-03
8.105197575789345743e-01 5.856769353879711648e-01 6.344295384003570924e-03
8.112090674127196976e-01 5.847203606991313585e-01 6.476796184053617775e-03
8.119191518725923373e-01 5.837325837998663669e-01 6.600120652004960557e-03
8.126482166582151834e-01 5.827158794635595163e-01 6.714160048407104113e-03
8.133944578362197753e-01 5.816725538401098516e-01 6.818814732188913097e-03
8.141560644523394563e-01 5.806049427650977757e-01 6.913994355680171643e-03
8.149312211054527966e-01 5.795154099607912057e-01 6.999618057578545216e-03
8.157181104787047943e-01 5.784063451270474721e-01 7.075614652782621396e-03
8.165149158229629833e-01 5.772801619207815760e-01 7.141922817985766128e-03
8.173198233879783725e-01 5.761392958233062522e-01 7.198491271905537586e-03
8.181310247967613636e-01 5.749862018954898790e-01 7.245278949009320742e-03
8.189467193588469973e-01 5.738233524213358638e-01 7.282255165588941495e-03
8.197651163183163892e-01 5.726532344412422759e-01 7.309399777035320046e-03
8.205844370326585979e-01 5.714783471768637435e-01 7.326703325168832347e-03
8.214029170788027523e-01 5.703011993501566623e-01 7.334167174491911315e-03
8.222188082829207101e-01 5.691243063998449037e-01 7.331803636247689535e-03
8.230303806708967329e-01 5.679501875991884718e-01 7.319636079191926478e-03
8.238359243366796258e-01 5.667813630795748292e-01 7.297699026015146140e-03
8.246337512260769609e-01 5.656203507650716666e-01 7.266038234387650618e-03
8.254221968339122695e-01 5.644696632236811951e-01 7.224710761641729359e-03
8.261996218128496716e-01 5.633318044416167902e-01 7.173785012152761667e-03
8.269644134925858703e-01 5.622092665274756040e-01 7.113340766533810498e-03
8.277149873085229981e-01 5.611045263537087768e-01 7.043469191816412699e-03
8.284497881394560226e-01 5.600200421432841580e-01 6.964272831853374028e-03
8.291672915542379618e-01 5.589582500098998485e-01 6.875865577247088772e-03
8.298660049678182604e-01 5.579215604605282097e-01 6.778372614178877417e-03
8.305444687074846621e-01 5.569123548694600023e-01 6.671930351590783792e-03
8.312012569905669057e-01 5.559329819333598266e-01 6.556686326250647096e-03
8.318349788152851199e-01 5.549857541171483444e-01 6.432799085313807563e-03
8.324442787668379085e-01 5.540729441007848921e-01 6.300438046079983798e-03
8.330278377412214663e-01 5.531967812372351467e-01 6.159783332731257749e-03
8.335843735896542039e-01 5.523594480320768163e-01 6.011025589926279403e-03
8.341126416868344107e-01 5.515630766553119013e-01 5.854365773216309819e-03
8.346114354265958823e-01 5.508097454960283468e-01 5.690014916340041355e-03
8.350795866488261998e-01 5.501014757705730007e-01 5.518193875545889492e-03
8.355159660017874579e-01 5.494402281948752576e-01 5.339133051182116084e-03
8.359194832442152778e-01 5.488278997314861574e-01 5.153072086886324385e-03
8.362890874917732198e-01 5.482663204217785857e-01 4.960259546796068342e-03
8.366237674126002499e-01 5.477572503135871296e-01 4.760952571291205034e-03
8.369225513768100422e-01 5.473023764943540925e-01 4.555416511865648457e-03
8.371845075648773893e-01 5.469033102395932655e-01 4.343924545811118400e-03
8.374087440398808591e-01 5.465615842861842877e-01 4.126757271477801171e-03
8.375944087885617284e-01 5.462786502396692612e-01 3.904202284956275002e-03
8.377406897361014959e-01 5.460558761243466952e-01 3.676553739101273612e-03
8.378468147394244614e-01 5.458945440845390795e-01 3.444111885890470924e-03
8.379120515636852007e-01 5.457958482449594140e-01 3.207182603180289398e-03
8.379357078464190201e-01 5.457608927376167429e-01 2.966076906985389353e-03
8.379171310536048800e-01 5.457906899021836011e-01 2.721110450468814269e-03
8.378557084316266002e-01 5.458861586662022702e-01 2.472603010885482053e-03
8.377508669588161760e-01 5.460481231109364231e-01 2.220877965772618569e-03
8.376020732999293061e-01 5.462773112280758792e-01 1.966261759726689509e-03
8.374088337665356319e-01 5.465743538718874639e-01 1.709083363147155706e-03
8.371706942859162837e-01 5.469397839107646986e-01 1.449673724362905008e-03
8.368872403806444371e-01 5.473740355814772363e-01 1.188365216587314093e-03
8.365580971605901528e-01 5.478774440487534925e-01 9.254910811724718130e-04
8.361829293286410225e-01 5.484502451721485761e-01 6.613848686520974046e-04
8.357614412009718441e-01 5.490925754814638404e-01 3.963798790760153035e-04
8.352933767422271449e-01 5.498044723612883766e-01 1.308086031466493228e-04
8.347785196155170784e-01 5.505858744445361053e-01 -1.349978343301140387e-04
8.342166932466601459e-01 5.514366222141516838e-01 -4.007102271712479897e-04
8.336077609016514511e-01 5.523564588114636686e-01 -6.660018352212858459e-04
8.329516257758912134e-01 5.533450310489683721e-01 -9.305489249519673491e-04
8.322482310932816096e-01 5.544018906246445111e-01 -1.194031301794459777e-03
8.314975602128932275e-01 5.555264955342225086e-01 -1.456132832768480649e-03
8.306996367405227177e-01 5.567182116771693945e-01 -1.716541958004876630e-03
8.298545246421106247e-01 5.579763146515034355e-01 -1.974952189795911930e-03
8.289623283556686317e-01 5.592999917319223524e-01 -2.231062597850505015e-03
8.280231928980813505e-01 5.606883440251221318e-01 -2.484578279479844522e-03
8.270373039629012046e-01 5.621403887955959133e-01 -2.735210813492006468e-03
8.260048880050497866e-01 5.636550619546454310e-01 -2.982678696632175448e-03
8.249262123081754217e-01 5.652312207048058035e-01 -3.226707761467690651e-03
8.238015850302968790e-01 5.668676463313842007e-01 -3.467031574684089137e-03
8.226313552232905613e-01 5.685630471323487312e-01 -3.703391814829351449e-03
8.214159128217468631e-01 5.703160614773714610e-01 -3.935538628618407905e-03
8.201556885967418165e-01 5.721252609864380112e-01 -4.163230964988300607e-03
8.188511540701284286e-01 5.739891538180829089e-01 -4.386236886175850537e-03
8.175028213850628056e-01 5.759061880569991132e-01 -4.604333855173950267e-03
8.161112431286268176e-01 5.778747551905019098e-01 -4.817308999009269586e-03
8.146770121026035705e-01 5.798931936631046558e-01 -5.024959347372790104e-03
8.132007610386908780e-01 5.819597924982877757e-01 -5.227092046224852094e-03
8.116831622547079350e-01 5.840727949764102922e-01 -5.423524546087748685e-03
8.101249272486522601e-01 5.862304023576335732e-01 -5.614084764830966877e-03
8.085268062277979340e-01 5.884307776386898947e-01 -5.798611224846489907e-03
8.068895875703889775e-01 5.906720493323457388e-01 -5.976953164603612118e-03
8.052140972178662981e-01 5.929523152584692536e-01 -6.148970624664080141e-03
8.035011979959735262e-01 5.952696463357228795e-01 -6.314534508328565124e-03
8.017517888635119494e-01 5.976220903630590220e-01 -6.473526617173984074e-03
7.999668040879472919e-01 6.000076757803990413e-01 -6.625839661827640122e-03
7.981472123475182867e-01 6.024244153981241912e-01 -6.771377248408039229e-03
7.962940157599428526e-01 6.048703100852970138e-01 -6.910053841143137116e-03
7.944082488382684382e-01 6.073433524068636569e-01 -7.041794701754294089e-03
7.924909773748568531e-01 6.098415302004582816e-01 -7.166535806267962036e-03
7.905432972549319981e-01 6.123628300838371841e-01 -7.284223739986684168e-03
7.885663332015453442e-01 6.149052408844115636e-01 -7.394815571416126117e-03
7.865612374542246821e-01 6.174667569828178326e-01 -7.498278706005174175e-03
7.845291883839676794e-01 6.200453815629668464e-01 -7.594590720611403903e-03
7.824713890476110434e-01 6.226391297615331277e-01 -7.683739179654222248e-03
7.803890656849578056e-01 6.252460317103940568e-01 -7.765721433962529709e-03
7.782834661623669881e-01 6.278641354660894347e-01 -7.840544403362622455e-03
7.761558583668040079e-01 6.304915098209491475e-01 -7.908224344085251767e-03
7.740075285546147432e-01 6.331262469911251856e-01 -7.968786602098112959e-03
7.718397796595199978e-01 6.357664651773582420e-01 -8.022265353491599485e-03
7.696539295645253853e-01 6.384103109949057497e-01 -8.068703333061359728e-03
7.674513093426102994e-01 6.410559617696598433e-01 -8.108151552241198157e-03
7.652332614711919723e-01 6.437016276980733753e-01 -8.140669007544164629e-03
7.630011380254586584e-01 6.463455538691041946e-01 -8.166322380668434439e-03
7.607562988557324823e-01 6.489860221469626600e-01 -8.185185731418029645e-03
7.585001097540541304e-01 6.516213529140136851e-01 -8.197340184576649980e-03
7.562339406151803445e-01 6.542499066737325064e-01 -8.202873611856200536e-03
7.539591635971542027e-01 6.568700855141447192e-01 -8.201880310020245521e-03
7.516771512865448868e-01 6.594803344326897188e-01 -8.194460676256839354e-03
7.493892748733644860e-01 6.620791425239344052e-01 -8.180720881845337036e-03
7.470969023405500398e-01 6.646650440320238662e-01 -8.160772545128138974e-03
7.448013966727564661e-01 6.672366192701921772e-01 -8.134732404761289143e-03
7.425041140890413782e-01 6.697924954100623607e-01 -8.102721994177631074e-03
7.402064023038332774e-01 6.723313471438415734e-01 -8.064867318153381981e-03
7.379095988203715484e-01 6.748518972228654267e-01 -8.021298532323641386e-03
7.356150292605809771e-01 6.773529168762608688e-01 -7.972149626445114087e-03
7.333240057351092522e-01 6.798332261137828292e-01 -7.917558112155286681e-03
7.310378252570054469e-01 6.822916939171308481e-01 -7.857664715927061005e-03
7.287577682022576830e-01 6.847272383242766214e-01 -7.792613077866561606e-03
7.264850968201445047e-01 6.871388264115211308e-01 -7.722549456949966140e-03
7.242210537960787065e-01 6.895254741781609020e-01 -7.647622443242972461e-03
7.219668608693500245e-01 6.918862463387718265e-01 -7.567982677594323540e-03
7.197237175078943228e-01 6.942202560282191293e-01 -7.483782579242861596e-03
7.174927996419416809e-01 6.965266644245727834e-01 -7.395176081726221977e-03
7.152752584581218986e-01 6.988046802951525249e-01 -7.302318377428699755e-03
7.130722192553347050e-01 7.010535594709442764e-01 -7.205365671056299104e-03
7.108847803634295026e-01 7.032726042546220135e-01 -7.104474942278740657e-03
7.087140121254802416e-01 7.054611627673805785e-01 -6.999803717731363679e-03
7.065609559441934362e-01 7.076186282397305405e-01 -6.891509852524708470e-03
7.044266233927458654e-01 7.097444382513351524e-01 -6.779751321366152099e-03
7.023119953901199031e-01 7.118380739248769684e-01 -6.664686019356468212e-03
7.002180214407862646e-01 7.138990590788338864e-01 -6.546471572484732250e-03
6.981456189383760114e-01 7.159269593439184787e-01 -6.425265157807600637e-03
6.960956725327916983e-01 7.179213812477972523e-01 -6.301223333263814876e-03
6.940690335600244731e-01 7.198819712725555986e-01 -6.174501877041826958e-03
6.920665195337766251e-01 7.218084148892115470e-01 -6.045255636387739627e-03
6.900889136978352045e-01 7.237004355734104610e-01 -5.913638385712354124e-03
6.881369646380000038e-01 7.255577938062539589e-01 -5.779802693829985336e-03
6.862113859522428472e-01 7.273802860640307122e-01 -5.643899800137870855e-03
6.843128559776594511e-01 7.291677438004257050e-01 -5.506079499523374582e-03
6.824420175726758631e-01 7.309200324245892499e-01 -5.366490035766818996e-03
6.805994779528817817e-01 7.326370502782513228e-01 -5.225278003190563132e-03
6.787858085787882301e-01 7.343187276148662734e-01 -5.082588256289801744e-03
6.770015450937439949e-01 7.359650255835740174e-01 -4.938563827067528160e-03
6.752471873101919542e-01 7.375759352205666364e-01 -4.793345849784988975e-03
6.735231992424084435e-01 7.391514764502497004e-01 -4.647073492829754265e-03
6.718300091838357302e-01 7.406916970983943305e-01 -4.499883897396144902e-03
6.701680098271010078e-01 7.421966719192834017e-01 -4.351912122667086873e-03
6.685375584248024472e-01 7.436665016386679872e-01 -4.203291097182424059e-03
6.669389769891427289e-01 7.451013120141652957e-01 -4.054151576076245496e-03
6.653725525284962528e-01 7.465012529145513831e-01 -3.904622103864706720e-03
6.638385373190117678e-01 7.478664974192277271e-01 -3.754828982466168735e-03
6.623371492093715895e-01 7.491972409389738852e-01 -3.604896244137033301e-03
6.608685719568579975e-01 7.504937003589361444e-01 -3.454945629009389778e-03
6.594329555929082654e-01 7.517561132046468586e-01 -3.305096566920405141e-03
6.580304168163813028e-01 7.529847368317206247e-01 -3.155466163228202656e-03
6.566610394127982975e-01 7.541798476397325590e-01 -3.006169188314658080e-03
6.553248746978680428e-01 7.553417403106468253e-01 -2.857318070482070885e-03
6.540219419836585946e-01 7.564707270720377741e-01 -2.709022891957918282e-03
6.527522290658276383e-01 7.575671369852231551e-01 -2.561391387729791951e-03
6.515156927303800138e-01 7.586313152583172847e-01 -2.414528946941120989e-03
6.503122592784787992e-01 7.596636225841018053e-01 -2.268538616587260914e-03
6.491418250678927526e-01 7.606644345025150855e-01 -2.123521107260966344e-03
6.480042570697238657e-01 7.616341407874649416e-01 -1.979574800706085640e-03
6.468993934391175094e-01 7.625731448575855387e-01 -1.836795758948420176e-03
6.458270440987181615e-01 7.634818632104768410e-01 -1.695277734783093553e-03
6.447869913336933267e-01 7.643607248798941489e-01 -1.555112183408365956e-03
6.437789903972074290e-01 7.652101709152850928e-01 -1.416388275006563724e-03
6.428027701252866377e-01 7.660306538830130574e-01 -1.279192908083668550e-03
6.418580335600714282e-01 7.668226373885497216e-01 -1.143610723390036223e-03
6.409444585805126327e-01 7.675865956188683281e-01 -1.009724118255668317e-03
6.400616985396186953e-01 7.683230129042292189e-01 -8.776132611844153107e-04
6.392093829074169120e-01 7.690323832985067609e-01 -7.473561065624109321e-04
6.383871179188410627e-01 7.697152101771751465e-01 -6.190284093468632464e-04
6.375944872258094698e-01 7.703720058520430181e-01 -4.927037396121014242e-04
6.368310525528022570e-01 7.710032912018007778e-01 -3.684534968403815848e-04
6.360963543552938804e-01 7.716095953174274547e-01 -2.463469238554500296e-04
6.353899124804381904e-01 7.721914551614882383e-01 -1.264511203071727792e-04
