1.000000000000000000e+00 0.000000000000000000e+00 0.000000000000000000e+00
9.999999999799334960e-01 -2.867767978321456184e-06 5.648861571612679969e-06
9.999999998034349025e-01 -1.035476677529640882e-05 1.690895149751118432e-05
9.999999991382336750e-01 -2.419921796793003113e-05 3.373339288311008903e-05
9.999999973646285234e-01 -4.612324339171538405e-05 5.606617256461984887e-05
9.999999934565058091e-01 -7.783004253027363327e-05 8.384226340932996672e-05
9.999999858363438632e-01 -1.210011103484115360e-04 1.169877612520725242e-04
9.999999722058895424e-01 -1.772935000543664566e-04 1.554200361876509383e-04
9.999999493544177165e-01 -2.483371351790043336e-04 1.990478979156237922e-04
9.999999129466978776e-01 -3.357321752540263419e-04 2.477717748112743135e-04
9.999998572929844620e-01 -4.410464392583402643e-04 3.014839063749252140e-04
9.999997751035233362e-01 -5.658128908822097555e-04 3.600685486910225851e-04
9.999996572302216613e-01 -7.115271895331775568e-04 4.234021925086500489e-04
9.999994923982623574e-01 -8.796453108766483968e-04 4.913537935363721746e-04
9.999992669305581838e-01 -1.071581240568003071e-03 5.637850145265656298e-04
9.999989644680276069e-01 -1.288704744692781290e-03 6.405504787076874611e-04
9.999985656887440122e-01 -1.532339220287391376e-03 7.214980341072560780e-04
9.999980480290504570e-01 -1.803759629165528535e-03 8.064690282936735899e-04
9.999973854097524706e-01 -2.104190518125546947e-03 8.952985930513864205e-04
9.999965479704965299e-01 -2.434804128461915199e-03 9.878159384912434463e-04
9.999955018154124131e-01 -2.796718597550050794e-03 1.083844656086237028e-03
9.999942087730459006e-01 -3.190996255118672912e-03 1.183203030112074585e-03
9.999926261735323507e-01 -3.618642016667705883e-03 1.285704356962180878e-03
9.999907066458639804e-01 -4.080601876332984150e-03 1.391157271797743237e-03
9.999883979379819987e-01 -4.577761501341820125e-03 1.499366081985227658e-03
9.999856427622860755e-01 -5.110944930046072351e-03 1.610131106766375577e-03
9.999823786689888694e-01 -5.680913375361814656e-03 1.723249022598992821e-03
9.999785379495653714e-01 -6.288364135287133339e-03 1.838513213600809952e-03
9.999740475723482014e-01 -6.933929612011979424e-03 1.955714126523296070e-03
9.999688291521044992e-01 -7.618176440976317035e-03 2.074639629677493824e-03
9.999627989552011265e-01 -8.341604731074970386e-03 2.195075375229682286e-03
9.999558679417227536e-01 -9.104647417049398922e-03 2.316805164280930345e-03
9.999479418456518331e-01 -9.907669724948024378e-03 2.439611314141351336e-03
9.999389212939556737e-01 -1.075096875137735927e-02 2.563275027207094492e-03
9.999287019651534880e-01 -1.163477315710593693e-02 2.687576760845779723e-03
9.999171747876574035e-01 -1.255924297542160284e-02 2.812296597694225863e-03
9.999042261778970930e-01 -1.352446953547978108e-02 2.937214615770902641e-03
9.998897383179541354e-01 -1.453047550071576849e-02 3.062111257804595553e-03
9.998735894721444417e-01 -1.557721502222748043e-02 3.186767699180313544e-03
9.998556543417027598e-01 -1.666457400686632492e-02 3.310966213903515816e-03
9.998358044564426006e-01 -1.779237049960266312e-02 3.434490537984336012e-03
9.998139086019883770e-01 -1.896035517955856065e-02 3.557126229644669031e-03
9.997898332809074251e-01 -2.016821196892401580e-02 3.678661025752800670e-03
9.997634432058116749e-01 -2.141555875379357737e-02 3.798885193892784749e-03
9.997346018222476038e-01 -2.270194821577815880e-02 3.917591879479030183e-03
9.997031718589597382e-01 -2.402686877306201355e-02 4.034577447330655285e-03
9.996690159028885914e-01 -2.538974562938723506e-02 4.149641817125128765e-03
9.996319969960599794e-01 -2.678994192925824094e-02 4.262588792156652220e-03
9.995919792513331403e-01 -2.822676001746650745e-02 4.373226380831685654e-03
9.995488284838057735e-01 -2.969944280084170496e-02 4.481367110342077478e-03
9.995024128545235698e-01 -3.120717520994006899e-02 4.586828331965489211e-03
9.994526035230137939e-01 -3.274908575818436668e-02 4.689432517453249842e-03
9.993995260817016835e-01 -3.431851942825529800e-02 4.777716950626326349e-03
9.993432154213943708e-01 -3.591100024462118984e-02 4.851591759902893798e-03
9.992837332796035144e-01 -3.752202894999324273e-02 4.910991582318932624e-03
9.992211690486499931e-01 -3.914709077198677556e-02 4.955875586573271069e-03
9.991556403174791656e-01 -4.078166318796235673e-02 4.986227451491687980e-03
9.990872931432945858e-01 -4.242122367153943613e-02 5.002055300063857485e-03
9.990163020512038416e-01 -4.406125740430486687e-02 5.003391589348400205e-03
9.989428697621512976e-01 -4.569726493636611098e-02 4.990292956682742913e-03
9.988672266514789788e-01 -4.732476977962362524e-02 4.962840022774332380e-03
9.987896299424894320e-01 -4.893932591795765313e-02 4.921137152386538191e-03
9.987103626413702528e-01 -5.053652521893815114e-02 4.865312173464842425e-03
9.986297322217623229e-01 -5.211200473216871104e-02 4.795516055675299975e-03
9.985480690690996530e-01 -5.366145385996044792e-02 4.711922549446401903e-03
9.984657246966078814e-01 -5.518062138669321826e-02 4.614727786716246727e-03
9.983830697465011506e-01 -5.666532235395126127e-02 4.504149844688190747e-03
9.983004917914641840e-01 -5.811144476930983627e-02 4.380428273988995133e-03
9.982183929529225841e-01 -5.951495613748884750e-02 4.243823592703152917e-03
9.981371873538967820e-01 -6.087190980346912639e-02 4.094616747824872047e-03
9.980572984253850422e-01 -6.217845109807559889e-02 3.933108545724755579e-03
9.979791560862242283e-01 -6.343082327745896976e-02 3.759619053271214331e-03
9.979031938172345795e-01 -6.462537324884196077e-02 3.574486971277030575e-03
9.978298456511545123e-01 -6.575855707582700660e-02 3.378068981959325614e-03
9.977595431004168125e-01 -6.682694525747906455e-02 3.170739072106773786e-03
9.976927120452054876e-01 -6.782722777628864830e-02 2.952887833641664773e-03
9.976297696044618135e-01 -6.875621891097759286e-02 2.724921743246964782e-03
9.975711210125817185e-01 -6.961086181092346337e-02 2.487262422700635845e-03
9.975171565244668193e-01 -7.038823282974016049e-02 2.240345881522003320e-03
9.974682483713585013e-01 -7.108554561625404777e-02 1.984621743488981533e-03
9.974247477895060721e-01 -7.170015496175191627e-02 1.720552458531560353e-03
9.973869821431985416e-01 -7.222956040294215008e-02 1.448612501447373805e-03
9.973552521630330014e-01 -7.267140958056171607e-02 1.169287558820669183e-03
9.973298293195033137e-01 -7.302350135397438213e-02 8.830737054579313903e-04
9.973109533510821079e-01 -7.328378867243987016e-02 5.904765715831464170e-04
9.972988299649409027e-01 -7.345038120398848791e-02 2.920105019645728717e-04
9.972936287273173050e-01 -7.352154772301244812e-02 -1.180229192569107882e-05
9.972954811593015556e-01 -7.349571825778596079e-02 -3.204325856867921941e-04
9.973044790524853154e-01 -7.337148599915487013e-02 -6.333450007319121455e-04
9.973206730175030454e-01 -7.314760897159759689e-02 -9.499988670930868597e-04
9.973440712770090810e-01 -7.282301146775831124e-02 -1.269849089438202048e-03
9.973746387130792979e-01 -7.239678524739769083e-02 -1.592347015499661483e-03
9.974122961774156693e-01 -7.186819050150310140e-02 -1.916941306156217262e-03
9.974569200710723393e-01 -7.123665658205804996e-02 -2.243078806443302674e-03
9.975083421987244181e-01 -7.050178249769845085e-02 -2.570205416792321462e-03
9.975663499007715318e-01 -6.966333717519064550e-02 -2.897766963815209471e-03
9.976306864648193384e-01 -6.872125948636322035e-02 -3.225210069956927026e-03
9.977010518163222930e-01 -6.767565803982117378e-02 -3.551983021335171353e-03
9.977771034864079125e-01 -6.652681073647780108e-02 -3.877536633073549316e-03
9.978584578531463078e-01 -6.527516408766641243e-02 -4.201325111411911492e-03
9.979446916507912491e-01 -6.392133229435101316e-02 -4.522806911845850437e-03
9.980353437398047367e-01 -6.246609608575181410e-02 -4.841445592507013715e-03
9.981296266144236151e-01 -6.091611536535614102e-02 -5.145433284841018431e-03
9.982268404569966114e-01 -5.927599261517380730e-02 -5.434318903537052083e-03
9.983262824432076465e-01 -5.755046780735187384e-02 -5.707677308273067206e-03
9.984272523835707736e-01 -5.574441060073504622e-02 -5.965109981467507649e-03
9.985290582301117324e-01 -5.386281228797400178e-02 -6.206245666889549650e-03
9.986310214100129201e-01 -5.191077750157884613e-02 -6.430740966999178541e-03
9.987324819494518557e-01 -4.989351568894114658e-02 -6.638280896893868945e-03
9.988328033525680771e-01 -4.781633236799747583e-02 -6.828579392770099850e-03
9.989313772024419613e-01 -4.568462017685458176e-02 -7.001379772865612069e-03
9.990276274531497691e-01 -4.350384973231683633e-02 -7.156455148932105298e-03
9.991210143843568536e-01 -4.127956031382538915e-02 -7.293608786397304082e-03
9.992110381925167761e-01 -3.901735039081219436e-02 -7.412674411509078722e-03
9.992972421955300666e-01 -3.672286801286759467e-02 -7.513516463911145207e-03
9.993792156306731123e-01 -3.440180108339686849e-02 -7.596030293278085120e-03
9.994565960287048467e-01 -3.205986753857955479e-02 -7.660142298834941160e-03
9.995290711502815562e-01 -2.970280545442843811e-02 -7.705810010801036718e-03
9.995963804741260228e-01 -2.733636310555835960e-02 -7.733022113026374704e-03
9.996583162297852931e-01 -2.496628899990633449e-02 -7.741798406329053125e-03
9.997147239712435018e-01 -2.259832191408504831e-02 -7.732189712290645292e-03
9.997655026911040910e-01 -2.023818095429537681e-02 -7.704277717520237496e-03
9.998106044784931257e-01 -1.789155566776726158e-02 -7.658174758653627998e-03
9.998500337272334670e-01 -1.556409622954215907e-02 -7.594023548608851149e-03
9.998838459041713422e-01 -1.326140372905756926e-02 -7.511996844869498098e-03
9.999121458907761495e-01 -1.098902058045107474e-02 -7.412297060810236170e-03
9.999350859142535075e-01 -8.752421079776889767e-03 -7.295155821311516409e-03
9.999528630873911750e-01 -6.557002131433944600e-03 -7.160833464129981105e-03
9.999657165791656643e-01 -4.408074165055144572e-03 -7.009618488695024130e-03
9.999739244407657157e-01 -2.310852262919135640e-03 -6.841826954188138729e-03
9.999778001141041983e-01 -2.704475166368605112e-04 -6.657801828928116769e-03
9.999776886520883590e-01 1.708141369544666829e-03 -6.457912293230345067e-03
9.999739626818754390e-01 3.620036212968651915e-03 -6.242552998031091101e-03
9.999670181440510897e-01 5.460487210019794070e-03 -6.012143281666969437e-03
9.999572698421173023e-01 7.224880504078718367e-03 -5.767126347275251981e-03
9.999451468378616203e-01 8.908745452854220301e-03 -5.507968403332252384e-03
9.999310877290914501e-01 1.050776158555558927e-02 -5.235157769874957887e-03
9.999155358468576615e-01 1.201776524192455474e-02 -4.949203952956082210e-03
9.998989344096579357e-01 1.343475588665294859e-02 -4.650636689865752724e-03
9.998817216722066803e-01 1.475490209414886608e-02 -4.340004967615509156e-03
9.998643261061865850e-01 1.597454719996344030e-02 -4.017876017123734808e-03
9.998471616499640113e-01 1.709021461643681419e-02 -3.684834285468082445e-03
9.998306230635686243e-01 1.809861281125177759e-02 -3.341480388481914577e-03
9.998150814243068618e-01 1.899663994858594510e-02 -2.988430045870657352e-03
9.998008797972198769e-01 1.978138819341920124e-02 -2.626313000912736378e-03
9.997883291132152461e-01 2.045014768027638569e-02 -2.255771926690972387e-03
9.997777042861116792e-01 2.100041014826216704e-02 -1.877461320676675725e-03
9.997692405980529440e-01 2.142987224467471363e-02 -1.492046389362818807e-03
9.997631303807846814e-01 2.173643849976879955e-02 -1.100201924517271636e-03
9.997595200181572661e-01 2.191822397538139428e-02 -7.026111725047384793e-04
9.997585072929404681e-01 2.197355659014036885e-02 -2.999646980092103305e-04
9.997601390986216030e-01 2.190097912385845919e-02 1.070407566201883012e-04
9.997643502249234926e-01 2.170211731968199956e-02 5.120558638032562211e-04
9.997710527463794516e-01 2.137769918850093709e-02 9.144124357624879148e-04
9.997801089174135347e-01 2.092865865488322333e-02 1.313448734663236975e-03
9.997913326865758288e-01 2.035613348450358157e-02 1.708510523439164515e-03
9.998044915767205776e-01 1.966146291905313329e-02 2.098952104003929883e-03
9.998193089158580182e-01 1.884618501946288757e-02 2.484137341919066388e-03
9.998354664011335213e-01 1.791203371801006541e-02 2.863440676532742670e-03
9.998526069762269097e-01 1.686093557970088155e-02 3.236248115538750171e-03
9.998703380004353436e-01 1.569500627324692255e-02 3.601958212831310457e-03
9.998882346858161130e-01 1.441654675198371892e-02 3.959983028451080286e-03
9.999058437770329544e-01 1.302803914522604987e-02 4.309749069333086019e-03
9.999226874469796522e-01 1.153214236081983105e-02 4.650698209480384412e-03
9.999382673798642429e-01 9.931687400037522012e-03 4.982288588100227018e-03
9.999520690122258859e-01 8.229672386473516760e-03 5.303995484154639707e-03
9.999635659013439426e-01 6.429257311225865246e-03 5.615312165696866725e-03
9.999722241896857877e-01 4.533758497397195192e-03 5.915750712291228605e-03
9.999775071334350285e-01 2.546642787804536453e-03 6.204842808748769686e-03
9.999788796627544496e-01 4.715214607469240399e-04 6.482140508356585076e-03
9.999758129412662511e-01 -1.687856120269088690e-03 6.747216963736812900e-03
9.999677888922858804e-01 -3.927609115814295095e-03 6.999667123443637472e-03
9.999543046596237605e-01 -6.243732070602039073e-03 7.239108392394746211e-03
9.999348769712692597e-01 -8.632102014853520328e-03 7.465181254238771949e-03
9.999090463749965574e-01 -1.108848579619696462e-02 7.677549853783364846e-03
9.998763813158781932e-01 -1.360854763002969717e-02 7.875902537650360594e-03
9.998364820268483832e-01 -1.618785685496635859e-02 8.059952351385520075e-03
9.997889842048270914e-01 -1.882189587870771244e-02 8.229437491330652416e-03
9.997335624464813719e-01 -2.150606829841092763e-02 8.384121709665457930e-03
9.996699334194528719e-01 -2.423570717844184333e-02 8.523794671144649740e-03
9.995978587468101750e-01 -2.700608346726005374e-02 8.648272260192166674e-03
9.995171475845763265e-01 -2.981241453414542816e-02 8.757396837167445366e-03
9.994276588744159806e-01 -3.264987280553561383e-02 8.851037442787538373e-03
9.993293032559322775e-01 -3.551359447992254170e-02 8.929089949871807375e-03
9.992220446254954647e-01 -3.839868829956487317e-02 8.991477161771087301e-03
9.991059013310896741e-01 -4.130024435672371985e-02 9.038148857048797571e-03
9.989809469952946053e-01 -4.421334291173011771e-02 9.069081780195139067e-03
9.988473109611979428e-01 -4.713306319995166915e-02 9.084279578375108882e-03
9.987051783587386211e-01 -5.005449220464739529e-02 9.083772684434082700e-03
9.985547897916876581e-01 -5.297273337278687183e-02 9.067618146608799265e-03
9.983964406481606879e-01 -5.588291525116229064e-02 9.035899405614189819e-03
9.982304800402037603e-01 -5.878020002053840898e-02 8.988726019995162478e-03
9.980573093805777951e-01 -6.165979190616104749e-02 8.926233340844845834e-03
9.978773806073681918e-01 -6.451694544367332640e-02 8.848582137194499486e-03
9.976911940694451753e-01 -6.734697358036186021e-02 8.755958173573160502e-03
9.974992960880794124e-01 -7.014525559266208965e-02 8.648571741415162634e-03
9.973022762121568352e-01 -7.290724480198031154e-02 8.526657146158904410e-03
9.971007641864253479e-01 -7.562847607212679069e-02 8.390472152029287978e-03
9.968954266540274167e-01 -7.830457307298356595e-02 8.240297386627445930e-03
9.966869636162165591e-01 -8.093125529643654947e-02 8.076435707563833777e-03
9.964761046736120287e-01 -8.350434481206774062e-02 7.899211533463419005e-03
9.962636050746053185e-01 -8.601977275161101777e-02 7.708970141744143217e-03
9.960505367107899133e-01 -8.847074015216525866e-02 7.500451045366489204e-03
9.958378684318859309e-01 -9.085168064522097797e-02 7.274078700505718330e-03
9.956265950614421323e-01 -9.315716990458987323e-02 7.030305145323629580e-03
9.954177311081112700e-01 -9.538193364732336366e-02 6.769609031046373154e-03
9.952123042705027789e-01 -9.752085524455469945e-02 6.492494619373414232e-03
9.950113487819409741e-01 -9.956898293741121841e-02 6.199490749884593865e-03
9.948158986421535843e-01 -1.015215366555485554e-01 5.891149781045543384e-03
9.946269807832766041e-01 -1.033739144381530806e-01 5.568046508311256908e-03
9.944456082175883171e-01 -1.051216984594138676e-01 5.230777062695689608e-03
9.942727732140953512e-01 -1.067606606624555005e-01 4.879957793014517639e-03
9.941094405504965481e-01 -1.082867680075240285e-01 4.516224134821729408e-03
9.939565408861608109e-01 -1.096961873418116074e-01 4.140229468851896154e-03
9.938149643005937950e-01 -1.109852898996730314e-01 3.752643971552483380e-03
9.936855540404444520e-01 -1.121506554431175862e-01 3.354153460048215143e-03
9.935691005164458689e-01 -1.131890760533420665e-01 2.945458233626341554e-03
9.934663355898015746e-01 -1.140975595847008028e-01 2.527271913571769654e-03
9.933779271854479287e-01 -1.148733327928835729e-01 2.100320282918494326e-03
9.933044742673576843e-01 -1.155138441491945916e-01 1.665340127422751566e-03
9.932465022086180984e-01 -1.160167663527005705e-01 1.223078078807767009e-03
9.932044585864426844e-01 -1.163799985516522917e-01 7.742894610838003174e-04
9.931787094295640994e-01 -1.166016682849944502e-01 3.197371405140608412e-04
9.931695359426373493e-01 -1.166801331539774333e-01 -1.398096204195503319e-04
9.931771317293590640e-01 -1.166139822328913916e-01 -6.035763048938382405e-04
9.932016005330055464e-01 -1.164020372267771664e-01 -1.070784279482172620e-03
9.932429545100150969e-01 -1.160433533826536745e-01 -1.540651927919375105e-03
9.933011130491062879e-01 -1.155372201593625192e-01 -2.012395781182179429e-03
9.933759021452429616e-01 -1.148831616595938077e-01 -2.485231644266752866e-03
9.934670543345431870e-01 -1.140809368260511381e-01 -2.958375720107295041e-03
9.935742091929896658e-01 -1.131305394020663824e-01 -3.431045731110963191e-03
9.936969143985487918e-01 -1.120321976553168980e-01 -3.902462038783759395e-03
9.938346273530518360e-01 -1.107863738616575167e-01 -4.371848761889586370e-03
9.939867173569496561e-01 -1.093937635444879319e-01 -4.838434893520763419e-03
9.941524683268256890e-01 -1.078552944635613603e-01 -5.301455417363814572e-03
9.943310820423636454e-01 -1.061721253457307279e-01 -5.760152423320520285e-03
9.945216819063161795e-01 -1.043456443488521151e-01 -6.213776222492833033e-03
9.947233171979312782e-01 -1.023774672489460302e-01 -6.661586461363362167e-03
9.949349677972747497e-01 -1.002694353397801386e-01 -7.102853234803281103e-03
9.951555493549515408e-01 -9.802361303330278663e-02 -7.536858197319547432e-03
9.953839188788998760e-01 -9.564228514884473564e-02 -7.962895671716461315e-03
9.956188807072153812e-01 -9.312795387873216979e-02 -8.380273754096301611e-03
9.958591928333873078e-01 -9.048333541793136814e-02 -8.788315413863831763e-03
9.961035735479035758e-01 -8.771135624558265564e-02 -9.186359587133811899e-03
9.963507083579318246e-01 -8.481514904678610911e-02 -9.573762261673383900e-03
9.965992571447244153e-01 -8.179804826377505556e-02 -9.949897551246601399e-03
9.968478615165505818e-01 -7.866358526665519213e-02 -1.031415875697067920e-02
9.970951523133423366e-01 -7.541548313519168267e-02 -1.066595941304701069e-02
9.973397572178772652e-01 -7.205765104468443705e-02 -1.100473431399894356e-02
9.975803084272263366e-01 -6.859417825077056274e-02 -1.132994052033670616e-02
9.978154503373843909e-01 -6.502932767001506908e-02 -1.164105833938166960e-02
9.980438471934942601e-01 -6.136752905537684599e-02 -1.193759227782099745e-02
9.982641906578841873e-01 -5.761337176804189747e-02 -1.221907196243299069e-02
9.984752072482736551e-01 -5.377159714967355564e-02 -1.248505302532600461e-02
9.986756655989762477e-01 -4.984709050180967382e-02 -1.273511794997236012e-02
9.988643834987449566e-01 -4.584487268190760162e-02 -1.296887687429519424e-02
9.990402346600676387e-01 -4.177009132836447675e-02 -1.318596834708225633e-02
9.992021551762286791e-01 -3.762801172968772978e-02 -1.338606003405738536e-02
9.993491496243047667e-01 -3.342400735582153753e-02 -1.356884937003814684e-02
9.994802967744460531e-01 -2.916355007241214908e-02 -1.373406415374679203e-02
9.995947548683030703e-01 -2.485220006148176203e-02 -1.388146308202060225e-02
9.996917664322725328e-01 -2.049559547454012434e-02 -1.401083622038538749e-02
9.997706625943373338e-01 -1.609944184656070601e-02 -1.412200540721065406e-02
9.998308668766426877e-01 -1.166950130145071735e-02 -1.421482458895409647e-02
9.998718984395508214e-01 -7.211581581620741047e-03 -1.428918008432372537e-02
9.998933747567314567e-01 -2.731524935982668038e-03 -1.434499077553456209e-02
9.998950137048273623e-01 1.764803097850439241e-03 -1.438220822520950085e-02
9.998766350553598414e-01 6.271524980242548265e-03 -1.440081671786636389e-02
9.998381613607674190e-01 1.078276248733923796e-02 -1.440083322534075477e-02
9.997796182307598922e-01 1.529264802174200126e-02 -1.438230729591215805e-02
9.997011339994821277e-01 1.979533587762440094e-02 -1.434532086732395566e-02
9.996029387882822137e-01 2.428501342202729965e-02 -1.428998800431144182e-02
9.994853629731145217e-01 2.875591215456926170e-02 -1.421645456167051902e-02
9.993488350697549150e-01 3.320231860863386009e-02 -1.412489777430861113e-02
9.991938790540118021e-01 3.761858505823615501e-02 -1.401552577611356147e-02
9.990211111379591058e-01 4.199913999621020244e-02 -1.388857704985139649e-02
9.988312360268476464e-01 4.633849835107746451e-02 -1.374431981065557008e-02
9.986250426847548267e-01 5.063127141192925312e-02 -1.358305132599484100e-02
9.984033996401636690e-01 5.487217643285694640e-02 -1.340509717530078033e-02
9.981672498655138615e-01 5.905604589086251716e-02 -1.321081045269624325e-02
9.979176052673026653e-01 6.317783637374622951e-02 -1.300057091649045767e-02
9.976555408255305402e-01 6.723263707716463367e-02 -1.277478408929288295e-02
9.973821884231580670e-01 7.121567789284516392e-02 -1.253388031274538933e-02
9.970987304077721936e-01 7.512233707279841743e-02 -1.227831376097987016e-02
9.968063929288335512e-01 7.894814845724951180e-02 -1.200856141697600847e-02
9.965064390947044881e-01 8.268880825688178227e-02 -1.172512201602200592e-02
9.962001619941303066e-01 8.634018138281490673e-02 -1.142851496047058053e-02
9.958888776269820831e-01 8.989830732049317041e-02 -1.111927920993497493e-02
9.955739177888697222e-01 9.335940554630858812e-02 -1.079797215098695848e-02
9.952566229537156417e-01 9.671988048829903428e-02 -1.046516845030329157e-02
9.949383351975612522e-01 9.997632603461946432e-02 -1.012145889506151954e-02
9.946203912057671737e-01 1.031255295956619716e-01 -9.767449224213405751e-03
9.943041154044005570e-01 1.061644757276796608e-01 -9.403758954068036288e-03
9.939908132549826192e-01 1.090903493275344610e-01 -9.031020201400261765e-03
9.936817647499327499e-01 1.119005384097284395e-01 -8.649876507067236209e-03
9.933782181440063974e-01 1.145926364781835322e-01 -8.260981662870245379e-03
9.930813839548124911e-01 1.171644445063011880e-01 -7.864998544144449766e-03
9.927924292631301606e-01 1.196139725396600934e-01 -7.462597950299501917e-03
9.925124723412510619e-01 1.219394409362984377e-01 -7.054457455272740603e-03
9.922425776349746984e-01 1.241392812598827722e-01 -6.641260269597527854e-03
9.919837511221998305e-01 1.262121368411964484e-01 -6.223694115535555182e-03
9.917369360683101487e-01 1.281568630232972072e-01 -5.802450116476814967e-03
9.915030091957613978e-01 1.299725271054101572e-01 -5.378221701577314343e-03
9.912827772824635009e-01 1.316584080001527157e-01 -4.951703526385208866e-03
9.910769742007314864e-01 1.332139956180523888e-01 -4.523590410003089715e-03
9.908862584057640532e-01 1.346389899925316547e-01 -4.094576289149869791e-03
9.907112108798232786e-01 1.359333001576208122e-01 -3.665353189321612307e-03
9.905523335355344017e-01 1.370970427896376909e-01 -3.236610213108255443e-03
9.904100480790233307e-01 1.381305406229658417e-01 -2.809032545603397032e-03
9.902846953309667466e-01 1.390343206488922345e-01 -2.383300476747890820e-03
9.901765350010569566e-01 1.398091121052537356e-01 -1.960088440375245405e-03
9.900857459088893142e-01 1.404558442634102622e-01 -1.540064069677734996e-03
9.900124266418733887e-01 1.409756440178341896e-01 -1.123887268786419834e-03
9.899565966384576976e-01 1.413698332823999371e-01 -7.122093001552746560e-04
9.899181976827439167e-01 1.416399261962956457e-01 -3.056718874584560958e-04
9.898970957944646099e-01 1.417876261413777428e-01 9.509366625080168615e-05
9.898930834963084457e-01 1.418148225717681954e-01 4.894673453125337158e-04
9.899058824387029221e-01 1.417235876555673069e-01 8.768412732803204136e-04
9.899351463604213475e-01 1.415161727277374215e-01 1.256620549814329874e-03
9.899804643617614586e-01 1.411950045525160735e-01 1.628224072566489006e-03
9.900413644655643441e-01 1.407626813931526777e-01 1.991085343860194302e-03
9.901173174399993115e-01 1.402219688863370617e-01 2.344653261840875733e-03
9.902077408558485061e-01 1.395757957184097509e-01 2.688392895640830983e-03
9.903120033499803743e-01 1.388272491003140763e-01 3.021786243964507714e-03
9.904294290658139932e-01 1.379795700382739909e-01 3.344332976361258977e-03
9.905593022408508697e-01 1.370361483973556727e-01 3.655551156314012888e-03
9.907008719107915917e-01 1.360005177553958999e-01 3.954977945136650512e-03
9.908533566993634745e-01 1.348763500452488384e-01 4.242170285542565256e-03
9.910159496627720666e-01 1.336674499839120012e-01 4.516705563624075562e-03
9.911878231576514153e-01 1.323777492878297490e-01 4.778182247869233561e-03
9.913681337015302075e-01 1.310113006745325381e-01 5.026220503741071072e-03
9.915560267951587514e-01 1.295722716517372641e-01 5.260462782256227279e-03
9.917506416765488053e-01 1.280649380960983963e-01 5.480574380926814607e-03
9.919511159772732567e-01 1.264936776249437067e-01 5.686243975372627830e-03
9.921565902524482894e-01 1.248629627655399033e-01 5.877184119871592394e-03
9.923662123568750548e-01 1.231773539276939944e-01 6.053131715095448791e-03
9.925791416410524315e-01 1.214414921867895264e-01 6.213848441275790328e-03
9.927945529421750015e-01 1.196600918856662588e-01 6.359121155063002934e-03
9.930116403467997843e-01 1.178379330650592555e-01 6.488762248377466513e-03
9.932296207035906654e-01 1.159798537336019647e-01 6.602609967608382043e-03
9.934477368664210717e-01 1.140907419896506764e-01 6.700528691590305723e-03
9.936652606501257257e-01 1.121755280083887446e-01 6.782409166880144780e-03
9.938814954833229409e-01 1.102391759088024586e-01 6.848168698967063879e-03
9.940957787449700156e-01 1.082866755161723954e-01 6.897751298173183769e-03
9.943074837736525229e-01 1.063230340366816545e-01 6.931127779142772470e-03
9.945160215410192572e-01 1.043532676615933352e-01 6.948295812970159240e-03
9.947208419832509474e-01 1.023823931191849973e-01 6.949279931180094017e-03
9.949214349869681673e-01 1.004154191932390139e-01 6.934131480946837539e-03
9.951173310285227336e-01 9.845733822736797702e-02 6.902928531117815542e-03
9.953081014681639527e-01 9.651311763480069361e-02 6.855775728792233743e-03
9.954933585030982801e-01 9.458769143346286434e-02 6.792804106392395271e-03
9.956727547859587357e-01 9.268595182625806450e-02 6.714170839353544341e-03
9.958459827176368018e-01 9.081274084639064104e-02 6.620058954744767465e-03
9.960127734257991916e-01 8.897284208737556155e-02 6.510676991316769087e-03
9.961728954426842808e-01 8.717097253705742566e-02 6.386258611650307351e-03
9.963261530979385938e-01 8.541177453451802293e-02 6.247062167249892162e-03
9.964723846442908872e-01 8.369980786819830598e-02 6.093370217589381271e-03
9.966114601357570768e-01 8.203954203290612923e-02 5.925489004267880250e-03
9.967432790798076425e-01 8.043534866263697680e-02 5.743747881574553377e-03
9.968677678864984459e-01 7.889149415531333809e-02 5.548498704888581330e-03
9.969848771389548947e-01 7.741213250466229268e-02 5.340115178454650675e-03
9.970945787107939884e-01 7.600129835351410179e-02 5.118992164174492737e-03
9.971968627570699795e-01 7.466290028183010519e-02 4.885544953140713402e-03
9.972917346061211941e-01 7.340071434177079801e-02 4.640208501710352783e-03
9.973792115802784242e-01 7.221837785110711561e-02 4.383436633972458835e-03
9.974593197737671169e-01 7.111938345527391014e-02 4.115701212506714737e-03
9.975320908162915723e-01 7.010707346737564405e-02 3.837491279359508782e-03
9.975975586507330739e-01 6.918463449449278879e-02 3.549312169180453280e-03
9.976557563531279760e-01 6.835509235771389247e-02 3.251684596467280860e-03
9.977067130226149327e-01 6.762130731244098136e-02 2.945143718861346210e-03
9.977504507683667700e-01 6.698596957469449276e-02 2.630238178420925624e-03
9.977869818196475338e-01 6.645159515838293396e-02 2.307529122776502510e-03
9.978163057840792050e-01 6.602052202780812895e-02 1.977589208042710312e-03
9.978384070779617865e-01 6.569490656905190018e-02 1.641001585327079128e-03
9.978532525510867002e-01 6.547672038333572642e-02 1.298358872637762722e-03
9.978607893269176854e-01 6.536774740496191505e-02 9.502621139525096496e-04
9.978609428773074219e-01 6.536958134603065851e-02 5.973197271708156593e-04
9.978536153490743521e-01 6.548362346977924797e-02 2.401464426318774951e-04
9.978386841578047450e-01 6.571108069410297459e-02 -1.206377661559702541e-04
9.978160008621800303e-01 6.605296402658511479e-02 -4.844087579619924607e-04
9.977853903299708227e-01 6.651008733217958491e-02 -8.505393038722358417e-04
9.977466502046089536e-01 6.708306643454461926e-02 -1.218400170360381092e-03
9.976995506789532175e-01 6.777231855191116761e-02 -1.587361203846009107e-03
9.976438345805281882e-01 6.857806206827452011e-02 -1.956792415205507729e-03
9.975792177701453545e-01 6.950031664061157022e-02 -2.326065062702927910e-03
9.975053898534348429e-01 7.053890364273890379e-02 -2.694552731802579270e-03
9.974220152024375619e-01 7.169344694632635850e-02 -3.061632410312081949e-03
9.973287342820431611e-01 7.296337403945697686e-02 -3.426685557284201052e-03
9.972251652737349481e-01 7.434791748296604164e-02 -3.789099164078531343e-03
9.971109059868236146e-01 7.584611670458975274e-02 -4.148266805950651115e-03
9.969855360451403969e-01 7.745682013069811467e-02 -4.503589682497533865e-03
9.968486193350299951e-01 7.917868765506892725e-02 -4.854477645244875163e-03
9.966997066984478737e-01 8.101019344377322073e-02 -5.200350210615687502e-03
9.965383388530442144e-01 8.294962907478027614e-02 -5.540637556471428998e-03
9.963640495193170077e-01 8.499510701034931892e-02 -5.874781500368465338e-03
9.961763687332573225e-01 8.714456439965097279e-02 -6.202236457625390567e-03
9.959748263214012187e-01 8.939576720835380741e-02 -6.522470377252248368e-03
9.957589555138567361e-01 9.174631467111996064e-02 -6.834965653752662386e-03
9.955282966697054370e-01 9.419364406208140250e-02 -7.139220012775953847e-03
9.952824010881905492e-01 9.673503577741812687e-02 -7.434747368570132110e-03
9.950208348783114998e-01 9.936761872313744359e-02 -7.721078651169785770e-03
9.947431828588526592e-01 1.020883760000671492e-01 -7.997762601246870273e-03
9.944493982866591253e-01 1.048913146007873776e-01 -8.258749914300551193e-03
9.941393311701005597e-01 1.077714175621310166e-01 -8.503668303436774656e-03
9.938128815186617615e-01 1.107235578489691175e-01 -8.732174825550324815e-03
9.934700036143838675e-01 1.137425082775600782e-01 -8.943956380112477386e-03
9.931107099541626182e-01 1.168229516215195940e-01 -9.138730144429153823e-03
9.927350748312355755e-01 1.199594908742410287e-01 -9.316243943814073863e-03
9.923432375270002659e-01 1.231466596402810837e-01 -9.476276555354327252e-03
9.919354050873375739e-01 1.263789326270687297e-01 -9.618637944200382137e-03
9.915118546608280292e-01 1.296507362073175129e-01 -9.743169431586370249e-03
9.910729353796268182e-01 1.329564590217418019e-01 -9.849743794076807127e-03
9.906190697672685452e-01 1.362904625911127154e-01 -9.938265293839801395e-03
9.901507546612755561e-01 1.396470919063523275e-01 -1.000866964006079905e-02
9.896685616421120324e-01 1.430206859652653761e-01 -1.006092388193171282e-02
9.891731369637279947e-01 1.464055882246532991e-01 -1.009502623397403633e-02
9.886652009846351730e-01 1.497961569369478663e-01 -1.011100583477762306e-02
9.881455471021246550e-01 1.531867753411418343e-01 -1.010892244055542830e-02
9.876150401958341263e-01 1.565718616786763440e-01 -1.008886605522484048e-02
9.870746145903778190e-01 1.599458790060633018e-01 -1.005095649902475706e-02
9.865252715501259262e-01 1.633033447773620528e-01 -9.995342917960647541e-03
9.859680763224455413e-01 1.666388401711824951e-01 -9.922203236634351969e-03
9.854041547487571995e-01 1.699470191386309170e-01 -9.831743557258174060e-03
9.848346894656022643e-01 1.732226171505328038e-01 -9.724197507871240251e-03
9.842609157205347570e-01 1.764604596243352919e-01 -9.599825542967782913e-03
9.836841168300318738e-01 1.796554700132877436e-01 -9.458914199909955467e-03
9.831056193087428507e-01 1.828026775427956108e-01 -9.301775314630413710e-03
9.825267877012565654e-01 1.858972245812147428e-01 -9.128745200231004261e-03
9.819490191491602182e-01 1.889343736347722791e-01 -8.940183792152861519e-03
9.813737377274716067e-01 1.919095139587401466e-01 -8.736473763629584721e-03
9.808023885855648993e-01 1.948181677794182665e-01 -8.518019615139227688e-03
9.802364319284679883e-01 1.976559961238828766e-01 -8.285246741543015811e-03
9.796773368748948885e-01 2.004188042567921768e-01 -8.038600480540050372e-03
9.791265752286002488e-01 2.031025467257948913e-01 -7.778545145979029636e-03
9.785856151996065178e-01 2.057033320192314940e-01 -7.505563049451957104e-03
9.780559151115770788e-01 2.082174268418342522e-01 -7.220153513452806301e-03
9.775389171310977510e-01 2.106412600159997539e-01 -6.922831879218563356e-03
9.770360410539028484e-01 2.129714260179109420e-01 -6.614128512183362063e-03
9.765486781821535178e-01 2.152046881593094596e-01 -6.294587807771340193e-03
9.760781853257655127e-01 2.173379814270523513e-01 -5.964767200033184620e-03
9.756258789595052550e-01 2.193684149937203953e-01 -5.625236175398111438e-03
9.751930295661442871e-01 2.212932744134721574e-01 -5.276575293570232722e-03
9.747808561944042438e-01 2.231100235180544233e-01 -4.919375217349008719e-03
9.743905212587506970e-01 2.248163060283845660e-01 -4.554235752900781010e-03
9.740231256063236476e-01 2.264099468974157814e-01 -4.181764901755306851e-03
9.736797038744385846e-01 2.278889534000836936e-01 -3.802577925550607637e-03
9.733612201601770098e-01 2.292515159860213370e-01 -3.417296424304219152e-03
9.730685640216129029e-01 2.304960089104244325e-01 -3.026547428751690492e-03
9.728025468282143207e-01 2.316209906579612399e-01 -2.630962507066483130e-03
9.725638984759261696e-01 2.326252041739641785e-01 -2.231176886061574452e-03
9.723532644803891678e-01 2.335075769163242332e-01 -1.827828586774204187e-03
9.721712034596960983e-01 2.342672207405517293e-01 -1.421557574153206041e-03
9.720175244529584146e-01 2.349061412449430786e-01 -1.018495875630779160e-03
9.718922082932571760e-01 2.354254709245890975e-01 -6.192481415462774974e-04
9.717951460032596689e-01 2.358265129542361227e-01 -2.244106826501895513e-04
9.717261404799829583e-01 2.361107386547962872e-01 1.654292411669278226e-04
9.716849085345378167e-01 2.362797848522526223e-01 5.496941207816913831e-04
9.716710832707224910e-01 2.363354511273197400e-01 9.278168871286795799e-04
9.716842167849869538e-01 2.362796969531418545e-01 1.299241590524953180e-03
9.717237831690270777e-01 2.361146387173430339e-01 1.663424070566294714e-03
9.717891817951000988e-01 2.358425466238982804e-01 2.019832617007761774e-03
9.718797408630729384e-01 2.354658414695787461e-01 2.367948621904469256e-03
9.719947211872326243e-01 2.349870912891460495e-01 2.707267223142593993e-03
9.721333202000030926e-01 2.344090078630351737e-01 3.037297939337455475e-03
9.722946761489241752e-01 2.337344430809763229e-01 3.357565295917328690e-03
9.724778724625683379e-01 2.329663851548662568e-01 3.667609442050466604e-03
9.726819422604947585e-01 2.321079546742083333e-01 3.966986757910853471e-03
9.729058729818744755e-01 2.311624004975977031e-01 4.255270451617504043e-03
9.731486111070730693e-01 2.301330954740304913e-01 4.532051145024820760e-03
9.734090669462430734e-01 2.290235319882588105e-01 4.796937447389557942e-03
9.736861194688737342e-01 2.278373173249921002e-01 5.049556515795296414e-03
9.739786211482606149e-01 2.265781688474510502e-01 5.289554601079795443e-03
9.742854027950087481e-01 2.252499089866053794e-01 5.516597577885863982e-03
9.746052783539624897e-01 2.238564600383610992e-01 5.730371457344073799e-03
9.749370496393735541e-01 2.224018387669942365e-01 5.930582880797085656e-03
9.752795109836729370e-01 2.208901508142463166e-01 6.116959592891839728e-03
9.756314537759046557e-01 2.193255849146872050e-01 6.289250892298430158e-03
9.759916708667130125e-01 2.177124069192001021e-01 6.447228058263978004e-03
9.763589608177423163e-01 2.160549536297381723e-01 6.590684751176890954e-03
9.767321319744142194e-01 2.143576264498258388e-01 6.719437385302014232e-03
9.771100063422865079e-01 2.126248848566173744e-01 6.833325471850526869e-03
9.774914232485607535e-01 2.108612397016646767e-01 6.932211930570027908e-03
9.778752427717974927e-01 2.090712463488706152e-01 7.015983368079913712e-03
9.782603489244987571e-01 2.072594976593998273e-01 7.084550321234370056e-03
9.786456525749303026e-01 2.054306168345718664e-01 7.137847463869537515e-03
9.790300940963625465e-01 2.035892501289576217e-01 7.175833775381752246e-03
9.794126457338052649e-01 2.017400594470279418e-01 7.198492669689265759e-03
9.797923136802800803e-01 1.998877148377519453e-01 7.205832083249260472e-03
9.801681398567054782e-01 1.980368869025005696e-01 7.197884520934044045e-03
9.805392033915468764e-01 1.961922391324710524e-01 7.174707058713464432e-03
9.809046217984974669e-01 1.943584201926014665e-01 7.136381302243388104e-03
9.812635518525808509e-01 1.925400561695869150e-01 7.083013300620734885e-03
9.816151901671988922e-01 1.907417428021341566e-01 7.014733414732491831e-03
9.819587734767597498e-01 1.889680377119982713e-01 6.931696139797451604e-03
9.822935786316046025e-01 1.872234526546316391e-01 6.834079881873495084e-03
9.826189223139847329e-01 1.855124458084415340e-01 6.722086688278269828e-03
9.829341604858098380e-01 1.838394141217018218e-01 6.595941932045409732e-03
9.832386875807755944e-01 1.822086857360977197e-01 6.455893950710430394e-03
9.835319354552719551e-01 1.806245125057073520e-01 6.302213639888526800e-03
9.838133721141512078e-01 1.790910626299432318e-01 6.135194002269334090e-03
9.840825002289935730e-01 1.776124134186010117e-01 5.955149652809973472e-03
9.843388554679237679e-01 1.761925442066968883e-01 5.762416281056273112e-03
9.845824668700459137e-01 1.748325495545870190e-01 5.562913117035083940e-03
9.848132227696386742e-01 1.735344906730932613e-01 5.356981772045984677e-03
9.850310293972175391e-01 1.723003215663659604e-01 5.144973907666294290e-03
9.852358094972402114e-01 1.711318857622080580e-01 4.927250614165106998e-03
9.854275009592328161e-01 1.700309132517781874e-01 4.704181771544060399e-03
9.856060554741070678e-01 1.689990176446349579e-01 4.476145394579573826e-03
9.857714372270242054e-01 1.680376935445101749e-01 4.243526963266647072e-03
9.859236216376591200e-01 1.671483141506266701e-01 4.006718740084838290e-03
9.860625941581406817e-01 1.663321290888122583e-01 3.766119075523072235e-03
9.861883491382883449e-01 1.655902624761034225e-01 3.522131703311760353e-03
9.863008887670479119e-01 1.649237112219865409e-01 3.275165026818705697e-03
9.864002220982397429e-01 1.643333435688874855e-01 3.025631398069745983e-03
9.864863641678981443e-01 1.638198978739971723e-01 2.773946390856414732e-03
9.865593352095863855e-01 1.633839816340081907e-01 2.520528069391369998e-03
9.866191599731441997e-01 1.630260707538383480e-01 2.265796253968309967e-03
9.866658671513556245e-01 1.627465090599294339e-01 2.010171785076792037e-03
9.866994889180331629e-01 1.625455080582326739e-01 1.754075787414121007e-03
9.867200605800012791e-01 1.624231469365273461e-01 1.497928935226421412e-03
9.867276203444377281e-01 1.623793728102621570e-01 1.242150720399418096e-03
9.867222092020032642e-01 1.624140012106614905e-01 9.871587247063970220e-04
9.867038709251668704e-01 1.625267168133976980e-01 7.333678976064472461e-04
9.866726521801211236e-01 1.627170744056950780e-01 4.811898409704373075e-04
9.866286027496911082e-01 1.629845000893013207e-01 2.310321020952639309e-04
9.865717758636739498e-01 1.633282927163337284e-01 -1.670252365128211628e-05
9.865022286321147860e-01 1.637476255545828319e-01 -2.616166792322517122e-04
9.864200225761362573e-01 1.642415481784312570e-01 -5.033191200881040762e-04
9.863252242500943900e-01 1.648089885811216404e-01 -7.414253747489559171e-04
9.862179059480458143e-01 1.654487555036835422e-01 -9.755583906577388643e-04
9.860981464867817348e-01 1.661595409754041686e-01 -1.205349163975826064e-03
9.859660320570199366e-01 1.669399230603030027e-01 -1.430437352171176884e-03
9.858216571337496958e-01 1.677883688036452270e-01 -1.650471868219906485e-03
9.856651254362038816e-01 1.687032373721046585e-01 -1.865111455285642763e-03
9.854965509274882240e-01 1.696827833807639796e-01 -2.074025240777294977e-03
9.853160588435330158e-01 1.707251603997209655e-01 -2.276893268725125805e-03
9.851237867407511839e-01 1.718284246326545195e-01 -2.473407009457506342e-03
9.849198855515898243e-01 1.729905387592966526e-01 -2.663269845606578909e-03
9.847045206370492743e-01 1.742093759333575298e-01 -2.846197533520410106e-03
9.844778728252198130e-01 1.754827239270644879e-01 -3.021918639212189863e-03
9.842401394249427060e-01 1.768082894131025595e-01 -3.190174948033668110e-03
9.839915352038478558e-01 1.781837023743894077e-01 -3.350721847320349816e-03
9.837322933202471420e-01 1.796065206317828677e-01 -3.503328681319961384e-03
9.834626661986682894e-01 1.810742344795080727e-01 -3.647779077783261468e-03
9.831829263392003471e-01 1.825842714178070869e-01 -3.783871245667271531e-03
9.828933670512797205e-01 1.841340009720594528e-01 -3.911418243475251084e-03
9.825943031030760499e-01 1.857207395874006517e-01 -4.030248217835008008e-03
9.822860712782296444e-01 1.873417555876801810e-01 -4.140204611997095122e-03
9.819690308323487660e-01 1.889942741874538756e-01 -4.241146344016777196e-03
9.816435638423833820e-01 1.906754825455992952e-01 -4.332947954467943237e-03
9.813100754427495076e-01 1.923825348490806608e-01 -4.415499723622970385e-03
9.809689939428796190e-01 1.941125574153717281e-01 -4.488707758119396887e-03
9.806201942410902594e-01 1.958654117196079458e-01 -4.558032700360083352e-03
9.802637961141218437e-01 1.976398618383509442e-01 -4.623371777429638278e-03
9.798999326850206248e-01 1.994346426783775994e-01 -4.684629352713429694e-03
9.795287505051919474e-01 2.012484623145634477e-01 -4.741717045842650316e-03
9.791504095977724420e-01 2.030800043600702320e-01 -4.794553838660794466e-03
9.787650834606520522e-01 2.049279303638104899e-01 -4.843066167102314662e-03
9.783729590276731836e-01 2.067908822301305349e-01 -4.887187998908562071e-03
9.779742365867450937e-01 2.086674846556375584e-01 -4.926860897140611720e-03
9.775691296538321362e-01 2.105563475780956040e-01 -4.962034069483085667e-03
9.771578648020013969e-01 2.124560686323313519e-01 -4.992664403367499081e-03
9.767406814449505204e-01 2.143652356081220400e-01 -5.018716486977786544e-03
9.763178315746752212e-01 2.162824289050849780e-01 -5.040162616234379438e-03
9.758895794531804446e-01 2.182062239796510872e-01 -5.056982787886355780e-03
9.754562012583815056e-01 2.201351937792830338e-01 -5.069164678873626720e-03
9.750179846845862253e-01 2.220679111591915833e-01 -5.076703612152713187e-03
9.745752284981937796e-01 2.240029512769111386e-01 -5.079602509210237246e-03
9.741282420494820071e-01 2.259388939602167967e-01 -5.077871829517736912e-03
9.736773447415916216e-01 2.278743260439995144e-01 -5.071529497209608522e-03
9.732228654580431515e-01 2.298078436718626605e-01 -5.060600815292803055e-03
9.727651419503429153e-01 2.317380545583616058e-01 -5.045118367722280922e-03
9.723045201874443988e-01 2.336635802079767565e-01 -5.025121909699961642e-03
9.718413536690336807e-01 2.355830580870891255e-01 -5.000658246577027732e-03
9.713760027047950718e-01 2.374951437454141667e-01 -4.971781101759760978e-03
9.709088336619901005e-01 2.393985128835449117e-01 -4.938550974037645563e-03
9.704402181838458485e-01 2.412918633634559551e-01 -4.901034984769115505e-03
9.699705323813961888e-01 2.431739171590261983e-01 -4.859306715375087161e-03
9.695001560015527042e-01 2.450434222438492293e-01 -4.813446035603256325e-03
9.690294715742999720e-01 2.468991544138126326e-01 -4.763538923037015198e-03
9.685588635420084858e-01 2.487399190421437367e-01 -4.709677274331784506e-03
9.680887173739450846e-01 2.505645527648343029e-01 -4.651958708668591999e-03
9.676194186691261523e-01 2.523719250945722359e-01 -4.590486363919829560e-03
9.671513522507101390e-01 2.541609399615223364e-01 -4.525368686025399781e-03
9.666849012551569365e-01 2.559305371795089212e-01 -4.456719212078909600e-03
9.662204462194007304e-01 2.576796938363604683e-01 -4.384656347623288458e-03
9.657583641692790710e-01 2.594074256073797269e-01 -4.309303138653256850e-03
9.652990277124460228e-01 2.611127879910996596e-01 -4.230787038818537536e-03
9.648428041389625065e-01 2.627948774666772902e-01 -4.149239672316671831e-03
9.643900545327095397e-01 2.644528325724604945e-01 -4.064796592957882308e-03
9.639411328967053549e-01 2.660858349054408545e-01 -3.977597039876735845e-03
9.634963852953296604e-01 2.676931100414722819e-01 -3.887783690356461791e-03
9.630561490163672689e-01 2.692739283762955460e-01 -3.795502410221881714e-03
9.626207517556788495e-01 2.708276058875587755e-01 -3.700902002246008338e-03
9.621905108271900930e-01 2.723535048181653928e-01 -3.604133953003718291e-03
9.617657324007634623e-01 2.738510342814110543e-01 -3.505352178593513883e-03
9.613467107703804748e-01 2.753196507884944633e-01 -3.404712769635454168e-03
9.609337276549142492e-01 2.767588586990968325e-01 -3.302373735939947378e-03
9.605270515336187254e-01 2.781682105958275253e-01 -3.198494751228372554e-03
9.601269370182992091e-01 2.795473075834259413e-01 -3.093236898272562745e-03
9.597336242639606940e-01 2.808957995136914243e-01 -2.986762414806153846e-03
9.593473384195563280e-01 2.822133851371875779e-01 -2.879234440546745398e-03
9.589682891202839787e-01 2.834998121828313233e-01 -2.770816765653914566e-03
9.585966700226946635e-01 2.847548773665340982e-01 -2.661673580934353391e-03
9.582326583836972000e-01 2.859784263301096696e-01 -2.551969230091959660e-03
9.578764146843574689e-01 2.871703535117047235e-01 -2.441867964307608933e-03
9.575280822992070506e-01 2.883306019490419758e-01 -2.331533699420656157e-03
9.571877872115930330e-01 2.894591630167923646e-01 -2.221129775972041469e-03
9.568556377754167119e-01 2.905560760994150837e-01 -2.110818722357234341e-03
9.565317245234309373e-01 2.916214282008203207e-01 -2.000762021326197432e-03
9.562161200220875568e-01 2.926553534922215483e-01 -1.891119880057122362e-03
9.559088787727532122e-01 2.936580327995521045e-01 -1.782051004020903827e-03
9.556100371589439924e-01 2.946296930318264562e-01 -1.673712374844209651e-03
9.553196134390656846e-01 2.955706065518272641e-01 -1.566259032370533304e-03
9.550376077839878297e-01 2.964810904905018085e-01 -1.459843861110862902e-03
9.547640023586297930e-01 2.973615060064486171e-01 -1.354617381268468203e-03
9.544987614465926251e-01 2.982122574918750213e-01 -1.250727544515844178e-03
9.542418316167330383e-01 2.990337917264035417e-01 -1.148319534696001093e-03
9.539931419304472637e-01 2.998265969801048869e-01 -1.047535573615031822e-03
9.537526041883124250e-01 3.005912020671340779e-01 -9.485147320881852319e-04
9.535201132146202685e-01 3.013281753513482597e-01 -8.513927463974824182e-04
9.532955471782361689e-01 3.020381237052868761e-01 -7.563018403151811758e-04
9.530787679481208530e-01 3.027216914239005963e-01 -6.633705528440766563e-04
9.528696214817704568e-01 3.033795590944233234e-01 -5.727235718226607536e-04
9.526679382447538202e-01 3.040124424237913847e-01 -4.844815735404899341e-04
9.524735336594613022e-01 3.046210910250282677e-01 -3.987610685066795223e-04
9.522862085811254484e-01 3.052062871640297548e-01 -3.156742535121641693e-04
9.521057497991277652e-01 3.057688444682049034e-01 -2.353288701242081801e-04
9.519319305615703275e-01 3.063096065984509120e-01 -1.578280697495145618e-04
9.517645111210660813e-01 3.068294458859683327e-01 -8.327028540013339754e-05
9.516032392996853773e-01 3.073292619354523469e-01 -1.174911029411955293e-05
9.514478510709910575e-01 3.078099801962297932e-01 5.664681657950357252e-05
9.512980711570963033e-01 3.082725505029493274e-01 1.218339178045378657e-04
9.511536136386927742e-01 3.087179455874707878e-01 1.837337776661139024e-04
9.510141825760188850e-01 3.091471595636435254e-01 2.422732349430655884e-04
9.508794726387662655e-01 3.095612063867083652e-01 2.973844682469471679e-04
9.507491697429621968e-01 3.099611182891053307e-01 3.490050737944846797e-04
9.506229516929126655e-01 3.103479441945187767e-01 3.970781355047500348e-04
9.505004888263435259e-01 3.107227481120425350e-01 4.415522873173641856e-04
9.503814446609396560e-01 3.110866075123996377e-01 4.823817676335843442e-04
9.502654765405486037e-01 3.114406116882043607e-01 5.195264657882630753e-04
9.501522362793908272e-01 3.117858601003073993e-01 5.529519604673893089e-04
9.500413708026967941e-01 3.121234607123178351e-01 5.826295499932688995e-04
9.499325227822769113e-01 3.124545283154483988e-01 6.085362744073605657e-04
9.498253312656196323e-01 3.127801828458822153e-01 6.306549292893975185e-04
9.497194322972061231e-01 3.131015476969086775e-01 6.489740712606472013e-04
9.496144595308255720e-01 3.134197480281246118e-01 6.634880151290446651e-04
9.495100448317770336e-01 3.137359090740420298e-01 6.741968226444125046e-04
9.494058188679413979e-01 3.140511544544876132e-01 6.811062828430724300e-04
9.493014116888138787e-01 3.143666044892171607e-01 6.842278839728439593e-04
9.491964532916871145e-01 3.146833745192050835e-01 6.835787770016489009e-04
9.490905741742817758e-01 3.150025732371001808e-01 6.791817307257151269e-04
9.489851145280950862e-01 3.153201357179644670e-01 6.817882166143352050e-04
9.488807615053365119e-01 3.156340014739943411e-01 6.913600924776630271e-04
9.487782003980659296e-01 3.159421241610601006e-01 7.078489354682391838e-04
9.486781135160884393e-01 3.162424745471063559e-01 7.311961799480785028e-04
9.485811790322731252e-01 3.165330434207525023e-01 7.613332693259654976e-04
9.484880697984993114e-01 3.168118444365883857e-01 7.981818212974137790e-04
9.483994521357008711e-01 3.170769168939573390e-01 8.416538059088487025e-04
9.483159846017267247e-01 3.173263284463163636e-01 8.916517358597603107e-04
9.482383167409647040e-01 3.175581777385579341e-01 9.480688684518174484e-04
9.481670878198775743e-01 3.177705969699673449e-01 1.010789418592138817e-03
9.481029255527828603e-01 3.179617543807744529e-01 1.079688782259056665e-03
9.480464448223651086e-01 3.181298566605340050e-01 1.154633769842624072e-03
9.479982463995391129e-01 3.182731512768359194e-01 1.235482848778726977e-03
9.479589156673935424e-01 3.183899287231008457e-01 1.322086394904796024e-03
9.479290213540219057e-01 3.184785246844595852e-01 1.414286951976627578e-03
9.479091142791078450e-01 3.185373221209431560e-01 1.511919498799523627e-03
9.478997261191600687e-01 3.185647532674222293e-01 1.614811723442652423e-03
9.479013681962988880e-01 3.185593015499317282e-01 1.722784304023018990e-03
9.479145302954787855e-01 3.185195034181952378e-01 1.835651195564477582e-03
9.479396795149845900e-01 3.184439500943235801e-01 1.953219922457586841e-03
9.479772591549749938e-01 3.183312892378047931e-01 2.075291876067574329e-03
9.480276876487536697e-01 3.181802265270236574e-01 2.201662617059971325e-03
9.480913575413372207e-01 3.179895271576531623e-01 2.332122182036358918e-03
9.481686345197528620e-01 3.177580172583419627e-01 2.466455394095888078e-03
9.482598564993430790e-01 3.174845852241859334e-01 2.604442176961523341e-03
9.483653327701789815e-01 3.171681829685150666e-01 2.745857872333065143e-03
9.484853432074896729e-01 3.168078270935531515e-01 2.890473560151699071e-03
9.486201375498000132e-01 3.164025999805125111e-01 3.038056381482836556e-03
9.487699347482421164e-01 3.159516507996762424e-01 3.188369863745126563e-03
9.489349223902568964e-01 3.154541964409920962e-01 3.341174248033500129e-03
9.491152562006436311e-01 3.149095223656587783e-01 3.496226818302779118e-03
9.493110596226388420e-01 3.143169833791275014e-01 3.653282232195488415e-03
9.495224234814203523e-01 3.136760043258709496e-01 3.812092853312916852e-03
9.497494057321308469e-01 3.129860807061893291e-01 3.972409084742009946e-03
9.499920312942091716e-01 3.122467792152309740e-01 4.133979703662167028e-03
9.502502919734953091e-01 3.114577382043035025e-01 4.296552196865389799e-03
9.505241464732507861e-01 3.106186680644456022e-01 4.459873097030313954e-03
9.508135204949008656e-01 3.097293515321164481e-01 4.623688319595440320e-03
9.511183069289667058e-01 3.087896439167455709e-01 4.787743500079256337e-03
9.514383661363086109e-01 3.077994732497701391e-01 4.951784331694882371e-03
9.517735263194576634e-01 3.067588403546726572e-01 5.115556903104391887e-03
9.521235839834603087e-01 3.056678188374197247e-01 5.278808036153047854e-03
9.524883044853112990e-01 3.045265549965963658e-01 5.441285623416373778e-03
9.528674226706992378e-01 3.033352676524309621e-01 5.602738965383369067e-03
9.532606435964425806e-01 3.020942478938143938e-01 5.762919107087285248e-03
9.536676433366464423e-01 3.008038587423364496e-01 5.921579173981396729e-03
9.540880698702706164e-01 2.994645347322950624e-01 6.078474706841164969e-03
9.545215440474656976e-01 2.980767814055789167e-01 6.233363995456371424e-03
9.549676606317045735e-01 2.966411747202850613e-01 6.386008410857257379e-03
9.554259894144190302e-01 2.951583603719113436e-01 6.536172735797696892e-03
9.558960763985436815e-01 2.936290530259594300e-01 6.683625493196172600e-03
9.563774450470701183e-01 2.920540354607985001e-01 6.828139272212019849e-03
9.568695975924341734e-01 2.904341576196756147e-01 6.969491051610282421e-03
9.573720164022886392e-01 2.887703355708144404e-01 7.107462520043909132e-03
9.578841653969614178e-01 2.870635503746209460e-01 7.241840392857098671e-03
9.584054915136662745e-01 2.853148468571147234e-01 7.372416724988681627e-03
9.589354262123169770e-01 2.835253322888249827e-01 7.498989219529831121e-03
9.594733870176017643e-01 2.816961749685336081e-01 7.621361531466309437e-03
9.600187790918024433e-01 2.798286027114126329e-01 7.739343566112283877e-03
9.605709968326947568e-01 2.779239012412896281e-01 7.852751771720652488e-03
9.611294254907408741e-01 2.759834124869810501e-01 7.961409425734198783e-03
9.616934427996881585e-01 2.740085327828602479e-01 8.065146914122914984e-03
9.622624206146164205e-01 2.720007109740724127e-01 8.163802003235838198e-03
9.628357265514326802e-01 2.699614464270709280e-01 8.257220103580924231e-03
9.634127256217981383e-01 2.678922869464289702e-01 8.345254524934115140e-03
9.639927818574851592e-01 2.657948265991727510e-01 8.427766722169034372e-03
9.645752599182098042e-01 2.636707034481897693e-01 8.504626531191879918e-03
9.651595266770565118e-01 2.615215971965806352e-01 8.575712394362240004e-03
9.657449527777197673e-01 2.593492267451489863e-01 8.640911574779887999e-03
9.663309141579212724e-01 2.571553476655563664e-01 8.700120358820286406e-03
9.669167935335267750e-01 2.549417495920034415e-01 8.753244246307538903e-03
9.675019818380834469e-01 2.527102535346381629e-01 8.800198127723099853e-03
9.680858796127198573e-01 2.504627091182279885e-01 8.840906447861590634e-03
9.686678983416051603e-01 2.482009917499683194e-01 8.875303355361654351e-03
9.692474617284417837e-01 2.459269997206279534e-01 8.903332837559889412e-03
9.698240069097705529e-01 2.436426512435540259e-01 8.924948840139470402e-03
9.703969856011953610e-01 2.413498814363702616e-01 8.940115371072043099e-03
9.709658651729855539e-01 2.390506392505009903e-01 8.948806588381704591e-03
9.715301296518850105e-01 2.367468843539378698e-01 8.951006871293300596e-03
9.720892806463448110e-01 2.344405839729339081e-01 8.946710874363644067e-03
9.726428381928031719e-01 2.321337096985577886e-01 8.935923564233455227e-03
9.731903415210524377e-01 2.298282342642706533e-01 8.918660238679593580e-03
9.737313497371621329e-01 2.275261283008928603e-01 8.894946527691285562e-03
9.742654424228637255e-01 2.252293570755113383e-01 8.864818376340309614e-03
9.747922201507452922e-01 2.229398772210352819e-01 8.828322009263181794e-03
9.753113049150454739e-01 2.206596334632400236e-01 8.785513876623006826e-03
9.758223404782814248e-01 2.183905553522427212e-01 8.736460581469615225e-03
9.763249926343836593e-01 2.161345540054314396e-01 8.681238788468478851e-03
9.768189493894421371e-01 2.138935188689174149e-01 8.619935114021438569e-03
9.773039210615910299e-01 2.116693145046016356e-01 8.552645997855235285e-03
9.777796403019696214e-01 2.094637774099392669e-01 8.479477556206786379e-03
9.782458620390890314e-01 2.072787128774500887e-01 8.400545416786933672e-03
9.787023633493129315e-01 2.051158919009601067e-01 8.315974535756566130e-03
9.791489432565123607e-01 2.029770481354695177e-01 8.225898997000484492e-03
9.795854224642882579e-01 2.008638749174265770e-01 8.130461794034675102e-03
9.800116430244609766e-01 1.987780223520451139e-01 8.029814594931685215e-03
9.804274679458035990e-01 1.967210944741389356e-01 7.924117490696217653e-03
9.808327807472446702e-01 1.946946464887578943e-01 7.813538727568748385e-03
9.812274849599852411e-01 1.927001820977017887e-01 7.698254423778610155e-03
9.816115035831577407e-01 1.907391509177587541e-01 7.578448271309514567e-03
9.819837993035408497e-01 1.888184763519776821e-01 7.443213424677729353e-03
9.823437149086110542e-01 1.869428821354421066e-01 7.292813267982064043e-03
9.826906383323333882e-01 1.851170118776482021e-01 7.127535924668297607e-03
9.830240010802038242e-01 1.833454209022677972e-01 6.947693786972319353e-03
9.833432764017651095e-01 1.816325682243951078e-01 6.753622995784193742e-03
9.836479772329225213e-01 1.799828086858729359e-01 6.545682871960938065e-03
9.839376539319710790e-01 1.784003852686240066e-01 6.324255300284934919e-03
9.842118918346363099e-01 1.768894216051548063e-01 6.089744067421868669e-03
9.844703086546231496e-01 1.754539147045656722e-01 5.842574155375997343e-03
9.847125517571522213e-01 1.740977279115045184e-01 5.583190992070930642e-03
9.849382953337254554e-01 1.728245841145576445e-01 5.312059660800514185e-03
9.851472375069041387e-01 1.716380592195909660e-01 5.029664070396849471e-03
9.853390973941947850e-01 1.705415759025534495e-01 4.736506088051046191e-03
9.855136121602201538e-01 1.695383976552423122e-01 4.433104636797365050e-03
9.856705340862026432e-01 1.686316231365197482e-01 4.119994759733554800e-03
9.858096276854118045e-01 1.678241808404732915e-01 3.797726653100151617e-03
9.859306668926226536e-01 1.671188240920357948e-01 3.466864670380230551e-03
9.860334323548105573e-01 1.665181263796348399e-01 3.127986299609634112e-03
9.861177088492725229e-01 1.660244770335318754e-01 2.781681116107211343e-03
9.861832828541259310e-01 1.656400772576431257e-01 2.428549712846365168e-03
9.862299402947035665e-01 1.653669365218113918e-01 2.069202610694498897e-03
9.862574644877504237e-01 1.652068693207223160e-01 1.704259150747131860e-03
9.862656343035443030e-01 1.651614923049299632e-01 1.334346370979832283e-03
9.862542225641268701e-01 1.652322217887748634e-01 9.600978694349636194e-04
9.862229946937547398e-01 1.654202716393391448e-01 5.821526561527851605e-04
9.861717076354831191e-01 1.657266515499847270e-01 2.011539960488193551e-04
9.861001090454903917e-01 1.661521657014561060e-01 -1.822517550674369337e-04
9.860079367743597167e-01 1.666974118129930793e-01 -5.674163191425165079e-04
9.858949186420729038e-01 1.673627805853833417e-01 -9.536906670105352226e-04
9.857607725109613916e-01 1.681484555373817247e-01 -1.340426189818997573e-03
9.856052066583145255e-01 1.690544132364251717e-01 -1.726975868558190382e-03
9.854279204477904841e-01 1.700804239240691906e-01 -2.112695439496762705e-03
9.852286052962295759e-01 1.712260525360555508e-01 -2.496944553316034123e-03
9.850069459299468644e-01 1.724906601163831432e-01 -2.879087925722462020e-03
9.847626219221090604e-01 1.738734056241851844e-01 -3.258496477301999622e-03
9.844953095003906585e-01 1.753732481316097602e-01 -3.634548460362413587e-03
9.842046836117813724e-01 1.769889494102493965e-01 -4.006630570490847879e-03
9.838904202291949286e-01 1.787190769029632365e-01 -4.374139040534975528e-03
9.835521988824273976e-01 1.805620070771776497e-01 -4.736480714698104028e-03
9.831897053940493736e-01 1.825159291549345864e-01 -5.093074100422839701e-03
9.828026347990038714e-01 1.845788492140796877e-01 -5.443350395725676631e-03
9.823906944250377915e-01 1.867485946540433095e-01 -5.786754489637562990e-03
9.819536071096331975e-01 1.890228190186688806e-01 -6.122745933404553052e-03
9.814911145278334414e-01 1.913990071674873950e-01 -6.450799880109493213e-03
9.810029806042965816e-01 1.938744807857289421e-01 -6.770407990391712205e-03
9.804889949820563277e-01 1.964464042222070772e-01 -7.081079301968272975e-03
9.799489765198426960e-01 1.991117906430199536e-01 -7.382341060698720953e-03
9.793827767894101033e-01 2.018675084877902814e-01 -7.673739510986577438e-03
