1.000000000000000000e+00 0.000000000000000000e+00 0.000000000000000000e+00
9.999999999799334960e-01 2.867767978321456184e-06 -5.648861571612679969e-06
9.999999998034349025e-01 1.035476677529640882e-05 -1.690895149751118432e-05
9.999999991382336750e-01 2.419921796793003113e-05 -3.373339288311008903e-05
9.999999973646285234e-01 4.612324339171538405e-05 -5.606617256461984887e-05
9.999999934565058091e-01 7.783004253027363327e-05 -8.384226340932996672e-05
9.999999858363438632e-01 1.210011103484115360e-04 -1.169877612520725242e-04
9.999999722058895424e-01 1.772935000543664566e-04 -1.554200361876509383e-04
9.999999493544177165e-01 2.483371351790043336e-04 -1.990478979156237922e-04
9.999999129466978776e-01 3.357321752540263419e-04 -2.477717748112743135e-04
9.999998572929844620e-01 4.410464392583402643e-04 -3.014839063749252140e-04
9.999997751035233362e-01 5.658128908822097555e-04 -3.600685486910225851e-04
9.999996572302216613e-01 7.115271895331775568e-04 -4.234021925086500489e-04
9.999994923982623574e-01 8.796453108766483968e-04 -4.913537935363721746e-04
9.999992669305581838e-01 1.071581240568003071e-03 -5.637850145265656298e-04
9.999989644680276069e-01 1.288704744692781290e-03 -6.405504787076874611e-04
9.999985656887440122e-01 1.532339220287391376e-03 -7.214980341072560780e-04
9.999980480290504570e-01 1.803759629165528535e-03 -8.064690282936735899e-04
9.999973854097524706e-01 2.104190518125546947e-03 -8.952985930513864205e-04
9.999965479704965299e-01 2.434804128461915199e-03 -9.878159384912434463e-04
9.999955018154124131e-01 2.796718597550050794e-03 -1.083844656086237028e-03
9.999942087730459006e-01 3.190996255118672912e-03 -1.183203030112074585e-03
9.999926261735323507e-01 3.618642016667705883e-03 -1.285704356962180878e-03
9.999907066458639804e-01 4.080601876332984150e-03 -1.391157271797743237e-03
9.999883979379819987e-01 4.577761501341820125e-03 -1.499366081985227658e-03
9.999856427622860755e-01 5.110944930046072351e-03 -1.610131106766375577e-03
9.999823786689888694e-01 5.680913375361814656e-03 -1.723249022598992821e-03
9.999785379495653714e-01 6.288364135287133339e-03 -1.838513213600809952e-03
9.999740475723482014e-01 6.933929612011979424e-03 -1.955714126523296070e-03
9.999688291521044992e-01 7.618176440976317035e-03 -2.074639629677493824e-03
9.999627989552011265e-01 8.341604731074970386e-03 -2.195075375229682286e-03
9.999558679417227536e-01 9.104647417049398922e-03 -2.316805164280930345e-03
9.999479418456518331e-01 9.907669724948024378e-03 -2.439611314141351336e-03
9.999389212939556737e-01 1.075096875137735927e-02 -2.563275027207094492e-03
9.999287019651534880e-01 1.163477315710593693e-02 -2.687576760845779723e-03
9.999171747876574035e-01 1.255924297542160284e-02 -2.812296597694225863e-03
9.999042261778970930e-01 1.352446953547978108e-02 -2.937214615770902641e-03
9.998897383179541354e-01 1.453047550071576849e-02 -3.062111257804595553e-03
9.998735894721444417e-01 1.557721502222748043e-02 -3.186767699180313544e-03
9.998556543417027598e-01 1.666457400686632492e-02 -3.310966213903515816e-03
9.998358044564426006e-01 1.779237049960266312e-02 -3.434490537984336012e-03
9.998139086019883770e-01 1.896035517955856065e-02 -3.557126229644669031e-03
9.997898332809074251e-01 2.016821196892401580e-02 -3.678661025752800670e-03
9.997634432058116749e-01 2.141555875379357737e-02 -3.798885193892784749e-03
9.997346018222476038e-01 2.270194821577815880e-02 -3.917591879479030183e-03
9.997031718589597382e-01 2.402686877306201355e-02 -4.034577447330655285e-03
9.996690159028885914e-01 2.538974562938723506e-02 -4.149641817125128765e-03
9.996319969960599794e-01 2.678994192925824094e-02 -4.262588792156652220e-03
9.995919792513331403e-01 2.822676001746650745e-02 -4.373226380831685654e-03
9.995488284838057735e-01 2.969944280084170496e-02 -4.481367110342077478e-03
9.995024128545235698e-01 3.120717520994006899e-02 -4.586828331965489211e-03
9.994526035230137939e-01 3.274908575818436668e-02 -4.689432517453249842e-03
9.993992753050543465e-01 3.432424819577323954e-02 -4.789007545977539727e-03
9.993423073320075734e-01 3.593168325548131564e-02 -4.885386981122920129e-03
9.992815837079852548e-01 3.757036048727623728e-02 -4.978410337421722461e-03
9.992169941610770101e-01 3.923920017848546438e-02 -5.067923335948784636e-03
9.991484346848592546e-01 4.093707535605504294e-02 -5.153778148508450681e-03
9.990758081664181667e-01 4.266281386725552516e-02 -5.235833629965683418e-03
9.989990249971518743e-01 4.441520053500805365e-02 -5.313955538293584600e-03
9.989180036626829073e-01 4.619297938382674329e-02 -5.388016741931557670e-03
9.988326713082932296e-01 4.799485593220344237e-02 -5.457897414071802636e-03
9.987429642764060755e-01 4.981949954709851552e-02 -5.523485213516713711e-03
9.986488286127666036e-01 5.166554585604743455e-02 -5.584675451776092980e-03
9.985502205381300289e-01 5.353159921224887735e-02 -5.641371246100764826e-03
9.984471068824375406e-01 5.541623520786653767e-02 -5.693483658178171737e-03
9.983394654786559297e-01 5.731800323065498054e-02 -5.740931818245724114e-03
9.982272855136680167e-01 5.923542905891057697e-02 -5.783643034408993654e-03
9.981105678338322296e-01 6.116701748965252400e-02 -5.821552886984153463e-03
9.979893252030720419e-01 6.311125499485709112e-02 -5.854605307717296661e-03
9.978635825116187741e-01 6.506661240050118367e-02 -5.882752643767214656e-03
9.977333769337972669e-01 6.703154758311968830e-02 -5.905955706372824007e-03
9.975987580335305971e-01 6.900450817854544838e-02 -5.924183804161466983e-03
9.974597878165244458e-01 7.098393429748103833e-02 -5.937414761089694105e-03
9.973165407283921535e-01 7.296826124254918167e-02 -5.945634919043651934e-03
9.971691035982782614e-01 7.495592222148214634e-02 -5.948839125161702220e-03
9.970175755278437579e-01 7.694535105114168327e-02 -5.947030703977238333e-03
9.968620677257773455e-01 7.893498484710834151e-02 -5.940221414514616945e-03
9.967027032882999071e-01 8.092326669364324765e-02 -5.928431392505611845e-03
9.965396169264260084e-01 8.290864828890581739e-02 -5.911689077927545846e-03
9.963729546410390325e-01 8.488959256040695678e-02 -5.890031128097207754e-03
9.962028733471205433e-01 8.686457624578886039e-02 -5.863502316586599421e-03
9.960295404487506943e-01 8.883209243414844081e-02 -5.832155418257346617e-03
9.958531333667595131e-01 9.079065306326145057e-02 -5.796051080740118565e-03
9.956738390211612444e-01 9.273879136821720770e-02 -5.755257682713515663e-03
9.954918532707410783e-01 9.467506427713878736e-02 -5.709851179363445266e-03
9.953073803123855257e-01 9.659805474983972073e-02 -5.659914935428966322e-03
9.951206320429508700e-01 9.850637405545406566e-02 -5.605539546263796011e-03
9.949318273866536444e-01 1.003986639852715995e-01 -5.546822647364104027e-03
9.947411915911318347e-01 1.022735989972126808e-01 -5.483868712832788705e-03
9.945489554954749511e-01 1.041298882885859367e-01 -5.416788843268080869e-03
9.943553547736483367e-01 1.059662777939864992e-01 -5.345700543580052602e-03
9.941606291568412246e-01 1.077815521054106829e-01 -5.270727491252359329e-03
9.939650216383549841e-01 1.095745363118841714e-01 -5.191999295578374370e-03
9.937687776647081694e-01 1.113440977561234863e-01 -5.109651248410717987e-03
9.935721443166781741e-01 1.130891477059736416e-01 -5.023824066971148763e-03
9.933753694840157245e-01 1.148086429385874463e-01 -4.934663629273858439e-03
9.931787010375678904e-01 1.165015872355328191e-01 -4.842320702719457061e-03
9.929823860025206450e-01 1.181670327872321180e-01 -4.746950666419457593e-03
9.927866697364263748e-01 1.198040815053521557e-01 -4.648713227811873162e-03
9.925917951156193464e-01 1.214118862419730493e-01 -4.547772134127780336e-03
9.923980017335355397e-01 1.229896519145685096e-01 -4.444294879266441449e-03
9.922055251143521160e-01 1.245366365360283945e-01 -4.338452406632921365e-03
9.920145959452408846e-01 1.260521521491460295e-01 -4.230418808487181395e-03
9.918254393303939098e-01 1.275355656651772362e-01 -4.120371022347520812e-03
9.916382740698254095e-01 1.289862996062547951e-01 -4.008488524984070260e-03
9.914533119657900073e-01 1.304038327516109652e-01 -3.894953024529897254e-03
9.912707571594762124e-01 1.317877006877216928e-01 -3.779948151228367057e-03
9.910908055004428174e-01 1.331374962626383496e-01 -3.663659147325739815e-03
9.909136439510650707e-01 1.344528699449170361e-01 -3.546272556607742588e-03
9.907394500280475302e-01 1.357335300876916506e-01 -3.427975914068128686e-03
9.905683912828402438e-01 1.369792430985643794e-01 -3.308957436186139248e-03
9.904006248225738496e-01 1.381898335161073910e-01 -3.189405712278399647e-03
9.902362968728981585e-01 1.393651839938811754e-01 -3.069509397379229561e-03
9.900755423838784042e-01 1.405052351929801935e-01 -2.949456907091688260e-03
9.899184846798676496e-01 1.416099855842142818e-01 -2.829436114840021450e-03
9.897652351540423554e-01 1.426794911611254379e-01 -2.709634051942551216e-03
9.896158930080516392e-01 1.437138650651249849e-01 -2.590236610912578438e-03
9.894705450370023803e-01 1.447132771241160520e-01 -2.471428252383531948e-03
9.893292654597729552e-01 1.456779533060410248e-01 -2.353391716043499050e-03
9.891921157944266740e-01 1.466081750888640067e-01 -2.236307735953420046e-03
9.890591447782784984e-01 1.475042787485648377e-01 -2.120354760612634150e-03
9.889303883319593425e-01 1.483666545667846892e-01 -2.005708678125173779e-03
9.888058695666201992e-01 1.491957459598231561e-01 -1.892542546810195526e-03
9.886855988332268197e-01 1.499920485307454365e-01 -1.781026331590225553e-03
9.885695738127117105e-01 1.507561090464144271e-01 -1.671326646481456147e-03
9.884577796455809029e-01 1.514885243413177374e-01 -1.563606503501159973e-03
9.883501890994106365e-01 1.521899401501140281e-01 -1.458025068298350862e-03
9.882467627725249892e-01 1.528610498708769250e-01 -1.354737422805077579e-03
9.881474493320077102e-01 1.535025932610688260e-01 -1.253894335197173159e-03
9.880521857840836031e-01 1.541153550683307949e-01 -1.155642037444832302e-03
9.879608977747970089e-01 1.547001635982296341e-01 -1.060122010725019761e-03
9.878734999188216737e-01 1.552578892211581574e-01 -9.674707789593731382e-04
9.877898961541611289e-01 1.557894428206413606e-01 -8.778197107328940393e-04
9.877099801204325402e-01 1.562957741853577831e-01 -7.912948298402840575e-04
9.876336355583820170e-01 1.567778703472439417e-01 -7.080166346982066494e-04
9.875607367282450699e-01 1.572367538681084531e-01 -6.280999268530010511e-04
9.874911488445481389e-01 1.576734810772424944e-01 -5.516536488043833047e-04
9.874247285249430073e-01 1.580891402625742292e-01 -4.787807313563937879e-04
9.873613242506790177e-01 1.584848498179755594e-01 -4.095779506972402773e-04
9.873007768363416536e-01 1.588617563493922025e-01 -3.441357953996970862e-04
9.872429199065257954e-01 1.592210327425288008e-01 -2.825383435233174692e-04
9.871875803771649194e-01 1.595638761948835749e-01 -2.248631499888560843e-04
9.871345789393013437e-01 1.598915062149870447e-01 -1.711811443839546211e-04
9.870837305431623410e-01 1.602051625917605970e-01 -1.215565393472861654e-04
9.870348448804927566e-01 1.605061033369689083e-01 -7.604674966596989584e-05
9.869877268631968015e-01 1.607956026037980768e-01 -3.470232220813216495e-05
9.869421770964496021e-01 1.610749485846461604e-01 2.433123200996878085e-06
9.868979923445572178e-01 1.613454413912659702e-01 3.532294186510232068e-05
9.868549659879713998e-01 1.616083909204491520e-01 6.393750118517389606e-05
9.868128884699973735e-01 1.618651147084876896e-01 8.825420644565458352e-05
9.867715477318736994e-01 1.621169357776908182e-01 1.082575153694090720e-04
9.867307296350472656e-01 1.623651804782741404e-01 1.239389414087434997e-04
9.866906777125388217e-01 1.626083843754231595e-01 1.408709299482023992e-04
9.866514581008356544e-01 1.628461695531121523e-01 1.590217614117926323e-04
9.866131355510313616e-01 1.630781682049927961e-01 1.783578503651119039e-04
9.865757733033021504e-01 1.633040231913950313e-01 1.988438068697576198e-04
9.865394329633953019e-01 1.635233885767899131e-01 2.204425004813303710e-04
9.865041743814964015e-01 1.637359301469623329e-01 2.431151267746885854e-04
9.864700555338391519e-01 1.639413259051789029e-01 2.668212762770331915e-04
9.864371324074180380e-01 1.641392665466745726e-01 2.915190056865438043e-04
9.864054588881583374e-01 1.643294559108200159e-01 3.171649112516561515e-04
9.863750866528917527e-01 1.645116114103714888e-01 3.437142041836630966e-04
9.863460650654760631e-01 1.646854644372439946e-01 3.711207879731356451e-04
9.863184410773878641e-01 1.648507607442885881e-01 3.993373374786923866e-04
9.862922591331036992e-01 1.650072608025951182e-01 4.283153796548922355e-04
9.862675610805741178e-01 1.651547401338816223e-01 4.580053757844917300e-04
9.862443860870768741e-01 1.652929896175724667e-01 4.883568050789750684e-04
9.862227705607219397e-01 1.654218157722076865e-01 5.193182495101469768e-04
9.862027480778611244e-01 1.655410410108666130e-01 5.508374797346579079e-04
9.861843493166381203e-01 1.656505038703298127e-01 5.828615419726096425e-04
9.861676019968925733e-01 1.657500592137431672e-01 6.153368457008688910e-04
9.861525308266128054e-01 1.658395784065892775e-01 6.482092520213754080e-04
9.861391574551082728e-01 1.659189494658108444e-01 6.814241625645923485e-04
9.861275004330508631e-01 1.659880771819713385e-01 7.149266087882715903e-04
9.861175751795100419e-01 1.660468832143778828e-01 7.486613415319348609e-04
9.861093939560839905e-01 1.660953061591309565e-01 7.825729206878506532e-04
9.861029658482026727e-01 1.661333015901050592e-01 8.166058048498561197e-04
9.860982967536555677e-01 1.661608420729032976e-01 8.507044408021004200e-04
9.860953893783700464e-01 1.661779171518678322e-01 8.848133527106847966e-04
9.860942432394438351e-01 1.661845333102663080e-01 9.188772308822296944e-04
9.860948546754068067e-01 1.661807139038126435e-01 9.528410199546165794e-04
9.860972168636650270e-01 1.661664990677179099e-01 9.866500063865281823e-04
9.861013198450543360e-01 1.661419455975045867e-01 1.020249905113932570e-03
9.861071505554067640e-01 1.661071268038538662e-01 1.053586945243342602e-03
9.861146928640086573e-01 1.660621323417923734e-01 1.086607954653503235e-03
9.861239276188087377e-01 1.660070680145601663e-01 1.119260443379142388e-03
9.861348326982086743e-01 1.659420555525376317e-01 1.151492685652538489e-03
9.861473830692510933e-01 1.658672323676433080e-01 1.183253800480928283e-03
9.861615508519963047e-01 1.657827512836490824e-01 1.214493830640187575e-03
9.861773053898619246e-01 1.656887802428932133e-01 1.245163819967769550e-03
9.861946133256801472e-01 1.655855019899042102e-01 1.275215888840580897e-03
9.862134386832113186e-01 1.654731137324816359e-01 1.304603307726306342e-03
9.862337429538358125e-01 1.653518267808112285e-01 1.333280568699667708e-03
9.862554851881325524e-01 1.652218661652233578e-01 1.361203454818210069e-03
9.862786220920396474e-01 1.650834702332339976e-01 1.388329107255453863e-03
9.863031081272807254e-01 1.649368902265371251e-01 1.414616090092637828e-03
9.863288956157305609e-01 1.647823898386464869e-01 1.440024452673785860e-03
9.863559348473860400e-01 1.646202447539125702e-01 1.464515789432486179e-03
9.863841741916002936e-01 1.644507421686680904e-01 1.488053297102543554e-03
9.864135602112341639e-01 1.642741802952813468e-01 1.510601829228580637e-03
9.864440377793733949e-01 1.640908678499222451e-01 1.532127947896689624e-03
9.864755501982599428e-01 1.639011235248704346e-01 1.552599972609404683e-03
9.865075850511524358e-01 1.637080663232031164e-01 1.566414909583719673e-03
9.865398021532033601e-01 1.635137382856484967e-01 1.573581205174670768e-03
9.865718634990054969e-01 1.633201772679764852e-01 1.574118069782795429e-03
9.866034338096506540e-01 1.631294136433190656e-01 1.568055423411087715e-03
9.866341810319461114e-01 1.629434670166644283e-01 1.555433823876042855e-03
9.866637767897074029e-01 1.627643429570236888e-01 1.536304377711656495e-03
9.866918967874189761e-01 1.625940297528087886e-01 1.510728633838449636e-03
9.867182211669200953e-01 1.624344951959855732e-01 1.478778460103410486e-03
9.867424348181256244e-01 1.622876834005759772e-01 1.440535902831013458e-03
9.867642276451341621e-01 1.621555116610783054e-01 1.396093029560008464e-03
9.867832947893993012e-01 1.620398673563536451e-01 1.345551755175368588e-03
9.867993368119485353e-01 1.619426049044910276e-01 1.289023651679414026e-03
9.868120598369189977e-01 1.618655427741117481e-01 1.226629741880609593e-03
9.868211756589463368e-01 1.618104605575076682e-01 1.158500277312665694e-03
9.868264018171830632e-01 1.617790961109262238e-01 1.084774500730251254e-03
9.868274616389384191e-01 1.617731427672195466e-01 1.005600393560699812e-03
9.868240842561198933e-01 1.617942466259649492e-01 9.211344087234479838e-04
9.868160045978188188e-01 1.618440039260412300e-01 8.315411892604698037e-04
9.868029633625106101e-01 1.619239585055083364e-01 7.369932732515599655e-04
9.867847069734440035e-01 1.620355993534899619e-01 6.376707855178779692e-04
9.867609875208623871e-01 1.621803582585982506e-01 5.337611166456227409e-04
9.867315626947396057e-01 1.623596075582682541e-01 4.254585898889780282e-04
9.866961957117216242e-01 1.625746579931887092e-01 3.129641165375065268e-04
9.866546552399406700e-01 1.628267566708238301e-01 1.964848403579131102e-04
9.866067153253147426e-01 1.631170851418208001e-01 7.623377174351125959e-05
9.865521553228613350e-01 1.634467575928890692e-01 -4.757058777322566005e-05
9.864907598364398567e-01 1.638168191595203993e-01 -1.747046299689878907e-04
9.864223186701931434e-01 1.642282443616955856e-01 -3.049400326435393110e-04
9.863466267947906818e-01 1.646819356654930233e-01 -4.380441598860997576e-04
9.862634843313767830e-01 1.651787221732776700e-01 -5.737804691646861306e-04
9.861726965559092228e-01 1.657193584449073165e-01 -7.119089244939468116e-04
9.860740739263277321e-01 1.663045234521449145e-01 -8.521864149234980148e-04
9.859674321347291492e-01 1.669348196682143015e-01 -9.943671775767019480e-04
9.858525921864430552e-01 1.676107722941792277e-01 -1.138203224459189040e-03
9.857293805076011717e-01 1.683328286235655502e-01 -1.283444772247253245e-03
9.855976290824816077e-01 1.691013575463812535e-01 -1.429840674258512018e-03
9.854571756215843026e-01 1.699166491934211154e-01 -1.577138853800964455e-03
9.853078637610585000e-01 1.707789147214714698e-01 -1.725086738091785414e-03
9.851495432937633634e-01 1.716882862397559883e-01 -1.873431691933888929e-03
9.849820704318995590e-01 1.726448168776867631e-01 -2.021921450336498002e-03
9.848053081008019127e-01 1.736484809937048068e-01 -2.170304549265697665e-03
9.846191262631419638e-01 1.746991745247132299e-01 -2.318330753712228437e-03
9.844234022724475119e-01 1.757967154753223293e-01 -2.465751482266670576e-03
9.842180212545152962e-01 1.769408445458413859e-01 -2.612320227396673546e-03
9.840028765149693157e-01 1.781312258976660012e-01 -2.757792970627044246e-03
9.837778699709053276e-01 1.793674480544229510e-01 -2.901928591831390986e-03
9.835429126042678494e-01 1.806490249369488155e-01 -3.044489271853619960e-03
9.832979249343239969e-01 1.819753970298917667e-01 -3.185240887688982857e-03
9.830428375063393620e-01 1.833459326774413978e-01 -3.323953399467593269e-03
9.827775913933208818e-01 1.847599295054087598e-01 -3.460401228498413868e-03
9.825021387074758250e-01 1.862166159665973597e-01 -3.594363625648682326e-03
9.822164431178428412e-01 1.877151530061300366e-01 -3.725625029352672406e-03
9.819204803703865947e-01 1.892546358431229092e-01 -3.853975412564508100e-03
9.816142388067092828e-01 1.908340958648311048e-01 -3.979210617992594984e-03
9.812977198774210930e-01 1.924525026291293295e-01 -4.101132680977998338e-03
9.809709386461342717e-01 1.941087659709370972e-01 -4.219550139405868656e-03
9.806339242799928524e-01 1.958017382079534630e-01 -4.334278330067701038e-03
9.802867205226328817e-01 1.975302164408302974e-01 -4.445139670922855328e-03
9.799293861454778654e-01 1.992929449426893151e-01 -4.551963928740264398e-03
9.795619953733172292e-01 2.010886176326751040e-01 -4.654588471635574647e-03
9.791846382801867588e-01 2.029158806280374761e-01 -4.752858506055061133e-03
9.787974211516736744e-01 2.047733348690520261e-01 -4.846627297795376085e-03
9.784004668098990054e-01 2.066595388109180587e-01 -4.935756376687507052e-03
9.779939148975900221e-01 2.085730111766211925e-01 -5.020115724614062670e-03
9.775779221178405587e-01 2.105122337646131714e-01 -5.099583946571038980e-03
9.771526624263698890e-01 2.124756543050450586e-01 -5.174048424528441582e-03
9.767183271733251848e-01 2.144616893581946238e-01 -5.243405453888336232e-03
9.762751251919302709e-01 2.164687272486517655e-01 -5.307560362383911302e-03
9.758232828315607232e-01 2.184951310287721882e-01 -5.366427611308803927e-03
9.753630439331204549e-01 2.205392414648757182e-01 -5.419930879012008901e-03
9.748946697449062393e-01 2.225993800396554867e-01 -5.468003126639994424e-03
9.744184387774718070e-01 2.246738519642751675e-01 -5.510586646153971951e-03
9.739346465963369948e-01 2.267609491936661836e-01 -5.547633090696351202e-03
9.734436055517334818e-01 2.288589534385933599e-01 -5.579103487426078853e-03
9.729456444449274821e-01 2.309661391681366305e-01 -5.604968232987559036e-03
9.724411081310143645e-01 2.330807765963379408e-01 -5.625207071821953023e-03
9.719303570584341134e-01 2.352011346468853847e-01 -5.639809057572656679e-03
9.714137667458105918e-01 2.373254838898503361e-01 -5.648772497878430145e-03
9.708917271970659568e-01 2.394520994446580620e-01 -5.652104882887777453e-03
9.703646422561057472e-01 2.415792638436548567e-01 -5.649822797866573681e-03
9.698329289027038946e-01 2.437052698508372917e-01 -5.641951820307412359e-03
9.692970164915398756e-01 2.458284232305268380e-01 -5.628526401983507260e-03
9.687573459366530804e-01 2.479470454610077923e-01 -5.609589736422100278e-03
9.682143688438733520e-01 2.500594763883945415e-01 -5.585193612302015095e-03
9.676685465940660924e-01 2.521640768162553559e-01 -5.555398253307189047e-03
9.671203493802942308e-01 2.542592310267914324e-01 -5.520272144992530682e-03
9.665702552022368277e-01 2.563433492296516292e-01 -5.479891849240271610e-03
9.660187488214276863e-01 2.584148699347518230e-01 -5.434341806903995528e-03
9.654663206810748521e-01 2.604722622457625314e-01 -5.383714129253723557e-03
9.649134657943971849e-01 2.625140280712272567e-01 -5.328108378848749917e-03
9.643606826055668435e-01 2.645387042505744080e-01 -5.267631340475403996e-03
9.638084718274727569e-01 2.665448645925869720e-01 -5.202396782794548556e-03
9.632573352606257355e-01 2.685311218241946962e-01 -5.132525211348448919e-03
9.627077745976020395e-01 2.704961294477490896e-01 -5.058143613578764373e-03
9.621602902174770655e-01 2.724385835052355875e-01 -4.979385196506851824e-03
9.616153799747299002e-01 2.743572242481614465e-01 -4.896389117724457042e-03
9.610735379871054862e-01 2.762508377121377090e-01 -4.809300210337335950e-03
9.605352534269007148e-01 2.781182571954421978e-01 -4.718268702496464934e-03
9.600010093201014616e-01 2.799583646411097360e-01 -4.623449932141510642e-03
9.594712813577328525e-01 2.817700919223436462e-01 -4.525004057569171657e-03
9.589465367236996718e-01 2.835524220312771182e-01 -4.423095764425171751e-03
9.584272329432901305e-01 2.853043901713360198e-01 -4.317893969703142168e-03
9.579138167563897577e-01 2.870250847536610639e-01 -4.209571523316650056e-03
9.574067230193121780e-01 2.887136482982420871e-01 -4.098304907792344430e-03
9.569063736389921138e-01 2.903692782405942197e-01 -3.984273936612823738e-03
9.564131765431131971e-01 2.919912276449684874e-01 -3.867661451717558426e-03
9.559275246895533318e-01 2.935788058252375432e-01 -3.748653020649235154e-03
9.554497951183307247e-01 2.951313788747274569e-01 -3.627436633811396104e-03
9.549803480490187679e-01 2.966483701063833966e-01 -3.504202402281456508e-03
9.545195260263790171e-01 2.981292604047580674e-01 -3.379142256601209808e-03
9.540676531167276986e-01 2.995735884913969249e-01 -3.252449646945035876e-03
9.536250341573155875e-01 3.009809511052659592e-01 -3.124319245044299056e-03
9.531919540607569630e-01 3.023510030999259635e-01 -2.994946648225068741e-03
9.527686771762974294e-01 3.036834574592008895e-01 -2.864528085895446437e-03
9.523554467094570430e-01 3.049780852331203662e-01 -2.733260128798562037e-03
9.519524842013380450e-01 3.062347153959362744e-01 -2.601339401327867895e-03
9.515599890686300411e-01 3.074532346280239858e-01 -2.468962297182769605e-03
9.511781382050967792e-01 3.086335870234773737e-01 -2.336324698625040497e-03
9.508070856450797637e-01 3.097757737251993770e-01 -2.203621699579899011e-03
9.504469622893066960e-01 3.108798524892723569e-01 -2.071047332810208984e-03
9.500978756930518188e-01 3.119459371803696701e-01 -1.938794301377988081e-03
9.497599099164598657e-01 3.129741971999419059e-01 -1.807053714594372262e-03
9.494331254366124018e-01 3.139648568488765945e-01 -1.676014828647365545e-03
9.491175591206952866e-01 3.149181946262956111e-01 -1.545864792086144596e-03
9.488132242594080612e-01 3.158345424661139766e-01 -1.416788396331370922e-03
9.485201106595501086e-01 3.167142849129448434e-01 -1.288967831372872476e-03
9.482381847945211550e-01 3.175578582388939863e-01 -1.162582446809177876e-03
9.479673900112844942e-01 3.183657495027484297e-01 -1.037808518377660331e-03
9.477076467921660141e-01 3.191384955530247591e-01 -9.148190201194401688e-04
9.474588530696931299e-01 3.198766819763074754e-01 -7.937834023196300298e-04
9.472208845925251808e-01 3.205809419922748260e-01 -6.748673753609341769e-04
9.469935953403811890e-01 3.212519552967811887e-01 -5.582326996269283085e-04
9.467768179857415367e-01 3.218904468543407060e-01 -4.440369815904837291e-04
9.465703643999807682e-01 3.224971856413387239e-01 -3.324334762226615995e-04
9.463740262014816995e-01 3.230729833412834817e-01 -2.235708958578831859e-04
9.461875753431892022e-01 3.236186929934039558e-01 -1.175932256521832966e-04
9.460107647369803141e-01 3.241352075958989221e-01 -1.463954577278747107e-05
9.458433289121619403e-01 3.246234586651483012e-01 8.515613954103459326e-05
9.456849847053501179e-01 3.250844147522106153e-01 1.816650659039426388e-04
9.455354319789476270e-01 3.255190799179499272e-01 2.747638655534206291e-04
9.453943543654047543e-01 3.259284921681627201e-01 3.643347168156848377e-04
9.452614200344358064e-01 3.263137218501081516e-01 4.502654861208175226e-04
9.451362824803599683e-01 3.266758700118856384e-01 5.324498624177097803e-04
9.450185813267448776e-01 3.270160667261505782e-01 6.107874838380640201e-04
9.449079431455550404e-01 3.273354693797110304e-01 6.851840564578342077e-04
9.448039822880394123e-01 3.276352609306079078e-01 7.555514650041134789e-04
9.447063017246409844e-01 3.279166481343445683e-01 8.218078753556996288e-04
9.446144938912650613e-01 3.281808597410009187e-01 8.838778286865122411e-04
9.445281415393134150e-01 3.284291446650402513e-01 9.416923271026839647e-04
9.444468185869686616e-01 3.286627701296944704e-01 9.951889106266621158e-04
9.443700909693001355e-01 3.288830197878936934e-01 1.044311725385015750e-03
9.442975174848604603e-01 3.290911918217884757e-01 1.089011582860943076e-03
9.442286506365475951e-01 3.292885970229985637e-01 1.129246010077738756e-03
9.441630374646189372e-01 3.294765568558067903e-01 1.164979290585737778e-03
9.441002203698664053e-01 3.296564015056042130e-01 1.196182496132529001e-03
9.440397379250865528e-01 3.298294679149773589e-01 1.222833508904551522e-03
9.439811256731123201e-01 3.299970978099143193e-01 1.244917034237537183e-03
9.439239169098120330e-01 3.301606357186888108e-01 1.262424603703645939e-03
9.438676434505985924e-01 3.303214269860627605e-01 1.275354568494567855e-03
9.438118363791410115e-01 3.304808157855247952e-01 1.283712083032270300e-03
9.437560267771115674e-01 3.306401431323557349e-01 1.287509078752469656e-03
9.436997464339541564e-01 3.308007449003815825e-01 1.286764228020237811e-03
9.436425285358051029e-01 3.309639498453377793e-01 1.281502898152396324e-03
9.435839083328459997e-01 3.311310776378265652e-01 1.271757095537418350e-03
9.435234237845149252e-01 3.313034369089016828e-01 1.257565399860444870e-03
9.434606161821467163e-01 3.314823233113580736e-01 1.238972888458628576e-03
9.433950307487533049e-01 3.316690175998425749e-01 1.216031050850284716e-03
9.433262172157932390e-01 3.318647837329305461e-01 1.188797693500201827e-03
9.432537303769106263e-01 3.320708670003346685e-01 1.157336834902850976e-03
9.431771306187525239e-01 3.322884921784248213e-01 1.121718591085058350e-03
9.430959844290912608e-01 3.325188617172413208e-01 1.082019051649899021e-03
9.430098648825944174e-01 3.327631539621787593e-01 1.038320146504029306e-03
9.429183521046884398e-01 3.330225214135020817e-01 9.907095034313371899e-04
9.428210337140606745e-01 3.332980890268331664e-01 9.392802966965471245e-04
9.427175052444323189e-01 3.335909525577107071e-01 8.841310868831973825e-04
9.426073705463124952e-01 3.339021769532840578e-01 8.253656521911219594e-04
9.424902421695149357e-01 3.342327947941468591e-01 7.630928114391210193e-04
9.423657417272760517e-01 3.345838047892540912e-01 6.974262390388214113e-04
9.422335002428611217e-01 3.349561703267929236e-01 6.284842722257234175e-04
9.420931584795844138e-01 3.353508180837961317e-01 5.563897108530014776e-04
9.419443672551954805e-01 3.357686366971949776e-01 4.812696100727354830e-04
9.417867877415982969e-01 3.362104754989081457e-01 4.032550662477639349e-04
9.416200917508781298e-01 3.366771433174540751e-01 3.224809964552403040e-04
9.414439620086028082e-01 3.371694073484561849e-01 2.390859119601443285e-04
9.412580924153503004e-01 3.376879920962838622e-01 1.532116860533776215e-04
9.410621882973893015e-01 3.382335783889393044e-01 6.500331666461152576e-05
9.408559666474017869e-01 3.388068024681571422e-01 -2.539131582533385000e-05
9.406391563560920765e-01 3.394082551565364980e-01 -1.178216951341602578e-04
9.404114984354737805e-01 3.400384811033693722e-01 -2.121349195387784532e-04
9.401727462345611519e-01 3.406979781106674876e-01 -3.081759557844542907e-04
9.399226656481242115e-01 3.413871965407225817e-01 -4.057878959694658384e-04
9.396610353190869569e-01 3.421065388063626589e-01 -5.048122169230983983e-04
9.393876468350679243e-01 3.428563589448893056e-01 -6.050890415868113124e-04
9.391023049194703320e-01 3.436369622764993137e-01 -7.064574019016616521e-04
9.388048276174397744e-01 3.444486051478092836e-01 -8.087555026996132504e-04
9.384950464769068468e-01 3.452914947609125873e-01 -9.118209860922142120e-04
9.381728067248361613e-01 3.461657890882077204e-01 -1.015491195847326947e-03
9.378379674386995157e-01 3.470715968730442857e-01 -1.119603441243157294e-03
9.374904017130899492e-01 3.480089777160378928e-01 -1.223995259888754905e-03
9.371299968212914999e-01 3.489779422467106929e-01 -1.328504679001499440e-03
9.367576026955058976e-01 3.499759357008205840e-01 -1.427678648703974585e-03
9.363737202526684067e-01 3.510013410531825362e-01 -1.521395710821392237e-03
9.359788674346172233e-01 3.520525090573372040e-01 -1.609543435277845623e-03
9.355735788417322008e-01 3.531277611520419191e-01 -1.692018532203222892e-03
9.351584053216901449e-01 3.542253923882960898e-01 -1.768726946432808622e-03
9.347339135117839204e-01 3.553436743703307088e-01 -1.839583934450120251e-03
9.343006853335250605e-01 3.564808582040659979e-01 -1.904514123871136602e-03
9.338593174385314555e-01 3.576351774466371425e-01 -1.963451555614699386e-03
9.334104206049939068e-01 3.588048510507080291e-01 -2.016339708949333506e-03
9.329546190843143183e-01 3.599880862974316753e-01 -2.063131509650790053e-03
9.324925498978112737e-01 3.611830817120776360e-01 -2.103789321547100584e-03
9.320248620836961706e-01 3.623880299565256924e-01 -2.138284921768625248e-03
9.315522158948278397e-01 3.636011206930249706e-01 -2.166599460059315686e-03
9.310752819480577758e-01 3.648205434138332981e-01 -2.188723402542008031e-03
9.305947403262798678e-01 3.660444902315840299e-01 -2.204656460364856629e-03
9.301112796345890610e-01 3.672711586254748806e-01 -2.214407503687868158e-03
9.296255960122410400e-01 3.684987541386339771e-01 -2.217994461497773632e-03
9.291383921023792514e-01 3.697254930222902969e-01 -2.215444207766048730e-03
9.286503759817584802e-01 3.709496048226589293e-01 -2.206792434488677197e-03
9.281622600529453315e-01 3.721693349067416445e-01 -2.192083512167172440e-03
9.276747599017084456e-01 3.733829469235416809e-01 -2.171370338308350242e-03
9.271885931225329891e-01 3.745887251974943655e-01 -2.144714174535351705e-03
9.267044781153928046e-01 3.757849770512204923e-01 -2.112184472914437668e-03
9.262231328570980082e-01 3.769700350550175827e-01 -2.073858692111092868e-03
9.257452736506990298e-01 3.781422592008102934e-01 -2.029822103995027570e-03
9.252716138565730830e-01 3.793000389985866083e-01 -1.980167591316768678e-03
9.248028626089429549e-01 3.804417954936467061e-01 -1.924995437078784715e-03
9.243397235216794794e-01 3.815659832032878840e-01 -1.864413106221512366e-03
9.238828933873259874e-01 3.826710919718360193e-01 -1.798535020239400628e-03
9.234330608733403167e-01 3.837556487432142727e-01 -1.727482325334234398e-03
9.229909052195955921e-01 3.848182192505093524e-01 -1.651382654702695119e-03
9.225570949411989741e-01 3.858574096222534555e-01 -1.570369885542491177e-03
9.221322865406914593e-01 3.868718679053854692e-01 -1.484583891346612661e-03
9.217171232336719422e-01 3.878602855050867215e-01 -1.394170290038503979e-03
9.213122336918527777e-01 3.888213985419036178e-01 -1.299280188482371734e-03
9.209182308074992385e-01 3.897539891267702838e-01 -1.200069923882661352e-03
9.205357104831317638e-01 3.906568865547294100e-01 -1.096700802565124533e-03
9.201652504502828567e-01 3.915289684183175245e-01 -9.893388366090760493e-04
9.198074091209950121e-01 3.923691616417312455e-01 -8.781544787765968411e-04
9.194627244756277129e-01 3.931764434370235151e-01 -7.633223561597965142e-04
9.191317129904086336e-01 3.939498421836938880e-01 -6.450210029420113973e-04
9.188148686080198635e-01 3.946884382331340424e-01 -5.234325926431905975e-04
9.185126617543521998e-01 3.953913646394678905e-01 -3.987426701939105660e-04
9.182255384043945812e-01 3.960578078183875639e-01 -2.711398841566798842e-04
9.179539192000486514e-01 3.966870081356301259e-01 -1.408157193876133893e-04
9.176981986224731491e-01 3.972782604267677820e-01 -7.964230406402921176e-06
9.174587442213705257e-01 3.978309144499936889e-01 1.272182242820787360e-04
9.172358959034299097e-01 3.983443752735829624e-01 2.645332466950152828e-04
9.170299652819350333e-01 3.988181035996868906e-01 4.037806625111078364e-04
9.168412350893375695e-01 3.992516160260866642e-01 5.447587826674626368e-04
9.166689119121809171e-01 3.996468950391579011e-01 6.820851764594575324e-04
9.165125770025751573e-01 4.000050387542459229e-01 8.155902706613960083e-04
9.163717847324492904e-01 4.003271898485854519e-01 9.451104537119341077e-04
9.162460637047199485e-01 4.006145339594793242e-01 1.070488250917395667e-03
9.161349179012003852e-01 4.008682980428786569e-01 1.191572493363885453e-03
9.160378278632428373e-01 4.010897486926114919e-01 1.308218480420270070e-03
9.159542519011029116e-01 4.012801904205370307e-01 1.420288135697963519e-03
9.158836273280192009e-01 4.014409638979480333e-01 1.527650156317711351e-03
9.158253717150252049e-01 4.015734441586042425e-01 1.630180155318452714e-03
9.157788841625446041e-01 4.016790387638544124e-01 1.727760797028957216e-03
9.157435465848724476e-01 4.017591859303933366e-01 1.820281925209515537e-03
9.157187250037083226e-01 4.018153526213018023e-01 1.907640683758643615e-03
9.157037708469838444e-01 4.018490326011314728e-01 1.989741629768677043e-03
9.156980222493196209e-01 4.018617444559210439e-01 2.066496838704446736e-03
9.157008053505473200e-01 4.018550295791665783e-01 2.137826001471040960e-03
9.157114355888501533e-01 4.018304501249117533e-01 2.203656513130109601e-03
9.157292189852022091e-01 4.017895869292771316e-01 2.263923553019317556e-03
9.157534534159245121e-01 4.017340374019063853e-01 2.318570156026528769e-03
9.157834298703264597e-01 4.016654133889716038e-01 2.367547274769144297e-03
9.158184336905607070e-01 4.015853390095490694e-01 2.410813832429780420e-03
9.158577457909863329e-01 4.014954484673482482e-01 2.448336766002231872e-03
9.159006438545153062e-01 4.013973838399506056e-01 2.480091059706394582e-03
9.159464035035987939e-01 4.012927928478879913e-01 2.506059768337579475e-03
9.159942994437044739e-01 4.011833266060629843e-01 2.526234030324403610e-03
9.160436065773299719e-01 4.010706373601849450e-01 2.540613070280198487e-03
9.160936010868035995e-01 4.009563762110608942e-01 2.549204190845564405e-03
9.161435614843248532e-01 4.008421908297433722e-01 2.552022753634344311e-03
9.161927696279100752e-01 4.007297231666933635e-01 2.549092149111736611e-03
9.162405117021142908e-01 4.006206071582645856e-01 2.540443755251559944e-03
9.162860791626142865e-01 4.005164664339570524e-01 2.526116884839628776e-03
9.163287696439439411e-01 4.004189120280179925e-01 2.506158721311799002e-03
9.163678878298827657e-01 4.003295400990905528e-01 2.480624243038342339e-03
9.164027462862007756e-01 4.002499296617195168e-01 2.449576135990805172e-03
9.164326662556629977e-01 4.001816403336214689e-01 2.413084694753305903e-03
9.164569784153914211e-01 4.001262101027128204e-01 2.371227711867172037e-03
9.164750235968671666e-01 4.000851531179594467e-01 2.324090355525802384e-03
9.164861534690367240e-01 4.000599575081705273e-01 2.271765035665511585e-03
9.164897311851546435e-01 4.000520832329024223e-01 2.214351258527741569e-03
9.164851319941552665e-01 4.000629599696660654e-01 2.151955469798265061e-03
9.164717438174941888e-01 4.000939850416451726e-01 2.084690886459707876e-03
9.164489677925367062e-01 4.001465213901304607e-01 2.012677317524724872e-03
9.164162187836951690e-01 4.002218955958559699e-01 1.936040973848376272e-03
9.163729258626241991e-01 4.003213959533916677e-01 1.854914267249436165e-03
9.163185327588818652e-01 4.004462706026957752e-01 1.769435599201481376e-03
9.162524982825427378e-01 4.005977257218659715e-01 1.679749139385426724e-03
9.161742967203144739e-01 4.007769237850483113e-01 1.586004594425593182e-03
9.160834182067608689e-01 4.009849818893668205e-01 1.488356967161293468e-03
9.159793690722660697e-01 4.012229701546266014e-01 1.386966306835109514e-03
9.158616721693922935e-01 4.014919101994180450e-01 1.281997450607466485e-03
9.157298671792868383e-01 4.017927736971101393e-01 1.173619756834577308e-03
9.155845607463681812e-01 4.021240769621293731e-01 1.067180311174106919e-03
9.154259767104261369e-01 4.024852222913533617e-01 9.628215315835818300e-04
9.152543544652137486e-01 4.028755712178156978e-01 8.606821472395250264e-04
9.150699487545096433e-01 4.032944457198640587e-01 7.608970031637619664e-04
9.148730294553485409e-01 4.037411294897763070e-01 6.635968727702463944e-04
9.146638813475451713e-01 4.042148692587970160e-01 5.689082786433096199e-04
9.144428038686306381e-01 4.047148761754483792e-01 4.769533218351668189e-04
9.142101108533292608e-01 4.052403272338727658e-01 3.878495199467714080e-04
9.139661302567196888e-01 4.057903667488781951e-01 3.017096542318030037e-04
9.137112038602510644e-01 4.063641078742818435e-01 2.186416259387733568e-04
9.134456869598205353e-01 4.069606341610840783e-01 1.387483220810445676e-04
9.131699480351633813e-01 4.075790011519517808e-01 6.212749079907572091e-05
9.128843683998609793e-01 4.082182380084494189e-01 -1.112837354647924998e-05
9.125893418313338890e-01 4.088773491674272398e-01 -8.093213543798477854e-05
9.122852741802579546e-01 4.095553160229576384e-01 -1.472021133332923810e-04
9.119725829589175881e-01 4.102510986302048135e-01 -2.098621648061135575e-04
9.116516969080964428e-01 4.109636374276187665e-01 -2.688417616584435873e-04
9.113230555421939494e-01 4.116918549738603494e-01 -3.240760549943874267e-04
9.109871086723538847e-01 4.124346576958931587e-01 -3.755059302695740913e-04
9.106443159074896210e-01 4.131909376447154836e-01 -4.230780523546794742e-04
9.102951461331977301e-01 4.139595742552561464e-01 -4.667449006753514144e-04
9.099400769686558643e-01 4.147394361070165236e-01 -5.064647945139439831e-04
9.095795942017144142e-01 4.155293826821115366e-01 -5.422019085808314157e-04
9.092141912025011319e-01 4.163282661174400046e-01 -5.739262789846078698e-04
9.088443683159700415e-01 4.171349329478041268e-01 -6.016137997511204457e-04
9.084706322339411999e-01 4.179482258368920067e-01 -6.252462100609370525e-04
9.080934953472863391e-01 4.187669852931433789e-01 -6.448110723934794659e-04
9.077134750790292195e-01 4.195900513676275589e-01 -6.603017417835640090e-04
9.073310931992362161e-01 4.204162653311824260e-01 -6.717173264124663441e-04
9.069468751226779091e-01 4.212444713281855435e-01 -6.790626397707841180e-04
9.065613491903457000e-01 4.220735180044583590e-01 -6.823481446443001655e-04
9.061750459360050636e-01 4.229022601069372111e-01 -6.815898891866900133e-04
9.057884973390594174e-01 4.237295600528827588e-01 -6.768094353542699997e-04
9.054022360650870738e-01 4.245542894665391143e-01 -6.680337799879981862e-04
9.050167946954967846e-01 4.253753306812977364e-01 -6.552952688366462698e-04
9.046327049478215532e-01 4.261915782055639701e-01 -6.386315038224120314e-04
9.042504968882419947e-01 4.270019401506706669e-01 -6.180852438562722947e-04
9.038706981379907024e-01 4.278053396193280400e-01 -5.937042995150890743e-04
9.034938330753468083e-01 4.286007160532435689e-01 -5.655414218958861993e-04
9.031204220349757783e-01 4.293870265386897089e-01 -5.336541859648496903e-04
9.027509805064116710e-01 4.301632470689380483e-01 -4.981048687194911725e-04
9.023860183335097318e-01 4.309283737626188326e-01 -4.589603224821070548e-04
9.020260389167241710e-01 4.316814240371990019e-01 -4.162918436411853422e-04
9.016715384200806316e-01 4.324214377369052786e-01 -3.701750371548375145e-04
9.013230049847239522e-01 4.331474782145455782e-01 -3.206896771267021807e-04
9.009809179509228327e-01 4.338586333668061901e-01 -2.679195637601392466e-04
9.006457470904055684e-01 4.345540166227179202e-01 -2.119523769909908398e-04
9.003179518508894752e-01 4.352327678850983483e-01 -1.528795270927858926e-04
8.999979806146440886e-01 4.358940544248817717e-01 -9.079600254107785169e-05
8.996862699729007984e-01 4.365370717283481028e-01 -2.580021541571470229e-05
8.993832440178867182e-01 4.371610442973556387e-01 4.200615538867144365e-05
8.990893136542198461e-01 4.377652264027668827e-01 1.125183228827425518e-04
8.988048759313537195e-01 4.383489027913369807e-01 1.856285523814133072e-04
8.985303133987073698e-01 4.389113893464050009e-01 2.612263233399267012e-04
8.982659934850566463e-01 4.394520337027923995e-01 3.391984923955072622e-04
8.980122679036995903e-01 4.399702158163711907e-01 4.194294573934915431e-04
8.977694720848378163e-01 4.404653484888128578e-01 5.018013221874321854e-04
8.975379246365433605e-01 4.409368778480719508e-01 5.861940620133190187e-04
8.973179268356025196e-01 4.413842837851946199e-01 6.724856892487000078e-04
8.971097621494459329e-01 4.418070803480695918e-01 7.605524193780389746e-04
8.969136957902901219e-01 4.422048160927623539e-01 8.502688369960373100e-04
8.967299743025267666e-01 4.425770743930872997e-01 9.415080616908184409e-04
8.965588251843066292e-01 4.429234737090837482e-01 1.034141913658742336e-03
8.964004565441705541e-01 4.432436678150630804e-01 1.128041078912146115e-03
8.962550567934869372e-01 4.435373459878940716e-01 1.223075273950418890e-03
8.961227943753578007e-01 4.438042331561850018e-01 1.319113409773477316e-03
8.960038175305581332e-01 4.440440900110099731e-01 1.416023755124849780e-03
8.958982541009749001e-01 4.442567130788108165e-01 1.513674098859185821e-03
8.958062113709139851e-01 4.444419347570850443e-01 1.611931911336013856e-03
8.957277759465420708e-01 4.445996233134483777e-01 1.710664504747972346e-03
8.956630136736343228e-01 4.447296828486329567e-01 1.809739192297485973e-03
8.956119695936973768e-01 4.448320532239543046e-01 1.909023446140956570e-03
8.955746679384405384e-01 4.449067099537497016e-01 2.008385054023937785e-03
8.955511121624700754e-01 4.449536640632579809e-01 2.107692274534494949e-03
8.955412850139864434e-01 4.449729619123790059e-01 2.206813990904964596e-03
8.955451486431685870e-01 4.449646849857167297e-01 2.305619863294678436e-03
8.955626447478373109e-01 4.449289496492773166e-01 2.403980479487845701e-03
8.955936947558980066e-01 4.448659068741603884e-01 2.501767503941781327e-03
8.956382000439745417e-01 4.447757419275510382e-01 2.598853825120963669e-03
8.956960421915592940e-01 4.446586740312884478e-01 2.695113701052092962e-03
8.957670832699202723e-01 4.445149559882599632e-01 2.790422903034382816e-03
8.958511661649249946e-01 4.443448737768429524e-01 2.884658857437807401e-03
8.959481149328613059e-01 4.441487461135933401e-01 2.977700785519951394e-03
8.960577351882628161e-01 4.439269239843596782e-01 3.069429841189555766e-03
8.961798145226701484e-01 4.436797901439846203e-01 3.159729246641797707e-03
8.963141229531954579e-01 4.434077585847429614e-01 3.248484425786899929e-03
8.964604133996892932e-01 4.431112739736553507e-01 3.335583135389819619e-03
8.966184221892493644e-01 4.427908110588127943e-01 3.420915593834623902e-03
8.967878695867529393e-01 4.424468740448457837e-01 3.504374607422731241e-03
8.969684603500428510e-01 4.420799959376768284e-01 3.585855694109559531e-03
8.971598843083463670e-01 4.416907378587030530e-01 3.665257204579345542e-03
8.973618169624643093e-01 4.412796883285703964e-01 3.742480440552987606e-03
8.975739201052250760e-01 4.408474625207188802e-01 3.817429770218856797e-03
8.977958424606669041e-01 4.403947014849024510e-01 3.890012740671604761e-03
8.980272203403770748e-01 4.399220713409152106e-01 3.960140187239169496e-03
8.982676783153950018e-01 4.394302624427903758e-01 4.027726339573497495e-03
8.985168299020636073e-01 4.389199885137752832e-01 4.092688924376013809e-03
8.987742782601981784e-01 4.383919857524305463e-01 4.154949264624640572e-03
8.990396169019322370e-01 4.378470119102482183e-01 4.214432375165247553e-03
8.993124304095941879e-01 4.372858453412361568e-01 4.271067054526876856e-03
8.995911930555777758e-01 4.367116046081812586e-01 4.319701001813422252e-03
8.998747910155270313e-01 4.361265278813166169e-01 4.360299619989059863e-03
9.001621120525656883e-01 4.355328633188378928e-01 4.392839009835522099e-03
9.004520472339785364e-01 4.349328661760470394e-01 4.417306025102138434e-03
9.007434925878449183e-01 4.343287958685119188e-01 4.433698314482183156e-03
9.010353506968823423e-01 4.337229129928471538e-01 4.442024349865376399e-03
9.013265322271172275e-01 4.331174763090993030e-01 4.442303440338131286e-03
9.016159573893669510e-01 4.325147396890849927e-01 4.434565731428977836e-03
9.019025573318908418e-01 4.319169490353826357e-01 4.418852189126227722e-03
9.021852754629499094e-01 4.313263391760149279e-01 4.395214568228366855e-03
9.024630687023946773e-01 4.307451307401763962e-01 4.363715364624538677e-03
9.027349086617876273e-01 4.301755270206585324e-01 4.324427751142685857e-03
9.029997827529449017e-01 4.296197108289004363e-01 4.277435496646156063e-03
9.032566952251632753e-01 4.290798413488448038e-01 4.222832868105662156e-03
9.035046681317665529e-01 4.285580509960062456e-01 4.160724515422075005e-03
9.037427422269701527e-01 4.280564422883582631e-01 4.091225338826426534e-03
9.039699777944104619e-01 4.275770847358186799e-01 4.014460338736343739e-03
9.041854554090245077e-01 4.271220117552569917e-01 3.930564448002701015e-03
9.043882766342834501e-01 4.266932176180608938e-01 3.839682346536217334e-03
9.045775646570844986e-01 4.262926544373848436e-01 3.741968258360750359e-03
9.047524648628865185e-01 4.259222292022570300e-01 3.637585731197875288e-03
9.049121453539288318e-01 4.255838008657446547e-01 3.526707398745634187e-03
9.050557974136063111e-01 4.252791774943707748e-01 3.409514725872858122e-03
9.051826359202750361e-01 4.250101134859379237e-01 3.286197737008860441e-03
9.052918997139399737e-01 4.247783068628462888e-01 3.156954728066336396e-03
9.053828519194198066e-01 4.245853966478964070e-01 3.021991962292664303e-03
9.054547802296978309e-01 4.244329603294393349e-01 2.881523350501261245e-03
9.055069971532498929e-01 4.243225114225826489e-01 2.735770116189919013e-03
9.055388402291879579e-01 4.242554971329765001e-01 2.584960446106907787e-03
9.055496722140727872e-01 4.242332961294947302e-01 2.429329126877849843e-03
9.055388812442324298e-01 4.242572164318906824e-01 2.269117168356721542e-03
9.055058809773699480e-01 4.243284934192462776e-01 2.104571414412640448e-03
9.054501107171604168e-01 4.244482879647495932e-01 1.935944141910133373e-03
9.053710355244209973e-01 4.246176847020303735e-01 1.763492648684202675e-03
9.052681463182902233e-01 4.248376904279552724e-01 1.587478831352542603e-03
9.051409599706758957e-01 4.251092326464382398e-01 1.408168753845558466e-03
9.049890193970258068e-01 4.254331582574568671e-01 1.225832207570270050e-03
9.048118936462441475e-01 4.258102323950829771e-01 1.040742264156628745e-03
9.046091779923213227e-01 4.262411374179395640e-01 8.531748217641152519e-04
9.043804940299670081e-01 4.267264720550838497e-01 6.634081459526312624e-04
9.041254897762399656e-01 4.272667507098935613e-01 4.717224061445516323e-04
9.038438397798538304e-01 4.278624029240981064e-01 2.783992087242980742e-04
9.035352452395117862e-01 4.285137730036527870e-01 8.372112783785437724e-05
9.031994341322837627e-01 4.292211198077011125e-01 -1.120287650327831004e-04
9.028361613526943996e-01 4.299846167014126919e-01 -3.085673716361919151e-04
9.024452088628382995e-01 4.308043516730196143e-01 -5.056120365696622392e-04
9.020263858534871559e-01 4.316803276149077662e-01 -7.028810148575488203e-04
9.015795289158031744e-01 4.326124627681510182e-01 -9.000939364002710471e-04
9.011045022229259294e-01 4.336005913294060377e-01 -1.096972266209815354e-03
9.006011977203634000e-01 4.346444642186200191e-01 -1.293239759356645119e-03
9.000695353237896379e-01 4.357437500055367230e-01 -1.488622909565612924e-03
8.995094631225406534e-01 4.368980359925283552e-01 -1.682851390414782933e-03
8.989209575868020163e-01 4.381068294508256300e-01 -1.875658488110953882e-03
8.983040237762068836e-01 4.393695590067744350e-01 -2.066781524839125892e-03
8.976586955473085938e-01 4.406855761743100341e-01 -2.255962271710083063e-03
8.969850357571610422e-01 4.420541570294163058e-01 -2.442947350360635903e-03
8.962831364600370998e-01 4.434745040219257861e-01 -2.627488622294794993e-03
8.955531190941397046e-01 4.449457479196192167e-01 -2.809343565091109059e-03
8.947951346550145901e-01 4.464669498792036006e-01 -2.988275634641560097e-03
8.940093638522573771e-01 4.480371036383849481e-01 -3.164054612630549500e-03
8.931960172460271519e-01 4.496551378229092788e-01 -3.336456938508575339e-03
8.923553353598252524e-01 4.513199183621252053e-01 -3.505266025263993526e-03
8.914875887659837739e-01 4.530302510063210497e-01 -3.670272558347608630e-03
8.905930781403202934e-01 4.547848839388170528e-01 -3.831274777158578775e-03
8.896721342824673862e-01 4.565825104755433794e-01 -3.988078738556035709e-03
8.887251180984624410e-01 4.584217718446131351e-01 -4.140498561918675921e-03
8.877524205422980819e-01 4.603012600382067609e-01 -4.288356655334188069e-03
8.867544625132741665e-01 4.622195207289182539e-01 -4.431483922561423906e-03
8.857316947061636414e-01 4.641750562425808191e-01 -4.569719950470506852e-03
8.846845974114044830e-01 4.661663285794853673e-01 -4.702913176729282656e-03
8.836136802627513331e-01 4.681917624758330509e-01 -4.830921037568365259e-03
8.825194819300706817e-01 4.702497484972238961e-01 -4.953610095521276437e-03
8.814025697552293481e-01 4.723386461559755944e-01 -5.070856147100436320e-03
8.802635393293150035e-01 4.744567870440905555e-01 -5.182544310433806999e-03
8.791030140097302326e-01 4.766024779737476069e-01 -5.288569092950477085e-03
8.779216443760180510e-01 4.787740041172829919e-01 -5.388834439266074368e-03
8.767201076236059709e-01 4.809696321387457174e-01 -5.483253759480359243e-03
8.754991068949889987e-01 4.831876133092644077e-01 -5.571749938159321035e-03
8.742593705482157862e-01 4.854261865986440050e-01 -5.654255324332311400e-03
8.730016513628825470e-01 4.876835817358208258e-01 -5.730711702890895973e-03
8.717267256841841894e-01 4.899580222310429001e-01 -5.801070247829967670e-03
8.704353925059110653e-01 4.922477283529069769e-01 -5.865291457822879341e-03
8.691284724936134687e-01 4.945509200536719052e-01 -5.923345074670796455e-03
8.678068069494820902e-01 4.968658198365811796e-01 -5.975209985211829208e-03
8.664712567208079363e-01 4.991906555592595662e-01 -6.020874107317609504e-03
8.651227010541865381e-01 5.015236631676011081e-01 -6.060334260643650446e-03
8.637620363979188198e-01 5.038630893549347345e-01 -6.093596022834901239e-03
8.623901751553313400e-01 5.062071941416369514e-01 -6.120673571919240351e-03
8.610080443919900794e-01 5.085542533707577695e-01 -6.141589515649149497e-03
8.596165845000138805e-01 5.109025611156313706e-01 -6.156374708575397189e-03
8.582167478229029145e-01 5.132504319958566263e-01 -6.165068057656143859e-03
8.568094972444870727e-01 5.155962033984522463e-01 -6.167716317220490498e-03
8.553958047457627112e-01 5.179382376014116662e-01 -6.164373874117079835e-03
8.539766499335262884e-01 5.202749237973066654e-01 -6.155102523885967562e-03
8.525530185448324527e-01 5.226046800150080385e-01 -6.139971238795684759e-03
8.511259009313946189e-01 5.249259549380071999e-01 -6.119055928587232261e-03
8.496962905281133516e-01 5.272372296182346041e-01 -6.092439194762855857e-03
8.482651823099643940e-01 5.295370190846711012e-01 -6.060210079249921632e-03
8.468335712414960526e-01 5.318238738464383664e-01 -6.022463808259182275e-03
8.454024507231829855e-01 5.340963812904371277e-01 -5.979301532142418905e-03
8.439741431223291013e-01 5.363511235584462744e-01 -5.926064410594057870e-03
8.425504399287145896e-01 5.385855388897140550e-01 -5.862909950389340492e-03
8.411331303685175564e-01 5.407971274548529772e-01 -5.790005905967260391e-03
8.397239985030325871e-01 5.429834534070296925e-01 -5.707529795997381104e-03
8.383248203179949343e-01 5.451421467246976293e-01 -5.615668418555741156e-03
8.369373608130302733e-01 5.472709048500922213e-01 -5.514617366580696657e-03
8.355633711005533426e-01 5.493674941284903968e-01 -5.404580545206083379e-03
8.342045855231939866e-01 5.514297510539523106e-01 -5.285769692489295131e-03
8.328627187985345737e-01 5.534555833279288795e-01 -5.158403904966571071e-03
8.315394631996111396e-01 5.554429707377190883e-01 -5.022709169377671812e-03
8.302364857792584596e-01 5.573899658623003850e-01 -4.878917901807920850e-03
8.289554256459813475e-01 5.592946946135329833e-01 -4.727268495398062598e-03
8.276978912986056036e-01 5.611553566211486821e-01 -4.568004877672282582e-03
8.264654580265164974e-01 5.629702254702851905e-01 -4.401376078432745788e-03
8.252596653818282668e-01 5.647376488006092821e-01 -4.227635809065852929e-03
8.240820147293557163e-01 5.664560482762949212e-01 -4.047042054001779438e-03
8.229339668797766016e-01 5.681239194362803779e-01 -3.859856674965370972e-03
8.218169398108920998e-01 5.697398314343300463e-01 -3.666345028553754087e-03
8.207323064814118219e-01 5.713024266784660909e-01 -3.466775597574675138e-03
8.196813927412145429e-01 5.728104203793216165e-01 -3.261419636480103641e-03
8.186654753415701924e-01 5.742626000168991052e-01 -3.050550831132556404e-03
8.176857800483551264e-01 5.756578247350981892e-01 -2.834444973047359900e-03
8.167434798608538271e-01 5.769950246732122867e-01 -2.613379648163097722e-03
8.158396933383198490e-01 5.782732002433805807e-01 -2.387633940105097618e-03
8.149754830360659286e-01 5.794914213627297972e-01 -2.157488147823414474e-03
8.141518540524729231e-01 5.806488266486486971e-01 -1.923223517407547743e-03
8.133697526879494211e-01 5.817446225853126762e-01 -1.685121987805395351e-03
8.126300652165379113e-01 5.827780826692156024e-01 -1.443465950103856379e-03
8.119336167705528684e-01 5.837485465410806595e-01 -1.198538019963234485e-03
8.112811703383494555e-01 5.846554191111089649e-01 -9.506208227372631939e-04
8.106734258750587507e-01 5.854981696840889649e-01 -6.999967907552830148e-04
8.101110195258870439e-01 5.862763310904371972e-01 -4.469479721929001332e-04
8.095945229613631389e-01 5.869894988287690518e-01 -1.917558509123656299e-04
8.091244428237226449e-01 5.876373302251144404e-01 6.529882338603197438e-05
8.087012202834520380e-01 5.882195436134001199e-01 3.239361953951247052e-04
8.083252307048622853e-01 5.887359175413162671e-01 5.838774555379175075e-04
8.079967834194332621e-01 5.891862900051775265e-01 8.448449831586620981e-04
8.077161216055583903e-01 5.895705577168772749e-01 1.106562482335913134e-03
8.074834222732220068e-01 5.898886754055223669e-01 1.368755111100524108e-03
8.072987963520614763e-01 5.901406551558232572e-01 1.631149604851792273e-03
8.071622888811972318e-01 5.903265657848092429e-01 1.893474394770568257e-03
8.070738792991577482e-01 5.904465322579335318e-01 2.155459722029233038e-03
8.070334818321779347e-01 5.905007351451392328e-01 2.416837748595134904e-03
8.070409459791090256e-01 5.904894101169703147e-01 2.677342665416504973e-03
8.070960570911456244e-01 5.904128474803352900e-01 2.936710798768145305e-03
8.071985370445412533e-01 5.902713917530659771e-01 3.194680715518477022e-03
8.073480450044601131e-01 5.900654412759636092e-01 3.450993328059957527e-03
8.075441782780811151e-01 5.897954478605882400e-01 3.705391999621576206e-03
8.077864732550447124e-01 5.894619164706256242e-01 3.957622650655285776e-03
8.080744064333001964e-01 5.890654049342630705e-01 4.207433866957915186e-03
8.084060562837050989e-01 5.886083976127522988e-01 4.450005495556951310e-03
8.087799563941571179e-01 5.880927069512651428e-01 4.685114080294104470e-03
8.091945926781726195e-01 5.875201938923122480e-01 4.912543149959456429e-03
8.096484061945392607e-01 5.868927672078924074e-01 5.132083372304882193e-03
8.101397959959210082e-01 5.862123827921609243e-01 5.343532716503260165e-03
8.106671220014097790e-01 5.854810429062976551e-01 5.546696623730307252e-03
8.112287078879484303e-01 5.847007953674719927e-01 5.741388185457861788e-03
8.118228439954822129e-01 5.838737326740692790e-01 5.927428328961783371e-03
8.124477902406191943e-01 5.830019910596504484e-01 6.104646009464761471e-03
8.131017790335122175e-01 5.820877494684684184e-01 6.272878408254535174e-03
8.137830181926070106e-01 5.811332284457567665e-01 6.431971136041693404e-03
8.144896938518418894e-01 5.801406889364411068e-01 6.581778440748693552e-03
8.152199733548345373e-01 5.791124309863929787e-01 6.722163418853367538e-03
8.159720081305528172e-01 5.780507923408551019e-01 6.852998229346305738e-03
8.167439365449458144e-01 5.769581469352099701e-01 6.974164309302419325e-03
8.175338867230059758e-01 5.758369032738369642e-01 7.085552590013096709e-03
8.183399793357469809e-01 5.746895026934083495e-01 7.187063712576878191e-03
8.191603303466233887e-01 5.735184175076077917e-01 7.278608241803811128e-03
8.199930537119758389e-01 5.723261490309078381e-01 7.360106877251954179e-03
8.208362640301789526e-01 5.711152254797225991e-01 7.431490660183939431e-03
8.216880791342814350e-01 5.698881997499457563e-01 7.492701175207501334e-03
8.225466226230763178e-01 5.686476470705933428e-01 7.543690745346455159e-03
8.234100263257142505e-01 5.673961625339920545e-01 7.584422619278010334e-03
8.242764326951794729e-01 5.661363585036807144e-01 7.614871149468612453e-03
8.251439971261862460e-01 5.648708619019245925e-01 7.635021959943811588e-03
8.260108901933215231e-01 5.636023113794728090e-01 7.644872102438010804e-03
8.268752998055609593e-01 5.623333543709149174e-01 7.644430199687323770e-03
8.277354332736116538e-01 5.610666440397120702e-01 7.633716574653166657e-03
8.285895192868957260e-01 5.598048361176836130e-01 7.612763364495535139e-03
8.294358097973705268e-01 5.585505856444188399e-01 7.581614618152994478e-03
8.302725818077916209e-01 5.573065436127545569e-01 7.540326376431174399e-03
8.310981390624561094e-01 5.560753535271041326e-01 7.488966733552704369e-03
8.319108136389146146e-01 5.548596478820416733e-01 7.427615879178841099e-03
8.327089674396080943e-01 5.536620445691331494e-01 7.356366119976264634e-03
8.334909935828662686e-01 5.524851432205580837e-01 7.275321879871261312e-03
8.342553176931954972e-01 5.513315214985817780e-01 7.184599678207480473e-03
8.350003990912782115e-01 5.502037313404131158e-01 7.084328085102188297e-03
8.357247318846063866e-01 5.491042951684143025e-01 6.974647653379096104e-03
8.364268459601634786e-01 5.480357020760182607e-01 6.855710826542901065e-03
8.371053078810593018e-01 5.470004040000462364e-01 6.727681822351206341e-03
8.377587216894983868e-01 5.460008118904109420e-01 6.590736491633009293e-03
8.383857296189225483e-01 5.450392918884303661e-01 6.445062152098939880e-03
8.389850127186109230e-01 5.441181615251657888e-01 6.290857396986388600e-03
8.395552913944341888e-01 5.432396859513328735e-01 6.128331878482112458e-03
8.400953258698515835e-01 5.424060742104199750e-01 5.957706065965237725e-03
8.406039165715912809e-01 5.416194755666758898e-01 5.779210979214413450e-03
8.410799044447766493e-01 5.408819758996072924e-01 5.593087896823553846e-03
8.415221712025398038e-01 5.401955941765512748e-01 5.399588040170769793e-03
