1.000000000000000000e+00 0.000000000000000000e+00 0.000000000000000000e+00
9.999999996789352696e-01 1.147107191228617678e-05 -2.259544628366630913e-05
9.999999968549582174e-01 4.141906705818474733e-05 -6.763580590728033486e-05
9.999999862117380234e-01 9.679687137571541151e-05 -1.349335708065898783e-04
9.999999578340561524e-01 1.844929704505866115e-04 -2.242646865839632462e-04
9.999998953040953875e-01 3.113201564130382501e-04 -3.353690401093246823e-04
9.999997733815192413e-01 4.840043937687528572e-04 -4.679510046198237082e-04
9.999995552943039545e-01 7.091738604084244207e-04 -6.216800408758810194e-04
9.999991896709258254e-01 9.933481791295876995e-04 -7.961913528213988541e-04
9.999986071478937921e-01 1.342927854026234984e-03 -9.910865961052822866e-04
9.999977166897321412e-01 1.764183925078602593e-03 -1.205934637751308663e-03
9.999964016613385187e-01 2.263247853230621921e-03 -1.440272365214686004e-03
9.999945156951529635e-01 2.846101647200041142e-03 -1.693605543036740945e-03
9.999918783977552739e-01 3.518568242250561320e-03 -1.965409715303983573e-03
9.999882709423532079e-01 4.286302140190704178e-03 -2.255131152133714543e-03
9.999834315951172670e-01 5.154780318974044526e-03 -2.562187838444294520e-03
9.999770512244542386e-01 6.129293419482109706e-03 -2.885970503322637763e-03
9.999687688430819454e-01 7.214937216395213640e-03 -3.225843688372415433e-03
9.999581672331733229e-01 8.416604379516114121e-03 -3.581146853511450647e-03
9.999447687048673705e-01 9.738976531522312158e-03 -3.951195518783054937e-03
9.999280310381110093e-01 1.118651660789789573e-02 -4.335282440850477849e-03
9.999073436570856677e-01 1.276346152474436106e-02 -4.732678822952790694e-03
9.998820240854023877e-01 1.447381516029763032e-02 -5.142635557210824791e-03
9.998513147288150549e-01 1.632134165628753436e-02 -5.564384498279390315e-03
9.998143800304124529e-01 1.830955904576407264e-02 -5.997139767443109351e-03
9.997703040411154429e-01 2.044173321467566626e-02 -6.440099086343883776e-03
9.997180884458308769e-01 2.272087220530808957e-02 -6.892445139604460452e-03
9.996566510828130969e-01 2.514972087066390596e-02 -7.353346965671063266e-03
9.995848249906663652e-01 2.773075588996288393e-02 -7.821961375235145578e-03
9.995013580140013065e-01 3.046618115665122167e-02 -8.297434396606696502e-03
9.994049129950531851e-01 3.335792355159545447e-02 -8.778902747396453640e-03
9.992940685745901330e-01 3.640762911547630598e-02 -9.265495331819216529e-03
9.991673206212114966e-01 3.961665963575588395e-02 -9.756334762853390019e-03
9.990230843036749242e-01 4.298608966493375205e-02 -1.025053890838139616e-02
9.988596968162218870e-01 4.651670398809647222e-02 -1.074722246029076456e-02
9.986754207620186508e-01 5.020899555896304878e-02 -1.124549852533651348e-02
9.984684481948208346e-01 5.406316392469568549e-02 -1.174448023635207838e-02
9.982369053138371306e-01 5.807911416064247961e-02 -1.224328238214986847e-02
9.979788578015392764e-01 6.225645633686700126e-02 -1.274102305417530549e-02
9.976923167888831490e-01 6.659450553876135326e-02 -1.323682530767253396e-02
9.973752454271023193e-01 7.109228246419915798e-02 -1.372981883478912625e-02
9.970255660399529596e-01 7.574851461952948617e-02 -1.421914164669510657e-02
9.966411678250748363e-01 8.056163813621308734e-02 -1.470394176142301133e-02
9.962199150680239867e-01 8.552980022903304558e-02 -1.518337889375582193e-02
9.957596558275854104e-01 9.065086231555286034e-02 -1.565662614310414646e-02
9.952582310462305681e-01 9.592240381483126133e-02 -1.612287167492930384e-02
9.947134840350959628e-01 1.013417266413261519e-01 -1.658132039089158655e-02
9.941232702786781950e-01 1.069058604074281243e-01 -1.703119558253980356e-02
9.934854675006130620e-01 1.126115683451615196e-01 -1.747174056301643505e-02
9.927979859284832287e-01 1.184553539542906875e-01 -1.790222027093932994e-02
9.920587786926270413e-01 1.244334683803905023e-01 -1.832192284034304605e-02
9.912658522914440384e-01 1.305419185224102607e-01 -1.873016113032738295e-02
9.904172770537504888e-01 1.367764758649134826e-01 -1.912627420787389038e-02
9.895111975273690463e-01 1.431326860255539568e-01 -1.950962877715929633e-02
9.885458427223722255e-01 1.496058790034992814e-01 -1.987962054862292896e-02
9.875195361372609559e-01 1.561911801094902907e-01 -2.023567554103838928e-02
9.864307054968715072e-01 1.628835215530886060e-01 -2.057725130990132462e-02
9.852778921319720329e-01 1.696776546574774447e-01 -2.090383809557823380e-02
9.840597599323412936e-01 1.765681626670116966e-01 -2.121495988486747641e-02
9.827751038076087964e-01 1.835494741076295067e-01 -2.151017537990370168e-02
9.814228575932661958e-01 1.906158766553112949e-01 -2.178907886869022037e-02
9.800021013430081362e-01 1.977615314630738197e-01 -2.205130099196876345e-02
9.785120679528992449e-01 2.049804878925835239e-01 -2.229650940162954467e-02
9.769521490677495201e-01 2.122666985924343830e-01 -2.252440930642262210e-02
9.753219002254662762e-01 2.196140348615199522e-01 -2.273474390134896245e-02
9.736210452009815830e-01 2.270163022327970903e-01 -2.292729467777996147e-02
9.718494795175642853e-01 2.344672562101385860e-01 -2.310188161207039209e-02
9.700072730998521298e-01 2.419606180889484481e-01 -2.325836323118370824e-02
9.680946720497030089e-01 2.494900907898014719e-01 -2.339663655463136704e-02
9.661120995328906780e-01 2.570493746335942853e-01 -2.351663691283035346e-02
9.640601557716804715e-01 2.646321829865754816e-01 -2.361833764279524031e-02
9.619396171453326039e-01 2.722322577041639824e-01 -2.370174966289334204e-02
9.597514344075124271e-01 2.798433843036658986e-01 -2.376692092919356972e-02
9.574967300363634859e-01 2.874594067978460399e-01 -2.381393577672174383e-02
9.551767947395404246e-01 2.950742421237801394e-01 -2.384291414968787645e-02
9.527930831427356972e-01 3.026818941044763789e-01 -2.385401072546514123e-02
9.503472086960942367e-01 3.102764668843681073e-01 -2.384741393776772939e-02
9.478409378383436668e-01 3.178521777838975715e-01 -2.382334490508764696e-02
9.452761834634061389e-01 3.254033695229797685e-01 -2.378205627100235184e-02
9.426549977386722290e-01 3.329245217680921742e-01 -2.372383096344995307e-02
9.399795643279568180e-01 3.404102619630209881e-01 -2.364898088048215941e-02
9.372521900754008373e-01 3.478553754088357097e-01 -2.355784551034355995e-02
9.344752962092122139e-01 3.552548145643926736e-01 -2.345079049398689913e-02
9.316514091261408614e-01 3.626037075445168734e-01 -2.332820613831670942e-02
9.287831508189566820e-01 3.698973657989059749e-01 -2.319050588855775530e-02
9.258732290099578321e-01 3.771312909606746588e-01 -2.303812476817165833e-02
9.229244270536863803e-01 3.843011808592464718e-01 -2.287151779469646581e-02
9.199395936716031619e-01 3.914029346979408519e-01 -2.269115837976356381e-02
9.169216325804946388e-01 3.984326574020374823e-01 -2.249753672135750351e-02
9.138734920748945445e-01 4.053866631482784810e-01 -2.229115819613235183e-02
9.107981546218381075e-01 4.122614780916424304e-01 -2.207254175928810569e-02
9.076986265238760065e-01 4.190538423097547316e-01 -2.184221835914863796e-02
9.045779277035047583e-01 4.257607109894522845e-01 -2.160072937317494488e-02
9.014390816590718281e-01 4.323792548837712690e-01 -2.134862507170049925e-02
8.982851056388381217e-01 4.389068600709531420e-01 -2.108646311519649444e-02
8.951190010762832827e-01 4.453411270499552099e-01 -2.081480709036998694e-02
8.919437443259670140e-01 4.516798692094005641e-01 -2.053422508987467338e-02
8.887622777353680892e-01 4.579211107089058985e-01 -2.024528833987839643e-02
8.855775010841568928e-01 4.640630838132926983e-01 -1.994856987919015404e-02
8.823922634183675173e-01 4.701042257213255970e-01 -1.964464329310810359e-02
8.792093553029585173e-01 4.760431749313464023e-01 -1.933408150461462041e-02
8.760315015123352200e-01 4.818787671865049083e-01 -1.901745562501972950e-02
8.728719705801388784e-01 4.875925345550284895e-01 -1.865595645286019164e-02
8.697395664422331585e-01 4.931733985762561945e-01 -1.825066991161922517e-02
8.666431642796839085e-01 4.986107605848870139e-01 -1.780271456573906744e-02
8.635916788712244552e-01 5.038944982680932938e-01 -1.731323674587708153e-02
8.605940329885531925e-01 5.090149595013088168e-01 -1.678340584654416934e-02
8.576591260420093343e-01 5.139629536357861461e-01 -1.621440982588916863e-02
8.547958031634789178e-01 5.187297404277128043e-01 -1.560745093462487243e-02
8.520128248916094549e-01 5.233070168126265909e-01 -1.496374169818128971e-02
8.493188376020101016e-01 5.276869017400791506e-01 -1.428450117317074143e-02
8.467223448024940868e-01 5.318619192920305272e-01 -1.357095149620555011e-02
8.442316793909897532e-01 5.358249803144253809e-01 -1.282431474006641599e-02
8.418549769518600678e-01 5.395693627949517124e-01 -1.204581008921808138e-02
8.396001501453586036e-01 5.430886912212994355e-01 -1.123665134374296493e-02
8.374748642250943176e-01 5.463769151535285973e-01 -1.039804475794231173e-02
8.354865136999333197e-01 5.494282872416447194e-01 -9.531187217161549152e-03
8.336422001399313997e-01 5.522373409154031076e-01 -8.637264753849727833e-03
8.319487111108382349e-01 5.547988679679590751e-01 -7.717451401474501385e-03
8.304125002085733787e-01 5.571078962484808939e-01 -6.772908382690860131e-03
8.290396681539353718e-01 5.591596676714779557e-01 -5.804783626105886746e-03
8.278359448987382407e-01 5.609496167425718216e-01 -4.814211604090441396e-03
8.268066726875982209e-01 5.624733497919520708e-01 -3.802313482355354317e-03
8.259567900147336550e-01 5.637266250979815485e-01 -2.770197570424255858e-03
8.252908164123720081e-01 5.647053340744898620e-01 -1.718960060684578735e-03
8.248128380066471754e-01 5.654054836863465772e-01 -6.496860423671026782e-04
8.245264937781670023e-01 5.658231802490198969e-01 4.365492244243786551e-04
8.244349624676703403e-01 5.659546147590693854e-01 1.538678790656342618e-03
8.245409500722969964e-01 5.657960498939266225e-01 2.655642273384177000e-03
8.248466778848793091e-01 5.653438088108793114e-01 3.786383901981278666e-03
8.253538710372337883e-01 5.645942658668814396e-01 4.929850374717940215e-03
8.260637475185811374e-01 5.635438393725950013e-01 6.084988545822134394e-03
8.269770076518425661e-01 5.621889864858600205e-01 7.250742964150971859e-03
8.280938240235321546e-01 5.605262003414783756e-01 8.426053285615412586e-03
8.294138318771536733e-01 5.585520095056581980e-01 9.609851582542254869e-03
8.309361199952811639e-01 5.562629798345539722e-01 1.080105957423411166e-02
8.326592221116982939e-01 5.536557188068873536e-01 1.199858580410379828e-02
8.345811089119281601e-01 5.507268823904714061e-01 1.320132278991451372e-02
8.366991806980138557e-01 5.474731844913997003e-01 1.440814417484686909e-02
8.390102608113061411e-01 5.438914090225065445e-01 1.561790190832933710e-02
8.415105899250564514e-01 5.399784246142730337e-01 1.682942348679603711e-02
8.441958213365411412e-01 5.357312019764483013e-01 1.804150928575570106e-02
8.470610174059870490e-01 5.311468339021129248e-01 1.925293001574349822e-02
8.501006473064196545e-01 5.262225578875646681e-01 2.046242433585314727e-02
8.533085862643787767e-01 5.209557813211324051e-01 2.166869665957454894e-02
8.566781164858854325e-01 5.153441091717191336e-01 2.287041518855132197e-02
8.602019299747025727e-01 5.093853740834782817e-01 2.406621021057681747e-02
8.638721334604011481e-01 5.030776687565406968e-01 2.525467269861614295e-02
8.676802556615892392e-01 4.964193804651663156e-01 2.643435324782068829e-02
8.716172571144307213e-01 4.894092275342240561e-01 2.760376138733327059e-02
8.756735427978236119e-01 4.820462975626845781e-01 2.876136530310687348e-02
8.798389777838643289e-01 4.743300871491167303e-01 2.990559200691817604e-02
8.840948606770373530e-01 4.662784650102748674e-01 3.099473148711063067e-02
8.884249025657989796e-01 4.579033405170971349e-01 3.202696337551582534e-02
8.928127884562633287e-01 4.492174270528199176e-01 3.300047406893637930e-02
8.972422543210315515e-01 4.402342755358591986e-01 3.391346543643403849e-02
9.016971660422152812e-01 4.309683018731134685e-01 3.476416412164799741e-02
9.061615997552364687e-01 4.214348078049954816e-01 3.555083135906865477e-02
9.106199230213506413e-01 4.116499946611172356e-01 3.627177321398385862e-02
9.150568761833869358e-01 4.016309696140650254e-01 3.692535114731321927e-02
9.194576531929373742e-01 3.913957440976933433e-01 3.750999279900287670e-02
9.238079811401423980e-01 3.809632241450826018e-01 3.802420287731678866e-02
9.280941976712010488e-01 3.703531924986272483e-01 3.846657403646974033e-02
9.323033254455264096e-01 3.595862824491800058e-01 3.883579762182033657e-02
9.364231427655766993e-01 3.486839434709823049e-01 3.913067416046749764e-02
9.404422495090497547e-01 3.376683988321642627e-01 3.935012347572309360e-02
9.443501275062127220e-01 3.265625954745707271e-01 3.949319430667003195e-02
9.481371945351277919e-01 3.153901465690457928e-01 3.955907331891145989e-02
9.517948511544787049e-01 3.041752672604637886e-01 3.954709339966516052e-02
9.553155196571900820e-01 2.929427042180907104e-01 3.945674113948977046e-02
9.586926745071854272e-01 2.817176596987155390e-01 3.928766341401471879e-02
9.619208637151220875e-01 2.705257109099889479e-01 3.903967299189175372e-02
9.649957207150249294e-01 2.593927255273751342e-01 3.871275310954326587e-02
9.679139664202827120e-01 2.483447742682154680e-01 3.830706096885126699e-02
9.706734012620393814e-01 2.374080414591807353e-01 3.782293013036817225e-02
9.732728871429354722e-01 2.266087345478657589e-01 3.726087179156244850e-02
9.757123193716132903e-01 2.159729935049754801e-01 3.662157495664383755e-02
9.779925887755254177e-01 2.055268010405033319e-01 3.590590552124292567e-02
9.801155343185592450e-01 1.952958945160775395e-01 3.511490431125180445e-02
9.820838866731244066e-01 1.853056803773210082e-01 3.424978413008955558e-02
9.839012033111893540e-01 1.755811518561788132e-01 3.331192588219081957e-02
9.855717957831423570e-01 1.661468106056752936e-01 3.230287385232333275e-02
9.871006499455119432e-01 1.570265928307790215e-01 3.122433023016501705e-02
9.884933399771301810e-01 1.482438003715572383e-01 3.007814897721604666e-02
9.897559370873316720e-01 1.398210370813534331e-01 2.886632913844970963e-02
9.908949138687727087e-01 1.317801507261800731e-01 2.759100770404590217e-02
9.919170452813838024e-01 1.241421805147447655e-01 2.625445212709443671e-02
9.928293072732083946e-01 1.169273102543098575e-01 2.485905260135486128e-02
9.936387740491854359e-01 1.101548270185538220e-01 2.340731419912519748e-02
9.943525149913566841e-01 1.038430851121758397e-01 2.190184896316505619e-02
9.949774922148497680e-01 9.800947502530621414e-02 2.034536803864405927e-02
9.955204597147974122e-01 9.267039699068972680e-02 1.874067392148552266e-02
9.959878650217184326e-01 8.784123868959360648e-02 1.709065288851690373e-02
9.963857542384495503e-01 8.353635659960309545e-02 1.539826766281117074e-02
9.967196812820918739e-01 7.976906043969721194e-02 1.366655035480679632e-02
9.969946221011395382e-01 7.655160014569306615e-02 1.189859570653298108e-02
9.972148945823465782e-01 7.389515480242481171e-02 1.009755465284283699e-02
9.973840848051300778e-01 7.180982296769265749e-02 8.266628200264703949e-03
9.975049802443243241e-01 7.030461384660237345e-02 6.409061611202259562e-03
9.975795104655638124e-01 6.938743881268805147e-02 4.528138869013188794e-03
9.976086958018850481e-01 6.906510282321047522e-02 2.627177388220795426e-03
9.975926044454204167e-01 6.934329533908983878e-02 7.095229239890384672e-04
9.975319794266104267e-01 7.020375134613916768e-02 -1.176377155698980119e-03
9.974262492392413915e-01 7.163597202957164289e-02 -3.027453692248831436e-03
9.972739949402312787e-01 7.362844097997467419e-02 -4.840706707393864147e-03
9.970730183033594818e-01 7.616864510085696871e-02 -6.613210294260141002e-03
9.968204160614818621e-01 7.924309570371435019e-02 -8.342117662195265224e-03
9.965126595521038855e-01 8.283735025752829439e-02 -1.002466635222682562e-02
9.961456790439917608e-01 8.693603527901593020e-02 -1.165818362807571548e-02
9.957149519870355237e-01 9.152287085511054410e-02 -1.324009203553742908e-02
9.952155943944747118e-01 9.658069728004296806e-02 -1.476791511102825728e-02
9.946424545366820968e-01 1.020915042662524086e-01 -1.623928320844094178e-02
9.939902080999385436e-01 1.080364631516900764e-01 -1.765193940242967829e-02
9.932534539431168152e-01 1.143959624766719696e-01 -1.900374541610284906e-02
9.924268095710463422e-01 1.211496472423478910e-01 -2.029268751208478105e-02
9.915050054367058330e-01 1.282764620914060294e-01 -2.151688227823773600e-02
9.904829771863599142e-01 1.357546985714045973e-01 -2.267458223320905839e-02
9.893559549732960923e-01 1.435620465539215740e-01 -2.376418117255256826e-02
9.881195489877201421e-01 1.516756497905435985e-01 -2.478421917359798637e-02
9.867698303832185269e-01 1.600721654917398040e-01 -2.573338717659664696e-02
9.853034068243000654e-01 1.687278277191507081e-01 -2.661053106099999649e-02
9.837174919349072066e-01 1.776185142880902790e-01 -2.741465513902567597e-02
9.820099679941275417e-01 1.867198167874171144e-01 -2.814492499388079189e-02
9.801794413019951913e-01 1.960071132406162042e-01 -2.880066959704068175e-02
9.782252897242851297e-01 2.054556428570369353e-01 -2.938138264767315225e-02
9.761477020192796950e-01 2.150405822576470227e-01 -2.988672308745786432e-02
9.739477086500639702e-01 2.247371225070109724e-01 -3.031651475544348134e-02
9.716272038911837328e-01 2.345205462437959798e-01 -3.067074515994408848e-02
9.691889591464830644e-01 2.443663041769041366e-01 -3.094956335750839033e-02
9.666366275035226385e-01 2.542500902038949406e-01 -3.115327694239170345e-02
9.639747396570008675e-01 2.641479144128662249e-01 -3.128234816340608876e-02
9.612086914369092350e-01 2.740361732481685353e-01 -3.133738919820541063e-02
9.583447232746961086e-01 2.838917161536146372e-01 -3.131915662767989494e-02
9.553898920305803344e-01 2.936919080532242043e-01 -3.122854516490997101e-02
9.523520356856608471e-01 3.034146870877055258e-01 -3.106658070381328185e-02
9.492397314721805479e-01 3.130386170932364931e-01 -3.083441276199911860e-02
9.460622480731051276e-01 3.225429343858725595e-01 -3.053330640025047824e-02
9.428294925672728866e-01 3.319075884981300684e-01 -3.016463370735986138e-02
9.395519528283224897e-01 3.411132766019442930e-01 -2.972986494367273885e-02
9.362406361043085212e-01 3.501414714422352303e-01 -2.923055943961074682e-02
9.329070045106100384e-01 3.589744426957333090e-01 -2.866835634666958441e-02
9.295629081619695144e-01 3.675952717586345453e-01 -2.804496533797060445e-02
9.262205166511028320e-01 3.759878600523307579e-01 -2.736215735348457995e-02
9.228922495523580460e-01 3.841369310173667340e-01 -2.662175548166745287e-02
9.195907065906331335e-01 3.920280260406014405e-01 -2.582562606460377802e-02
9.163285980695968780e-01 3.996474946282478347e-01 -2.497567010801565734e-02
9.131186761006945263e-01 4.069824791972391775e-01 -2.407381507084788153e-02
9.099736671170025604e-01 4.140208949086943702e-01 -2.312200710177386362e-02
9.069062060952743920e-01 4.207514050098535296e-01 -2.212220378207194887e-02
9.039287728470001282e-01 4.271633921846931248e-01 -2.107636742608175184e-02
9.010536306764105330e-01 4.332469264386832331e-01 -1.998645898203850815e-02
8.982927676414224072e-01 4.389927300601840776e-01 -1.885443256765849396e-02
8.956528718417886559e-01 4.444013498705247645e-01 -1.770243979668274792e-02
8.931423519385500720e-01 4.494701647523098309e-01 -1.653218278279518921e-02
8.907691222088132132e-01 4.541969775923404562e-01 -1.534533430102610375e-02
8.885405800771216667e-01 4.585799828455981997e-01 -1.414353700622683618e-02
8.864635864787572261e-01 4.626177352063150505e-01 -1.292840308528991726e-02
8.845444489213601935e-01 4.663091196575652186e-01 -1.170151431541455178e-02
8.827889071034050739e-01 4.696533231426555099e-01 -1.046442249853882234e-02
8.812021209440589198e-01 4.726498080735255791e-01 -9.218650240311876409e-03
8.797886608784835083e-01 4.752982878637067587e-01 -7.965692040624961640e-03
8.785525002753794555e-01 4.775987046463766594e-01 -6.707015661720962078e-03
8.774970098391572382e-01 4.795512093118714514e-01 -5.444063739218706933e-03
8.766249538671876396e-01 4.811561439738019641e-01 -4.178255600982272271e-03
8.759384882427635466e-01 4.824140269487415811e-01 -2.910989258599795335e-03
8.754391600563241616e-01 4.833255403113329018e-01 -1.643643536276847552e-03
8.751279087607838347e-01 4.838915200645879655e-01 -3.775803021652968799e-04
8.750050687811194994e-01 4.841129489440809119e-01 8.858532324869789181e-04
8.750703735133494865e-01 4.839909518545813527e-01 2.145322180489688153e-03
8.753229606633511350e-01 4.835267939183569008e-01 3.399501645692437103e-03
8.757613788912936847e-01 4.827218810957768502e-01 4.647074422627212043e-03
8.763835957424959133e-01 4.815777633208694897e-01 5.886728760861574192e-03
8.771870068599583181e-01 4.800961400770081267e-01 7.117156225248893672e-03
8.781684464873930063e-01 4.782788683208267777e-01 8.337049682313581525e-03
8.793241992840005183e-01 4.761279726457040562e-01 9.545101441971962780e-03
8.806500134832816462e-01 4.736456575596337815e-01 1.074000158265458159e-02
8.821411154375712327e-01 4.708343217359737820e-01 1.192043648665170111e-02
8.837922255975262376e-01 4.676965740794104542e-01 1.308508761113641970e-02
8.855975759812784176e-01 4.642352514335065239e-01 1.423263051881305981e-02
8.875509291911887200e-01 4.604534377404561063e-01 1.536173419047521214e-02
8.896455990369471767e-01 4.563544844482352869e-01 1.647106063992059138e-02
8.918744728220099338e-01 4.519420319453231194e-01 1.755926484964176124e-02
8.942300353459389228e-01 4.472200317887323751e-01 1.862499504347749427e-02
8.967043946680327560e-01 4.421927694774196449e-01 1.966689330995596494e-02
8.992893096676617404e-01 4.368648875104646501e-01 2.068359658737851242e-02
9.019762194239516750e-01 4.312414084579739848e-01 2.167373801877589892e-02
9.047562744219357356e-01 4.253277577627544437e-01 2.263594868171762975e-02
9.076203695741170696e-01 4.191297859827196048e-01 2.356885969457465577e-02
9.105591790257003826e-01 4.126537901780534257e-01 2.447110469723898576e-02
9.135631926887666232e-01 4.059065341436781105e-01 2.534132270051040609e-02
9.166227544256546622e-01 3.988952671868784550e-01 2.617816129439762968e-02
9.197281017750997822e-01 3.916277411523219065e-01 2.698028020148481032e-02
9.228694070866529930e-01 3.841122254024634808e-01 2.774635515732741878e-02
9.260368199000169609e-01 3.763575194706760829e-01 2.847508209561583001e-02
9.292205103766785212e-01 3.683729631175950980e-01 2.916518161163872760e-02
9.324107135621501063e-01 3.601684435382431770e-01 2.981540367345714496e-02
9.355977742288341670e-01 3.517543994885731218e-01 3.042453254623398579e-02
9.387721920226180794e-01 3.431418221251141820e-01 3.099139189142790032e-02
9.419246666114163835e-01 3.343422523803279423e-01 3.151484999913144180e-02
9.450461425116453151e-01 3.253677747288764022e-01 3.199382510878922420e-02
9.481278532496562050e-01 3.162310072359801327e-01 3.242729077094813617e-02
9.511613645000590589e-01 3.069450878180061126e-01 3.281428120064080328e-02
9.541386158321797373e-01 2.975236566868826316e-01 3.315389657155171782e-02
9.570519606900864673e-01 2.879808349933146161e-01 3.344530819931993554e-02
9.598942042310931733e-01 2.783311997284045325e-01 3.368776356224061769e-02
9.626586386526874151e-01 2.685897549884427304e-01 3.388059110827348203e-02
9.653390756486349700e-01 2.587718997525351727e-01 3.402320479867013137e-02
9.679298756516413471e-01 2.488933923665657133e-01 3.411510834069728104e-02
9.704259735423413913e-01 2.389703119689144395e-01 3.415589906484690907e-02
9.728229005323478784e-01 2.290190171325446611e-01 3.414527140555632251e-02
9.751168019622890037e-01 2.190561020337366827e-01 3.408301994876382357e-02
9.773044507937529435e-01 2.090983504891415212e-01 3.396904201453426059e-02
9.793832566162575803e-01 1.991626882292866774e-01 3.380333974842310296e-02
9.813512700361003427e-01 1.892661337976174751e-01 3.358602170111410490e-02
9.832071823624467521e-01 1.794257484791429713e-01 3.331730388205784293e-02
9.849503205564477115e-01 1.696585856714464269e-01 3.299751027924200525e-02
9.865806374606513884e-01 1.599816401130267629e-01 3.262707284371783173e-02
9.880986973775847115e-01 1.504117973796163521e-01 3.220653094396704053e-02
9.895056571172107240e-01 1.409657840483756475e-01 3.173653030149585497e-02
9.908032426821405947e-01 1.316601189129488758e-01 3.121782142506752955e-02
9.919937218061545270e-01 1.225110656096646405e-01 3.065125756661931516e-02
9.930798726049991920e-01 1.135345869871994123e-01 3.003779222704999752e-02
9.940649486379073974e-01 1.047463015194185360e-01 2.937847624461987009e-02
9.949526407132497363e-01 9.616144202459209200e-02 2.867445450259921771e-02
9.957470358017317391e-01 8.779481691454804615e-02 2.792696229597439045e-02
9.964525734452586159e-01 7.966077415542029139e-02 2.713732139942928029e-02
9.970740000687977611e-01 7.177316807834990819e-02 2.630693588043993628e-02
9.976163216162106107e-01 6.414532913468463937e-02 2.543728770214415819e-02
9.980847549391337337e-01 5.679003664675792012e-02 2.452993216068706517e-02
9.984846783707406193e-01 4.971949456304007586e-02 2.358649320102504734e-02
9.988215819138571705e-01 4.294531018611077305e-02 2.260865865373647143e-02
9.991010174658009335e-01 3.647847580420113950e-02 2.159817543329396738e-02
9.993285494908804578e-01 3.032935312260993596e-02 2.055684473556695230e-02
9.995097065362085198e-01 2.450766036063033865e-02 1.948651726912101895e-02
9.996499339678662777e-01 1.902246185315183136e-02 1.838908855124585934e-02
9.997545482830400010e-01 1.388215997414094308e-02 1.726649429566396582e-02
9.998286933300724044e-01 9.094489181967662164e-03 1.612070591463868677e-02
9.998772987429533909e-01 4.666511974141429771e-03 1.495372615380368905e-02
9.999050408701181114e-01 6.046165314657772974e-04 1.376758487356571220e-02
9.999163064499783093e-01 -3.085484171163182902e-03 1.256433498647551404e-02
9.999151592577998349e-01 -6.398752008261369625e-03 1.134604855559986393e-02
9.999053099207088069e-01 -9.330822316305428799e-03 1.011481305473665472e-02
9.998900890700543886e-01 -1.187800167978033186e-02 8.872727787365317434e-03
9.998724239733104424e-01 -1.403726508116729180e-02 7.621900457577972937e-03
9.998548187613326421e-01 -1.580625258797144911e-02 6.364443882947675921e-03
9.998393383412100821e-01 -1.718326572965311883e-02 5.102472836405061787e-03
9.998275960602170942e-01 -1.816726369466013791e-02 3.838101001751865592e-03
9.998207451624835373e-01 -1.875785945314495037e-02 2.573438025469173586e-03
9.998194740569248395e-01 -1.895531588488423569e-02 1.310586646001643324e-03
9.998240053926310544e-01 -1.876054196490375969e-02 5.163988073032419954e-05
9.998340989162088910e-01 -1.817508903184915023e-02 -1.201321749607787287e-03
9.998490580643908388e-01 -1.720114713673331214e-02 -2.446232979236944577e-03
9.998678384241965755e-01 -1.583007336182491037e-02 -3.703639338168569859e-03
9.998888196925899141e-01 -1.405831876412898251e-02 -4.971365199745680225e-03
9.999098803475789943e-01 -1.188301426383302911e-02 -6.247221309028348768e-03
9.999283924035123894e-01 -9.301979003495785409e-03 -7.529007666397068491e-03
9.999412202366967373e-01 -6.313728907745870880e-03 -8.814516469656910255e-03
9.999447235609288942e-01 -2.917485394294953936e-03 -1.010153513836790223e-02
9.999347646088160291e-01 8.868158448534719032e-04 -1.138784944380964205e-02
9.999067195496896820e-01 5.098516104933322433e-03 -1.267124676706924205e-02
9.998554941483553948e-01 9.716225116723341271e-03 -1.394951950621526986e-02
9.997755436407519403e-01 1.473781285545491294e-02 -1.522046865138965664e-02
9.996608967727602657e-01 2.016040191197377568e-02 -1.648190754392788934e-02
9.995051839168874741e-01 2.598036065306204290e-02 -1.773166583232891821e-02
9.993016691484214453e-01 3.219329741988179172e-02 -1.896759363407511667e-02
9.990432861280326149e-01 3.879405603175765244e-02 -2.018756590799543338e-02
9.987226776019147989e-01 4.577671287640402292e-02 -2.138948703712989854e-02
9.983322382937044326e-01 5.313457587669891125e-02 -2.257129561696013045e-02
9.978641609249944144e-01 6.086018562774538065e-02 -2.373096943849976187e-02
9.973104850637408703e-01 6.894531899585375212e-02 -2.486653065018228428e-02
9.966631484628188931e-01 7.738099546292148689e-02 -2.597605107684308398e-02
9.959140405150482822e-01 8.615748648528744058e-02 -2.705765766847735912e-02
9.950550574168863793e-01 9.526432811541499235e-02 -2.810953804598220057e-02
9.940781586014256765e-01 1.046903371077660683e-01 -2.912994610588039157e-02
9.929754239731056753e-01 1.144236306971585515e-01 -3.011720764119762278e-02
9.917391114524450879e-01 1.244516501990903246e-01 -3.106972593134524341e-02
9.903617143198831796e-01 1.347611885374528917e-01 -3.198598725016464639e-02
9.888360178342124884e-01 1.453384217563805370e-01 -3.286456623832601648e-02
9.871551545937412575e-01 1.561689445204637872e-01 -3.370413108414210823e-02
9.853126581078042179e-01 1.672378095521041830e-01 -3.450344845564103091e-02
9.833025140529799701e-01 1.785295708974207751e-01 -3.526138812650685822e-02
9.811192087026679998e-01 1.900283308539479910e-01 -3.597692723928995473e-02
9.787577740406604443e-01 2.017177903355674151e-01 -3.664915415113301905e-02
9.762138290989749168e-01 2.135813023939078792e-01 -3.727727181015352137e-02
9.734836170972608338e-01 2.256019285620463055e-01 -3.786060061454141895e-02
9.705640380051449023e-01 2.377624976369382692e-01 -3.839858071132103839e-02
9.674526761993369472e-01 2.500456664727241374e-01 -3.889077369750970625e-02
9.641478229434053970e-01 2.624339823189233978e-01 -3.933686369298268481e-02
9.606484934789198959e-01 2.749099462064426569e-01 -3.973665776160092977e-02
9.569544385810827558e-01 2.874560768610197603e-01 -4.009008566493498654e-02
9.530661504988559019e-01 3.000549746087649572e-01 -4.039719894106906517e-02
9.489848632676936013e-01 3.126893847321987052e-01 -4.065816930932875106e-02
9.447125474510217336e-01 3.253422597377685910e-01 -4.087328641017265451e-02
9.402518994332730307e-01 3.379968200071867823e-01 -4.104295489775103972e-02
9.356063254513441452e-01 3.506366123247856015e-01 -4.116769091059575836e-02
9.307799206115893176e-01 3.632455658009545729e-01 -4.124811795340749265e-02
9.257774431948351257e-01 3.758080447469332452e-01 -4.128496222980387181e-02
9.206042846014319547e-01 3.883088980979554350e-01 -4.127904747205816266e-02
9.152664353312609524e-01 4.007335050290065648e-01 -4.123128931918619566e-02
9.097704474292682697e-01 4.130678164591954360e-01 -4.114268929914565581e-02
9.041233938550680138e-01 4.252983921958136126e-01 -4.101432847433762741e-02
8.983328252552001958e-01 4.374124335263807062e-01 -4.084736081201165853e-02
8.924067246286956356e-01 4.493978111251766827e-01 -4.064300634256428485e-02
8.863534603808213008e-01 4.612430881987908404e-01 -4.040254416910222385e-02
8.801817382565566561e-01 4.729375388519880263e-01 -4.012730539105418409e-02
8.739005526349392650e-01 4.844711617097058332e-01 -3.981866600311691901e-02
8.675191376485006378e-01 4.958346888823595422e-01 -3.947803982848856197e-02
8.610469185692892768e-01 5.070195904090817329e-01 -3.910687154226442225e-02
8.544934638752154088e-01 5.180180743564338774e-01 -3.870662983714883570e-02
8.478684383784875767e-01 5.288230827880106011e-01 -3.827880077937892422e-02
8.411815577626016172e-01 5.394282838528806634e-01 -3.782488139807459876e-02
8.344425448365541120e-01 5.498280602677694251e-01 -3.734637354623612099e-02
8.276610877755328222e-01 5.600174944892336582e-01 -3.684477806641718589e-02
8.208468005770983567e-01 5.699923508878610434e-01 -3.632158928881237814e-02
8.140091859215643488e-01 5.797490552469333203e-01 -3.577828988421224987e-02
8.071576005856071490e-01 5.892846719132827094e-01 -3.521634608908629643e-02
8.003012235196906854e-01 5.985968789286016944e-01 -3.463720331503306049e-02
7.934490266632122646e-01 6.076839414656511895e-01 -3.404228215005588448e-02
7.866097485367952169e-01 6.165446838861072809e-01 -3.343297475463894580e-02
7.797918706192246141e-01 6.251784607256891668e-01 -3.281064165145618217e-02
7.730035964874071297e-01 6.335851268982161111e-01 -3.217660890377896377e-02
7.662528336716131205e-01 6.417650073938695465e-01 -3.153216567427973710e-02
7.595471781552314283e-01 6.497188667286707409e-01 -3.087856215297078363e-02
7.528939014283665410e-01 6.574478783825142836e-01 -3.021700784047293142e-02
7.462999399878065265e-01 6.649535944424623812e-01 -2.954867017067392201e-02
7.397718871620992953e-01 6.722379156468216710e-01 -2.887467345509836872e-02
7.333159871295710230e-01 6.793030620041675682e-01 -2.819609812995294701e-02
7.269381309889367815e-01 6.861515441402815663e-01 -2.751398028580967492e-02
7.206438547364955038e-01 6.927861355052100656e-01 -2.682931145922060404e-02
7.144383390005586421e-01 6.992098455525895817e-01 -2.614303866519062172e-02
7.083264103825096525e-01 7.054258939842051879e-01 -2.545606464934122015e-02
7.023125442544908559e-01 7.114376861346224379e-01 -2.476924833874602147e-02
6.964008688659435453e-01 7.172487895537779101e-01 -2.408340547077765514e-02
6.905951706148462099e-01 7.228629118297126288e-01 -2.339930937984499928e-02
6.848989003442895740e-01 7.282838796792424629e-01 -2.271769192259033565e-02
6.793151805307847679e-01 7.335156193213063780e-01 -2.203924452293001476e-02
6.738468132372249508e-01 7.385621381360119031e-01 -2.136461931923382129e-02
6.684962887105261320e-01 7.434275076019938311e-01 -2.069443039692338976e-02
6.632657945115029152e-01 7.481158474955736937e-01 -2.002925509080700703e-02
6.581572250723296547e-01 7.526313113273038757e-01 -1.936963534253762290e-02
6.531721915848761606e-01 7.569780729847379597e-01 -1.871607909966538363e-02
6.483120321311630629e-01 7.611603145446138585e-01 -1.806906174384073291e-02
6.435778219750696305e-01 7.651822152129970078e-01 -1.742902753679617320e-02
6.389703839421486675e-01 7.690479413482181892e-01 -1.679639107378319562e-02
6.344902988219015549e-01 7.727616375185799580e-01 -1.617153873515698656e-02
6.301379157340751824e-01 7.763274185447098796e-01 -1.555483012777793793e-02
6.259133624074285640e-01 7.797493624750292396e-01 -1.494659950883029005e-02
6.218165553259343836e-01 7.830315044420034232e-01 -1.434715718554023522e-02
6.178472097035178079e-01 7.861778313465693779e-01 -1.375679088510571579e-02
6.140048492541695380e-01 7.891922773183274176e-01 -1.317576708992620679e-02
6.102888157295948135e-01 7.920787198996714906e-01 -1.260433233394223952e-02
6.066982782014801456e-01 7.948409769029515237e-01 -1.204271445656137675e-02
6.032322420699687271e-01 7.974828038909583805e-01 -1.149112381126055071e-02
5.998895577840501758e-01 8.000078922324460606e-01 -1.094975442651544874e-02
5.966689292633007291e-01 8.024198676860068158e-01 -1.041878511721783425e-02
5.935689220137659872e-01 8.047222894673546900e-01 -9.898380545203363384e-03
5.905879709337856776e-01 8.069186497569138528e-01 -9.388692227928169959e-03
5.877243878082254458e-01 8.090123736065154558e-01 -8.889859494704697301e-03
5.849763684919374596e-01 8.110068192059564085e-01 -8.402010390238898174e-03
5.823419997853244157e-01 8.129052784721366720e-01 -7.925262525504579714e-03
5.798192660066662230e-01 8.147109779254516626e-01 -7.459723876249386119e-03
5.774060552673911939e-01 8.164270798200519152e-01 -7.005493529653322726e-03
5.751001654577653222e-01 8.180566834964833056e-01 -6.562662379857696869e-03
5.728993099515451437e-01 8.196028269270720923e-01 -6.131313773252457938e-03
5.708011230390165336e-01 8.210684884262131611e-01 -5.711524104555762427e-03
5.688031650985372334e-01 8.224565884994493592e-01 -5.303363364843613828e-03
5.669029275172355886e-01 8.237699918068914773e-01 -4.906895642791873208e-03
5.650978373719033332e-01 8.250115092181127263e-01 -4.522179580480038472e-03
5.633852618813789404e-01 8.261838999371673431e-01 -4.149268785177892549e-03
5.617625126418549497e-01 8.272898736778174777e-01 -3.788212198594314607e-03
5.602268496565786515e-01 8.283320928704164254e-01 -3.439054425113966581e-03
5.587754851713613302e-01 8.293131748831831240e-01 -3.101836020583714163e-03
5.574055873271729356e-01 8.302356942418217534e-01 -2.776593743238007540e-03
5.561142836408953238e-01 8.311021848325860217e-01 -2.463360768372252485e-03
5.548986643250423123e-01 8.319151420749724135e-01 -2.162166868386644365e-03
5.537557854569388205e-01 8.326770250512449678e-01 -1.873038559831010155e-03
5.526826720074929922e-01 8.333902585809579433e-01 -1.595999219084789878e-03
5.516763207393016177e-01 8.340572352295492209e-01 -1.331069168306211244e-03
5.507337029834068476e-01 8.346803172409351657e-01 -1.078265733281617844e-03
5.498517673035794306e-01 8.352618383848493533e-01 -8.376032748003826682e-04
5.490274420565403046e-01 8.358041057104379501e-01 -6.090931951733533946e-04
5.482576378560620745e-01 8.363094011983545073e-01 -3.927439215037456283e-04
5.475392499484119657e-01 8.367799833042977031e-01 -1.885608673091237412e-04
5.468691605061156702e-01 8.372180883876012558e-01 3.453625918173135710e-06
5.462442408465412180e-01 8.376259320191286051e-01 1.833003656368851456e-04
5.456613535813255034e-01 8.380057101633434646e-01 3.509834021064865868e-04
5.451173547021982424e-01 8.383596002300253147e-01 5.065101376116081444e-04
5.446090956082990653e-01 8.386897619916829916e-01 6.498914495262267778e-04
5.441334250796397987e-01 8.389983383632861891e-01 7.811418256973391228e-04
5.436871912009327845e-01 8.392874560414917973e-01 9.002795106432359522e-04
5.432672432395952988e-01 8.395592260010883434e-01 1.007326661077709729e-03
5.428704334813441168e-01 8.398157438469213698e-01 1.102309509288656921e-03
5.424936190264231239e-01 8.400590900200953781e-01 1.185258532917727323e-03
5.421336635491531553e-01 8.402913298577751045e-01 1.256208629707091353e-03
5.417874390231665060e-01 8.405145135064335804e-01 1.315199295800188566e-03
5.414518274143813592e-01 8.407306756889144639e-01 1.362274806205687619e-03
5.411237223434908206e-01 8.409418353261943757e-01 1.397484396058001985e-03
5.408000307194853473e-01 8.411499950152449001e-01 1.420882441333741735e-03
5.404776743454956511e-01 8.413571403649068303e-01 1.432528637711630434e-03
5.401535914980359898e-01 8.415652391921978337e-01 1.432488176293846699e-03
5.398247384805473503e-01 8.417762405819787519e-01 1.420831914939610623e-03
5.394880911519827071e-01 8.419920738134050175e-01 1.397636543997299958e-03
5.391406464310435354e-01 8.422146471570841619e-01 1.362984745259557652e-03
5.387794237765672900e-01 8.424458465473468882e-01 1.316965343006892440e-03
5.384014666444801867e-01 8.426875341345198001e-01 1.259673446049221429e-03
5.380038439216624502e-01 8.429415467225569447e-01 1.191210579721796448e-03
5.375836513370304548e-01 8.432096940978444088e-01 1.111684806841996363e-03
5.371380128501133111e-01 8.434937572554396246e-01 1.021210836686605675e-03
5.366640820173946835e-01 8.437954865294329254e-01 9.199101211054406917e-04
5.361590433366979491e-01 8.441165996345354472e-01 8.079109369464696367e-04
5.356201135699160121e-01 8.444587796263878232e-01 6.853484540299174073e-04
5.350445430444226158e-01 8.448236727884599340e-01 5.523647879740697410e-04
5.344296169335464031e-01 8.452128864537586939e-01 4.091090372436015973e-04
5.337726565165457071e-01 8.456279867698882624e-01 2.557373038620004702e-04
5.330710204185815648e-01 8.460704964163026087e-01 9.241269730297311646e-05
5.323221058312538334e-01 8.465418922828620296e-01 -8.069467884864558777e-05
5.315233497143334596e-01 8.470436031190413662e-01 -2.634077577982105829e-04
5.306722299793926734e-01 8.475770071633458302e-01 -4.555425582568889279e-04
5.297662666561046008e-01 8.481434297626618823e-01 -6.569082511424086199e-04
5.288030230420465161e-01 8.487441409914082691e-01 -8.673072443531763603e-04
5.277801068369030180e-01 8.493803532804533596e-01 -1.086535285620374809e-03
5.266951712620149273e-01 8.500532190658272036e-01 -1.314381583358342851e-03
5.255459161662677792e-01 8.507638284672817131e-01 -1.550628945348864586e-03
5.243300891193450886e-01 8.515132070067373826e-01 -1.795053935010303137e-03
5.230454864933964387e-01 8.523023133765997850e-01 -2.047427044918210745e-03
5.216899545341810995e-01 8.531320372678344865e-01 -2.307512887160456053e-03
5.202613904227445518e-01 8.540031972675520278e-01 -2.575070400027478206e-03
5.187577433286698625e-01 8.549165388356801953e-01 -2.849853070457342499e-03
5.171770154559141019e-01 8.558727323700840994e-01 -3.131609171576264523e-03
5.155172630821955870e-01 8.568723713692383281e-01 -3.420082014598583263e-03
5.137765975928350048e-01 8.579159707012623537e-01 -3.715010214276155340e-03
5.119531865098811974e-01 8.590039649877981853e-01 -4.016127967016262616e-03
5.100452545172609042e-01 8.601367071108400042e-01 -4.323165340719700191e-03
5.080510844825908423e-01 8.613144668502230594e-01 -4.635848575327154546e-03
5.059690184761738152e-01 8.625374296590423429e-01 -4.953900393002628501e-03
5.037974587875752031e-01 8.638056955838031570e-01 -5.277040316827877504e-03
5.015348689400382920e-01 8.651192783356078664e-01 -5.604984996831956744e-03
4.991797747028519083e-01 8.664781045181606522e-01 -5.937448542135265184e-03
4.967307651016309444e-01 8.678820130178205305e-01 -6.274142857948316471e-03
4.941864934263123232e-01 8.693307545603654596e-01 -6.614777986132048052e-03
4.915456782365076882e-01 8.708239914385381697e-01 -6.959062447999098990e-03
4.888071043636912916e-01 8.723612974138409415e-01 -7.306703588014307714e-03
4.859696239095389059e-01 8.739421577954271658e-01 -7.657407917037973959e-03
4.830321572395741558e-01 8.755659696983099094e-01 -8.010881453747268136e-03
4.799936939711236805e-01 8.772320424824751051e-01 -8.366830062869711621e-03
4.768532939544333216e-01 8.789395983738474971e-01 -8.724959788868062033e-03
4.736100882456585892e-01 8.806877732674232018e-01 -9.084977183728103201e-03
4.702632800703122062e-01 8.824756177122506928e-01 -9.446589627520023819e-03
4.668121457756350678e-01 8.843020980773156348e-01 -9.809505640430000312e-03
4.632560357702516507e-01 8.861660978967725866e-01 -1.017343518499147503e-02
4.595943754493837519e-01 8.880664193923680783e-01 -1.053808995728515094e-02
4.558266661038223311e-01 8.900017851703159177e-01 -1.090318366592292823e-02
4.519573729219372726e-01 8.919684923292605649e-01 -1.125825560974047686e-02
4.479889370418613792e-01 8.939638040803637997e-01 -1.160326945835939323e-02
4.439238260199067643e-01 8.959850013230753474e-01 -1.193820292954861188e-02
4.397645314461960941e-01 8.980293876901938033e-01 -1.226304745405624140e-02
4.355135664988111222e-01 9.000942943740837254e-01 -1.257780781082666437e-02
4.311734634439676750e-01 9.021770847241423752e-01 -1.288250173487846643e-02
4.267467710901439726e-01 9.042751586069671665e-01 -1.317715950016607948e-02
4.222360522044377729e-01 9.063859565220308001e-01 -1.346182347978097313e-02
4.176438808997061103e-01 9.085069634670239758e-01 -1.373654768586705585e-02
4.129728400012482870e-01 9.106357125483586223e-01 -1.400139729162989781e-02
4.082255184019284999e-01 9.127697883336371998e-01 -1.425644813781110944e-02
4.034045084146982152e-01 9.149068299441714958e-01 -1.450178622597808609e-02
3.985124031314746795e-01 9.170445338868735696e-01 -1.473750720094609001e-02
3.935517937972578539e-01 9.191806566260346534e-01 -1.496371582460499956e-02
3.885252672082324388e-01 9.213130168966482403e-01 -1.518052544336771087e-02
3.834354031424025422e-01 9.234394977620162814e-01 -1.538805745139208356e-02
3.782847718310514140e-01 9.255580484193973723e-01 -1.558644075165420244e-02
3.730759314790095815e-01 9.276666857584089376e-01 -1.577581121686862792e-02
3.678114258413581195e-01 9.297634956777786064e-01 -1.595631115216208581e-02
3.624937818637931075e-01 9.318466341668522057e-01 -1.612808876131159933e-02
3.571255073934389568e-01 9.339143281589999956e-01 -1.629129761825752476e-02
3.517090889664264419e-01 9.359648761647256787e-01 -1.644609614549697590e-02
3.462469896780524525e-01 9.379966486928665859e-01 -1.659264710085488204e-02
3.407416471408172276e-01 9.400080884687823657e-01 -1.673111707401924234e-02
3.351954715350958236e-01 9.419977104588643790e-01 -1.686167599411479354e-02
3.296108437566520610e-01 9.439641017110566024e-01 -1.698449664947628349e-02
3.239901136646446411e-01 9.459059210213679458e-01 -1.709975422066948442e-02
3.183355984332175703e-01 9.478218984365741617e-01 -1.720762582769592638e-02
3.126495810092103644e-01 9.497108346034576210e-01 -1.730829009220646864e-02
3.069343086779732777e-01 9.515715999750228304e-01 -1.740192671544026071e-02
3.011919917387343992e-01 9.534031338841495451e-01 -1.748871607249960491e-02
2.954248022904399917e-01 9.552044434951174612e-01 -1.756883882346852929e-02
2.896348731284815181e-01 9.569746026433516572e-01 -1.764247554178370939e-02
2.838242967522356941e-01 9.587127505736058319e-01 -1.770980636017141160e-02
2.779951244828776646e-01 9.604180905866231965e-01 -1.777101063437341519e-02
2.721493656904881431e-01 9.620898886040949449e-01 -1.782626662479898372e-02
2.662889871290599064e-01 9.637274716614818715e-01 -1.787575119615884833e-02
2.604159123776234597e-01 9.653302263379768267e-01 -1.791963953506126375e-02
2.545320213853534685e-01 9.668975971325675101e-01 -1.795810488547935554e-02
2.486391501181892116e-01 9.684290847948190395e-01 -1.799131830193356416e-02
2.427390903042044024e-01 9.699242446186334687e-01 -1.801944842017272688e-02
2.368335892746928628e-01 9.713826847068633974e-01 -1.804266124508244890e-02
2.309243498976984166e-01 9.728040642142657957e-01 -1.806111995549973884e-02
2.250130306005082292e-01 9.741880915758769355e-01 -1.807498472556831257e-02
2.191012454774489415e-01 9.755345227274830888e-01 -1.808441256222945159e-02
2.131905644791732279e-01 9.768431593244439881e-01 -1.808955715840863954e-02
2.072825136794997636e-01 9.781138469647144840e-01 -1.809056876142825163e-02
2.013785756157711881e-01 9.793464734214948342e-01 -1.808759405615114127e-02
1.954801896986216592e-01 9.805409668905293863e-01 -1.808077606233879017e-02
1.895887526869954598e-01 9.816972942566710714e-01 -1.807025404569070903e-02
1.837031251423372202e-01 9.828158506584816489e-01 -1.806024042634786150e-02
1.778235064967014500e-01 9.838968360182670514e-01 -1.805057856834679092e-02
1.719501412655538852e-01 9.849404418900125080e-01 -1.804110927211665522e-02
1.660833200015316147e-01 9.859468527449770647e-01 -1.803167086981303374e-02
1.602233801927675505e-01 9.869162472822724519e-01 -1.802209932260324943e-02
1.543707071047399071e-01 9.878487997625551298e-01 -1.801222832030957913e-02
1.485257345645182026e-01 9.887446813628668618e-01 -1.800188938381565643e-02
1.426889456861924477e-01 9.896040615505559135e-01 -1.799091197063913683e-02
1.368608735361919737e-01 9.904271094741005088e-01 -1.797912358407048258e-02
1.310421017371258268e-01 9.912139953685343841e-01 -1.796634988627322793e-02
1.252332650087076282e-01 9.919648919730457148e-01 -1.795241481573545822e-02
1.194350496442664611e-01 9.926799759581860227e-01 -1.793714070945523140e-02
1.136481939212908160e-01 9.933594293599808944e-01 -1.792034843023425014e-02
1.078734884444066122e-01 9.940034410180881297e-01 -1.790185749944419799e-02
1.021117764191532551e-01 9.946122080149931710e-01 -1.788148623561872097e-02
9.636395385489357479e-02 9.951859371130757914e-01 -1.785905189921092179e-02
9.063096969517603352e-02 9.957248461862199251e-01 -1.783437084384139129e-02
8.491382587386028802e-02 9.962291656424772102e-01 -1.780725867434512083e-02
7.921357729532106651e-02 9.966991398341294994e-01 -1.777753041190721986e-02
7.353133173706108416e-02 9.971350284513331719e-01 -1.774500066655675459e-02
6.786824967309112999e-02 9.975371078953672033e-01 -1.770948381726567336e-02
6.222554401647552996e-02 9.979056726273468625e-01 -1.767079419987516165e-02
5.660447977949377429e-02 9.982410364881116882e-01 -1.762874630304519380e-02
5.100637364993490519e-02 9.985435339848476310e-01 -1.758315497239423472e-02
4.543259348211985821e-02 9.988135215398635802e-01 -1.753383562296516318e-02
3.988455770133910588e-02 9.990513786968093779e-01 -1.748060446012034488e-02
3.436373462049800709e-02 9.992575092795034086e-01 -1.742327870893362052e-02
2.887164166788078190e-02 9.994323424984282722e-01 -1.736167685210955602e-02
2.340984452507520117e-02 9.995763339998596786e-01 -1.729561887642083046e-02
1.797995617424417297e-02 9.996899668525154325e-01 -1.722492652761319423e-02
1.258363585408663401e-02 9.997737524665523123e-01 -1.714942357368394454e-02
7.222587923998209473e-03 9.998282314396957915e-01 -1.706893607639458146e-02
1.898560636121405208e-03 9.998539743252711220e-01 -1.698329267083123484e-02
-3.386655184835246635e-03 9.998515823169054073e-01 -1.689232485277785203e-02
-8.631227553930264501e-03 9.998216878447008238e-01 -1.679586727361701004e-02
-1.383328483018766986e-02 9.997649550777331084e-01 -1.669375804242188496e-02
-1.899091731215825016e-02 9.996820803278123613e-01 -1.658583903485055105e-02
-2.410217892411886664e-02 9.995737923495552346e-01 -1.647195620840049765e-02
-2.916508899195761895e-02 9.994408525319612435e-01 -1.635195992352753494e-02
-3.417763410756129161e-02 9.992840549768596814e-01 -1.622570527007910490e-02
-3.913777008028771626e-02 9.991042264598022360e-01 -1.609305239843794241e-02
-4.404342397387086411e-02 9.989022262692175413e-01 -1.595386685471815794e-02
-4.889249622687225072e-02 9.986789459199207908e-01 -1.580801991930268213e-02
-5.368286285456025375e-02 9.984353087373812885e-01 -1.565538894795871425e-02
-5.841237772987062371e-02 9.981722693094994270e-01 -1.549585771471688640e-02
-6.307887494087893732e-02 9.978908128030251623e-01 -1.532931675565068520e-02
-6.768017122199995739e-02 9.975919541421668368e-01 -1.515566371264539039e-02
-7.221406845592232004e-02 9.972767370473921700e-01 -1.497480367620111080e-02
-7.667835624309028708e-02 9.969462329329080719e-01 -1.478664952627255051e-02
-8.107081453536010840e-02 9.966015396618235211e-01 -1.459112227010943286e-02
-8.539049431896029996e-02 9.962436129854552735e-01 -1.439214146689111844e-02
-8.963660941246781588e-02 9.958734501871653322e-01 -1.419000110459560891e-02
-9.380847202913983329e-02 9.954920377905865925e-01 -1.398498955649006038e-02
-9.790549034029344400e-02 9.951003492896508540e-01 -1.377738954131562006e-02
-1.019271660206104435e-01 9.946993430273710635e-01 -1.356747809086616269e-02
-1.058730917811275402e-01 9.942899602218813193e-01 -1.335552652433765614e-02
-1.097429488952991472e-01 9.938731231378172826e-01 -1.314180042888122776e-02
-1.135365047231566005e-01 9.934497334007366121e-01 -1.292655964584739359e-02
-1.172536102382335244e-01 9.930206704519327632e-01 -1.271005826226096966e-02
-1.208941975615851483e-01 9.925867901406822957e-01 -1.249254460711582242e-02
-1.244582775068991953e-01 9.921489234506861710e-01 -1.227426125212557374e-02
-1.279459371403788570e-01 9.917078753572152738e-01 -1.205544501661065353e-02
-1.313573373587750004e-01 9.912644238112505723e-01 -1.183632697624345878e-02
-1.346927104886551374e-01 9.908193188467151469e-01 -1.161713247541191520e-02
-1.379523579097214070e-01 9.903732818067266797e-01 -1.139808114299732320e-02
-1.411366477047294454e-01 9.899270046846578852e-01 -1.117938691139503532e-02
-1.442460123383129678e-01 9.894811495756696829e-01 -1.096125803863626409e-02
-1.472809463667878460e-01 9.890363482342835466e-01 -1.074389713349625623e-02
-1.502420041807912277e-01 9.885932017334814192e-01 -1.052750118349813323e-02
-1.531297977824082057e-01 9.881522802207585165e-01 -1.031226158574309951e-02
-1.559449945982486208e-01 9.877141227665137135e-01 -1.009836418051644411e-02
-1.586883153297602711e-01 9.872792373001338939e-01 -9.885989287634991754e-03
-1.613605318419019108e-01 9.868481006291180968e-01 -9.675311745515424375e-03
-1.639624650911483128e-01 9.864211585365896262e-01 -9.466500952954402109e-03
-1.664949830936615638e-01 9.859988259525596099e-01 -9.259720913620728480e-03
-1.689589989343359411e-01 9.855814871943352484e-01 -9.055130283267074504e-03
-1.713554688173073159e-01 9.851694962715042969e-01 -8.852882419674166364e-03
-1.736853901584138604e-01 9.847631772509779502e-01 -8.653125435343970301e-03
-1.759497997199984676e-01 9.843628246776342516e-01 -8.456002252960358179e-03
-1.781497717883583076e-01 9.839687040461734258e-01 -8.261650663636309691e-03
-1.802864163940696984e-01 9.835810523198736943e-01 -8.070203387965817210e-03
-1.823608775753475797e-01 9.832000784920206238e-01 -7.881788139896666115e-03
-1.843743316845385394e-01 9.828259641858756446e-01 -7.696527693437131383e-03
-1.863279857377918569e-01 9.824588642891461943e-01 -7.514539952205587584e-03
-1.882230758079063981e-01 9.820989076190258515e-01 -7.335938021827177399e-03
-1.900608654603101744e-01 9.817461976139790769e-01 -7.160830285176122273e-03
-1.918426442320933789e-01 9.814008130485606385e-01 -6.989320480456149946e-03
-1.935697261539857938e-01 9.810628087676764864e-01 -6.821507782104923451e-03
-1.952434483151435363e-01 9.807322164368125206e-01 -6.657486884501430217e-03
-1.968651694705880195e-01 9.804090453048831533e-01 -6.497348088448090010e-03
-1.984362686911221862e-01 9.800932829764764653e-01 -6.341177390392018984e-03
-1.999581440555342204e-01 9.797848961904003229e-01 -6.189056574342446070e-03
-2.014322113848865670e-01 9.794838316015649360e-01 -6.041063306433883638e-03
-2.028599030186785945e-01 9.791900165633649067e-01 -5.897271232077339921e-03
-2.042426666326637164e-01 9.789033599078579284e-01 -5.757750075634675453e-03
-2.055819640980956209e-01 9.786237527211655296e-01 -5.622565742544268635e-03
-2.068792703821739354e-01 9.783510691116532598e-01 -5.491780423819456018e-03
-2.081360724894560366e-01 9.780851669685773908e-01 -5.365452702834852539e-03
-2.093538684439993636e-01 9.778258887090138796e-01 -5.243637664309645265e-03
-2.105341663119963402e-01 9.775730620110130165e-01 -5.126387005391339763e-03
-2.116784832646622372e-01 9.773265005310480813e-01 -5.013749148738253121e-03
-2.127883446811348056e-01 9.770860046039505642e-01 -4.905769357494306655e-03
-2.138652832911430157e-01 9.768513619236444123e-01 -4.802489852045406515e-03
-2.149108383571998182e-01 9.766223482031103353e-01 -4.703949928442910031e-03
-2.159265548960719316e-01 9.763987278121268876e-01 -4.610186078376385735e-03
-2.169139829392768282e-01 9.761802543914451791e-01 -4.521232110575073432e-03
-2.178746768323533145e-01 9.759666714421634248e-01 -4.437119273515146949e-03
-2.188101945726479147e-01 9.757577128891712359e-01 -4.357876379308077246e-03
-2.197220971853546811e-01 9.755531036176346982e-01 -4.283529928644043069e-03
-2.206119481375391489e-01 9.753525599815867642e-01 -4.214104236663494991e-03
-2.214813127898712375e-01 9.751557902837830749e-01 -4.149621559629558011e-03
-2.223317578857831045e-01 9.749624952260667055e-01 -4.090102222273993456e-03
-2.231648510777594074e-01 9.747723683295695940e-01 -4.035564745689868525e-03
-2.239821604904572161e-01 9.745850963241552423e-01 -3.986025975644931843e-03
-2.247852543203416875e-01 9.744003595065809931e-01 -3.941501211190872982e-03
-2.255757004715109315e-01 9.742178320669243607e-01 -3.902004333445176568e-03
-2.263550662273706993e-01 9.740371823828806175e-01 -3.867547934424122973e-03
-2.271249179578042621e-01 9.738580732815981245e-01 -3.838143445807585315e-03
-2.278868208614675539e-01 9.736801622687677460e-01 -3.813801267518623916e-03
-2.286423387428224707e-01 9.735031017247312013e-01 -3.794530896003433726e-03
-2.293930338235034561e-01 9.733265390674148421e-01 -3.780341052099919427e-03
-2.301404665875928235e-01 9.731501168819327585e-01 -3.771239808386027403e-03
-2.308861956603605881e-01 9.729734730167329815e-01 -3.767234715901917989e-03
-2.316317777200021244e-01 9.727962406461897471e-01 -3.768332930143072912e-03
-2.323787674418848759e-01 9.726180482995642196e-01 -3.774541336224457311e-03
-2.331287174747910529e-01 9.724385198562734978e-01 -3.785866673118876320e-03
-2.338831784486178622e-01 9.722572745074195000e-01 -3.802315656875616089e-03
-2.346436990129703581e-01 9.720739266835358716e-01 -3.823895102728316203e-03
-2.354118259060540563e-01 9.718880859485138357e-01 -3.850612046003752242e-03
-2.361891040532450026e-01 9.716993568596642428e-01 -3.882473861745744641e-03
-2.369770766946840412e-01 9.715073387938674143e-01 -3.919488382970748482e-03
-2.377772855412098318e-01 9.713116257397508280e-01 -3.961664017473760444e-03
-2.385912709579106061e-01 9.711118060558182608e-01 -4.009009863104946898e-03
-2.394205721745391868e-01 9.709074621944357997e-01 -4.061535821438863776e-03
-2.402667275219976251e-01 9.706981703915545934e-01 -4.119252709759192721e-03
-2.411312746940579010e-01 9.704835003220254608e-01 -4.182172371282580695e-03
-2.420157510334431383e-01 9.702630147203267219e-01 -4.250307783545366654e-03
-2.429216938413491511e-01 9.700362689664940863e-01 -4.323673164876657565e-03
-2.438506407094386819e-01 9.698028106370027990e-01 -4.402284078880389431e-03
-2.448041298732912263e-01 9.695621790203116097e-01 -4.486157536847558761e-03
-2.457837005862377189e-01 9.693139045967340550e-01 -4.575312098017741275e-03
-2.467908935124533409e-01 9.690575084822565799e-01 -4.669767967606283307e-03
-2.478272511381214849e-01 9.687925018358738427e-01 -4.769547092510078440e-03
-2.488943181994179576e-01 9.685183852299596996e-01 -4.874673254600610933e-03
-2.499936421259966179e-01 9.682346479831407393e-01 -4.985172161507896854e-03
-2.511267734985847544e-01 9.679407674550818408e-01 -5.101071534793024526e-03
-2.522952665192186306e-01 9.676362083025396021e-01 -5.222401195400169782e-03
-2.535006794925669937e-01 9.673204216959789825e-01 -5.349193146271119699e-03
-2.547445753167012494e-01 9.669928444959917657e-01 -5.481481651996522597e-03
-2.560285219815759961e-01 9.666528983886963911e-01 -5.619303315368110938e-03
-2.573513742882280741e-01 9.663007479176480841e-01 -5.756850448723099464e-03
-2.587129477236208008e-01 9.659362694008254424e-01 -5.894127395039314501e-03
-2.601130577347063877e-01 9.655593348809257126e-01 -6.031137705577777411e-03
-2.615515194704046698e-01 9.651698122456274787e-01 -6.167884120015376323e-03
-2.630281475178142814e-01 9.647675653507784554e-01 -6.304368546377381137e-03
-2.645427556327050733e-01 9.643524541467930478e-01 -6.440592040770016895e-03
-2.660951564643430078e-01 9.639243348085505536e-01 -6.576554786915028011e-03
-2.676851612747049858e-01 9.634830598690867776e-01 -6.712256075489975160e-03
-2.693125796521446680e-01 9.630284783573778151e-01 -6.847694283279828070e-03
-2.709772192195779583e-01 9.625604359405164345e-01 -6.982866852147331764e-03
-2.726788853372634214e-01 9.620787750705863672e-01 -7.117770267831575320e-03
-2.744173808002600690e-01 9.615833351365420389e-01 -7.252400038586210608e-03
-2.761925055306541088e-01 9.610739526214036044e-01 -7.386750673670854431e-03
-2.780040562646556856e-01 9.605504612650808127e-01 -7.520815661711369865e-03
-2.798518262346761376e-01 9.600126922331390089e-01 -7.654587448946917859e-03
-2.817356048465081697e-01 9.594604742918246831e-01 -7.788057417383990357e-03
-2.836551773517422825e-01 9.588936339896656502e-01 -7.921215862879972883e-03
-2.856103245155663384e-01 9.583119958459643817e-01 -8.054051973181231353e-03
-2.876008222801083036e-01 9.577153825465004600e-01 -8.186553805943219339e-03
-2.896264414234960838e-01 9.571036151467581243e-01 -8.318708266762682435e-03
-2.916869472148247988e-01 9.564765132829932126e-01 -8.450501087254699145e-03
-2.937820990652366682e-01 9.558338953914514713e-01 -8.581916803210007383e-03
-2.959116501753363826e-01 9.551755789360462101e-01 -8.712938732870881969e-03
-2.980753471791822706e-01 9.545013806448001681e-01 -8.843548955366683020e-03
-3.002729297851125523e-01 9.538111167553500191e-01 -8.973728289353151075e-03
-3.025041304136846243e-01 9.531046032698071713e-01 -9.103456271902517216e-03
-3.047686738330261935e-01 9.523816562192602975e-01 -9.232711137694556494e-03
-3.070662767919181135e-01 9.516420919381969323e-01 -9.361469798561871877e-03
-3.093966476509496522e-01 9.508857273491119200e-01 -9.489707823445849705e-03
-3.117594860121106759e-01 9.501123802575591748e-01 -9.617399418822959387e-03
-3.141544823472069980e-01 9.493218696578910043e-01 -9.744517409664385163e-03
-3.165813176255102834e-01 9.485140160499158091e-01 -9.871033220995242483e-03
-3.190396629410770513e-01 9.476886417666890994e-01 -9.996916860123009063e-03
-3.215291791401975741e-01 9.468455713136360030e-01 -1.012213689960815913e-02
-3.240495164494595071e-01 9.459846317191845655e-01 -1.024666046105336681e-02
-3.266003141049386715e-01 9.451056528970696036e-01 -1.037045319979101529e-02
-3.291811999830540625e-01 9.442084680204435587e-01 -1.049347929055214658e-02
-3.317917902336519620e-01 9.432929139079072600e-01 -1.061570141420329662e-02
-3.344316889159102413e-01 9.423588314215469719e-01 -1.073708074564101375e-02
-3.371004876376812454e-01 9.414060658770373458e-01 -1.085757694293709892e-02
-3.397977651989182446e-01 9.404344674658375869e-01 -1.097714813783080487e-02
-3.425230872398575266e-01 9.394438916894776170e-01 -1.109575092766736625e-02
-3.452760058946553468e-01 9.384341998058954859e-01 -1.121334036888524052e-02
-3.480560594512045469e-01 9.374052592877508694e-01 -1.132986997215733836e-02
-3.508627720178825737e-01 9.363569442926004127e-01 -1.144529169929428720e-02
-3.536956531980071650e-01 9.352891361447794871e-01 -1.155955596202036702e-02
-3.565541977728020062e-01 9.342017238287907421e-01 -1.167261162273520309e-02
-3.594378853936967544e-01 9.330946044939542050e-01 -1.178440599737648649e-02
