1.000000000000000000e+00 0.000000000000000000e+00 0.000000000000000000e+00
9.999998929267492898e-01 1.777265710948970796e-04 -4.272704302686186335e-04
9.999995562685440875e-01 3.996515878439455037e-04 -8.530778779302132736e-04
9.999989626687181277e-01 6.656174852405155953e-04 -1.277347127642714398e-03
9.999980792328755363e-01 9.754588884616097405e-04 -1.700003427580757537e-03
9.999968676096203657e-01 1.329002654196023443e-03 -2.120972500105432808e-03
9.999952840759334105e-01 1.726067911992478464e-03 -2.540180552415264529e-03
9.999932796271054913e-01 2.166466105670185847e-03 -2.957554287186016980e-03
9.999908000711356104e-01 2.650001034837460093e-03 -3.373020913206547285e-03
9.999877861274971691e-01 3.176468896567016375e-03 -3.786508156017513206e-03
9.999841735301754353e-01 3.745658327279423848e-03 -4.197944268559340025e-03
9.999798931348755637e-01 4.357350444888867351e-03 -4.607258041835400955e-03
9.999748710302980292e-01 5.011318891267878793e-03 -5.014378815595928358e-03
9.999690286533764461e-01 5.707329875090027919e-03 -5.419236489047700792e-03
9.999622829083694153e-01 6.445142215111709753e-03 -5.821761531594074265e-03
9.999545462896970438e-01 7.224507383956133184e-03 -6.221884993609445164e-03
9.999457270084087801e-01 8.045169552464401935e-03 -6.619538517251712280e-03
9.999357291221686594e-01 8.906865634680143431e-03 -7.014654347315815372e-03
9.999244526686397183e-01 9.809325333535578312e-03 -7.407165342130895939e-03
9.999117938021492291e-01 1.075227118730806737e-02 -7.797004984503099444e-03
9.998976449335132966e-01 1.173541861691722483e-02 -8.184107392705504760e-03
9.998818948728956935e-01 1.275847597413346315e-02 -8.568407331516135830e-03
9.998644289755772574e-01 1.382114459076943386e-02 -8.949840223304441483e-03
9.998451292905067289e-01 1.492311882892624793e-02 -9.328342159166115935e-03
9.998238747115031355e-01 1.606408613236653266e-02 -9.703849910105550453e-03
9.998005411309787149e-01 1.724372707908640098e-02 -1.007630093826469148e-02
9.997750015960480408e-01 1.846171543515816998e-02 -1.044563340819648287e-02
9.997471264668883473e-01 1.971771820991528520e-02 -1.081178619818058510e-02
9.997167835772132749e-01 2.101139571255028829e-02 -1.117469891157844494e-02
9.996838383967215913e-01 2.234240161019582227e-02 -1.153431188822432243e-02
9.996481541953793348e-01 2.371038298755771129e-02 -1.189056621584828194e-02
9.996095922093949371e-01 2.511498040816788693e-02 -1.224340374152666985e-02
9.995680118087412191e-01 2.655582797732355602e-02 -1.259276708315504138e-02
9.995232706660813760e-01 2.803255340677743984e-02 -1.293859964093802342e-02
9.994752249269512889e-01 2.954477808124204852e-02 -1.328084560889005242e-02
9.994237293810509515e-01 3.109211712676906991e-02 -1.361944998634048026e-02
9.993686376344960154e-01 3.267417948106274284e-02 -1.395435858943600525e-02
9.993098022828797999e-01 3.429056796578378030e-02 -1.428551806263296704e-02
9.992470750849948846e-01 3.594087936089788993e-02 -1.461287589017155365e-02
9.991803071370632949e-01 3.762470448112027049e-02 -1.493638040752355046e-02
9.991093490473215155e-01 3.934162825450464307e-02 -1.525598081280481536e-02
9.990340511108095622e-01 4.109122980322233581e-02 -1.557162717814328592e-02
9.989542634842084601e-01 4.287308252657386770e-02 -1.588327046099290152e-02
9.988698363605743591e-01 4.468675418627209017e-02 -1.619086251538349661e-02
9.987806201438144127e-01 4.653180699403262899e-02 -1.649435610309630748e-02
9.986864656227499859e-01 4.840779770150367006e-02 -1.679370490475448618e-02
9.985872241446145381e-01 5.031427769256358734e-02 -1.708886353081763912e-02
9.984827477878307489e-01 5.225079307801099027e-02 -1.737978753246915281e-02
9.983728895339152309e-01 5.421688479266789651e-02 -1.766643341238479520e-02
9.982575034383562862e-01 5.621208869491276655e-02 -1.794875863537087265e-02
9.981364448003130496e-01 5.823593566865590404e-02 -1.822672163885994887e-02
9.980095703309849187e-01 6.028795172776565264e-02 -1.850028184325201372e-02
9.978767383204999453e-01 6.236765812294948336e-02 -1.876939966208875099e-02
9.977378088031733094e-01 6.447457145108975718e-02 -1.903403651204847724e-02
9.975926437209867714e-01 6.660820376702950019e-02 -1.929415482274919255e-02
9.974411070851439964e-01 6.876806269779914271e-02 -1.954971804634707266e-02
9.972830651355546472e-01 7.095365155927060852e-02 -1.980069066691771129e-02
9.971183864981053580e-01 7.316446947522081690e-02 -2.004703820960737279e-02
9.969469423395755925e-01 7.540001149878179654e-02 -2.028872724954150150e-02
9.967686065200586087e-01 7.765976873625038412e-02 -2.052572542047778614e-02
9.965832557427515281e-01 7.994322847322576919e-02 -2.075800142319110531e-02
9.963907697009785069e-01 8.224987430303866420e-02 -2.098552503357775656e-02
9.961910312223166697e-01 8.457918625743127139e-02 -2.120826711046653115e-02
9.959839264096935763e-01 8.693064093944294357e-02 -2.142619960312422758e-02
9.957693447793319885e-01 8.930371165845168990e-02 -2.163929555844348526e-02
9.955471793954172588e-01 9.169786856731759750e-02 -2.184752912780090622e-02
9.953173270013677687e-01 9.411257880156964628e-02 -2.205087557357371039e-02
9.950796881475925115e-01 9.654730662057325885e-02 -2.224931127530338157e-02
9.948341673156220200e-01 9.900151355061172220e-02 -2.244281373549504230e-02
9.945806730385043926e-01 1.014746585298104686e-01 -2.263136158504161152e-02
9.943191180173600596e-01 1.039661980548292758e-01 -2.281493458826205911e-02
9.940494192339949242e-01 1.064755863292434490e-01 -2.299351364754348773e-02
9.937714980594742897e-01 1.090022754135313576e-01 -2.316708080757709162e-02
9.934852803585649816e-01 1.115457153765819776e-01 -2.333561925917846183e-02
9.931906965899570672e-01 1.141053544486326093e-01 -2.349911334268308186e-02
9.928876819021814626e-01 1.166806391755435129e-01 -2.365754855090835412e-02
9.925761762251443798e-01 1.192710145743129529e-01 -2.381091153167388952e-02
9.922561243572037837e-01 1.218759242897331785e-01 -2.395919008987231619e-02
9.919274760477189146e-01 1.244948107520846975e-01 -2.410237318908333218e-02
9.915901860750082619e-01 1.271271153357637906e-01 -2.424045095272424344e-02
9.912442143196557032e-01 1.297722785187352679e-01 -2.437341466473075258e-02
9.908895258331120726e-01 1.324297400427003890e-01 -2.450125676976234318e-02
9.905260909015410897e-01 1.350989390738674412e-01 -2.462397087292709022e-02
9.901538851048680145e-01 1.377793143642104812e-01 -2.474155173902137586e-02
9.897728893709902831e-01 1.404703044131000722e-01 -2.485399529128053120e-02
9.893830900251193716e-01 1.431713476291880949e-01 -2.496129860963701083e-02
9.889844788342243564e-01 1.458818824924271729e-01 -2.506345992848336285e-02
9.885770530465558537e-01 1.486013477161044205e-01 -2.516047863393779116e-02
9.881608154262337962e-01 1.513291824087676374e-01 -2.525235526061080440e-02
9.877357742828875020e-01 1.540648262359219367e-01 -2.533909148787200777e-02
9.873019434963423713e-01 1.568077195813736280e-01 -2.542069013561675320e-02
9.868593425363529903e-01 1.595573037080982304e-01 -2.549715515953301925e-02
9.864079964773883047e-01 1.623130209185090489e-01 -2.556849164586944348e-02
9.859479360084790756e-01 1.650743147140029399e-01 -2.563470580570616220e-02
9.854791974381441610e-01 1.678406299536601420e-01 -2.569580496873068512e-02
9.850018226944166067e-01 1.706114130119755767e-01 -2.575179757652165322e-02
9.845158593199970776e-01 1.733861119354996871e-01 -2.580269317534401863e-02
9.840213604625664967e-01 1.761641765982674968e-01 -2.584850240845972674e-02
9.835183848602948586e-01 1.789450588558964272e-01 -2.588923700795866395e-02
9.830069968225886301e-01 1.817282126982338875e-01 -2.592490978611518282e-02
9.824872662061251427e-01 1.845130944004375606e-01 -2.595553462627617908e-02
9.819592683862249372e-01 1.872991626723732039e-01 -2.598112647328721520e-02
9.814230842236200125e-01 1.900858788062163018e-01 -2.600170132346382376e-02
9.808788000266802642e-01 1.928727068221461893e-01 -2.601727621411563732e-02
9.803265075091636138e-01 1.956591136120234831e-01 -2.602786921263159498e-02
9.797663037435613287e-01 1.984445690809442664e-01 -2.603349940513496538e-02
9.791982911101140274e-01 2.012285462865668062e-01 -2.603418688471748066e-02
9.786225772415775293e-01 2.040105215761096880e-01 -2.602995273926236169e-02
9.780392749638221472e-01 2.067899747209228367e-01 -2.602081903886653211e-02
9.774485022323530226e-01 2.095663890485363334e-01 -2.600680882287273801e-02
9.768503820648423153e-01 2.123392515720949336e-01 -2.598794608652280069e-02
9.762450424697683982e-01 2.151080531170897203e-01 -2.596425576724361445e-02
9.756326163712598643e-01 2.178722884453015984e-01 -2.593576373057793899e-02
9.750132415302462663e-01 2.206314563758753622e-01 -2.590249675577242089e-02
9.743870604620188391e-01 2.233850599034462314e-01 -2.586448252103563245e-02
9.737542203503104510e-01 2.261326063132451936e-01 -2.582174958847928067e-02
9.731148729580023637e-01 2.288736072931129850e-01 -2.577432738875604090e-02
9.724691745345729332e-01 2.316075790423566816e-01 -2.572224620540781298e-02
9.718172857204007142e-01 2.343340423773871140e-01 -2.566553715893839238e-02
9.711593714480406536e-01 2.370525228340792656e-01 -2.560423219062490235e-02
9.704956008405911660e-01 2.397625507668022238e-01 -2.553836404608247554e-02
9.698261471072738837e-01 2.424636614440693616e-01 -2.546796625859691632e-02
9.691511874363467616e-01 2.451553951407638710e-01 -2.539307313224025558e-02
9.684709028854757706e-01 2.478372972268992336e-01 -2.531371972478425186e-02
9.677854782696888591e-01 2.505089182528781877e-01 -2.522994183042702801e-02
9.670951020470379689e-01 2.531698140312186873e-01 -2.514177596234812642e-02
9.663999662020964498e-01 2.558195457147192653e-01 -2.504925933510737321e-02
9.657002661274177724e-01 2.584576798710410683e-01 -2.495242984690296609e-02
9.649962005030844336e-01 2.610837885536876901e-01 -2.485132606170424585e-02
9.642879711744736237e-01 2.636974493693690080e-01 -2.474598719127463209e-02
9.635757830283682157e-01 2.662982455417388095e-01 -2.463645307710017260e-02
9.628598438675406435e-01 2.688857659715009896e-01 -2.452276417223911084e-02
9.621403642839368997e-01 2.714596052928830439e-01 -2.440496152310783762e-02
9.614175575305874411e-01 2.740193639264796310e-01 -2.428308675121848906e-02
9.606916393923720099e-01 2.765646481284738112e-01 -2.415718203488334895e-02
9.599628280557628290e-01 2.790950700362468950e-01 -2.402729009090111625e-02
9.592313439776716244e-01 2.816102477103925583e-01 -2.389345415623986973e-02
9.584974097535231552e-01 2.841098051731543173e-01 -2.375571796973153030e-02
9.577612499846775984e-01 2.865933724433097907e-01 -2.361412575379225748e-02
9.570230911453229128e-01 2.890605855675287827e-01 -2.346872219618319211e-02
9.562831614489558651e-01 2.915110866482356622e-01 -2.331955243182557563e-02
9.555416907145690697e-01 2.939445238680110650e-01 -2.316666202468413080e-02
9.547989102326605027e-01 2.963605515105698918e-01 -2.301009694973231434e-02
9.540550526311782908e-01 2.987588299783579537e-01 -2.284990357501270886e-02
9.533103517415135730e-01 3.011390258068109560e-01 -2.268612864380564753e-02
9.525650424646496806e-01 3.035008116753243335e-01 -2.251881925691874217e-02
9.518193606375764393e-01 3.058438664149842889e-01 -2.234802285510973166e-02
9.510735429000732877e-01 3.081678750131143230e-01 -2.217378720165474187e-02
9.503278265619645726e-01 3.104725286146933771e-01 -2.199616036507365258e-02
9.495824494709468322e-01 3.127575245207055432e-01 -2.181519070202396146e-02
9.488376498810854320e-01 3.150225661834827329e-01 -2.163092684037413657e-02
9.480936663220750349e-01 3.172673631991049792e-01 -2.144341766246709788e-02
9.473507374693568295e-01 3.194916312969248717e-01 -2.125271228858405942e-02
9.466091020151811142e-01 3.216950923262851814e-01 -2.105886006061859217e-02
9.458689985407016110e-01 3.238774742405001739e-01 -2.086191052597035148e-02
9.451306653891853315e-01 3.260385110781739981e-01 -2.066191342166752778e-02
9.443943405404189306e-01 3.281779429419299787e-01 -2.045891865872663182e-02
9.436602614863885963e-01 3.302955159746276959e-01 -2.025297630675786803e-02
9.429286651083088611e-01 3.323909823331451796e-01 -2.004413657882385055e-02
9.421997875550713886e-01 3.344641001598052665e-01 -1.983244981655908970e-02
9.414738641231834571e-01 3.365146335515266651e-01 -1.961796647555713938e-02
9.407511291382606444e-01 3.385423525267809430e-01 -1.940073711103199386e-02
9.400318158381377742e-01 3.405470329904378701e-01 -1.918081236375977772e-02
9.393161562576568535e-01 3.425284566965823285e-01 -1.895824294630641879e-02
9.386043811151888461e-01 3.444864112093867781e-01 -1.873307962954655001e-02
9.378967197009435708e-01 3.464206898621236541e-01 -1.850537322947843830e-02
9.371933997671181293e-01 3.483310917144029073e-01 -1.827517459433936065e-02
9.364946474199312698e-01 3.502174215077197839e-01 -1.804253459202534438e-02
9.358006870135892052e-01 3.520794896193983892e-01 -1.780750409781887977e-02
9.351117410462247426e-01 3.539171120150170213e-01 -1.757013398242769642e-02
9.344280300578483578e-01 3.557301101994003178e-01 -1.733047510033734750e-02
9.337497725303485208e-01 3.575183111662644242e-01 -1.708857827847990590e-02
9.330771847895735771e-01 3.592815473465998388e-01 -1.684449430522070787e-02
9.324104809095272728e-01 3.610196565558771997e-01 -1.659827391966463978e-02
9.317498726187051217e-01 3.627324819401606115e-01 -1.634996780128312316e-02
9.310955692085978175e-01 3.644198719212123905e-01 -1.609962655986250935e-02
9.304477774443836724e-01 3.660816801406721610e-01 -1.584730072577431731e-02
9.298067014778322870e-01 3.677177654033939036e-01 -1.559304074056724540e-02
9.291725427624354383e-01 3.693279916200216118e-01 -1.533689694788065855e-02
9.285454999707822843e-01 3.709122277488854369e-01 -1.507891958467880850e-02
9.279257689141914289e-01 3.724703477372976468e-01 -1.481915877280474102e-02
9.273135424646112845e-01 3.740022304623275562e-01 -1.455766451085250233e-02
9.267090104787975013e-01 3.755077596711329790e-01 -1.429448666635592391e-02
9.261123597247740147e-01 3.769868239209251404e-01 -1.402967496829194381e-02
9.255237738105825951e-01 3.784393165186417662e-01 -1.376327899989612628e-02
9.249434331153238986e-01 3.798651354604027364e-01 -1.349534819178772362e-02
9.243715147224902395e-01 3.812641833708207972e-01 -1.322593181540136081e-02
9.238081923555896413e-01 3.826363674422381678e-01 -1.295507897672210432e-02
9.232536363160580573e-01 3.839815993739588706e-01 -1.268283861032044185e-02
9.227080134234559861e-01 3.852997953115449015e-01 -1.240925947368342469e-02
9.221714869579422658e-01 3.865908757862425160e-01 -1.213439014183795642e-02
9.216442166050191620e-01 3.878547656546034728e-01 -1.185827900226200764e-02
9.211263584025378703e-01 3.890913940383644021e-01 -1.158097425007926541e-02
9.206180646899556619e-01 3.903006942646457533e-01 -1.130252388353253541e-02
9.201194840598323488e-01 3.914826038065299940e-01 -1.102297569973098579e-02
9.196307613115526358e-01 3.926370642240766817e-01 -1.074237729066612398e-02
9.191520374072612576e-01 3.937640211058310302e-01 -1.046077603949121387e-02
9.186834494299952469e-01 3.948634240108795934e-01 -1.017821911705864626e-02
9.182251305439967926e-01 3.959352264115058584e-01 -9.894753478709621478e-03
9.177772099571901432e-01 3.969793856364961515e-01 -9.610425861310313567e-03
9.173398128858043510e-01 3.979958628151445410e-01 -9.325282780528569571e-03
9.169130605211227580e-01 3.989846228220033098e-01 -9.039370528345023678e-03
9.164970699983399083e-01 3.999456342224240735e-01 -8.752735170792384778e-03
9.160919543675055676e-01 4.008788692189321767e-01 -8.465422545916536159e-03
9.156978225665347582e-01 4.017843035984756117e-01 -8.177478261952966440e-03
9.153147793962624901e-01 4.026619166805872618e-01 -7.888947695711938032e-03
9.149429254975212089e-01 4.035116912664976629e-01 -7.599875991165724008e-03
9.145823573302184206e-01 4.043336135892336425e-01 -7.310308058231127989e-03
9.142331671543917349e-01 4.051276732647358658e-01 -7.020288571740448784e-03
9.138954430132183449e-01 4.058938632440266536e-01 -6.729861970593966486e-03
9.135692687179549631e-01 4.066321797664577686e-01 -6.439072457086961708e-03
9.132547238347852314e-01 4.073426223140650948e-01 -6.147963996404236242e-03
9.129518836735500686e-01 4.080251935670566321e-01 -5.856580316275049672e-03
9.126608192783370876e-01 4.086798993604565666e-01 -5.564964906781354366e-03
9.123815974199055434e-01 4.093067486419282863e-01 -5.273161020312168781e-03
9.121142805899217221e-01 4.099057534307954387e-01 -4.981211671656916862e-03
9.118589269969807898e-01 4.104769287782795706e-01 -4.689159638230544838e-03
9.116155905643916757e-01 4.110202927289708374e-01 -4.397047460423211991e-03
9.113843209296994541e-01 4.115358662835457704e-01 -4.104917442067348467e-03
9.111651634459223548e-01 4.120236733627453130e-01 -3.812811651014891019e-03
9.109581591844790882e-01 4.124837407726234528e-01 -3.520771919817504078e-03
9.107633449397818381e-01 4.129160981710763845e-01 -3.228839846502620878e-03
9.106488071230707249e-01 4.131733985635692719e-01 -2.548102560704766911e-03
9.105628246751661381e-01 4.133664836675901011e-01 -1.868829104107436016e-03
9.105053757104899503e-01 4.134955164304983666e-01 -1.191099066997174886e-03
9.104764216060985405e-01 4.135606612171523477e-01 -5.149915409243572975e-04
9.104759071248597069e-01 4.135620837986505594e-01 1.594148502864303242e-04
9.105037605427011016e-01 4.134999513520996595e-01 8.320419198123408210e-04
9.105598937798653481e-01 4.133744324712534945e-01 1.502811887443812611e-03
9.106442025361206616e-01 4.131856971878587470e-01 2.171647349580052913e-03
9.107565664298851171e-01 4.129339170035349338e-01 2.838471249655884904e-03
9.108968491412353652e-01 4.126192649320074013e-01 3.503206849046479419e-03
9.110648985587788129e-01 4.122419155515039679e-01 4.165777698495560719e-03
9.112605469303806105e-01 4.118020450671176502e-01 4.826107610111767150e-03
9.114836110177441109e-01 4.112998313829305252e-01 5.484120629976924240e-03
9.117338922548552382e-01 4.107354541836850115e-01 6.139741011409049695e-03
9.120111769103083077e-01 4.101090950257821888e-01 6.792893188922000808e-03
9.123152362535406068e-01 4.094209374373787291e-01 7.443501752922711961e-03
9.126458267250097123e-01 4.086711670273460162e-01 8.091491425186054035e-03
9.130026901103572845e-01 4.078599716028489253e-01 8.736787035146371255e-03
9.133855537186076345e-01 4.069875412952931315e-01 9.379313497043821266e-03
9.137941305644584622e-01 4.060540686943832078e-01 1.001899578796263540e-02
9.142281195547258266e-01 4.050597489900265580e-01 1.065575892679746992e-02
9.146872056790112948e-01 4.040047801218111800e-01 1.128952795418301444e-02
9.151710602046652099e-01 4.028893629357776507e-01 1.192022791342098320e-02
9.156793408761237929e-01 4.017137013481994479e-01 1.254778383243763430e-02
9.162116921187017926e-01 4.004780025160783463e-01 1.317212070680387828e-02
9.167677452469265020e-01 3.991824770140547929e-01 1.379316348384899624e-02
9.173471186775019603e-01 3.978273390174263957e-01 1.441083704789786202e-02
9.179494181469930458e-01 3.964128064909607785e-01 1.502506620666051000e-02
9.185742369343231628e-01 3.949391013831826669e-01 1.563577567880167912e-02
9.192211560881784482e-01 3.934064498258076914e-01 1.624289008271686055e-02
9.198897446594134220e-01 3.918150823379898950e-01 1.684633392654015516e-02
9.205795599385513395e-01 3.901652340350424408e-01 1.744603159940799272e-02
9.212901476984737270e-01 3.884571448412853512e-01 1.804190736400158521e-02
9.220210424423904705e-01 3.866910597066675614e-01 1.863388535038959862e-02
9.227717676571816074e-01 3.848672288268042974e-01 1.922188955119128254e-02
9.235418360721975306e-01 3.829859078660651783e-01 1.980584381807889288e-02
9.243307499236026459e-01 3.810473581833423440e-01 2.038567185963682804e-02
9.251380012243430873e-01 3.790518470601219603e-01 2.096129724059352800e-02
9.259630720398148718e-01 3.769996479304777992e-01 2.153264338244060064e-02
9.268054347693029937e-01 3.748910406125993133e-01 2.209963356545223412e-02
9.276645524332575166e-01 3.727263115414620187e-01 2.266219093211629954e-02
9.285398789664652819e-01 3.705057540022436147e-01 2.322023849198700390e-02
9.294308595171695275e-01 3.682296683640837176e-01 2.377369912796726409e-02
9.303369307521813791e-01 3.658983623137818109e-01 2.432249560402733116e-02
9.312575211680209630e-01 3.635121510890234053e-01 2.486655057436442523e-02
9.321920514081135645e-01 3.610713577107209082e-01 2.540578659400638192e-02
9.331399345860609262e-01 3.585763132140529219e-01 2.594012613086049343e-02
9.341005766149952372e-01 3.560273568777820863e-01 2.646949157920689202e-02
9.350733765430134792e-01 3.534248364514297469e-01 2.699380527463388080e-02
9.360577268946794760e-01 3.507691083798830101e-01 2.751298951041073609e-02
9.370530140185684420e-01 3.480605380250092473e-01 2.802696655529149025e-02
9.380586184408177264e-01 3.452994998838506691e-01 2.853565867274121190e-02
9.390739152246349031e-01 3.424863778029722527e-01 2.903898814157426095e-02
9.400982743356999238e-01 3.396215651885357012e-01 2.953687727799188950e-02
9.411310610133876153e-01 3.367054652116721614e-01 3.002924845900450945e-02
9.421716361477195933e-01 3.337384910087288215e-01 3.051602414722173751e-02
9.432193566619432312e-01 3.307210658759650035e-01 3.099712691699122932e-02
9.442735759006202212e-01 3.276536234582763663e-01 3.147247948186510796e-02
9.453336440230907245e-01 3.245366079315286090e-01 3.194200472337058866e-02
9.463989084021668940e-01 3.213704741780858409e-01 3.240562572105921274e-02
9.474687140278919006e-01 3.181556879551233341e-01 3.286326578380682067e-02
9.485424039161867160e-01 3.148927260553189833e-01 3.331484848233421531e-02
9.496193195221900307e-01 3.115820764595243486e-01 3.376029768291625988e-02
9.506988011580815856e-01 3.082242384810220392e-01 3.419953758224478918e-02
9.517801884151638747e-01 3.048197229009840248e-01 3.463249274340862716e-02
9.528628205899593029e-01 3.013690520947534535e-01 3.505908813295174897e-02
9.539460371140666695e-01 2.978727601485812726e-01 3.547924915896834286e-02
9.550291779875028642e-01 2.943313929664591044e-01 3.589290171019147990e-02
9.561115842152413391e-01 2.907455083666999340e-01 3.629997219602987962e-02
9.571925982466421567e-01 2.871156761679295455e-01 3.670038758750510111e-02
9.582715644174543135e-01 2.834424782641640217e-01 3.709407545903953968e-02
9.593478293940548296e-01 2.797265086886613905e-01 3.748096403104341640e-02
9.604207426195745523e-01 2.759683736662490450e-01 3.786098221324712965e-02
9.614896567615470735e-01 2.721686916538433310e-01 3.823405964872324259e-02
9.625539281607013997e-01 2.683280933688933501e-01 3.860012675854069403e-02
9.636129172805066867e-01 2.644472218054961798e-01 3.895911478699185665e-02
9.646659891570634748e-01 2.605267322379485884e-01 3.931095584733147741e-02
9.657125138489244254e-01 2.565672922115170285e-01 3.965558296796483501e-02
9.667518668864134579e-01 2.525695815202270156e-01 3.999293013902090188e-02
9.677834297200026414e-01 2.485342921714908948e-01 4.032293235924486186e-02
9.688065901672955338e-01 2.444621283374136533e-01 4.064552568314296066e-02
9.698207428581543388e-01 2.403538062926360852e-01 4.096064726831140368e-02
9.708252896775003693e-01 2.362100543385960705e-01 4.126823542287988422e-02
9.718196402053081995e-01 2.320316127141097695e-01 4.156822965299933337e-02
9.728032121533081167e-01 2.278192334921969875e-01 4.186057071030249710e-02
9.737754317979014917e-01 2.235736804630973351e-01 4.214520063926521093e-02
9.747357344087930198e-01 2.192957290034466822e-01 4.242206282439564546e-02
9.756835646728341249e-01 2.149861659316070206e-01 4.269110203717813024e-02
9.766183771125721558e-01 2.106457893491664735e-01 4.295226448269798269e-02
9.775396364989958897e-01 2.062754084686501677e-01 4.320549784587337377e-02
9.784468182579656448e-01 2.018758434275072788e-01 4.345075133722027527e-02
9.793394088698182953e-01 1.974479250884635662e-01 4.368797573807652740e-02
9.802169062616357120e-01 1.929924948263537221e-01 4.391712344521135625e-02
9.810788201916688100e-01 1.885104043015725095e-01 4.413814851474697626e-02
9.819246726254124980e-01 1.840025152203081382e-01 4.435100670531946787e-02
9.827539981028298177e-01 1.794696990817462035e-01 4.455565552040680749e-02
9.835663440962301163e-01 1.749128369124569038e-01 4.475205424975275958e-02
9.843612713583128615e-01 1.703328189882027943e-01 4.494016400981631909e-02
9.851383542598961540e-01 1.657305445434281987e-01 4.511994778317763438e-02
9.858971811168572019e-01 1.611069214687155249e-01 4.529137045683253454e-02
9.866373545058244598e-01 1.564628659965167368e-01 4.545439885930936674e-02
9.873584915681700158e-01 1.517993023754916071e-01 4.560900179654340386e-02
9.880602243018651309e-01 1.471171625338067723e-01 4.575515008644590043e-02
9.887421998407742718e-01 1.424173857317713454e-01 4.589281659210680403e-02
9.894040807209788513e-01 1.377009182042061575e-01 4.602197625357218325e-02
9.900455451337363266e-01 1.329687127929645996e-01 4.614260611813968821e-02
9.906662871646990665e-01 1.282217285700422704e-01 4.625468536911763601e-02
9.912660170190326081e-01 1.234609304517322592e-01 4.635819535299592897e-02
9.918444612320950204e-01 1.186872888043004060e-01 4.645311960497949116e-02
9.924013628653558516e-01 1.139017790416726877e-01 4.653944387283780182e-02
9.929364816872554567e-01 1.091053812156424080e-01 4.661715613902676913e-02
9.934495943387273709e-01 1.042990795991207142e-01 4.668624664104233796e-02
9.939404944831263800e-01 9.948386226296747348e-02 4.674670788996818094e-02
9.944089929403309158e-01 9.466072064695284227e-02 4.679853468718300075e-02
9.948549178048099462e-01 8.983064912541156855e-02 4.684172413919623218e-02
9.952781145474687285e-01 8.499464456816258062e-02 4.687627567058425676e-02
9.956784461011146670e-01 8.015370589727581485e-02 4.690219103500259390e-02
9.960557929294067137e-01 7.530883364027637916e-02 4.691947432425310621e-02
9.964100530791807353e-01 7.046102948038274194e-02 4.692813197538855258e-02
9.967411422160655787e-01 6.561129580438135322e-02 4.692817277584061808e-02
9.970489936433347689e-01 6.076063524874406041e-02 4.691960786656090843e-02
9.973335583039615315e-01 5.591005024459747702e-02 4.690245074316817808e-02
9.975948047658741435e-01 5.106054256215505904e-02 4.687671725509854476e-02
9.978327191904340365e-01 4.621311285522253232e-02 4.684242560275912737e-02
9.980473052841852821e-01 4.136876020638612789e-02 4.679959633268920144e-02
9.982385842339517312e-01 3.652848167349047326e-02 4.674825233073644226e-02
9.984065946253836143e-01 3.169327183800895592e-02 4.668841881325953153e-02
9.985513923450810569e-01 2.686412235590407427e-02 4.662012331637185175e-02
9.986730504664498298e-01 2.204202151156870251e-02 4.654339568324457332e-02
9.987716591194666371e-01 1.722795377543127546e-02 4.645826804949074185e-02
9.988473253445598887e-01 1.242289936579871537e-02 4.636477482665554012e-02
9.989001729308333299e-01 7.627833815500503593e-03 4.626295268384103543e-02
9.989303422388853271e-01 2.843727543885718467e-03 4.615284052749706045e-02
9.989379900085001429e-01 -1.928454565287929766e-03 4.603447947941296386e-02
9.989232891515080759e-01 -6.687753579547922947e-03 4.590791285294800600e-02
9.988864285301356505e-01 -1.143321692647343742e-02 4.577318612754119331e-02
9.988276127211859201e-01 -1.616389879504035593e-02 4.563034692154401689e-02
9.987470617664101491e-01 -2.087886052906757009e-02 4.547944496342245374e-02
9.986450109094509031e-01 -2.557717101230526369e-02 4.532053206137701129e-02
9.985217103197554511e-01 -3.025790704472464121e-02 4.515366207143222538e-02
9.983774248038739252e-01 -3.492015370958811982e-02 4.497889086404912445e-02
9.982124335045752250e-01 -3.956300473089933989e-02 4.479627628931658750e-02
9.980270295882271991e-01 -4.418556282085332049e-02 4.460587814077938973e-02
9.978215199209022890e-01 -4.878694001692879950e-02 4.440775811796269373e-02
9.975962247336823685e-01 -5.336625800828689870e-02 4.420197978765444402e-02
9.973514772776490567e-01 -5.792264845116295441e-02 4.398860854400878789e-02
9.970876234690558837e-01 -6.245525327296153062e-02 4.376771156753496428e-02
9.968050215251882396e-01 -6.696322496478801511e-02 4.353935778303739262e-02
9.965040415914261374e-01 -7.144572686217395829e-02 4.330361781657392911e-02
9.961850653600303751e-01 -7.590193341377739211e-02 4.306056395149997218e-02
9.958484856811812280e-01 -8.033103043786343767e-02 4.281027008366714709e-02
9.954947061668005803e-01 -8.473221536639466422e-02 4.255281167584570867e-02
9.951241407876946221e-01 -8.910469747658521233e-02 4.228826571144040508e-02
9.947372134645561248e-01 -9.344769810979647318e-02 4.201671064756979518e-02
9.943343576533650863e-01 -9.776045087767676334e-02 4.173822636757921339e-02
9.939160159257296456e-01 -1.020422018554710125e-01 4.145289413305754123e-02
9.934826395447055036e-01 -1.062922097624503237e-01 4.116079653542775024e-02
9.930346880366327511e-01 -1.105097461294349964e-01 4.086201744718102880e-02
9.925726287595235675e-01 -1.146940954534073076e-01 4.055664197282371486e-02
9.920969364685322534e-01 -1.188445553392335208e-01 4.024475639960575085e-02
9.916080928790335092e-01 -1.229604366285367012e-01 3.992644814809861997e-02
9.911065862278281013e-01 -1.270410635157837587e-01 3.960180572268993254e-02
9.905929108329898369e-01 -1.310857736516716499e-01 3.927091866206079002e-02
9.900675666528584440e-01 -1.350939182339180866e-01 3.893387748971099266e-02
9.895310588446758482e-01 -1.390648620855825801e-01 3.859077366459593567e-02
9.889838973233529007e-01 -1.429979837210629268e-01 3.824169953193770621e-02
9.884265963208442862e-01 -1.468926753999310608e-01 3.788674827427147146e-02
9.878596739465982379e-01 -1.507483431687903774e-01 3.752601386278671403e-02
9.872836517495364728e-01 -1.545644068913539226e-01 3.715959100902126860e-02
9.866990542820071042e-01 -1.583403002669593329e-01 3.678757511696437166e-02
9.861064086661419648e-01 -1.620754708377525333e-01 3.641006223562319455e-02
9.855062441630354497e-01 -1.657693799847866356e-01 3.602714901210539444e-02
9.848990917451490024e-01 -1.694215029132971340e-01 3.563893264526838550e-02
9.842854836723309297e-01 -1.730313286274276496e-01 3.524551083998393730e-02
9.836659530718281363e-01 -1.765983598946927746e-01 3.484698176206478537e-02
9.830410335226499319e-01 -1.801221132004764414e-01 3.444344399389769051e-02
9.824112586446301920e-01 -1.836021186928748772e-01 3.403499649082540601e-02
9.817771616925189404e-01 -1.870379201182030549e-01 3.362173853831769421e-02
9.811392751554193215e-01 -1.904290747474926271e-01 3.320376970996945926e-02
9.804981303618691690e-01 -1.937751532943174926e-01 3.278118982636175904e-02
9.798542570908523874e-01 -1.970757398242904690e-01 3.235409891481919736e-02
9.792081831890090404e-01 -2.003304316565809595e-01 3.192259717009503228e-02
9.785604341942975015e-01 -2.035388392578093009e-01 3.148678491601300533e-02
9.779115329663455869e-01 -2.067005861286778656e-01 3.104676256809259238e-02
9.772619993237146030e-01 -2.098153086837035441e-01 3.060263059718223294e-02
9.766123496882813670e-01 -2.128826561244190341e-01 3.015448949412274579e-02
9.759630967369309351e-01 -2.159022903064128085e-01 2.970243973546093236e-02
9.753147490607362302e-01 -2.188738856005794375e-01 2.924658175023112788e-02
9.746678108317861078e-01 -2.217971287489528265e-01 2.878701588782031986e-02
9.740227814778092963e-01 -2.246717187154949891e-01 2.832384238693019460e-02
9.733801553647263294e-01 -2.274973665322125027e-01 2.785716134564740834e-02
9.727404214872493737e-01 -2.302737951409717654e-01 2.738707269263123550e-02
9.721040631676328703e-01 -2.330007392313822312e-01 2.691367615942564032e-02
9.714715577626691356e-01 -2.356779450751142202e-01 2.643707125390089632e-02
9.708433763790050852e-01 -2.383051703570151225e-01 2.595735723482775481e-02
9.702199835968481345e-01 -2.408821840033840145e-01 2.547463308758532441e-02
9.696018372021133480e-01 -2.434087660077603743e-01 2.498899750100191247e-02
9.689893879270549126e-01 -2.458847072545783663e-01 2.450054884532616370e-02
9.683830791994121334e-01 -2.483098093410324725e-01 2.400938515132417655e-02
9.677833469000896027e-01 -2.506838843974948383e-01 2.351560409049641143e-02
9.671906191293805355e-01 -2.530067549068185651e-01 2.301930295640660859e-02
9.666053159817332707e-01 -2.552782535228549365e-01 2.252057864711330334e-02
9.660278493290498369e-01 -2.574982228885049906e-01 2.201952764869291243e-02
9.654586226124969306e-01 -2.596665154536195175e-01 2.151624601984194335e-02
9.648980306428026621e-01 -2.617829932930530457e-01 2.101082937754437246e-02
9.643464594090014330e-01 -2.638475279251705219e-01 2.050337288378887082e-02
9.638042858955839787e-01 -2.658600001310963967e-01 1.999397123331927636e-02
9.632718779080017280e-01 -2.678202997749875580e-01 1.948271864240038592e-02
9.627495939064676378e-01 -2.697283256256032269e-01 1.896970883857999890e-02
9.622377828479899975e-01 -2.715839851794361048e-01 1.845503505142698925e-02
9.617367840365691478e-01 -2.733871944856594571e-01 1.793879000422408942e-02
9.612469269814829520e-01 -2.751378779731361024e-01 1.742106590659310214e-02
9.607685312635809716e-01 -2.768359682797258969e-01 1.690195444802923899e-02
9.603019064095037471e-01 -2.784814060841185879e-01 1.638154679232045607e-02
9.598473517737381444e-01 -2.800741399404097498e-01 1.585993357282678221e-02
9.594051564284188371e-01 -2.816141261156272502e-01 1.533720488859385313e-02
9.589755990607798930e-01 -2.831013284304066957e-01 1.481345030127419367e-02
9.585589478781600947e-01 -2.845357181030038207e-01 1.428875883282905782e-02
9.581554605204618547e-01 -2.859172735968228407e-01 1.376321896398309368e-02
9.577653839799618041e-01 -2.872459804716291365e-01 1.323691863340350876e-02
9.573889545283711389e-01 -2.885218312386050865e-01 1.270994523757491834e-02
9.570263976510399173e-01 -2.897448252193986495e-01 1.218238563134061737e-02
9.566779279882007270e-01 -2.909149684093036980e-01 1.165432612908061556e-02
9.563437492831456943e-01 -2.920322733447016650e-01 1.112585250649643191e-02
9.560240543372308109e-01 -2.930967589748848523e-01 1.059705000297232920e-02
9.557190249716015495e-01 -2.941084505383712577e-01 1.006800332448244510e-02
9.554288319955330788e-01 -2.950673794438118391e-01 9.538796647013026916e-03
9.551536351812811576e-01 -2.959735831555818097e-01 9.009513620468867501e-03
9.548935832453381289e-01 -2.968271050841375103e-01 8.480237373032866594e-03
9.546488138359910947e-01 -2.976279944812115774e-01 7.951050515947600053e-03
9.544194535270794644e-01 -2.983763063399098581e-01 7.422035148687730968e-03
9.542056178178517367e-01 -2.990721012997644701e-01 6.893272864492091395e-03
9.540074111388215927e-01 -2.997154455567884734e-01 6.364844756224309445e-03
9.538249268635263789e-01 -3.003064107785685666e-01 5.836831422530932775e-03
9.536582473260916126e-01 -3.008450740244235089e-01 5.309312974266108820e-03
9.535074438445085843e-01 -3.013315176706480303e-01 4.782369041152033026e-03
9.533725767495330183e-01 -3.017658293408522763e-01 4.256078778644541150e-03
9.532536954191161982e-01 -3.021481018413999520e-01 3.730520874973455858e-03
9.531508383182806243e-01 -3.024784331019390593e-01 3.205773558327519503e-03
9.530640330443566066e-01 -3.027569261210115714e-01 2.681914604154030709e-03
9.530454374517998151e-01 -3.028222665341973041e-01 1.751886771533415956e-03
9.530550827384277612e-01 -3.027958553932799668e-01 8.241892434120713347e-04
9.530928929687945139e-01 -3.026779265589829571e-01 -1.010550938210217665e-04
9.531587626100845867e-01 -3.024687179127559244e-01 -1.023723922979658668e-03
9.532525567815927081e-01 -3.021684713951842682e-01 -1.943695445806423085e-03
9.533741115153281376e-01 -3.017774330665504157e-01 -2.860848333536634980e-03
9.535232340276764695e-01 -3.012958531891340996e-01 -3.775061678418983879e-03
9.536997030020764043e-01 -3.007239863308113215e-01 -4.686214946309211725e-03
9.539032688826923900e-01 -3.000620914894858160e-01 -5.594187930450771583e-03
9.541336541790901293e-01 -2.993104322378598581e-01 -6.498860706553915602e-03
9.543905537819400431e-01 -2.984692768880255476e-01 -7.400113589282122928e-03
9.546736352897976507e-01 -2.975388986753326748e-01 -8.297827090252190077e-03
9.549825393470289248e-01 -2.965195759609642878e-01 -9.191881877651679467e-03
9.553168799929648847e-01 -2.954115924526253267e-01 -1.008215873757469135e-02
9.556762450223887928e-01 -2.942152374427270400e-01 -1.096853853717419218e-02
9.560601963574743012e-01 -2.929308060634244759e-01 -1.185090218972626418e-02
9.564682704313045569e-01 -2.915585995578411360e-01 -1.272913062169875840e-02
9.568999785831178162e-01 -2.900989255667918432e-01 -1.360310474191384414e-02
9.573548074654325557e-01 -2.885520984302913927e-01 -1.447270541289088358e-02
9.578322194632161724e-01 -2.869184395031135204e-01 -1.533781342445291948e-02
9.583316531252669135e-01 -2.851982774836436252e-01 -1.619830946967680887e-02
9.588525236079854519e-01 -2.833919487552446492e-01 -1.705407412326372454e-02
9.593942231317146296e-01 -2.814997977393360884e-01 -1.790498782240328504e-02
9.599561214498290029e-01 -2.795221772593629583e-01 -1.875093085020106826e-02
9.605375663307541556e-01 -2.774594489148118903e-01 -1.959178332173558065e-02
9.611378840530954148e-01 -2.753119834644107145e-01 -2.042742517280700040e-02
9.617563799140493863e-01 -2.730801612176283477e-01 -2.125773615143615805e-02
9.623923387512683947e-01 -2.707643724335720425e-01 -2.208259581216819034e-02
9.630450254783371467e-01 -2.683650177263613434e-01 -2.290188351323116378e-02
9.637136856340138280e-01 -2.658825084760388369e-01 -2.371547841659573524e-02
9.643975459453735244e-01 -2.633172672440617368e-01 -2.452325949097753158e-02
9.650958149049801982e-01 -2.606697281924012510e-01 -2.532510551781937472e-02
9.658076833621956903e-01 -2.579403375052613523e-01 -2.612089510028585068e-02
9.665323251287180062e-01 -2.551295538124135898e-01 -2.691050667529793980e-02
9.672688975984210513e-01 -2.522378486131315323e-01 -2.769381852863046431e-02
9.680165423815456638e-01 -2.492657066996952220e-01 -2.847070881309007526e-02
9.687743859532698121e-01 -2.462136265794250267e-01 -2.924105556978628950e-02
9.695415403166592894e-01 -2.430821208941941758e-01 -3.000473675250278638e-02
9.703171036799739246e-01 -2.398717168363603824e-01 -3.076163025517066746e-02
9.711001611482752427e-01 -2.365829565600492124e-01 -3.151161394243984226e-02
9.718897854292510852e-01 -2.332163975867168337e-01 -3.225456568333898849e-02
9.726850375531412851e-01 -2.297726132039146496e-01 -3.299036338800869633e-02
9.734849676066136270e-01 -2.262521928561762319e-01 -3.371888504748652565e-02
9.742886154804056842e-01 -2.226557425269460044e-01 -3.444000877651659520e-02
9.750950116305108217e-01 -2.189838851104702055e-01 -3.515361285935028612e-02
9.759031778526491285e-01 -2.152372607725735187e-01 -3.585957579849837623e-02
9.767121280697256269e-01 -2.114165272992499511e-01 -3.655777636638869038e-02
9.775208691319380305e-01 -2.075223604320034776e-01 -3.724809365987693383e-02
9.783284016291547980e-01 -2.035554541888832392e-01 -3.793040715755208181e-02
9.791337207151438182e-01 -1.995165211701697972e-01 -3.860459677977117615e-02
9.799358169431885424e-01 -1.954062928476823502e-01 -3.927054295135203044e-02
9.807336771125866326e-01 -1.912255198366936693e-01 -3.992812666684575351e-02
9.815262851254816789e-01 -1.869749721494572414e-01 -4.057722955830472822e-02
9.823126228534357907e-01 -1.826554394293731787e-01 -4.121773396545506257e-02
9.830916710131070158e-01 -1.782677311648422636e-01 -4.184952300817634807e-02
9.838624100503522429e-01 -1.738126768818840373e-01 -4.247248066118507887e-02
9.846238210320312767e-01 -1.692911263146235357e-01 -4.308649183081197931e-02
9.853748865447479188e-01 -1.647039495527824193e-01 -4.369144243375726322e-02
9.861145915997175937e-01 -1.600520371653443574e-01 -4.428721947770188766e-02
9.868419245429124187e-01 -1.553363002996008546e-01 -4.487371114364695907e-02
9.875558779695923217e-01 -1.505576707548228199e-01 -4.545080686984782903e-02
9.882554496422915058e-01 -1.457171010298447811e-01 -4.601839743720373410e-02
9.889396434112904810e-01 -1.408155643438928073e-01 -4.657637505595869226e-02
9.896074701365683568e-01 -1.358540546300337215e-01 -4.712463345356418531e-02
9.902579486101928952e-01 -1.308335865006722276e-01 -4.766306796354931319e-02
9.908901064780736290e-01 -1.257551951845738425e-01 -4.819157561523962352e-02
9.915029811599708198e-01 -1.206199364349454101e-01 -4.871005522416141376e-02
9.920956207666244975e-01 -1.154288864081600557e-01 -4.921840748296449353e-02
9.926670850128397339e-01 -1.101831415127719899e-01 -4.971653505269264806e-02
9.932164461253401022e-01 -1.048838182285258408e-01 -5.020434265422782372e-02
9.937427897441796221e-01 -9.953205289512684351e-02 -5.068173715973117027e-02
9.942452158164835074e-01 -9.412900147060146439e-02 -5.114862768390151387e-02
9.947228394812722696e-01 -8.867583925914267196e-02 -5.160492567486979487e-02
9.951747919441100709e-01 -8.317376060840020457e-02 -5.205054500454626976e-02
9.956002213403086776e-01 -7.762397857624336872e-02 -5.248540205823610388e-02
9.959982935854108099e-01 -7.202772456709212456e-02 -5.290941582333815590e-02
9.963681932116743578e-01 -6.638624793798132695e-02 -5.332250797694140093e-02
9.967091241892779285e-01 -6.070081557459248295e-02 -5.372460297213368929e-02
9.970203107309725254e-01 -5.497271143755756706e-02 -5.411562812283814139e-02
9.973009980789114826e-01 -4.920323607940948335e-02 -5.449551368699354081e-02
9.975504532724009943e-01 -4.339370613262405474e-02 -5.486419294789688511e-02
9.977679658953295672e-01 -3.754545376926822497e-02 -5.522160229352818250e-02
9.979528488020517063e-01 -3.165982613283858244e-02 -5.556768129368042097e-02
9.981044388205243534e-01 -2.573818474294298220e-02 -5.590237277472064059e-02
9.982220974315197948e-01 -1.978190487354572480e-02 -5.622562289181175232e-02
9.983052114227686236e-01 -1.379237490556329583e-02 -5.653738119842883353e-02
9.983531935169197569e-01 -7.770995654662689670e-03 -5.683760071300834882e-02
9.983654829722405921e-01 -1.719179675177774300e-03 -5.712623798257375485e-02
9.983415461550214642e-01 4.361649458879312581e-03 -5.740325314318657501e-02
9.982808770826920863e-01 1.047005789467540457e-02 -5.766860997707810854e-02
9.981829979367047301e-01 1.660460226218872515e-02 -5.792227596632332914e-02
9.980474595442886399e-01 2.276383045546859912e-02 -5.816422234292556448e-02
9.978738418282342426e-01 2.894628243232275078e-02 -5.839442413518772940e-02
9.976617542239220038e-01 3.515049103118374207e-02 -5.861286021025369219e-02
9.974108360628688441e-01 4.137498280386044114e-02 -5.881951331271138145e-02
9.971207569221276490e-01 4.761827886283809264e-02 -5.901437009915765086e-02
9.967912169389380184e-01 5.387889574175164231e-02 -5.919742116863366266e-02
9.964219470900943509e-01 6.015534626762192305e-02 -5.936866108884852888e-02
9.960127094355627486e-01 6.644614044341262682e-02 -5.952808841811824819e-02
9.955632973259509466e-01 7.274978633943866846e-02 -5.967570572295646109e-02
9.950735355735039755e-01 7.906479099213287176e-02 -5.981151959126321249e-02
9.945432805863729797e-01 8.538966130865843773e-02 -5.993554064106787482e-02
9.939724204659755591e-01 9.172290497583951430e-02 -6.004778352479219622e-02
9.933608750673437182e-01 9.806303137187091790e-02 -6.014826692900970134e-02
9.927085960224263372e-01 1.044085524792614794e-01 -6.023701356968771958e-02
9.920155667263907961e-01 1.107579837974627807e-01 -6.031405018290855041e-02
9.912818022870429902e-01 1.171098452536370460e-01 -6.037940751107641335e-02
9.905073494375578047e-01 1.234626621100238519e-01 -6.043312028462701629e-02
9.896922864127886132e-01 1.298149658663758366e-01 -6.047522719926658186e-02
9.888367227894960809e-01 1.361652951559477742e-01 -6.050577088877720500e-02
9.879407992909099434e-01 1.425121966335427259e-01 -6.052479789343514355e-02
9.870046875561069299e-01 1.488542258541408203e-01 -6.053235862409835771e-02
9.860285898747597200e-01 1.551899481406637527e-01 -6.052850732202902373e-02
9.850127388878768819e-01 1.615179394394581358e-01 -6.051330201452596175e-02
9.839573972552220216e-01 1.678367871621153362e-01 -6.048680446645080672e-02
9.828628572901620952e-01 1.741450910122829543e-01 -6.044908012774048711e-02
9.817294405627563503e-01 1.804414637961650192e-01 -6.040019807700675036e-02
9.805574974719569736e-01 1.867245322154516829e-01 -6.034023096133165481e-02
9.793474067878468192e-01 1.929929376414674658e-01 -6.026925493237530324e-02
9.780995751648932091e-01 1.992453368693768989e-01 -6.018734957891953841e-02
9.768144366272465406e-01 2.054804028513404490e-01 -6.009459785597794090e-02
9.754924520271585076e-01 2.116968254075680123e-01 -5.999108601060893636e-02
9.741341084776392600e-01 2.178933119142762442e-01 -5.987690350457473137e-02
9.727399187605099140e-01 2.240685879676151682e-01 -5.975214293399421644e-02
9.713104207110464516e-01 2.302213980226912871e-01 -5.961689994614300520e-02
9.698461765804404777e-01 2.363505060068776809e-01 -5.947127315355824756e-02
9.683477723773334933e-01 2.424546959066662399e-01 -5.931536404560991405e-02
9.668158171897048847e-01 2.485327723273826062e-01 -5.914927689770373836e-02
9.652509424884170297e-01 2.545835610251507841e-01 -5.897311867828402415e-02
9.636538014137364661e-01 2.606059094105617757e-01 -5.878699895380706114e-02
9.620250680461660542e-01 2.665986870235677597e-01 -5.859102979185789456e-02
9.603654366629318373e-01 2.725607859791912557e-01 -5.838532566258473888e-02
9.586756209814754071e-01 2.784911213837057975e-01 -5.817000333862630546e-02
9.569563533913061359e-01 2.843886317210121972e-01 -5.794518179370792416e-02
9.552083841755647509e-01 2.902522792090012071e-01 -5.771098210008236001e-02
9.534324807236488342e-01 2.960810501257590821e-01 -5.746752732499078864e-02
9.516294267362394033e-01 3.018739551055380499e-01 -5.721494242631866567e-02
9.498000214240600592e-01 3.076300294044772010e-01 -5.695335414761970583e-02
9.479450787016838742e-01 3.133483331361219260e-01 -5.668289091267968843e-02
9.460654263776870909e-01 3.190279514768517566e-01 -5.640368271978946774e-02
9.441619053424277208e-01 3.246679948413855876e-01 -5.611586103589415175e-02
9.422353687547044832e-01 3.302675990285904861e-01 -5.581955869078240873e-02
9.402866812285261000e-01 3.358259253378774734e-01 -5.551490977147667538e-02
9.383167180211913205e-01 3.413421606565198996e-01 -5.520204951698128720e-02
9.363263642238515150e-01 3.468155175182824901e-01 -5.488111421354179009e-02
9.343165139556931509e-01 3.522452341337984905e-01 -5.455224109056430043e-02
9.322880695628427139e-01 3.576305743931786907e-01 -5.421556821733940906e-02
9.302419408230614417e-01 3.629708278413809608e-01 -5.387123440071026753e-02
9.281790441572563832e-01 3.682653096269111193e-01 -5.351937908381958209e-02
9.261003018487959926e-01 3.735133604244645911e-01 -5.316014224606501609e-02
9.240066412715768340e-01 3.787143463321558379e-01 -5.279366430438715146e-02
9.218989941277445643e-01 3.838676587440163490e-01 -5.242008601600859491e-02
9.197782956959302814e-01 3.889727141984730685e-01 -5.203954838273715938e-02
9.176454840908166988e-01 3.940289542035485537e-01 -5.165219255694029205e-02
9.155014995348059736e-01 3.990358450395498080e-01 -5.125815974929195246e-02
9.133472836425130525e-01 4.039928775400357663e-01 -5.085759113838730222e-02
9.111837787187645477e-01 4.088995668518750626e-01 -5.045062778231446804e-02
9.090119270707344157e-01 4.137554521752227488e-01 -5.003741053226663793e-02
9.068326703348037476e-01 4.185600964842611238e-01 -4.961807994827167195e-02
9.046469488186843488e-01 4.233130862295618746e-01 -4.919277621711044823e-02
9.024557008593001584e-01 4.280140310229378908e-01 -4.876163907248903806e-02
9.002598621968742609e-01 4.326625633056607190e-01 -4.832480771752385718e-02
8.980603653656255014e-01 4.372583380009257836e-01 -4.788242074959307010e-02
8.958581391014324158e-01 4.418010321514501682e-01 -4.743461608760165399e-02
8.936541077667784494e-01 4.462903445430894678e-01 -4.698153090170172075e-02
8.914491907932511339e-01 4.507259953153595067e-01 -4.652330154550415875e-02
8.892443021418221516e-01 4.551077255597448246e-01 -4.606006349081196577e-02
8.870403497810981364e-01 4.594352969066717307e-01 -4.559195126490040578e-02
8.848382351836876492e-01 4.637084911020166733e-01 -4.511909839036370301e-02
8.826388528407939082e-01 4.679271095740119013e-01 -4.464163732754294900e-02
8.804430897951028845e-01 4.720909729914006259e-01 -4.415969941954491634e-02
8.782518251920016228e-01 4.761999208136815653e-01 -4.367341483985662937e-02
8.760659298491235702e-01 4.802538108342701562e-01 -4.318291254255597622e-02
8.738862658441873821e-01 4.842525187173886136e-01 -4.268832021511413666e-02
8.717136861210591503e-01 4.881959375294814274e-01 -4.218976423378135998e-02
8.695490341139406887e-01 4.920839772659357791e-01 -4.168736962154351300e-02
8.673931433895536447e-01 4.959165643738685514e-01 -4.118126000863298053e-02
8.652468373071631191e-01 4.996936412717221665e-01 -4.067155759557371242e-02
8.631109286962569405e-01 5.034151658663922335e-01 -4.015838311873681094e-02
8.609862195516714278e-01 5.070811110685885525e-01 -3.964185581837958300e-02
8.588735007459314952e-01 5.106914643071106541e-01 -3.912209340913807426e-02
8.567735517585495231e-01 5.142462270426961801e-01 -3.859921205293998653e-02
8.546871404220076629e-01 5.177454142820793193e-01 -3.807332633430222935e-02
8.526150226841299196e-01 5.211890540928719728e-01 -3.754454923797488630e-02
8.505579423865291533e-01 5.245771871198592340e-01 -3.701299212889086476e-02
8.485166310588024841e-01 5.279098661032760598e-01 -3.647876473437852013e-02
8.464918077281298192e-01 5.311871553996087014e-01 -3.594197512859247101e-02
8.444841787439185676e-01 5.344091305054410324e-01 -3.540272971911596206e-02
8.424944376171253912e-01 5.375758775848431537e-01 -3.486113323568674344e-02
8.405232648738741874e-01 5.406874930007745661e-01 -3.431728872099666650e-02
8.385713279229810579e-01 5.437440828509507718e-01 -3.377129752351424458e-02
8.366392809369872507e-01 5.467457625086014072e-01 -3.322325929227802621e-02
8.347277647462961747e-01 5.496926561685209212e-01 -3.267327197360785779e-02
8.328374067460022623e-01 5.525848963987933793e-01 -3.212143180968023842e-02
8.309688208149966782e-01 5.554226236985488896e-01 -3.156783333891327592e-02
8.291226072469295438e-01 5.582059860620867120e-01 -3.101256939810623225e-02
8.272993526926080143e-01 5.609351385496793574e-01 -3.045573112627834866e-02
8.254996301134048808e-01 5.636102428653502194e-01 -2.989740797015122409e-02
8.237239987452543710e-01 5.662314669418957447e-01 -2.933768769121899642e-02
8.219730040728109310e-01 5.687989845334042727e-01 -2.877665637435049273e-02
8.202471778133478830e-01 5.713129748155020282e-01 -2.821439843786759452e-02
8.185470379099745175e-01 5.737736219935388737e-01 -2.765099664504428248e-02
8.168730885337539549e-01 5.761811149189070003e-01 -2.708653211697104740e-02
8.152258200943065525e-01 5.785356467136677505e-01 -2.652108434672977022e-02
8.136057092584880746e-01 5.808374144036444475e-01 -2.595473121482461815e-02
8.120132189767363950e-01 5.830866185601214502e-01 -2.538754900581501051e-02
8.104487985166866082e-01 5.852834629502740027e-01 -2.481961242609732540e-02
8.089128835036589749e-01 5.874281541964380127e-01 -2.425099462278271223e-02
8.074058959676321257e-01 5.895209014443121287e-01 -2.368176720361906545e-02
8.059282443963198261e-01 5.915619160401729415e-01 -2.311200025790602700e-02
8.044803237939767149e-01 5.935514112171669243e-01 -2.254176237835272406e-02
8.030625157455676399e-01 5.954896017907327366e-01 -2.197112068382881325e-02
8.016751884859408817e-01 5.973767038631928594e-01 -2.140014084296034194e-02
8.003186969736569845e-01 5.992129345375418747e-01 -2.082888709852288162e-02
7.989933829691308054e-01 6.009985116404489291e-01 -2.025742229258539404e-02
7.976995751167548221e-01 6.027336534544791569e-01 -1.968580789235928677e-02
7.964375890306811812e-01 6.044185784595297317e-01 -1.911410401670816245e-02
7.952077273839484040e-01 6.060535050834678916e-01 -1.854236946327481386e-02
7.940102800006486605e-01 6.076386514619461776e-01 -1.797066173618308907e-02
7.928455239508414021e-01 6.091742352073657996e-01 -1.739903707427334356e-02
7.917137236479290241e-01 6.106604731869472724e-01 -1.682755047983123045e-02
7.906151309482190026e-01 6.120975813098641360e-01 -1.625625574777075574e-02
7.895499852524094919e-01 6.134857743233846916e-01 -1.568520549523351459e-02
7.885185136087418112e-01 6.148252656179643560e-01 -1.511445119156718843e-02
7.875209308175766809e-01 6.161162670412222431e-01 -1.454404318864742883e-02
7.865574395371595084e-01 6.173589887207331373e-01 -1.397403075150831057e-02
7.856282303903495690e-01 6.185536388955584775e-01 -1.340446208924764987e-02
7.847334820720992532e-01 6.197004237564379681e-01 -1.283538438617446743e-02
7.838733614574793229e-01 6.207995472945575521e-01 -1.226684383316696721e-02
7.830480237100546637e-01 6.218512111588077040e-01 -1.169888565921036946e-02
7.822576123904270151e-01 6.228556145214410034e-01 -1.113155416308497618e-02
7.815022595647692638e-01 6.238129539520369526e-01 -1.056489274517578847e-02
7.807820859131864299e-01 6.247234232996778935e-01 -9.998943939375972562e-03
7.800972008377479172e-01 6.255872135832385439e-01 -9.433749445057400609e-03
7.794477025700448092e-01 6.264045128896911230e-01 -8.869350159082387691e-03
7.788336782781359879e-01 6.271755062803230363e-01 -8.305786207831638082e-03
7.782552041727551773e-01 6.279003757047670886e-01 -7.743096979224269039e-03
7.777123456126614487e-01 6.285792999227399758e-01 -7.181321154706601755e-03
7.772051572090233895e-01 6.292124544333855818e-01 -6.620496741187215789e-03
7.767336829287364575e-01 6.298000114121190540e-01 -6.060661102896530879e-03
7.762979561965822617e-01 6.303421396548667399e-01 -5.501850993149922514e-03
7.758979999961463925e-01 6.308390045295972914e-01 -4.944102585994090623e-03
7.755338269694204145e-01 6.312907679350394652e-01 -4.387451507717082463e-03
7.752054395150203003e-01 6.316975882664822572e-01 -3.831932868203023496e-03
7.749128298849649044e-01 6.320596203885533448e-01 -3.277581292113241045e-03
7.746559802799619643e-01 6.323770156148719179e-01 -2.724430949876039711e-03
7.744348629431603293e-01 6.326499216944736492e-01 -2.172515588467970830e-03
7.742494402523322217e-01 6.328784828049048850e-01 -1.621868561969958683e-03
7.740996648104588873e-01 6.330628395518855811e-01 -1.072522861882155070e-03
7.739854795346980953e-01 6.332031289754398440e-01 -5.245111471818626921e-04
7.739068177437210538e-01 6.332994845623944880e-01 2.213422589068022705e-05
7.738636032434118572e-01 6.333520362651473556e-01 5.673811743334494177e-04
7.738557504109299101e-01 6.333609105266079231e-01 1.111197859185125356e-03
7.738831642771427655e-01 6.333262303112132674e-01 1.653552656642966537e-03
7.739457406074421453e-01 6.332481151419241394e-01 2.194414129509779637e-03
7.740433659809637934e-01 6.331266811431068842e-01 2.733750998983382630e-03
7.741759178682359188e-01 6.329620410892076166e-01 3.271532116801687418e-03
7.743432647072896469e-01 6.327543044591263932e-01 3.807726437756256584e-03
7.745452659782675608e-01 6.325035774961998980e-01 4.342302992586966753e-03
7.747817722765747428e-01 6.322099632737020469e-01 4.875230861270193547e-03
7.751372767768066607e-01 6.317667889779563506e-01 5.738178017075822555e-03
7.755479548432842041e-01 6.312541701873296551e-01 6.598678039616313017e-03
7.760135155974124954e-01 6.306721980496864388e-01 7.456702396049620131e-03
7.765336485529222843e-01 6.300209518923994834e-01 8.312222081221376166e-03
7.771080237145061576e-01 6.293004994789498374e-01 9.165207541416949336e-03
7.777362916687982075e-01 6.285108972811733752e-01 1.001562859930936814e-02
7.784180836680616444e-01 6.276521907669894151e-01 1.086345438013278618e-02
7.791530117069693784e-01 6.267244147034570778e-01 1.170865323911198137e-02
7.799406685928852445e-01 6.257275934750110569e-01 1.255119269017926018e-02
7.807806280100717533e-01 6.246617414167336957e-01 1.339103933601119324e-02
7.816724445782712305e-01 6.235268631625261460e-01 1.422815879941868519e-02
7.826156539061271955e-01 6.223229540080451594e-01 1.506251565612510938e-02
7.836097726399310348e-01 6.210500002882753945e-01 1.589407336896849973e-02
7.846542985081967903e-01 6.197079797696082304e-01 1.672279422356517595e-02
7.857487103625885316e-01 6.182968620562997453e-01 1.754863926547355762e-02
7.868924682157374395e-01 6.168166090111799615e-01 1.837156823889845095e-02
7.880850132765083726e-01 6.152671751904849051e-01 1.919153952697759055e-02
7.893257679832881291e-01 6.136485082926782519e-01 2.000851009369382719e-02
7.906141360358864834e-01 6.119605496211284468e-01 2.082243542745788878e-02
7.919495024266561822e-01 6.102032345605004071e-01 2.163326948640837549e-02
7.933312334714532899e-01 6.083764930667142634e-01 2.244096464547720368e-02
7.947586768410738189e-01 6.064802501703187021e-01 2.324547164527040674e-02
7.962311615938173492e-01 6.045144264931138212e-01 2.404673954281584883e-02
7.977479982098411027e-01 6.024789387778520799e-01 2.484471566423102074e-02
7.993084786279807119e-01 6.003737004308318248e-01 2.563934555936573517e-02
8.009118762857271312e-01 5.981986220771868812e-01 2.643057295847605140e-02
8.025574461630584633e-01 5.959536121286603816e-01 2.721833973098737591e-02
8.042444248308375787e-01 5.936385773636364549e-01 2.800258584640605633e-02
8.059720305044960620e-01 5.912534235191868603e-01 2.878324933744031214e-02
8.077394631037316808e-01 5.887980558948706644e-01 2.956026626539257768e-02
8.095459043189568993e-01 5.862723799680067405e-01 3.033357068788663027e-02
8.113905176852409529e-01 5.836763020201176655e-01 3.110309462899400745e-02
8.132724486644936635e-01 5.810097297742226052e-01 3.186876805182525807e-02
8.151908247366445037e-01 5.782725730426317989e-01 3.263051883365244987e-02
8.171447555005716401e-01 5.754647443848734945e-01 3.338827274363014713e-02
8.191333327855406798e-01 5.725861597753563181e-01 3.414195342318274845e-02
8.211556307739087401e-01 5.696367392803448615e-01 3.489148236912642531e-02
8.232107061358533429e-01 5.666164077437976232e-01 3.563677891959428357e-02
8.252975981768789770e-01 5.635250954815889113e-01 3.637776024283349841e-02
8.274153289988526172e-01 5.603627389836040029e-01 3.711434132894300686e-02
8.295629036753127128e-01 5.571292816231695477e-01 3.784643498462011979e-02
8.317393104417881711e-01 5.538246743732463395e-01 3.857395183098385333e-02
8.339435209018549733e-01 5.504488765287809393e-01 3.929680030454213435e-02
8.361744902496476284e-01 5.470018564345796586e-01 4.001488666136891748e-02
8.384311575095272362e-01 5.434835922180335510e-01 4.072811498455614077e-02
8.407124457935947204e-01 5.398940725259895324e-01 4.143638719500392087e-02
8.430172625777193618e-01 5.362332972650281082e-01 4.213960306561053554e-02
8.453444999967337781e-01 5.325012783443731079e-01 4.283766023892186109e-02
8.476930351594240687e-01 5.286980404206231832e-01 4.353045424829745519e-02
8.500617304839208632e-01 5.248236216434603030e-01 4.421787854264787321e-02
8.524494340540695880e-01 5.208780744014543940e-01 4.489982451479492681e-02
8.548549799973306218e-01 5.168614660670494132e-01 4.557618153350324885e-02
8.572771888847282584e-01 5.127738797397797255e-01 4.624683697922802456e-02
8.597148681533343106e-01 5.086154149867331276e-01 4.691167628361982145e-02
8.621668125517356618e-01 5.043861885792423339e-01 4.757058297282323878e-02
8.646318046088979914e-01 5.000863352247538751e-01 4.822343871460151032e-02
8.671086151267954900e-01 4.957160082927910549e-01 4.887012336931439993e-02
8.695960036971338569e-01 4.912753805338989088e-01 4.951051504477137905e-02
8.720927192424481333e-01 4.867646447904261930e-01 5.014449015497667028e-02
8.745975005818088510e-01 4.821840146979743946e-01 5.077192348277675266e-02
8.771090770213184618e-01 4.775337253763156653e-01 5.139268824641480410e-02
8.796261689695277219e-01 4.728140341085574905e-01 5.200665616998996488e-02
8.821474885778474162e-01 4.680252210073093111e-01 5.261369755781257485e-02
8.846717404059701861e-01 4.631675896665854442e-01 5.321368137263928627e-02
8.871976221122619410e-01 4.582414677981611617e-01 5.380647531776465431e-02
8.897238251690162691e-01 4.532472078510826341e-01 5.439194592293797315e-02
8.922490356024044278e-01 4.481851876130192314e-01 5.496995863406625715e-02
8.947719347568874326e-01 4.430558107921359623e-01 5.554037790665597440e-02
8.972912000837879321e-01 4.378595075781573920e-01 5.610306730293775079e-02
8.998055059536528288e-01 4.325967351812911033e-01 5.665788959260946445e-02
9.023135244919668896e-01 4.272679783476774351e-01 5.720470685712444880e-02
9.048139264377039748e-01 4.218737498500366168e-01 5.774338059744237722e-02
9.073053820241340217e-01 4.164145909521908551e-01 5.827377184515117325e-02
9.097865618812268629e-01 4.108910718461494804e-01 5.879574127685917306e-02
9.122561379589215758e-01 4.053037920604608546e-01 5.930914933174716991e-02
9.147127844704564525e-01 3.996533808385528963e-01 5.981385633216060316e-02
9.171551788548782946e-01 3.939404974858073949e-01 6.030972260711272431e-02
9.195820027577764622e-01 3.881658316841402057e-01 6.079660861855994136e-02
