1.000000000000000000e+00 0.000000000000000000e+00 0.000000000000000000e+00
9.999800092854279621e-01 2.692842456493463234e-03 -5.721015091223604493e-03
9.999134498841434349e-01 6.566886178250287004e-03 -1.140041918575527072e-02
9.997874761207256045e-01 1.161260990557806336e-02 -1.703382404965147340e-02
9.995853921525784669e-01 1.781927590874081771e-02 -2.261678554061236773e-02
9.992867964571628958e-01 2.517481879825986951e-02 -2.814479100865993622e-02
9.988677450368981248e-01 3.366571430241527274e-02 -3.361324933474280768e-02
9.983009342912368966e-01 4.327683091009525140e-02 -3.901748395404880387e-02
9.975559045281715553e-01 5.399126761106289030e-02 -4.435272917480898025e-02
9.965992650373457495e-01 6.579018128788238773e-02 -4.961413006152473604e-02
9.953949415197471673e-01 7.865260761744477525e-02 -5.479674610329181295e-02
9.939044464621409336e-01 9.255527961671682069e-02 -5.989555883282837029e-02
9.920871727575717447e-01 1.074724482068454695e-01 -6.490548349974512021e-02
9.899007105084770552e-01 1.233757093606001748e-01 -6.982138483260412476e-02
9.873011865110231655e-01 1.402338425279536227e-01 -7.463809684880910733e-02
9.842436254160361608e-01 1.580126650906658048e-01 -7.935044659014076074e-02
9.806823310043562003e-01 1.766749075666367852e-01 -8.395328157598891394e-02
9.765712854168109303e-01 1.961801141571748175e-01 -8.844150067765647882e-02
9.718645635585985154e-01 2.164845729956909048e-01 -9.281008802754527054e-02
9.665167592747687664e-01 2.375412801078676805e-01 -9.705414948898566374e-02
9.604834192900636447e-01 2.592999406277208818e-01 -1.011689511286592014e-01
9.537214803465433599e-01 2.817070102320220482e-01 -1.051499590569262843e-01
9.461897044807540125e-01 3.047057790628695528e-01 -1.089928799349544480e-01
9.378491069828565063e-01 3.282364996154646941e-01 -1.126937013943555832e-01
9.286633712956858799e-01 3.522365591912544058e-01 -1.162487315779004993e-01
9.185992449618701761e-01 3.766406965764108050e-01 -1.196546369912459273e-01
9.076269107275737325e-01 4.013812616274867739e-01 -1.229084778574278669e-01
8.957203270726413757e-01 4.263885154589948101e-01 -1.260077401894234561e-01
8.828575327633416681e-01 4.515909679630911722e-01 -1.289503638418564857e-01
8.690209105132645773e-01 4.769157484821048842e-01 -1.317347658705398661e-01
8.541974054809526873e-01 5.022890046324995916e-01 -1.343598586167241982e-01
8.383786951133795906e-01 5.276363235740919588e-01 -1.368250620394651784e-01
8.215613077398853381e-01 5.528831694574132261e-01 -1.391303099414125111e-01
8.037466883036167298e-01 5.779553303863119718e-01 -1.412760498668185760e-01
7.849412106546506118e-01 6.027793680172468527e-01 -1.432632365913734940e-01
7.651561368858621481e-01 6.272830628890204707e-01 -1.450933192669490168e-01
7.444075252333084425e-01 6.513958487370996586e-01 -1.467682224257030321e-01
7.227160890523092185e-01 6.750492293876354521e-01 -1.482903211825873646e-01
7.001070102858991673e-01 6.981771723330589818e-01 -1.496624110987756773e-01
6.766097116353574359e-01 7.207164737424945899e-01 -1.508876732770769724e-01
6.522575922998993248e-01 7.426070904297664699e-01 -1.519696353509200626e-01
6.270877326574447741e-01 7.637924351592682015e-01 -1.529121290987054682e-01
6.011405736006041334e-01 7.842196325829871029e-01 -1.537192454638409977e-01
5.744595764185685960e-01 8.038397340375623701e-01 -1.543952877871387075e-01
5.470908691301098470e-01 8.226078903564487677e-01 -1.549447240628665790e-01
5.190828850351507651e-01 8.404834827395413210e-01 -1.553721390138323999e-01
4.904859989773516227e-01 8.574302125450816714e-01 -1.556821867463287490e-01
4.613521664169932257e-01 8.734161516049173679e-01 -1.558795446950240748e-01
4.317345699241470491e-01 8.884137552978783603e-01 -1.559688695037646233e-01
4.016872771404068065e-01 9.023998411361701111e-01 -1.559547554137932779e-01
3.712649136474542866e-01 9.153555360205150038e-01 -1.558416956491912031e-01
3.405223535459702133e-01 9.272661956005257000e-01 -1.556340472034257183e-01
3.095144299108275043e-01 9.381212993411361944e-01 -1.553359993435613207e-01
2.782956666677786073e-01 9.479143249512755887e-01 -1.549515460624853458e-01
2.469200328497929697e-01 9.566426057877865929e-01 -1.544844626265794996e-01
2.154407196514948331e-01 9.643071747185010256e-01 -1.539382862884005609e-01
1.839099402181819387e-01 9.709125977274335462e-01 -1.533163011624698868e-01
1.523787516888263083e-01 9.764668002869679730e-01 -1.526215271981612442e-01
1.208968986643452481e-01 9.809808892214204601e-01 -1.518567131274921600e-01
8.951267699457961247e-02 9.844689724576849432e-01 -1.510243332175981723e-01
5.827281656869104376e-02 9.869479787150239325e-01 -1.501265876177483027e-01
2.722238165091685549e-02 9.884374788394010292e-01 -1.491654060586541652e-01
-2.738005777463518864e-03 9.889264484666567823e-01 -1.483812959428652267e-01
-3.255835669558231060e-02 9.884952131225043237e-01 -1.477064429779010590e-01
-6.223301255414127875e-02 9.871560164077118893e-01 -1.471396539611778409e-01
-9.175667106455123734e-02 9.849192266849222666e-01 -1.466794349799095953e-01
-1.211241493507612677e-01 9.817933864660838283e-01 -1.463240008188313179e-01
-1.503301570484385785e-01 9.777852784626784866e-01 -1.460712826684619770e-01
-1.793690795989019426e-01 9.729000074254120500e-01 -1.459189342459200622e-01
-2.082347719983842771e-01 9.671410970568681265e-01 -1.458643364663768649e-01
-2.369203633077256177e-01 9.605106014162125838e-01 -1.459046008272450179e-01
-2.654180722991317798e-01 9.530092303459656300e-01 -1.460365716894981569e-01
-2.937190347107475064e-01 9.446364885341462792e-01 -1.462568276613529505e-01
-3.218131426919242366e-01 9.353908278781319918e-01 -1.465616823090670207e-01
-3.496888971474703678e-01 9.252698128371008579e-01 -1.469471844378573699e-01
-3.773332738228709071e-01 9.142702984460440163e-01 -1.474091182028488822e-01
-4.047316041091765237e-01 9.023886206145624866e-01 -1.479430033253329169e-01
-4.318674716803724278e-01 8.896207982469845899e-01 -1.485440957031435305e-01
-4.587226262015693390e-01 8.759627465963224502e-01 -1.492073887152254308e-01
-4.852769154569723797e-01 8.614105011034960402e-01 -1.499276155289429036e-01
-5.115082373356191203e-01 8.459604507761895320e-01 -1.506992527237434876e-01
-5.373925131734185179e-01 8.296095799307755536e-01 -1.515165255457389115e-01
-5.625460728879724259e-01 8.132350685663520817e-01 -1.489653134567136272e-01
-5.867304001960078619e-01 7.964510329234213426e-01 -1.463325484991030156e-01
-6.099415772533850477e-01 7.793235620165291921e-01 -1.436178357645013781e-01
-6.321789042324547081e-01 7.619181761280797716e-01 -1.408209865815583939e-01
-6.534447854536810096e-01 7.442996244828419261e-01 -1.379420359710697985e-01
-6.737446018360655486e-01 7.265316891909679997e-01 -1.349812565380089646e-01
-6.930865697515444790e-01 7.086769967022450434e-01 -1.319391688446350797e-01
-7.114815866091084295e-01 6.907968380515169260e-01 -1.288165483579701009e-01
-7.289430637383471634e-01 6.729509991643416456e-01 -1.256144291104041022e-01
-7.454867473805749656e-01 6.551976024349068783e-01 -1.223341042532644640e-01
-7.611305288205743036e-01 6.375929606884837009e-01 -1.189771237192396441e-01
-7.758942448962810046e-01 6.201914445030254353e-01 -1.155452892400577330e-01
-7.897994703016030238e-01 6.030453636947463725e-01 -1.120406469903819507e-01
-8.028693032445445299e-01 5.862048635772514338e-01 -1.084654781472388085e-01
-8.151281461358187430e-01 5.697178363901179710e-01 -1.048222876663274239e-01
-8.266014830605031838e-01 5.536298480680517109e-01 -1.011137915823120542e-01
-8.373156558266934280e-01 5.379840802930625498e-01 -9.734290313986256049e-02
-8.472976403914727062e-01 5.228212875464305354e-01 -9.351271805610697485e-02
-8.565748254378579007e-01 5.081797686609171860e-01 -8.962649920374567147e-02
-8.651747948196645277e-01 4.940953521723865371e-01 -8.568766098790199515e-02
-8.737688838628107080e-01 4.785401902604148883e-01 -8.675967868353032242e-02
-8.821877570092010457e-01 4.626417673982668455e-01 -8.779165370876904073e-02
-8.904147286155604801e-01 4.464073044402479540e-01 -8.878146033653190605e-02
-8.984332573595195104e-01 4.298450518754041161e-01 -8.972698376097296147e-02
-9.062270185221695806e-01 4.129643007932464194e-01 -9.062612984320959908e-02
-9.137799786095575083e-01 3.957753878563752270e-01 -9.147683516358663669e-02
-9.210764717782949917e-01 3.782896939156921712e-01 -9.227707730946728415e-02
-9.281012774763247597e-01 3.605196359563834774e-01 -9.302488532037103686e-02
-9.348396986610917336e-01 3.424786521237035419e-01 -9.371835020582258702e-02
-9.412776399152418261e-01 3.241811796462272244e-01 -9.435563544570554906e-02
-9.474016847457897850e-01 3.056426255498902456e-01 -9.493498737840043444e-02
-9.531991713276475320e-01 2.868793301377876581e-01 -9.545474537868381404e-02
-9.586582659375244564e-01 2.679085232971292752e-01 -9.591335172541505527e-02
-9.637680333203895167e-01 2.487482737845411185e-01 -9.630936105855365803e-02
-9.685185032385691395e-01 2.294174317324679246e-01 -9.664144932612225847e-02
-9.729007324735756690e-01 2.099355647110602852e-01 -9.690842212441300174e-02
-9.769068615830542868e-01 1.903228877698115995e-01 -9.710922233904784040e-02
-9.805301657596695586e-01 1.706001879694988843e-01 -9.724293700042722921e-02
-9.837650991948752033e-01 1.507887439958368880e-01 -9.730880327457783197e-02
-9.866073324175841375e-01 1.309102415198996894e-01 -9.730621351933982366e-02
-9.892949866790933244e-01 1.136337313144422934e-01 -9.155775735942281446e-02
-9.915325929272892358e-01 9.750136971573265809e-02 -8.577073045426962528e-02
-9.933762168911224322e-01 8.253218618477810298e-02 -7.995090863179978025e-02
-9.948784752567565448e-01 6.874187221811030313e-02 -7.410392740219899632e-02
-9.960883083032515684e-01 5.614309385255587120e-02 -6.823527282608403410e-02
-9.970507881953051266e-01 4.474579239519826251e-02 -6.235027713503703967e-02
-9.978069607568093025e-01 3.455746921398758498e-02 -5.645411878294563646e-02
-9.983937184113843566e-01 2.558345096415157172e-02 -5.055182655306547646e-02
-9.988437019354677870e-01 1.782713216552620633e-02 -4.464828730378519323e-02
-9.991852287162015234e-01 1.129019257603890505e-02 -3.874825690450751925e-02
-9.994422453291951225e-01 5.972787319538802771e-03 -3.285637389056299262e-02
-9.996343024383473885e-01 1.873708217320995371e-03 -2.697717535133528632e-02
-9.997765502589733844e-01 -1.009484760249057880e-03 -2.111511455755540542e-02
-9.998797531041083708e-01 -2.680362562891440426e-03 -1.527457983089373222e-02
-9.999503218397833848e-01 -3.143556871476983500e-03 -9.459914160588261262e-03
-9.999903633963154181e-01 -2.404720472737115460e-03 -3.675435077136230029e-03
-9.999977468076425291e-01 -4.705176369263477584e-04 2.074545698496857264e-03
-9.999661855683220635e-01 2.651356431467022379e-03 7.785703300449258943e-03
-9.998853363973084774e-01 6.952128359557791654e-03 1.345368191464225462e-02
-9.997409147688605113e-01 1.242187323145616494e-02 1.907407856608315383e-02
-9.996871092376173884e-01 1.635788116341839113e-02 1.892414899275257287e-02
-9.996186983124815129e-01 2.026086560412156817e-02 1.876100670037710028e-02
-9.995361225552558126e-01 2.412806000047226784e-02 1.858484563331233227e-02
-9.994398594075989406e-01 2.795674308995349175e-02 1.839586905547867940e-02
-9.993304213552668402e-01 3.174424108067740169e-02 1.819428929310978188e-02
-9.992083540047194123e-01 3.548792974322950017e-02 1.798032746839919871e-02
-9.990742340794885878e-01 3.918523641139514541e-02 1.775421322478782857e-02
-9.989286673438820818e-01 4.283364188927660243e-02 1.751618444465061902e-02
-9.987722864617409879e-01 4.643068226273030369e-02 1.726648696015268755e-02
-9.986057487980769531e-01 4.997395061347651574e-02 1.700537425805200703e-02
-9.984297341714878371e-01 5.346109863465442480e-02 1.673310717922837920e-02
-9.982449425652889508e-01 5.688983814701191466e-02 1.644995361371661205e-02
-9.980520918053051860e-01 6.025794251532821943e-02 1.615618819201572118e-02
-9.978519152122391489e-01 6.356324796506690467e-02 1.585209197343584106e-02
-9.976451592364758980e-01 6.680365479964338327e-02 1.553795213223036452e-02
-9.974325810830942940e-01 6.997712851906379150e-02 1.521406164224300452e-02
-9.972149463347395049e-01 7.308170084104755049e-02 1.488071896077805545e-02
-9.969930265798687685e-01 7.611547062608343961e-02 1.453822771237754836e-02
-9.967675970537118735e-01 7.907660470818579646e-02 1.418689637316124935e-02
-9.965394342990977483e-01 8.196333863341298542e-02 1.382703795635511698e-02
-9.963093138540836113e-01 8.477397730848224011e-02 1.345896969960091137e-02
-9.960780079730907621e-01 8.750689556206311948e-02 1.308301275460464243e-02
-9.958462833879987430e-01 9.016053862155484766e-02 1.269949187964464730e-02
-9.956148991153837002e-01 9.273342250835009404e-02 1.230873513542161089e-02
-9.953846043158058876e-01 9.522413435475871046e-02 1.191107358469313884e-02
-9.951561362107570474e-01 9.763133264590960481e-02 1.150684099609482029e-02
-9.949302180625767544e-01 9.995374739006698817e-02 1.109637355250836857e-02
-9.947075572223348372e-01 1.021901802208888960e-01 1.068000956429577750e-02
-9.944888432503581344e-01 1.043395044352211642e-01 1.025808918767662226e-02
-9.942747461137588783e-01 1.064006649700599549e-01 9.830954148484118485e-03
-9.940659144649934831e-01 1.083726783223307039e-01 9.398947471494436753e-03
-9.938629740051534434e-01 1.102546324151215257e-01 8.962413215483411300e-03
-9.936665259353621993e-01 1.120456864139764142e-01 8.521696214125372426e-03
-9.934771454993219786e-01 1.137450704967979676e-01 8.077141822810645494e-03
-9.932953806197314384e-01 1.153520855808331108e-01 7.629095671421418264e-03
-9.931217506309694132e-01 1.168661030101183773e-01 7.177903423070464313e-03
-9.929567451101246611e-01 1.182865642066463913e-01 6.723910538773788213e-03
-9.928008228081340869e-01 1.196129802883826865e-01 6.267462047996700050e-03
-9.926544106824870539e-01 1.208449316571136023e-01 5.808902324983414647e-03
-9.925179030326491958e-01 1.219820675589437659e-01 5.348574870752999255e-03
-9.923916607390649292e-01 1.230241056200861299e-01 4.886822100619546416e-03
-9.922760106063091001e-01 1.239708313604015316e-01 4.423985137071900775e-03
-9.921712448106789761e-01 1.248220976869484633e-01 3.960403607828159693e-03
-9.920776204522439023e-01 1.255778243696003549e-01 3.496415448862596944e-03
-9.919953592111049323e-01 1.262379975005772093e-01 3.032356712187621317e-03
-9.919246471073609461e-01 1.268026689395239381e-01 2.568561378160940083e-03
-9.918656343640293027e-01 1.272719557455492534e-01 2.105361172078213262e-03
-9.918184353719268209e-01 1.276460395974202411e-01 1.643085384804187071e-03
-9.917831287552861808e-01 1.279251662028872694e-01 1.182060697190530536e-03
-9.917597575366571272e-01 1.281096446978964021e-01 7.226110080263449531e-04
-9.917483293994256988e-01 1.281998470362306075e-01 2.650572652675111025e-04
-9.917488170460757591e-01 1.281962073699104421e-01 -1.902826997063736302e-04
-9.917611586501140497e-01 1.280992214204790536e-01 -6.430943350538252667e-04
-9.917852583993884696e-01 1.279094458410976742e-01 -1.093066528891308963e-03
-9.918209871283399925e-01 1.276274975691871483e-01 -1.539891767401081529e-03
-9.918681830365497776e-01 1.272540531691696841e-01 -1.983266290845793652e-03
-9.919266524907706106e-01 1.267898481646932141e-01 -2.422890247695453584e-03
-9.919961709074643919e-01 1.262356763595611220e-01 -2.858467847057448007e-03
-9.920764837127105107e-01 1.255923891464419406e-01 -3.289707509583762561e-03
-9.921673073761944073e-01 1.248608948022980336e-01 -3.716322017011514361e-03
-9.922683305158426226e-01 1.240421577693514993e-01 -4.138028660473519818e-03
-9.923792150695305292e-01 1.231371979202976891e-01 -4.554549387695053762e-03
-9.924995975301559303e-01 1.221470898063846122e-01 -4.965610949171360942e-03
-9.926290902402487015e-01 1.210729618868993940e-01 -5.370945043397983357e-03
-9.927672827421658575e-01 1.199159957385414615e-01 -5.770288461202821746e-03
-9.929137431798128466e-01 1.186774252431166965e-01 -6.163383229205104258e-03
-9.930680197477266269e-01 1.173585357519574823e-01 -6.549976752402372066e-03
-9.932296421832615962e-01 1.159606632254604613e-01 -6.929821955862303443e-03
-9.933981232975316322e-01 1.144851933461369514e-01 -7.302677425471883893e-03
-9.935729605406818932e-01 1.129335606035902217e-01 -7.668307547672277395e-03
-9.937536375969933111e-01 1.113072473498690901e-01 -8.026482648083877944e-03
-9.939396260052624221e-01 1.096077828236981105e-01 -8.376979128902650382e-03
-9.941303867998462218e-01 1.078367421421507211e-01 -8.719579604926102137e-03
-9.943253721677204338e-01 1.059957452584127796e-01 -9.054073038045286695e-03
-9.945240271168671597e-01 1.040864558843788840e-01 -9.380254870018209581e-03
-9.947257911512888962e-01 1.021105803769329634e-01 -9.697927153320094751e-03
-9.949300999479335772e-01 1.000698665868859083e-01 -1.000689867984724465e-02
-9.951363870308200799e-01 9.796610266967707703e-02 -1.030698510723393642e-02
-9.953440854376652824e-01 9.580111585709120969e-02 -1.059800908252587007e-02
-9.955526293743416355e-01 9.357677118939754235e-02 -1.087980036293949813e-02
-9.957614558525322845e-01 9.129497020748217340e-02 -1.115219593342393553e-02
-9.959700063060028530e-01 8.895764960471741478e-02 -1.141504012073140534e-02
-9.961777281809739426e-01 8.656677983849113411e-02 -1.166818470369328405e-02
-9.963840764961575669e-01 8.412436370150458420e-02 -1.191148901939179799e-02
-9.965885153681107722e-01 8.163243485313727288e-02 -1.214482006491250654e-02
-9.967905194976678374e-01 7.909305631137046599e-02 -1.236805259435973595e-02
-9.969895756133289044e-01 7.650831890595652385e-02 -1.258106921081629699e-02
-9.971851838676166757e-01 7.388033969371755882e-02 -1.278376045293000765e-02
-9.973768591825589169e-01 7.121126033705238445e-02 -1.297602487581288669e-02
-9.975641325406122695e-01 6.850324544692482087e-02 -1.315776912594423392e-02
-9.977465522175154033e-01 6.575848089179733846e-02 -1.332890800977626009e-02
-9.979236849537435061e-01 6.297917207416041385e-02 -1.348936455575036782e-02
-9.980951170614321688e-01 6.016754217648893205e-02 -1.363907006944357209e-02
-9.982604554638453420e-01 5.732583037863141218e-02 -1.377796418157782241e-02
-9.984193286646821930e-01 5.445629004880375018e-02 -1.390599488864009345e-02
-9.985713876447427362e-01 5.156118691051677499e-02 -1.402311858587789416e-02
-9.987163066837129177e-01 4.864279718791390816e-02 -1.412930009245325948e-02
-9.988537841050729726e-01 4.570340573213155233e-02 -1.422451266855821565e-02
-9.989835429423881141e-01 4.274530413141921364e-02 -1.430873802431594649e-02
-9.991053315254986300e-01 3.977078880786781567e-02 -1.438196632031444287e-02
-9.992189239853934701e-01 3.678215910369311142e-02 -1.444419615964297708e-02
-9.993241206768196383e-01 3.378171536010526194e-02 -1.449543457132632281e-02
-9.994207485179531503e-01 3.077175699186527474e-02 -1.453569698507694956e-02
-9.995086612467329878e-01 2.775458056068397239e-02 -1.456500719731136130e-02
-9.995877395937337040e-01 2.473247785065849080e-02 -1.458339732840320015e-02
-9.996578913717297787e-01 2.170773394896561778e-02 -1.459090777117238828e-02
-9.997190514823781626e-01 1.868262533503978542e-02 -1.458758713063645039e-02
-9.997711818407165607e-01 1.565941798145671984e-02 -1.457349215507691524e-02
-9.998142712184436842e-01 1.264036546972150017e-02 -1.454868765850029014e-02
-9.998483350072099318e-01 9.627707124122511853e-03 -1.451324643459929453e-02
-9.998734149034028684e-01 6.623666166760643764e-03 -1.446724916234569044e-02
-9.998895785161620031e-01 3.630447896796723441e-03 -1.441078430337108980e-02
-9.998969189005978420e-01 6.502378968799931401e-04 -1.434394799131618985e-02
-9.998955540184216728e-01 -2.314799730372864815e-03 -1.426684391335214866e-02
-9.998856261284144731e-01 -5.262524093084388482e-03 -1.417958318409982994e-02
-9.998673011093719420e-01 -8.190819205362276020e-03 -1.408228421219352364e-02
-9.998407677183630549e-01 -1.109759564456634130e-02 -1.397507255975526282e-02
-9.998062367873228329e-01 -1.398079216821617246e-02 -1.385808079506392794e-02
-9.997639403611731090e-01 -1.683837728830601954e-02 -1.373144833871987013e-02
-9.997141307808232735e-01 -1.966835080094808327e-02 -1.359532130362075576e-02
-9.996570797145460929e-01 -2.246874526942678821e-02 -1.344985232907758635e-02
-9.995930771413521487e-01 -2.523762745891371118e-02 -1.329520040941142844e-02
-9.995224302901012381e-01 -2.797309972126445221e-02 -1.313153071738117073e-02
-9.994454625381862245e-01 -3.067330132849381552e-02 -1.295901442280065520e-02
-9.993625122737072042e-01 -3.333640975370304876e-02 -1.277782850670975030e-02
-9.992739317251222442e-01 -3.596064189841140929e-02 -1.258815557146833811e-02
-9.991800857624109078e-01 -3.854425526542299557e-02 -1.239018364714486280e-02
-9.990813506738237537e-01 -4.108554907653740040e-02 -1.218410599457192892e-02
-9.989781129223112011e-01 -4.358286533458841094e-02 -1.197012090544061561e-02
-9.988707678857313699e-01 -4.603458982946743994e-02 -1.174843149980265081e-02
-9.987597185849274029e-01 -4.843915308795695984e-02 -1.151924552134543818e-02
-9.986453744037419034e-01 -5.079503126736286539e-02 -1.128277513079924479e-02
-9.985281498049979332e-01 -5.310074699309239726e-02 -1.103923669782868634e-02
-9.984084630464287180e-01 -5.535487014047564547e-02 -1.078885059175209091e-02
-9.982867349004719282e-01 -5.755601856127245952e-02 -1.053184097142245527e-02
-9.981633873817716829e-01 -5.970285875544273368e-02 -1.026843557459264714e-02
-9.980388424861443841e-01 -6.179410648888523927e-02 -9.998865507075351336e-03
-9.979135209446680088e-01 -6.382852735796874788e-02 -9.723365031995116065e-03
-9.977878409964450190e-01 -6.580493730178793577e-02 -9.442171359415791471e-03
-9.976622171834762520e-01 -6.772220306317552896e-02 -9.155524436611921918e-03
-9.975370591709541435e-01 -6.957924259959109847e-02 -8.863666739237160280e-03
-9.974127705961534085e-01 -7.137502544508535218e-02 -8.566843063626835772e-03
-9.972897479489558625e-01 -7.310857302460674334e-02 -8.265300320455422345e-03
-9.971683794869000694e-01 -7.477895892197485017e-02 -7.959287329952992665e-03
-9.970490441874934051e-01 -7.638530910289169362e-02 -7.649054618867870761e-03
-9.969321107403689153e-01 -7.792680209439897809e-02 -7.334854219345804567e-03
-9.968179365817062543e-01 -7.940266912221528861e-02 -7.016939469879093783e-03
-9.967068669731713459e-01 -8.081219420740343162e-02 -6.695564818462403957e-03
-9.965992341274625410e-01 -8.215471422382462918e-02 -6.370985628075513489e-03
-9.964953563823810700e-01 -8.342961891783325090e-02 -6.043457984597154151e-03
-9.963955374251700636e-01 -8.463635089165331971e-02 -5.713238507238409952e-03
-9.963000655686957696e-01 -8.577440555185772419e-02 -5.380584161569032346e-03
-9.962092130808712920e-01 -8.684333102434174667e-02 -5.045752075195482356e-03
-9.961232355685476492e-01 -8.784272803714635036e-02 -4.708999356135684482e-03
-9.960423714169267528e-01 -8.877224977244263515e-02 -4.370582913922401759e-03
-9.959668412853783792e-01 -8.963160168893917479e-02 -4.030759283454850815e-03
-9.958968476603710096e-01 -9.042054131591760469e-02 -3.689784451606808145e-03
-9.958325744660601053e-01 -9.113887802004076721e-02 -3.347913686588949427e-03
-9.957741867329096275e-01 -9.178647274601181572e-02 -3.005401370053648307e-03
-9.957218303245568558e-01 -9.236323773209277610e-02 -2.662500831921919310e-03
-9.956756317229722431e-01 -9.286913620141813708e-02 -2.319464187904651288e-03
-9.956356978718043926e-01 -9.330418202996315635e-02 -1.976542179683784314e-03
-9.956021160776464818e-01 -9.366843939194902102e-02 -1.633984017713613780e-03
-9.955749539688086847e-01 -9.396202238338810520e-02 -1.292037226597987122e-03
-9.955542595110319359e-01 -9.418509462439293711e-02 -9.509474929957773947e-04
-9.955400610794350458e-01 -9.433786884079307933e-02 -6.109585160046636810e-04
-9.955323675858467336e-01 -9.442060642552518868e-02 -2.723118599719079910e-04
-9.955311686605372579e-01 -9.443361698018395978e-02 6.475319031953315858e-05
-9.955364348872340896e-01 -9.437725783704600802e-02 3.999997721406140915e-04
-9.955481180901765148e-01 -9.425193356180537607e-02 7.331935850310379761e-04
-9.955661516718443682e-01 -9.405809543718886279e-02 1.064103028786417965e-03
-9.955904509998750873e-01 -9.379624092755288467e-02 1.392499339261586222e-03
-9.956209138415725857e-01 -9.346691312450018663e-02 1.718156722029814390e-03
-9.956574208443017548e-01 -9.307070017349641788e-02 2.040852483932905151e-03
-9.956998360599599307e-01 -9.260823468141285431e-02 2.360367162551631377e-03
-9.957480075116184048e-01 -9.208019310487268461e-02 2.676484653619888056e-03
-9.958017678003353579e-01 -9.148729511923542335e-02 2.988992336399255018e-03
-9.958609347500528841e-01 -9.083030296801632153e-02 3.297681197023502337e-03
-9.959253120884099530e-01 -9.011002079250664265e-02 3.602345949814990400e-03
-9.959946901612269921e-01 -8.932729394133506751e-02 3.902785156566963148e-03
-9.960688466783473860e-01 -8.848300825969211691e-02 4.198801343777518874e-03
-9.961475474884561310e-01 -8.757808935792689431e-02 4.490201117812600042e-03
-9.962305473804385914e-01 -8.661350185921977418e-02 4.776795277966775811e-03
-9.963175909087880200e-01 -8.559024862603549499e-02 5.058398927381947685e-03
-9.964084132405260918e-01 -8.450936996506851207e-02 5.334831581775491445e-03
-9.965027410210604009e-01 -8.337194281040635757e-02 5.605917275920795084e-03
-9.966002932563680083e-01 -8.217907988465700253e-02 5.871484667814766759e-03
-9.967007822088695956e-01 -8.093192883781283320e-02 6.131367140458705844e-03
-9.968039143043364581e-01 -7.963167136365650878e-02 6.385402901171065813e-03
-9.969093910471614750e-01 -7.827952229355239488e-02 6.633435078343104599e-03
-9.970169099413155323e-01 -7.687672866751134315e-02 6.875311815541304897e-03
-9.971261654143147579e-01 -7.542456878246608931e-02 7.110886362853837545e-03
-9.972368497415284860e-01 -7.392435121774863782e-02 7.340017165372223623e-03
-9.973486539681742924e-01 -7.237741383782021753e-02 7.562567948693858788e-03
-9.974612688263669869e-01 -7.078512277236735650e-02 7.778407801326169685e-03
-9.975743856446172009e-01 -6.914887137394457040e-02 7.987411253868996822e-03
-9.976876972472120686e-01 -6.747007915341454720e-02 8.189458354848284591e-03
-9.978008988409521329e-01 -6.575019069350973577e-02 8.384434743071454699e-03
-9.979136888867689015e-01 -6.399067454091486584e-02 8.572231716372870347e-03
-9.980257699538060967e-01 -6.219302207734739990e-02 8.752746296616650129e-03
-9.981368495536091512e-01 -6.035874637019169459e-02 8.925881290823762734e-03
-9.982466409521398853e-01 -5.848938100332242568e-02 9.091545348290843570e-03
-9.983548639574096883e-01 -5.658647888883274607e-02 9.249653013569503202e-03
-9.984612456806101211e-01 -5.465161106046270006e-02 9.400124775177112757e-03
-9.985655212687071236e-01 -5.268636544960237506e-02 9.542887109913054250e-03
-9.986674346065639307e-01 -5.069234564482233418e-02 9.677872522658280061e-03
-9.987667389867578294e-01 -4.867116963595996548e-02 9.805019581540713042e-03
-9.988631977453645838e-01 -4.662446854386440021e-02 9.924272948354464011e-03
-9.989565848620958199e-01 -4.455388533697379749e-02 1.003558340412707105e-02
-9.990466855232931209e-01 -4.246107353596689782e-02 1.013890786973591952e-02
-9.991332966464038234e-01 -4.034769590779509890e-02 1.023420942148269355e-02
-9.992162273646889581e-01 -3.821542315046169702e-02 1.032145730154299286e-02
-9.992952994710453396e-01 -3.606593256997085717e-02 1.040062692321719155e-02
-9.993703478199537082e-01 -3.390090675091999434e-02 1.047169987091814414e-02
-9.994412206867033799e-01 -3.172203222225519759e-02 1.053466389484129968e-02
-9.995077800831787540e-01 -2.953099811974999045e-02 1.058951290027331481e-02
-9.995699020296355819e-01 -2.732949484680256835e-02 1.063624693150607044e-02
-9.996274767820331197e-01 -2.511921273517568956e-02 1.067487215033422615e-02
-9.996804090146317323e-01 -2.290184070732629446e-02 1.070540080912593846e-02
-9.997286179577068443e-01 -2.067906494198872014e-02 1.072785121846801977e-02
-9.997720374903713569e-01 -1.845256754468575788e-02 1.074224770939868553e-02
-9.998106161886403109e-01 -1.622402522484587065e-02 1.074862059025293026e-02
-9.998443173290102459e-01 -1.399510798120256506e-02 1.074700609815751502e-02
-9.998731188479643706e-01 -1.176747779714328382e-02 1.073744634522440060e-02
-9.998970132579489967e-01 -9.542787347660196262e-03 1.071998925950324623e-02
-9.999160075204998055e-01 -7.322678719534173562e-03 1.069468852076515229e-02
-9.999301228773256334e-01 -5.108782146356100930e-03 1.066160349120115827e-02
-9.999393946402826971e-01 -2.902714759956675529e-03 1.062079914113005751e-02
-9.999438719412933052e-01 -7.060793597772545109e-04 1.057234596982073102e-02
-9.999436174433804503e-01 1.479536798329657201e-03 1.051631992154450877e-02
-9.999387070140989264e-01 3.652563192430754221e-03 1.045280229698281396e-02
-9.999292293627527473e-01 5.811447202587397345e-03 1.038187966012466337e-02
-9.999152856428861202e-01 7.954655255348759210e-03 1.030364374079731360e-02
-9.998969890216307110e-01 1.008067394339751989e-02 1.021819133298148760e-02
-9.998744642175791952e-01 1.218801111914900349e-02 1.012562418907010132e-02
-9.998478470089366965e-01 1.427519696117393599e-02 1.002604891023628486e-02
-9.998172837137748736e-01 1.634078501238717118e-02 9.919576833082643930e-03
-9.997829306442816977e-01 1.838335318901934690e-02 9.806323912749156241e-03
-9.997449535369595797e-01 2.040150475946504033e-02 9.686410602661840036e-03
-9.997035269607763563e-01 2.239386929217918390e-02 9.559961731108341035e-03
-9.996588337053194939e-01 2.435910357187283035e-02 9.427106374829826232e-03
-9.996110641510426165e-01 2.629589248333934551e-02 9.287977729821112610e-03
-9.995604156237214433e-01 2.820294986232240939e-02 9.142712979532733458e-03
-9.995070917352610884e-01 3.007901931291725312e-02 8.991453160669696243e-03
-9.994513017130107757e-01 3.192287499107612780e-02 8.834343026782022490e-03
-9.993932597197516809e-01 3.373332235386752170e-02 8.671530909841792395e-03
-9.993331841665225035e-01 3.550919887421573329e-02 8.503168580000379506e-03
-9.992712970204424838e-01 3.724937472092291341e-02 8.329411103717824366e-03
-9.992078231096783725e-01 3.895275340384894008e-02 8.150416700454013105e-03
-9.991429894276816492e-01 4.061827238419540853e-02 7.966346598108346722e-03
-9.990770244387960908e-01 4.224490364990822477e-02 7.777364887391116470e-03
-9.990101573873035878e-01 4.383165425627839201e-02 7.583638375305795307e-03
-9.989426176119357015e-01 4.537756683188261253e-02 7.385336437916909490e-03
-9.988746338678369252e-01 4.688172005006369103e-02 7.182630872573239969e-03
-9.988064336579133284e-01 4.834322906620557025e-02 6.975695749750728154e-03
-9.987382425754450788e-01 4.976124592110874739e-02 6.764707264673753412e-03
-9.986702836597833866e-01 5.113495991081880993e-02 6.549843588867421476e-03
-9.986027767668859134e-01 5.246359792330376748e-02 6.331284721787220661e-03
-9.985359379563757409e-01 5.374642474241454748e-02 6.109212342665876726e-03
-9.984699788967380529e-01 5.498274331959759204e-02 5.883809662710573311e-03
-9.984051062901899698e-01 5.617189501385891348e-02 5.655261277776874387e-03
-9.983415213186807025e-01 5.731325980050491764e-02 5.423753021638802636e-03
-9.982794191123964822e-01 5.840625644920740406e-02 5.189471819967607022e-03
-9.982189882420581251e-01 5.945034267195790922e-02 4.952605545124818230e-03
-9.981604102362136022e-01 6.044501524149038796e-02 4.713342871868334179e-03
-9.981038591246359504e-01 6.138981008076115770e-02 4.471873134063492419e-03
-9.980495010088477059e-01 6.228430232408112277e-02 4.228386182484436193e-03
-9.979974936606994529e-01 6.312810635049784236e-02 3.983072243784612117e-03
-9.979479861498350424e-01 6.392087579002406206e-02 3.736121780708936101e-03
-9.979011185007847784e-01 6.466230350330513799e-02 3.487725353614132880e-03
-9.978570213803286126e-01 6.535212153531055890e-02 3.238073483357967533e-03
-9.978158158156804625e-01 6.599010104362482143e-02 2.987356515612586954e-03
-9.977776129439449582e-01 6.657605220190013218e-02 2.735764486652014597e-03
-9.977425137932076638e-01 6.710982407901860958e-02 2.483486990658995402e-03
-9.977106090955207840e-01 6.759130449449460287e-02 2.230713048591895752e-03
-9.976819791319559982e-01 6.802041985062881602e-02 1.977630978648238155e-03
-9.976566936098019145e-01 6.839713494190563514e-02 1.724428268357716329e-03
-9.976348115718918219e-01 6.872145274210333943e-02 1.471291448334172526e-03
-9.976163813379578249e-01 6.899341416956421280e-02 1.218405967713078603e-03
-9.976014404778184019e-01 6.921309783104823143e-02 9.659560712984941464e-04
-9.975900158161203901e-01 6.938061974456988246e-02 7.141246784413315517e-04
-9.975821234682695771e-01 6.949613304159403537e-02 4.630932636689925972e-04
-9.975777689071041454e-01 6.955982764894223791e-02 2.130417390850828708e-04
-9.975769470597815047e-01 6.957192995073761821e-02 -3.585166144307104334e-05
-9.975796424342734392e-01 6.953270243069305245e-02 -2.834104962919815223e-04
-9.975858292747873390e-01 6.944244329502508029e-02 -5.294602282677615072e-04
-9.975954717453590082e-01 6.930148607625470636e-02 -7.738283349531082777e-04
-9.976085241407927073e-01 6.911019921813604805e-02 -1.016344417198100473e-03
-9.976249311240560358e-01 6.886898564193519312e-02 -1.256840305736659684e-03
-9.976446279891740820e-01 6.857828229426443656e-02 -1.495150165909500325e-03
-9.976675409486055468e-01 6.823855967666188349e-02 -1.731110600473099092e-03
-9.976935874440271412e-01 6.785032135709292977e-02 -1.964560750472682006e-03
-9.977226764793961644e-01 6.741410346353891858e-02 -2.195342394155483726e-03
-9.977547089751124254e-01 6.693047415982891768e-02 -2.423300043898599793e-03
-9.977895781420528243e-01 6.640003310386405344e-02 -2.648281041123653253e-03
-9.978271698742068319e-01 6.582341088837896648e-02 -2.870135649168288356e-03
-9.978673631586030268e-01 6.520126846438314971e-02 -3.088717144082162806e-03
-9.979100305011803229e-01 6.453429654742511012e-02 -3.303881903312733039e-03
-9.979550383672236569e-01 6.382321500682532067e-02 -3.515489492243676489e-03
-9.980022476349573735e-01 6.306877223802925814e-02 -3.723402748546357499e-03
-9.980515140608644531e-01 6.227174451823951767e-02 -3.927487864302309749e-03
-9.981026887552781890e-01 6.143293534549655599e-02 -4.127614465852330605e-03
-9.981556186667780439e-01 6.055317476139013277e-02 -4.323655691325477800e-03
-9.982101470739084270e-01 5.963331865759854966e-02 -4.515488265799057904e-03
-9.982661140827296942e-01 5.867424806647020957e-02 -4.702992574038631322e-03
-9.983233571287090102e-01 5.767686843588130940e-02 -4.886052730765149885e-03
-9.983817114814557137e-01 5.664210888862503124e-02 -5.064556648394609277e-03
-9.984410107508119303e-01 5.557092146661097437e-02 -5.238396102194087592e-03
-9.985010873928168440e-01 5.446428036017871011e-02 -5.407466792796741112e-03
-9.985617732140741332e-01 5.332318112285606981e-02 -5.571668406017275463e-03
-9.986228998730699580e-01 5.214863987192104589e-02 -5.730904669908650460e-03
-9.986842993770083110e-01 5.094169247515550891e-02 -5.885083409000258295e-03
-9.987458045727538591e-01 4.970339372420971152e-02 -6.034116595657623011e-03
-9.988072496305024917e-01 4.843481649502765635e-02 -6.177920398503776792e-03
-9.988684705188297652e-01 4.713705089581585878e-02 -6.316415227842890959e-03
-9.989293054698041852e-01 4.581120340307027333e-02 -6.449525778027504624e-03
-9.989895954328905647e-01 4.445839598620929256e-02 -6.577181066711756431e-03
-9.990491845164124474e-01 4.307976522139338876e-02 -6.699314470934473326e-03
-9.991079204153877624e-01 4.167646139514490089e-02 -6.815863759977707631e-03
-9.991656548246017344e-01 4.024964759841368617e-02 -6.926771124948423106e-03
-9.992222438358331349e-01 3.880049881176626803e-02 -7.031983205033439342e-03
-9.992775483182063656e-01 3.733020098240696916e-02 -7.131451110380516815e-03
-9.993314342806974837e-01 3.583995009376973045e-02 -7.225130441561510193e-03
-9.993837732158873388e-01 3.433095122844788405e-02 -7.312981305576920187e-03
-9.994344424241128344e-01 3.280441762525684868e-02 -7.394968328364831880e-03
-9.994833253172380472e-01 3.126156973125036875e-02 -7.471060663781186120e-03
-9.995303117013293326e-01 2.970363424953528439e-02 -7.541231999022560660e-03
-9.995752980375922636e-01 2.813184318375189230e-02 -7.605460556467101216e-03
-9.996181876809948630e-01 2.654743288010736127e-02 -7.663729091913934997e-03
-9.996588910960768626e-01 2.495164306786758560e-02 -7.716024889206328508e-03
-9.996973260495161107e-01 2.334571589922870838e-02 -7.762339751228919393e-03
-9.997334177790966336e-01 2.173089498950286219e-02 -7.802669987274627426e-03
-9.997670991388004635e-01 2.010842445856352023e-02 -7.837016396782236008e-03
-9.997983107198155084e-01 1.847954797450419503e-02 -7.865384249451148543e-03
-9.998270009473319009e-01 1.684550780046976948e-02 -7.887783261745419383e-03
-9.998531261530699821e-01 1.520754384562280487e-02 -7.904227569804814224e-03
-9.998766506235597928e-01 1.356689272120733224e-02 -7.914735698786359505e-03
-9.998975466242654431e-01 1.192478680267022167e-02 -7.919330528665530222e-03
-9.999157943997200038e-01 1.028245329879495969e-02 -7.918039256531920686e-03
-9.999313821499089538e-01 8.641113328794795823e-03 -7.910893355419872791e-03
-9.999443059832107128e-01 7.001981008301603332e-03 -7.897928529720116969e-03
-9.999545698462710686e-01 5.366262545173619038e-03 -7.879184667223952318e-03
-9.999621854312564784e-01 3.735155346029452039e-03 -7.854705787856838817e-03
-9.999671720609942804e-01 2.109847134397502440e-03 -7.824539989163492582e-03
-9.999695565525732466e-01 4.915150813493407694e-04 -7.788739388611628373e-03
-9.999693730600355268e-01 -1.118675050537355081e-03 -7.747360062786319557e-03
-9.999666628968512105e-01 -2.719569749065725052e-03 -7.700461983551628621e-03
-9.999614743389196869e-01 -4.310028579363064938e-03 -7.648108951260555385e-03
-9.999538624088950556e-01 -5.888924995116103477e-03 -7.590368525098537683e-03
-9.999438886426820217e-01 -7.455147133364495304e-03 -7.527311950649652819e-03
-9.999316208389926741e-01 -9.007598592151121880e-03 -7.459014084778308427e-03
-9.999171327928998432e-01 -1.054519919036157882e-02 -7.385553317922567175e-03
-9.999005040143578160e-01 -1.206688570912021162e-02 -7.307011493898307210e-03
-9.998818194327001585e-01 -1.357161261414621331e-02 -7.223473827316181928e-03
-9.998611690881537006e-01 -1.505835275851028637e-02 -7.135028818715770382e-03
-9.998386478114368314e-01 -1.652609806527017069e-02 -7.041768167523450306e-03
-9.998143548925340074e-01 -1.797386018950162048e-02 -6.943786682942322021e-03
-9.997883937397602505e-01 -1.940067115928014591e-02 -6.841182192884002512e-03
-9.997608715302434002e-01 -2.080558399520774163e-02 -6.734055451053272065e-03
-9.997318988529689809e-01 -2.218767330811775157e-02 -6.622510042297414558e-03
-9.997015893455377666e-01 -2.354603587462983719e-02 -6.506652286332615526e-03
-9.996700593257944467e-01 -2.487979119026552388e-02 -6.386591139960027565e-03
-9.996374274194861353e-01 -2.618808199987284618e-02 -6.262438097884040662e-03
-9.996038141851089076e-01 -2.747007480514603028e-02 -6.134307092244937684e-03
-9.995693417370934419e-01 -2.872496034906284884e-02 -6.002314390977478605e-03
-9.995341333684738538e-01 -2.995195407709809118e-02 -5.866578495106068887e-03
-9.994983131741705940e-01 -3.115029657510629338e-02 -5.727220035085990417e-03
-9.994620056760020743e-01 -3.231925398380057490e-02 -5.584361666298805552e-03
-9.994253354505218123e-01 -3.345811838978680897e-02 -5.438127963808409016e-03
-9.993884267607564542e-01 -3.456620819314331489e-02 -5.288645316482380905e-03
-9.993514031928931729e-01 -3.564286845156604960e-02 -5.136041820581296533e-03
-9.993143872989390664e-01 -3.668747120112724608e-02 -4.980447172916429265e-03
-9.992775002463439860e-01 -3.769941575372206394e-02 -4.821992563673976190e-03
-9.992408614755450280e-01 -3.867812897130282201e-02 -4.660810569001425444e-03
-9.992045883663566164e-01 -3.962306551702360347e-02 -4.497035043449108815e-03
-9.991687959140902464e-01 -4.053370808343965959e-02 -4.330801012357276235e-03
-9.991335964162508798e-01 -4.140956759792600167e-02 -4.162244564276252300e-03
-9.990990991706133473e-01 -4.225018340549777790e-02 -3.991502743504407417e-03
-9.990654101854387070e-01 -4.305512342923147745e-02 -3.818713442825771333e-03
-9.990326319025466528e-01 -4.382398430850101279e-02 -3.644015296526232836e-03
-9.990008629339122148e-01 -4.455639151525576935e-02 -3.467547573764336033e-03
-9.989701978124072568e-01 -4.525199944857942469e-02 -3.289450072369779626e-03
-9.989407267572592009e-01 -4.591049150777825466e-02 -3.109863013139841682e-03
-9.989125354547480073e-01 -4.653158014425623490e-02 -2.928926934701107845e-03
-9.988857048546121442e-01 -4.711500689244126766e-02 -2.746782589001087616e-03
-9.988603109825842097e-01 -4.766054238003253340e-02 -2.563570837491581118e-03
-9.988364247694218045e-01 -4.816798631784342810e-02 -2.379432548063019782e-03
-9.988141118967504006e-01 -4.863716746951757958e-02 -2.194508492786446593e-03
-9.987934326599797741e-01 -4.906794360139762196e-02 -2.008939246517356392e-03
-9.987744418485041686e-01 -4.946020141282736482e-02 -1.822865086413278128e-03
-9.987571886433442847e-01 -4.981385644716803535e-02 -1.636425892414764861e-03
-9.987417165323363433e-01 -5.012885298380861249e-02 -1.449761048737359566e-03
-9.987280632429210714e-01 -5.040516391144866937e-02 -1.263009346420151079e-03
-9.987162606925356068e-01 -5.064279058293023883e-02 -1.076308886974705918e-03
-9.987063349565601378e-01 -5.084176265189235128e-02 -8.897969871764822587e-04
-9.986983062537200251e-01 -5.100213789151909066e-02 -7.036100850392847713e-04
-9.986921889487968551e-01 -5.112400199564859360e-02 -5.178836470119246296e-04
-9.986879915724530266e-01 -5.120746836250686385e-02 -3.327520764349861226e-04
-9.986857168579273969e-01 -5.125267786132673559e-02 -1.483486232944886097e-04
-9.986853617943145522e-01 -5.125979858210865520e-02 3.519470469175070126e-05
-9.986869176960956329e-01 -5.122902556877646091e-02 2.177472296200898836e-04
-9.986903702885447931e-01 -5.116058053597798139e-02 3.991796895451248236e-04
-9.986956998085967374e-01 -5.105471156977732516e-02 5.793643231881858129e-04
-9.987028811207168122e-01 -5.091169281248294348e-02 7.581749531770875204e-04
-9.987118838472819338e-01 -5.073182413185346046e-02 9.354870677843154158e-04
-9.987226725129400018e-01 -5.051543077492143263e-02 1.111177901131095392e-03
-9.987352067023836932e-01 -5.026286300667417301e-02 1.285126511824962554e-03
-9.987494412309412262e-01 -4.997449573383021953e-02 1.457213859998532412e-03
-9.987653263273559290e-01 -4.965072811395029873e-02 1.627322882717190632e-03
-9.987828078280982513e-01 -4.929198315012248838e-02 1.795338567723369673e-03
-9.988018273825274296e-01 -4.889870727146316404e-02 1.961148025484978942e-03
-9.988223226681951505e-01 -4.847136989967767290e-02 2.124640559515415458e-03
-9.988442276155632404e-01 -4.801046300192816918e-02 2.285707734932408870e-03
-9.988674726413846461e-01 -4.751650063026014587e-02 2.444243445222772735e-03
-9.988919848899832088e-01 -4.699001844784437415e-02 2.600143977179936866e-03
-9.989176884816485247e-01 -4.643157324229672117e-02 2.753308073980951457e-03
-9.989445047673524147e-01 -4.584174242634517921e-02 2.903636996369478914e-03
-9.989723525889807609e-01 -4.522112352612095432e-02 3.051034581911162263e-03
-9.990011485442679140e-01 -4.457033365735882380e-02 3.195407302287640600e-03
-9.990308072556136620e-01 -4.389000898980120052e-02 3.336664318595449971e-03
-9.990612416419595299e-01 -4.318080420011004283e-02 3.474717534616048910e-03
-9.990923631929005122e-01 -4.244339191360156638e-02 3.609481648023293333e-03
-9.991240822442093439e-01 -4.167846213512969855e-02 3.740874199494855033e-03
-9.991563082539528518e-01 -4.088672166945615805e-02 3.868815619694317837e-03
-9.991889500783877054e-01 -4.006889353145735161e-02 3.993229274091048518e-03
-9.992219162468292115e-01 -3.922571634653095746e-02 4.114041505585384027e-03
-9.992551152346975663e-01 -3.835794374157844994e-02 4.231181674907242597e-03
-9.992884557339595242e-01 -3.746634372695309412e-02 4.344582198756958419e-03
-9.993218469201964327e-01 -3.655169806977684455e-02 4.454178585657924544e-03
-9.993551987155478988e-01 -3.561480165904341161e-02 4.559909469491574968e-03
-9.993884220467981194e-01 -3.465646186293873388e-02 4.661716640686286786e-03
-9.994214290978937765e-01 -3.367749787882408363e-02 4.759545075032975935e-03
-9.994541335562037165e-01 -3.267874007634090361e-02 4.853342960101475825e-03
-9.994864508518572777e-01 -3.166102933411024667e-02 4.943061719233260085e-03
-9.995182983895218864e-01 -3.062521637051299553e-02 5.028656033087631864e-03
-9.995495957720114122e-01 -2.957216106905030673e-02 5.110083858720249929e-03
-9.995802650151439650e-01 -2.850273179879627208e-02 5.187306446174691846e-03
-9.996102307533005771e-01 -2.741780473046701375e-02 5.260288352569726135e-03
-9.996394204351675139e-01 -2.631826314864199948e-02 5.328997453667075508e-03
-9.996677645091800457e-01 -2.520499676068424164e-02 5.393404952906652103e-03
-9.996951965982195931e-01 -2.407890100291622607e-02 5.453485387898570139e-03
-9.997216536631515771e-01 -2.294087634461776035e-02 5.509216634363670907e-03
-9.997470761548303830e-01 -2.179182759042043102e-02 5.560579907516821629e-03
-9.997714081542332654e-01 -2.063266318168084645e-02 5.607559760889855270e-03
-9.997945975004256525e-01 -1.946429449742144088e-02 5.650144082593722833e-03
-9.998165959060973940e-01 -1.828763515543309695e-02 5.688324089022188737e-03
-9.998373590604510142e-01 -1.710360031413821202e-02 5.722094316002230945e-03
-9.998568467192617826e-01 -1.591310597581619204e-02 5.751452607399196691e-03
-9.998750227819690473e-01 -1.471706829179540016e-02 5.776400101187679874e-03
-9.998918553557006872e-01 -1.351640287021657269e-02 5.796941213002042986e-03
-9.999073168061700656e-01 -1.231202408697237675e-02 5.813083617183491085e-03
-9.999213837954263884e-01 -1.110484440042633879e-02 5.824838225343589859e-03
-9.999340373064788956e-01 -9.895773670511576886e-03 5.832219162467097533e-03
-9.999452626548545053e-01 -8.685718482805838969e-03 5.835243740579972721e-03
-9.999550494871862760e-01 -7.475581478174125535e-03 5.833932430011352921e-03
-9.999633917669704664e-01 -6.266260688563767695e-03 5.828308828281232590e-03
-9.999702877476647211e-01 -5.058648879529220078e-03 5.818399626648430335e-03
-9.999757399333374375e-01 -3.853632900055025366e-03 5.804234574356266670e-03
-9.999797550271146696e-01 -2.652093040235499292e-03 5.785846440616112911e-03
-9.999823438677032383e-01 -1.454902397358611398e-03 5.763270974371666709e-03
-9.999835213543036838e-01 -2.629262509294609355e-04 5.736546861889392675e-03
-9.999833063602571182e-01 9.229785528444113887e-04 5.705715682223078469e-03
-9.999817216358016791e-01 2.101964206597719403e-03 5.670821860602850636e-03
-9.999787937003422611e-01 3.273192536888999693e-03 5.631912619801295559e-03
-9.999745527246647336e-01 4.435835588341799710e-03 5.589037929531505411e-03
-9.999690324035525046e-01 5.589076196384891101e-03 5.542250453933925472e-03
-9.999622698192865977e-01 6.732108548148318938e-03 5.491605497210798673e-03
-9.999543052965323975e-01 7.864138731090158582e-03 5.437160947468822926e-03
-9.999451822491376429e-01 8.984385268947495465e-03 5.378977218832258801e-03
-9.999349470193853451e-01 1.009207964462432126e-02 5.317117191890279385e-03
-9.999236487102602933e-01 1.118646680964864408e-02 5.251646152543702067e-03
-9.999113390113044675e-01 1.226680567985109944e-02 5.182631729317480583e-03
-9.998980720186493309e-01 1.333236961693764350e-02 5.110143829206422426e-03
-9.998839040498234132e-01 1.438244689564938464e-02 5.034254572122523995e-03
-9.998688934539433637e-01 1.541634115622330693e-02 4.955038224013101622e-03
-9.998531004179032067e-01 1.643337184188831818e-02 4.872571128719551531e-03
-9.998365867691818565e-01 1.743287462115183581e-02 4.786931638647053990e-03
-9.998194157758929501e-01 1.841420179465277224e-02 4.698200044315899507e-03
-9.998016519447009420e-01 1.937672268637732204e-02 4.606458502865333482e-03
-9.997833608172272957e-01 2.031982401905429655e-02 4.511790965580887713e-03
-9.997646087655689406e-01 2.124291027356683612e-02 4.414283104516122068e-03
-9.997454627875452804e-01 2.214540403223713358e-02 4.314022238279519202e-03
-9.997259903022850391e-01 2.302674630586013307e-02 4.211097257056981187e-03
-9.997062589467553551e-01 2.388639684438122537e-02 4.105598546939949293e-03
-9.996863363738264230e-01 2.472383443113139803e-02 3.997617913628655553e-03
-9.996662900524539985e-01 2.553855716055136033e-02 3.887248505579382011e-03
-9.996461870705470876e-01 2.633008269935356582e-02 3.774584736663872796e-03
-9.996260939410769319e-01 2.709794853108793422e-02 3.659722208408237518e-03
-9.996060764119640840e-01 2.784171218409334930e-02 3.542757631877784148e-03
-9.995861992802649310e-01 2.856095144283255297e-02 3.423788749273244236e-03
-9.995665262111601557e-01 2.925526454262309881e-02 3.302914255302818927e-03
-9.995471195622267491e-01 2.992427034779123959e-02 3.180233718393371892e-03
-9.995280402134546494e-01 3.056760851328924056e-02 3.055847501802942071e-03
-9.995093474034465464e-01 3.118493962982951673e-02 2.929856684695556542e-03
-9.994910985722169627e-01 3.177594535260119119e-02 2.802362983238086951e-03
-9.994733492109802997e-01 3.234032851364621042e-02 2.673468671777627908e-03
-9.994561527192956651e-01 3.287781321798294298e-02 2.543276504156591605e-03
-9.994395602699073233e-01 3.338814492357540520e-02 2.411889635221411022e-03
-9.994236206815950707e-01 3.387109050525569098e-02 2.279411542579426984e-03
-9.994083803003208644e-01 3.432643830271613072e-02 2.145945948657225055e-03
-9.993938828889313841e-01 3.475399815269583637e-02 2.011596743112371161e-03
-9.993801695256464557e-01 3.515360140549399215e-02 1.876467905649201401e-03
-9.993672785115368384e-01 3.552510092594939051e-02 1.740663429288017826e-03
-9.993552452871647951e-01 3.586837107903208255e-02 1.604287244135791041e-03
-9.993441023585334371e-01 3.618330770019920900e-02 1.467443141705207380e-03
-9.993338792324600872e-01 3.646982805067255223e-02 1.330234699827694727e-03
-9.993246023614626994e-01 3.672787075780052646e-02 1.192765208204863217e-03
-9.993162950982173998e-01 3.695739574067194444e-02 1.055137594641652153e-03
-9.993089776596175700e-01 3.715838412115347184e-02 9.174543520033560983e-04
-9.993026671004366923e-01 3.733083812052648276e-02 7.798174659376253199e-04
-9.992973772965690893e-01 3.747478094190301312e-02 6.423283434015041255e-04
-9.992931189377947110e-01 3.759025663860390137e-02 5.050877420325728491e-04
-9.992898995299875908e-01 3.767732996868560641e-02 3.681957004023117585e-04
-9.992877234066606107e-01 3.773608623580534949e-02 2.317514691888939923e-04
-9.992865917497135708e-01 3.776663111661722472e-02 9.585344330575128451e-05
-9.992865026192258027e-01 3.776909047489495491e-02 -3.940090497856879028e-05
-9.992874509921108039e-01 3.774361016257987700e-02 -1.739150918945177565e-04
-9.992894288094251731e-01 3.769035580795557228e-02 -3.075936869656411589e-04
-9.992924250321030266e-01 3.760951259115354744e-02 -4.403423767093671845e-04
-9.992964257048633225e-01 3.750128500719734220e-02 -5.720680272118743677e-04
-9.993014140280184199e-01 3.736589661679542984e-02 -7.026787455450629518e-04
-9.993073704368893306e-01 3.720358978509655246e-02 -8.320839399942629375e-04
-9.993142726885171356e-01 3.701462540862424100e-02 -9.601943790658962283e-04
-9.993220959553402727e-01 3.679928263061095495e-02 -1.086922249244869684e-03
-9.993308129254908634e-01 3.655785854495565562e-02 -1.212181211472017307e-03
-9.993403939093475907e-01 3.629066788903260316e-02 -1.335886456312434557e-03
-9.993508069519694281e-01 3.599804272558306678e-02 -1.457954757786065689e-03
-9.993620179510186441e-01 3.568033211392592635e-02 -1.578304525832407122e-03
-9.993739907797724031e-01 3.533790177072748673e-02 -1.696855857381697908e-03
-9.993866874148098489e-01 3.497113372057560066e-02 -1.813530586005473793e-03
-9.994000680679521187e-01 3.458042593660794889e-02 -1.928252330119870550e-03
-9.994140913220258549e-01 3.416619197144950271e-02 -2.040946539715585237e-03
-9.994287142700122306e-01 3.372886057871949533e-02 -2.151540541588937722e-03
-9.994438926571397319e-01 3.326887532537368269e-02 -2.259963583049028578e-03
-9.994595810254729429e-01 3.278669419515349570e-02 -2.366146874076564995e-03
-9.994757328605490265e-01 3.228278918341949411e-02 -2.470023627910526969e-03
-9.994923007396095960e-01 3.175764588365260349e-02 -2.571529100039477485e-03
-9.995092364809771146e-01 3.121176306591288627e-02 -2.670600625574984580e-03
-9.995264912941252966e-01 3.064565224755184253e-02 -2.767177654985321193e-03
-9.995440159299960881e-01 3.005983725648074881e-02 -2.861201788168354215e-03
-9.995617608311188063e-01 2.945485378730400630e-02 -2.952616806843308232e-03
-9.995796762810911229e-01 2.883124895063304480e-02 -3.041368705241923476e-03
-9.995977125529910134e-01 2.818958081590292042e-02 -3.127405719080396124e-03
-9.996158200562909046e-01 2.753041794802028527e-02 -3.210678352794407633e-03
-9.996339494818593518e-01 2.685433893817797818e-02 -3.291139405020531220e-03
-9.996520519446410180e-01 2.616193192917791802e-02 -3.368743992308313208e-03
-9.996700791236187156e-01 2.545379413561029910e-02 -3.443449571048411151e-03
-9.996879833986722641e-01 2.473053135924337120e-02 -3.515215957603286950e-03
-9.997057179839621277e-01 2.399275749998405413e-02 -3.584005346628139736e-03
-9.997232370574796745e-01 2.324109406277545531e-02 -3.649782327570987982e-03
-9.997404958864198887e-01 2.247616966080301024e-02 -3.712513899342088398e-03
-9.997574509480496863e-01 2.169861951538619091e-02 -3.772169483144213135e-03
-9.997740600457595272e-01 2.090908495293775093e-02 -3.828720933456685946e-03
-9.997902824200042282e-01 2.010821289937716680e-02 -3.882142547167492623e-03
-9.998060788538577492e-01 1.929665537238913278e-02 -3.932411070849266797e-03
-9.998214117729230521e-01 1.847506897192193603e-02 -3.979505706176442344e-03
-9.998362453393596638e-01 1.764411436932393842e-02 -4.023408113482433539e-03
-9.998505455398102315e-01 1.680445579551937199e-02 -4.064102413457271017e-03
-9.998642802670270058e-01 1.595676052862723612e-02 -4.101575186987756541e-03
-9.998774193950220601e-01 1.510169838142901011e-02 -4.135815473143831557e-03
-9.998899348475827065e-01 1.423994118909244037e-02 -4.166814765316535427e-03
-9.999018006600178810e-01 1.337216229755957587e-02 -4.194567005514623220e-03
-9.999129930340214800e-01 1.249903605300761028e-02 -4.219068576828614685e-03
-9.999234903855593881e-01 1.162123729279092299e-02 -4.240318294072778146e-03
-9.999332733857101418e-01 1.073944083827189921e-02 -4.258317392617274807e-03
-9.999423249944104919e-01 9.854320989946784015e-03 -4.273069515424431433e-03
-9.999506304870773299e-01 8.966551025270837194e-03 -4.284580698304833735e-03
-9.999581774741014284e-01 8.076802699584512829e-03 -4.292859353410660543e-03
-9.999649559132272048e-01 7.185745750539193621e-03 -4.297916250985404051e-03
-9.999709581148560344e-01 6.294047406417288375e-03 -4.299764499390806675e-03
-9.999761787403294022e-01 5.402371898737104265e-03 -4.298419523433535602e-03
-9.999806147932700506e-01 4.511379979527975481e-03 -4.293899041015764029e-03
-9.999842656040786038e-01 3.621728443655617292e-03 -4.286223038135464868e-03
-9.999871328077023502e-01 2.734069656571563173e-03 -4.275413742263800380e-03
-9.999892203148122993e-01 1.849051087853923348e-03 -4.261495594128554207e-03
-9.999905342765426086e-01 9.673148508995226512e-04 -4.244495217934064063e-03
-9.999910830429641351e-01 8.949724911979002346e-05 -4.224441390049571421e-03
-9.999908771154806253e-01 -7.837716710154035617e-04 -4.201365006199331287e-03
-9.999899290933530471e-01 -1.651868559750418238e-03 -4.175299047189178284e-03
-9.999882536145716649e-01 -2.514177196306578450e-03 -4.146278543205558428e-03
-9.999858672913112256e-01 -3.370088913318032564e-03 -4.114340536724270248e-03
-9.999827886402179455e-01 -4.219003013133704010e-03 -4.079524044067366247e-03
-9.999790380077893115e-01 -5.060327175688583354e-03 -4.041870015647754284e-03
-9.999746374911202551e-01 -5.893477857658186922e-03 -4.001421294942118269e-03
-9.999696108542999173e-01 -6.717880682620927524e-03 -3.958222576233745571e-03
-9.999639834407536565e-01 -7.532970821964315132e-03 -3.912320361167767949e-03
-9.999577820818326135e-01 -8.338193366282295113e-03 -3.863762914162161520e-03
-9.999510350019625848e-01 -9.133003687022665101e-03 -3.812600216718625007e-03
-9.999437717206701715e-01 -9.916867788155300789e-03 -3.758883920678148059e-03
-9.999360229518102772e-01 -1.068926264764381677e-02 -3.702667300466707268e-03
-9.999278205003229170e-01 -1.144967654851537439e-02 -3.644005204377075233e-03
-9.999191971568534010e-01 -1.219760939933540317e-02 -3.582954004933206361e-03
-9.999101865905699604e-01 -1.293257304390620782e-02 -3.519571548384067741e-03
-9.999008232405159902e-01 -1.365409156002056305e-02 -3.453917103374111713e-03
-9.998911422058360809e-01 -1.436170154711357769e-02 -3.386051308837855628e-03
-9.998811791352107958e-01 -1.505495240266820425e-02 -3.316036121166219923e-03
-9.998709701158390306e-01 -1.573340658724180566e-02 -3.243934760692408770e-03
-9.998605515622993600e-01 -1.639663987799314798e-02 -3.169811657545170032e-03
-9.998499601056221042e-01 -1.704424161060097073e-02 -3.093732396917270831e-03
-9.998392324828981881e-01 -1.767581490947697440e-02 -3.015763663796963440e-03
-9.998284054277455368e-01 -1.829097690618756988e-02 -2.935973187210083515e-03
-9.998175155619474230e-01 -1.888935894601001531e-02 -2.854429684020251805e-03
-9.998065992885722952e-01 -1.947060678255970595e-02 -2.771202802334409802e-03
-9.997956926868731831e-01 -2.003438076043623228e-02 -2.686363064560637857e-03
-9.997848314092604438e-01 -2.058035598584646506e-02 -2.599981810164872162e-03
-9.997740505806280709e-01 -2.110822248517332453e-02 -2.512131138172760906e-03
-9.997633847003072338e-01 -2.161768535146901468e-02 -2.422883849462475429e-03
-9.997528675469076198e-01 -2.210846487886134956e-02 -2.332313388893843265e-03
-9.997425320862969311e-01 -2.258029668487136418e-02 -2.240493787318666510e-03
-9.997324103829563491e-01 -2.303293182064971439e-02 -2.147499603516577187e-03
-9.997225335149371173e-01 -2.346613686914834906e-02 -2.053405866100210114e-03
-9.997129314926308519e-01 -2.387969403125264622e-02 -1.958288015432906124e-03
-9.997036331815517540e-01 -2.427340119990764600e-02 -1.862221845601551296e-03
-9.996946662293159092e-01 -2.464707202228010041e-02 -1.765283446486524922e-03
-9.996860569969875376e-01 -2.500053595000593931e-02 -1.667549145970099881e-03
-9.996778304949476279e-01 -2.533363827758028375e-02 -1.569095452323972283e-03
-9.996700103234257284e-01 -2.564624016895444489e-02 -1.469998996815933103e-03
-9.996626186178204643e-01 -2.593821867241132700e-02 -1.370336476575013170e-03
-9.996556759989171370e-01 -2.620946672379743242e-02 -1.270184597753749650e-03
-9.996492015280985521e-01 -2.645989313819614025e-02 -1.169620019025526501e-03
-9.996432126676263463e-01 -2.668942259013322785e-02 -1.068719295454251218e-03
-9.996377252460557639e-01 -2.689799558241158170e-02 -9.675588227729303888e-04
-9.996327534288307337e-01 -2.708556840367788709e-02 -8.662147821070127502e-04
-9.996283096940917767e-01 -2.725211307482968207e-02 -7.647630851776727589e-04
-9.996244048137106208e-01 -2.739761728437657001e-02 -6.632793200195177385e-04
-9.996210478395527455e-01 -2.752208431287462426e-02 -5.618386972465133980e-04
-9.996182460949529780e-01 -2.762553294655805194e-02 -4.605159968992404490e-04
-9.996160051713732786e-01 -2.770799738029715298e-02 -3.593855159059185060e-04
-9.996143289301977486e-01 -2.776952711001633156e-02 -2.585210161889626599e-04
-9.996132195096055773e-01 -2.781018681471060863e-02 -1.579956734481748244e-04
-9.996126773364476525e-01 -2.783005622820360417e-02 -5.788202665101376530e-05
-9.996127011430391285e-01 -2.782923000079438186e-02 4.174807174026189127e-05
-9.996132879887670297e-01 -2.780781755094495142e-02 1.408235047754280433e-04
-9.996144332863986515e-01 -2.776594290716446686e-02 2.392739392285948255e-04
-9.996161308329634121e-01 -2.770374454025037805e-02 3.370298729880920547e-04
-9.996183728450703798e-01 -2.762137518605100109e-02 4.340226815966876728e-04
-9.996211499985100390e-01 -2.751900165891803252e-02 5.301846639155091082e-04
-9.996244514719799801e-01 -2.739680465602169906e-02 6.254490868856574497e-04
-9.996282649947618726e-01 -2.725497855270525571e-02 7.197502293621204543e-04
-9.996325768981695337e-01 -2.709373118905958333e-02 8.130234249952069531e-04
-9.996373721705762438e-01 -2.691328364790274152e-02 9.052051041353393127e-04
-9.996426345158232474e-01 -2.671387002435327007e-02 9.962328347376584424e-04
-9.996483464148016029e-01 -2.649573718719016452e-02 1.086045362243513290e-03
-9.996544891899943330e-01 -2.625914453219635458e-02 1.174582648416530291e-03
-9.996610430727574936e-01 -2.600436372768668430e-02 1.261785909111583833e-03
-9.996679872731144556e-01 -2.573167845242527174e-02 1.347597650955624981e-03
-9.996753000518320276e-01 -2.544138412614127542e-02 1.431961706919965749e-03
-9.996829587945420537e-01 -2.513378763285604306e-02 1.514823270764265820e-03
-9.996909400876706764e-01 -2.480920703723865986e-02 1.596128930333132624e-03
-9.996992197959320148e-01 -2.446797129421093495e-02 1.675826699686915446e-03
-9.997077731411424528e-01 -2.411041995202682642e-02 1.753866050048962346e-03
-9.997165747821100679e-01 -2.373690284905529899e-02 1.830197939552307687e-03
-9.997255988953531736e-01 -2.334777980449955631e-02 1.904774841769473273e-03
-9.997348192564011748e-01 -2.294342030328944473e-02 1.977550773009799194e-03
-9.997442093214327086e-01 -2.252420317538773517e-02 2.048481318369465773e-03
-9.997537423090075981e-01 -2.209051626975475080e-02 2.117523656520141698e-03
-9.997633912816500379e-01 -2.164275612321956907e-02 2.184636583222971436e-03
-9.997731292270447545e-01 -2.118132762450962436e-02 2.249780533555426239e-03
