1.000000000000000000e+00 0.000000000000000000e+00 0.000000000000000000e+00
9.999999993060605386e-01 1.459994908920932498e-05 -3.427423734862670524e-05
9.999999935174588295e-01 4.912292274058633414e-05 -1.027231057533424969e-04
9.999999730128424913e-01 1.088752618465583556e-04 -2.052328869135784033e-04
9.999999217996243805e-01 1.991443821420050544e-04 -3.416758180176231456e-04
9.999998160976638628e-01 3.251965929447257981e-04 -5.119101633554815631e-04
9.999996226620906370e-01 4.922749248965072651e-04 -7.157802895940883550e-04
9.999992968507294133e-01 7.055969660734053668e-04 -9.531167442109472624e-04
9.999987804421843762e-01 9.703527054792672989e-04 -1.223736336536773066e-03
9.999979992112250082e-01 1.291702382544955389e-03 -1.527442220817581183e-03
9.999968602686915009e-01 1.674774340830597003e-03 -1.864023980672383386e-03
9.999952491737024163e-01 2.124662883673178720e-03 -2.233257714294684809e-03
9.999930268265001532e-01 2.646426129040893322e-03 -2.634906119724749005e-03
9.999900261508162247e-01 3.245083860353061532e-03 -3.068718579505506309e-03
9.999860485751711492e-01 3.925615369504645118e-03 -3.534431244028350249e-03
9.999808603230518900e-01 4.692957287802022870e-03 -4.031767112876222595e-03
9.999741885224299187e-01 5.552001399976699315e-03 -4.560436113480578410e-03
9.999657171455942350e-01 6.507592435901021419e-03 -5.120135176426243023e-03
9.999550827907845996e-01 7.564525834090018303e-03 -5.710548306764037102e-03
9.999418703176145007e-01 8.727545470541548181e-03 -6.331346650725405700e-03
9.999256083487767510e-01 1.000134134594854105e-02 -6.982188557276280960e-03
9.999057646510279840e-01 1.139054722381789390e-02 -7.662719633998986250e-03
9.998817414089529176e-01 1.289973821155628378e-02 -8.372572796851190935e-03
9.998528704055165139e-01 1.453342827613955321e-02 -9.111368313419588791e-03
9.998184081239239740e-01 1.629606768557541330e-02 -9.878713839363017363e-03
9.997775307858264293e-01 1.819204036700479421e-02 -1.067420444782496598e-02
9.997293293414343252e-01 2.022566117197137012e-02 -1.149742265168850371e-02
9.996728044276336211e-01 2.240117303912753446e-02 -1.234793841864743544e-02
9.996068613107420564e-01 2.472274404444436621e-02 -1.322530917917543250e-02
9.995303048310936189e-01 2.719446432885895201e-02 -1.412907982758967139e-02
9.994418343671997995e-01 2.982034289323075987e-02 -1.505878271652660687e-02
9.993400388378074206e-01 3.260430425049527098e-02 -1.601393764527435717e-02
9.992233917607503679e-01 3.555018492500381516e-02 -1.699405184253814302e-02
9.990902463880799722e-01 3.866172978922884779e-02 -1.799861994435161816e-02
9.989388309375496489e-01 4.194258822829934064e-02 -1.902712396798702035e-02
9.987672439411241498e-01 4.539631012321680009e-02 -2.007903328285991912e-02
9.985734497317798608e-01 4.902634164409339773e-02 -2.115380457956911320e-02
9.983552740904518830e-01 5.283602084535484605e-02 -2.225088183835793182e-02
9.981104000755681716e-01 5.682857305556569816e-02 -2.336969629842864868e-02
9.978363640581791039e-01 6.100710605536802111e-02 -2.450966642968589390e-02
9.975305519862407433e-01 6.537460503797894174e-02 -2.567019790862650613e-02
9.971901959021333139e-01 6.993392734777109654e-02 -2.685068360023098663e-02
9.968123707379835663e-01 7.468779699366470681e-02 -2.805050354784405231e-02
9.963939914138072451e-01 7.963879893539203836e-02 -2.926902497315746893e-02
9.959318102638791137e-01 8.478937314215501120e-02 -3.050560228852560937e-02
9.954224148170701669e-01 9.014180842478389244e-02 -3.175957712395162391e-02
9.948622259571495707e-01 9.569823604421807961e-02 -3.303027837117785553e-02
9.942474964892207279e-01 1.014606231009662490e-01 -3.431702224739664742e-02
9.935743101385382525e-01 1.074307657121583714e-01 -3.561911238116503842e-02
9.928385810079193297e-01 1.136102819848714834e-01 -3.693583992315734726e-02
9.920360535198081697e-01 1.200006047965872791e-01 -3.826648368442145398e-02
9.911623028687601700e-01 1.266029743959151133e-01 -3.961031030481579340e-02
9.902193998118903329e-01 1.333897644140218386e-01 -4.089879521186445821e-02
9.892049199358379230e-01 1.403515563094378249e-01 -4.213155002126231508e-02
9.881165864839032142e-01 1.474788455154760480e-01 -4.330822275161130136e-02
9.869522869249810482e-01 1.547620508130246320e-01 -4.442849878235379663e-02
9.857100885612325447e-01 1.621915242989214190e-01 -4.549210174176808452e-02
9.843882531242793554e-01 1.697575619173712358e-01 -4.649879431537548569e-02
9.829852503135764197e-01 1.774504145153602552e-01 -4.744837896564932378e-02
9.814997702349493869e-01 1.852602993769144890e-01 -4.834069855453694553e-02
9.799307347020531633e-01 1.931774121853988835e-01 -4.917563686100168141e-02
9.782773073686712451e-01 2.011919393579127691e-01 -4.995311898655525884e-02
9.765389026653009674e-01 2.092940706912541637e-01 -5.067311164257581879e-02
9.747151935193031358e-01 2.174740122549427002e-01 -5.133562331408399876e-02
9.728061178439829648e-01 2.257219994634433735e-01 -5.194070429557100244e-02
9.708118837882548924e-01 2.340283102570503704e-01 -5.248844659542904745e-02
9.687329737449671407e-01 2.423832783188922257e-01 -5.297898370651622779e-02
9.665701471224509289e-01 2.507773062542199005e-01 -5.341249024138522428e-02
9.643244418903564874e-01 2.592008786575423773e-01 -5.378918143170794558e-02
9.619971749172678832e-01 2.676445749932771512e-01 -5.410931249242646734e-02
9.595899411238897336e-01 2.760990822163721381e-01 -5.437317785214456495e-02
9.571046114817035599e-01 2.845552070608144413e-01 -5.458111025223417317e-02
9.545433298928366339e-01 2.930038879260377649e-01 -5.473347971805813533e-02
9.519085089924145260e-01 3.014362062939445197e-01 -5.483069240659590310e-02
9.492028249198205536e-01 3.098433976125249956e-01 -5.487318933559479778e-02
9.464292111100176541e-01 3.182168615858405047e-01 -5.486144500014842468e-02
9.435908511603501303e-01 3.265481718143842249e-01 -5.479596588331998863e-02
9.406911708320011556e-01 3.348290847344898014e-01 -5.467728886807579625e-02
9.377338292485036808e-01 3.430515478104599891e-01 -5.450597955836897213e-02
9.347227093563649225e-01 3.512077069383751082e-01 -5.428263051771197584e-02
9.316619077149497219e-01 3.592899130260499563e-01 -5.400785943399624700e-02
9.285557236842697515e-01 3.672907277192729580e-01 -5.368230721965727703e-02
9.254086480802373726e-01 3.752029282502196694e-01 -5.330663605654295534e-02
9.222253513672744596e-01 3.830195113897215120e-01 -5.288152739502305355e-02
9.190106714579258096e-01 3.907336964908295629e-01 -5.240767991697978939e-02
9.157696011883337261e-01 3.983389276167859094e-01 -5.188580747234581431e-02
9.125072755371085309e-01 4.058288747520473194e-01 -5.131663699881047758e-02
9.092289586533067736e-01 4.131974341003491480e-01 -5.070090643420127607e-02
9.059400307569372979e-01 4.204387274789073703e-01 -5.003936263087015168e-02
9.026459749726964965e-01 4.275471008226939817e-01 -4.933275928117861892e-02
8.993523641545209113e-01 4.345171218172531602e-01 -4.858185486288745664e-02
8.960648477550859914e-01 4.413435766827228934e-01 -4.778741061292169495e-02
8.927891387906167209e-01 4.480214661355705341e-01 -4.695018853760603295e-02
8.895310009473504920e-01 4.545460005580204688e-01 -4.607094946705634492e-02
8.862962358717558775e-01 4.609125944082415050e-01 -4.515045116097540778e-02
8.830906706822033714e-01 4.671168599070628091e-01 -4.418944647264223813e-02
8.799201457352494593e-01 4.731546000393016538e-01 -4.318868157741041075e-02
8.767905026750798525e-01 4.790218009097196306e-01 -4.214889427154768636e-02
8.737075727899955568e-01 4.847146234951847377e-01 -4.107081234676261683e-02
8.706771656951625138e-01 4.902293948358205644e-01 -3.995515204527939901e-02
8.677050583562088137e-01 4.955625987087872719e-01 -3.880261659984486633e-02
8.647969844636833603e-01 5.007108658288843550e-01 -3.761389486258572001e-02
8.619586241639108914e-01 5.056709636204148595e-01 -3.638966002618460038e-02
8.591955941474191949e-01 5.104397856047339088e-01 -3.513056844041342885e-02
8.565134380918993928e-01 5.150143404476449360e-01 -3.383725852665539491e-02
8.539176174526059704e-01 5.193917407103408879e-01 -3.251034979266571867e-02
8.514135025892326514e-01 5.235691913469409098e-01 -3.115044194946767903e-02
8.490063642146215006e-01 5.275439779908774884e-01 -2.975811413195700306e-02
8.467013651471930746e-01 5.313134550714831983e-01 -2.833392422449490869e-02
8.445035523457282700e-01 5.348750338011313277e-01 -2.687840829250952995e-02
8.424178492020997222e-01 5.382261700722442699e-01 -2.539208012089701552e-02
8.404490480647438533e-01 5.413643523024189719e-01 -2.387543085981740781e-02
8.386018029630869508e-01 5.442870892648672410e-01 -2.232892877831613859e-02
8.368806225007914268e-01 5.469918979403567416e-01 -2.075301912606853857e-02
8.352898628835749850e-01 5.494762914258949360e-01 -1.914812410344123028e-02
8.338337210454690451e-01 5.517377669345497893e-01 -1.751464293998884064e-02
8.325162278357309820e-01 5.537737939200747528e-01 -1.585295208145551249e-02
8.313412412271964369e-01 5.555818023594246702e-01 -1.416340548532583378e-02
8.303124395056622475e-01 5.571591712258336937e-01 -1.244633502496675717e-02
8.294333143989206514e-01 5.585032171849041438e-01 -1.070205100241784606e-02
8.287071641033225688e-01 5.596111835461358153e-01 -8.930842769919155807e-03
8.281370861652368465e-01 5.604802295025336223e-01 -7.132979460310507822e-03
8.277259701744927867e-01 5.611074196913800050e-01 -5.308710826489773660e-03
8.274764902268507694e-01 5.614897141099595146e-01 -3.458268190177003504e-03
8.273910971127501623e-01 5.616239584209888891e-01 -1.581865500291985147e-03
8.274720101900367997e-01 5.615068746837470481e-01 3.202994986891553094e-04
8.277212088990941741e-01 5.611350525484197771e-01 2.248043987981833847e-03
8.281404238797979156e-01 5.605049409529784255e-01 4.201198684889929230e-03
8.287311276510080926e-01 5.596128403640048266e-01 6.179606341874090483e-03
8.294945248149175887e-01 5.584548956052497459e-01 8.183120133813547373e-03
8.304315417505193642e-01 5.570270893203682627e-01 1.021160193301069545e-02
8.315428157627572370e-01 5.553252361192042574e-01 1.226492047154785665e-02
8.328286836566208828e-01 5.533449774601809645e-01 1.434294939070466374e-02
8.342891697085584868e-01 5.510817773247863594e-01 1.644556517728855416e-02
8.359239730111507338e-01 5.485309187437922285e-01 1.857264498692612689e-02
8.377324541710498007e-01 5.456875012386911417e-01 2.072406435461619442e-02
8.397136213447781161e-01 5.425464392458448915e-01 2.289969479316275591e-02
8.418661156021418623e-01 5.391024615949671084e-01 2.509940128049460706e-02
8.441881956127871289e-01 5.353501121177720590e-01 2.732303963734464269e-02
8.466777216578559306e-01 5.312837514668530270e-01 2.957045379731279913e-02
8.493321389758242690e-01 5.268975602290446592e-01 3.184147297197864601e-02
8.521484604594704582e-01 5.221855434216078340e-01 3.413590871446924024e-02
8.551232487295669094e-01 5.171415364634652789e-01 3.645355188573101007e-02
8.582525976203493334e-01 5.117592127173270500e-01 3.879416952870676227e-02
8.615321131221271855e-01 5.060320927017705195e-01 4.115750165668506655e-02
8.649568938375805649e-01 4.999535550750683344e-01 4.354325796327331022e-02
8.685215110203662325e-01 4.935168494946676199e-01 4.595111446275060296e-02
8.722199882776258129e-01 4.867151114575758442e-01 4.838071007098362908e-02
8.760457810318619254e-01 4.795413792273572895e-01 5.083164313863770822e-02
8.799917558523890904e-01 4.719886129528330643e-01 5.330346795008431698e-02
8.840501697821514515e-01 4.640497160817350086e-01 5.579569120319092385e-02
8.882126498020644911e-01 4.557175591693173322e-01 5.830776848707226040e-02
8.924701725921064810e-01 4.469850061770910821e-01 6.083910077687380846e-02
8.968130447660531690e-01 4.378449433502289434e-01 6.338903096673546844e-02
9.012308837748796986e-01 4.282903107535969700e-01 6.595684046422842228e-02
9.057125996922850142e-01 4.183141365356158881e-01 6.854174587175061728e-02
9.102463781143266264e-01 4.079095739760502659e-01 7.114289578257970703e-02
9.148196644235490060e-01 3.970699413581909032e-01 7.375936772148733445e-02
9.194191496859823731e-01 3.857887646875735044e-01 7.639016526197932311e-02
9.240307584666566099e-01 3.740598232582219573e-01 7.903421535430241174e-02
9.286396388654768463e-01 3.618771980433042046e-01 8.169036590030491485e-02
9.332301550900446996e-01 3.492353228599643922e-01 8.435738361300416932e-02
9.377858828948572034e-01 3.361290382279110145e-01 8.703395220024341683e-02
9.422896082268077400e-01 3.225536478081153513e-01 8.971867091305461839e-02
9.467233294245641639e-01 3.085049772717833316e-01 9.241005350021709586e-02
9.510682633236809957e-01 2.939794354107550522e-01 9.510652761094871843e-02
9.553048556196919172e-01 2.789740772588846784e-01 9.780643468761679449e-02
9.594127958373832588e-01 2.634866689500686143e-01 1.005080303897400995e-01
9.633710372454331594e-01 2.475157539928274086e-01 1.032094855893032626e-01
9.671578220411092275e-01 2.310607205942062647e-01 1.059088879754521428e-01
9.707507121092654456e-01 2.141218696178476544e-01 1.086042443039239164e-01
9.741266256330480822e-01 1.967004827131115796e-01 1.112934833230322940e-01
9.772618798001611040e-01 1.787988901048864765e-01 1.139744594036323222e-01
9.801322398079928000e-01 1.604205374881527979e-01 1.166449568951976878e-01
9.827129743232272396e-01 1.415700514284257416e-01 1.193026952239381600e-01
9.849789174967488181e-01 1.222533026299866682e-01 1.219453347417660954e-01
9.869045375728354719e-01 1.024774663994411639e-01 1.245704833269087874e-01
9.884640120631532634e-01 8.225107960378345850e-02 1.271757037281007752e-01
9.896313093814106399e-01 6.158409340097788925e-02 1.297585216346449632e-01
9.903802767544139796e-01 4.048792100824433887e-02 1.323164344442971929e-01
9.906847341406004315e-01 1.897547976985920412e-02 1.348469206900279604e-01
9.905185737990255257e-01 -2.938773206633934348e-03 1.373474500753948946e-01
9.898558650615785215e-01 -2.523881255848966707e-02 1.398154940566963267e-01
9.886709637703950948e-01 -4.790702400232292602e-02 1.422485368984717224e-01
9.869386257527146267e-01 -7.092419213438326542e-02 1.446440871174888010e-01
9.846341236186065826e-01 -9.426949727996336570e-02 1.469996892193548010e-01
9.817333660849852928e-01 -1.179205219068194532e-01 1.493129356215625314e-01
9.782130189541163867e-01 -1.418532670365320048e-01 1.515814786473957676e-01
9.740506268083750641e-01 -1.660421789950586868e-01 1.538030424669346030e-01
9.692247344272628684e-01 -1.904601867403462878e-01 1.559754348546786296e-01
9.637150068894405619e-01 -2.150787498921355734e-01 1.580965586282845337e-01
9.575023472934133251e-01 -2.398679174687022020e-01 1.601644226298155338e-01
9.505690110169042750e-01 -2.647963972092236551e-01 1.621771521099092395e-01
9.428987154379551150e-01 -2.898316352310077448e-01 1.641329983765384692e-01
9.344767440611341236e-01 -3.149399056404454944e-01 1.660303475736671919e-01
9.252900440302467278e-01 -3.400864095878947113e-01 1.678677284611420351e-01
9.153273160645304385e-01 -3.652353831324842703e-01 1.696438190756033859e-01
9.045790959279292887e-01 -3.903502131657845542e-01 1.713574521629818714e-01
8.930378266296729040e-01 -4.153935605360696282e-01 1.730076192861425000e-01
8.806979206575779040e-01 -4.403274894200011613e-01 1.745934735262639759e-01
8.675558116613792947e-01 -4.651136019082441342e-01 1.761143307133564428e-01
8.536099951297316801e-01 -4.897131767077168574e-01 1.775696691396366211e-01
8.388735092399394189e-01 -5.140767127044710838e-01 1.789312037589177451e-01
8.233521518142530304e-01 -5.381628007996506202e-01 1.802000021040005284e-01
8.070540289194613193e-01 -5.619306453650187994e-01 1.813773720862646710e-01
7.899894962063761517e-01 -5.853402265187710451e-01 1.824648516078586635e-01
7.721710863297588379e-01 -6.083524547019429907e-01 1.834641962965377904e-01
7.536134235516670499e-01 -6.309293161724066623e-01 1.843773655129252453e-01
7.343331267798077766e-01 -6.530340082013105230e-01 1.852065068005830095e-01
7.143487024143039266e-01 -6.746310629418195148e-01 1.859539389664159881e-01
6.936804284694506606e-01 -6.956864591375122586e-01 1.866221339923469502e-01
6.723502315005115415e-01 -7.161677210430027474e-01 1.872136979887556174e-01
6.503815578991695157e-01 -7.360440041374781694e-01 1.877313514058410737e-01
6.277992411254835758e-01 -7.552861674182291818e-01 1.881779087209188850e-01
6.046293664204065443e-01 -7.738668322615285255e-01 1.885562578178698045e-01
5.808991344930566347e-01 -7.917604280284117335e-01 1.888693392697712858e-01
5.566367256034981947e-01 -8.089432247695556022e-01 1.891201257274894298e-01
5.318711653677042905e-01 -8.253933535436209779e-01 1.893116016060658324e-01
5.066321934998986309e-01 -8.410908150048126419e-01 1.894467432475225310e-01
4.809501365820345598e-01 -8.560174770363337959e-01 1.895284997236694469e-01
4.548557858142864840e-01 -8.701570623058112464e-01 1.895597744260835438e-01
4.283802805575857575e-01 -8.834951266961843519e-01 1.895434075730834111e-01
4.015549983327894590e-01 -8.960190296210673866e-01 1.894821597456704532e-01
3.744114517941805609e-01 -9.077178972678132673e-01 1.893786965464470395e-01
3.469811930505401487e-01 -9.185825798254417807e-01 1.892355744578086696e-01
3.192957255675721306e-01 -9.286056037496254190e-01 1.890552279585561712e-01
2.913864237532008405e-01 -9.377811200947202552e-01 1.888399579417488483e-01
2.632844602040440019e-01 -9.461048499052451266e-01 1.885919214613339945e-01
2.350207404786475440e-01 -9.535740276082647071e-01 1.883131228210044028e-01
2.066258451619595038e-01 -9.601873432858821777e-01 1.880054060059661580e-01
1.781299788967650732e-01 -9.659448846355803697e-01 1.876704484469097212e-01
1.495629259818438694e-01 -9.708480793475060544e-01 1.873097560954903595e-01
1.209540120735885516e-01 -9.748996385439214762e-01 1.869246597820244937e-01
9.233207147763747291e-02 -9.781035018387913560e-01 1.865163128188474240e-01
6.372541947940624230e-02 -9.804647844865314044e-01 1.860856898067803911e-01
3.516182913675897082e-02 -9.819897269998524303e-01 1.856335865973232635e-01
6.668511943803918929e-03 -9.826856475287746306e-01 1.851606213594099160e-01
-2.172789822881285651e-02 -9.825608972074614256e-01 1.846672366967142820e-01
-5.000135850552948902e-02 -9.816248185935816384e-01 1.841537027594438991e-01
-7.812642826265503437e-02 -9.798877072473293204e-01 1.836201212931768134e-01
-1.060782788203559757e-01 -9.773607764247581597e-01 1.830664305664561620e-01
-1.338327020895259400e-01 -9.740561247933170463e-01 1.824924111184337283e-01
-1.613661186566429928e-01 -9.699867070168812777e-01 1.818976922677364716e-01
-1.886555857478082188e-01 -9.651663070035305658e-01 1.812817593238151004e-01
-2.156788054667915233e-01 -9.596095135620907879e-01 1.806439614422339079e-01
-2.424141336519355094e-01 -9.533316981732189443e-01 1.799835200655998946e-01
-2.688405896440059228e-01 -9.463489945476678544e-01 1.792995378920488325e-01
-2.949378672023212911e-01 -9.386782796183571476e-01 1.785910083133603887e-01
-3.206863467505063903e-01 -9.303371555939750071e-01 1.778568252648359826e-01
-3.460671090767340474e-01 -9.213439326899531823e-01 1.770957934290277591e-01
-3.710619505570511567e-01 -9.117176121476682216e-01 1.763066387352546782e-01
-3.956533999150195768e-01 -9.014778691544299560e-01 1.754880190965964759e-01
-4.198247364770913426e-01 -8.906450352849950569e-01 1.746385353257437767e-01
-4.435600098315176654e-01 -8.792400800996935661e-01 1.737567421707384707e-01
-4.668440607497649775e-01 -8.672845915544474815e-01 1.728411594113078431e-01
-4.896625431839506382e-01 -8.548007549035995245e-01 1.718902829562303225e-01
-5.120019471122537746e-01 -8.418113298071139283e-01 1.709025958820269420e-01
-5.338496219671005072e-01 -8.283396253888666294e-01 1.698765793533094648e-01
-5.551938003486159845e-01 -8.144094730318577335e-01 1.688107233653939332e-01
-5.760236216987751900e-01 -8.000451967386653651e-01 1.677035372503662414e-01
-5.963291555902030527e-01 -7.852715809306687333e-01 1.665535598887181723e-01
-6.161014242679414554e-01 -7.701138356068164548e-01 1.653593695700087407e-01
-6.353324240729009142e-01 -7.545975588312934246e-01 1.641195934477883422e-01
-6.540151453722592434e-01 -7.387486965685945428e-01 1.628329165362859543e-01
-6.721435906247775760e-01 -7.225934999334918674e-01 1.614980901991244500e-01
-6.897127902177979664e-01 -7.061584799714246685e-01 1.601139400836089355e-01
-7.067188157274056914e-01 -6.894703601311851227e-01 1.586793734579257376e-01
-7.231587902736126283e-01 -6.725560266356968020e-01 1.571933859128826771e-01
-7.390308956680975427e-01 -6.554424769974767084e-01 1.556550673945880925e-01
-7.543343760825736988e-01 -6.381567669624023109e-01 1.540636075396681071e-01
-7.690695380007160908e-01 -6.207259561980739138e-01 1.524183002902076978e-01
-7.832377462551727287e-01 -6.031770530708668865e-01 1.507185477715113908e-01
-7.968414159928357554e-01 -5.855369588782848300e-01 1.489638634219407620e-01
-8.098840004555434291e-01 -5.678324119201191289e-01 1.471538743704220442e-01
-8.223699745089770863e-01 -5.500899318029701668e-01 1.452883230636409506e-01
-8.343048138989271889e-01 -5.323357643777751891e-01 1.433670681513668499e-01
-8.456949702605549568e-01 -5.145958277090998401e-01 1.413900846446820569e-01
-8.565478419520113906e-01 -4.968956594681940286e-01 1.393574633680454977e-01
-8.668717408280414150e-01 -4.792603661293863837e-01 1.372694097320049933e-01
-8.766758551113212894e-01 -4.617145743316081741e-01 1.351262418589058156e-01
-8.859702085585952069e-01 -4.442823847440863227e-01 1.329283880990489164e-01
-8.947656161546435616e-01 -4.269873287480120960e-01 1.306763839793615711e-01
-9.030736365992256820e-01 -4.098523282148194835e-01 1.283708686306975766e-01
-9.109065218800100894e-01 -3.928996586272007208e-01 1.260125807433359890e-01
-9.182771642478200214e-01 -3.761509157517854418e-01 1.236023541030607381e-01
-9.251990409290801187e-01 -3.596269860331839929e-01 1.211411127623536338e-01
-9.316861569240404428e-01 -3.433480208385228383e-01 1.186298659027097968e-01
-9.377529862481640555e-01 -3.273334146403480971e-01 1.160697024448864717e-01
-9.434144119780761839e-01 -3.116017871845014331e-01 1.134617854640368323e-01
-9.486856654628472718e-01 -2.961709696488956656e-01 1.108073464661818580e-01
-9.535822650563695602e-01 -2.810579947596160699e-01 1.081076795813687014e-01
-9.581199547174937825e-01 -2.662790907929716289e-01 1.053641357271941775e-01
-9.623146428117919093e-01 -2.518496793564799496e-01 1.025781167941864080e-01
-9.661823414327221915e-01 -2.377843768086911336e-01 9.975106990188931100e-02
-9.697391065410413402e-01 -2.240969991475622314e-01 9.688448177144380613e-02
-9.730009792000191560e-01 -2.108005701700472190e-01 9.397987325706633199e-02
-9.759839281608402306e-01 -1.979073326818460987e-01 9.103879407515326483e-02
-9.787037940280229886e-01 -1.854287625159820596e-01 8.806281776585120347e-02
-9.811762352092269213e-01 -1.733755851020931660e-01 8.505353691788997139e-02
-9.834166758279108134e-01 -1.617577943150274034e-01 8.201255868333555410e-02
-9.854402557513947114e-01 -1.505846733214491195e-01 7.894150060474063035e-02
-9.872617828613652335e-01 -1.398648171365873827e-01 7.584198677300142688e-02
-9.888950651391928970e-01 -1.295918337696987666e-01 7.274962964683996669e-02
-9.903546524086527247e-01 -1.197677238350994544e-01 6.966603588604523833e-02
-9.916544749681935889e-01 -1.103938653117026852e-01 6.659278101961348117e-02
-9.928078302269393030e-01 -1.014710498634488339e-01 6.353140893888201135e-02
-9.938273721984401954e-01 -9.299951801392482287e-02 6.048343161693461867e-02
-9.947251037152212705e-01 -8.497899304107907337e-02 5.745032903746371405e-02
-9.955123712246825018e-01 -7.740871347696341720e-02 5.443354931525613838e-02
-9.961998620259626680e-01 -7.028746411603513378e-02 5.143450898971329427e-02
-9.967976038078290024e-01 -6.361360545359724672e-02 4.845459347230385988e-02
-9.973149663493440231e-01 -5.738510149333141824e-02 4.549515762855953216e-02
-9.977606652478250293e-01 -5.159954587949598659e-02 4.255752647514259024e-02
-9.981427675422948065e-01 -4.625418632514982642e-02 3.964299597261879832e-02
-9.984686991050600868e-01 -4.134594732266800438e-02 3.675283389484208796e-02
-9.987452536790978330e-01 -3.687145113680045244e-02 3.388828075627998287e-02
-9.989786034444261276e-01 -3.282703709356714350e-02 3.105055077916412873e-02
-9.991743110024541297e-01 -2.920877919037117784e-02 2.824083288302178460e-02
-9.993373426733005438e-01 -2.601250206384507838e-02 2.546029167991682024e-02
-9.994720830071387452e-01 -2.323379536213243321e-02 2.271006845958840545e-02
-9.995823504166401197e-01 -2.086802657756239160e-02 1.999128214960950445e-02
-9.996714138434612540e-01 -1.891035240401755732e-02 1.730503023668339760e-02
-9.997420103773589917e-01 -1.735572869075019051e-02 1.465238963624461432e-02
-9.997963637518452185e-01 -1.619891907099310288e-02 1.203441749862079954e-02
-9.998362036452475010e-01 -1.543450234946700493e-02 9.452151941136103727e-03
-9.998627857205657499e-01 -1.505687873783251828e-02 6.906612696686505702e-03
-9.998769123415696125e-01 -1.506027503129924415e-02 4.398801670486502183e-03
-9.998789539061312404e-01 -1.543874882301156555e-02 1.929703397868395408e-03
-9.998688707408122101e-01 -1.618619185550520395e-02 -4.997146027956918951e-04
-9.998462355032164961e-01 -1.729633261049194626e-02 -2.888501586788161379e-03
-9.998102560405708328e-01 -1.876273823950268607e-02 -5.235723452908019535e-03
-9.997597986544185522e-01 -2.057881593851917587e-02 -7.540462728872180873e-03
-9.996934117222201488e-01 -2.273781386966926277e-02 -9.801818673459895825e-03
-9.996093496270741507e-01 -2.523282173236430365e-02 -1.201890749545359363e-02
-9.995055969467327994e-01 -2.805677108493474792e-02 -1.419086268830024866e-02
-9.993798928526300696e-01 -3.120243551588468972e-02 -1.631683547831433087e-02
-9.992297556688061189e-01 -3.466243076135179513e-02 -1.839599538317126387e-02
-9.990525075394586230e-01 -3.842921486223999789e-02 -2.042753087640402157e-02
-9.988452991524273683e-01 -4.249508845080384595e-02 -2.241065015262014293e-02
-9.986051344642842276e-01 -4.685219525222315134e-02 -2.434458198720728175e-02
-9.983288953709243962e-01 -5.149252288193358063e-02 -2.622857668339787993e-02
-9.980133662656938132e-01 -5.640790401419626399e-02 -2.806190709872307190e-02
-9.976552584252125211e-01 -6.159001799162316243e-02 -2.984386974210818250e-02
-9.972512341612357334e-01 -6.703039293915474817e-02 -3.157378593215247331e-02
-9.967979306751888480e-01 -7.272040843934693410e-02 -3.325100300649983659e-02
-9.962919835504999710e-01 -7.865129881880379703e-02 -3.487489557164995951e-02
-9.957300498165838620e-01 -8.481415708823507316e-02 -3.644486678208613134e-02
-9.951088305173731996e-01 -9.119993957097061177e-02 -3.796034963721097583e-02
-9.944250927166984333e-01 -9.779947124688112559e-02 -3.942080828428901756e-02
-9.936756908726372961e-01 -1.046034518305927752e-01 -4.082573931539874856e-02
-9.928575875132370498e-01 -1.116024625947033000e-01 -4.217467304629940461e-02
-9.919678731467883592e-01 -1.187869739404753128e-01 -4.346717476512131778e-02
-9.910037853411375330e-01 -1.261473537102648368e-01 -4.470284593889443936e-02
-9.899627269083811631e-01 -1.336738762278110448e-01 -4.588132536613785672e-02
-9.888422831337059238e-01 -1.413567320445377196e-01 -4.700229026404290772e-02
-9.876402379901295658e-01 -1.491860383622701514e-01 -4.806545727919220301e-02
-9.863545892844528540e-01 -1.571518500953246189e-01 -4.907058341126358664e-02
-9.849835626838400193e-01 -1.652441715278519796e-01 -5.001746683976752289e-02
-9.835256245770813699e-01 -1.734529685156787626e-01 -5.090594764455411148e-02
-9.819794937297258164e-01 -1.817681811757536070e-01 -5.173590841159497744e-02
-9.803441516978633752e-01 -1.901797370007324850e-01 -5.250727471638949595e-02
-9.786188519713389100e-01 -1.986775643312773953e-01 -5.322001547825516710e-02
-9.768031278235382864e-01 -2.072516061143471477e-01 -5.387414317973028555e-02
-9.748967988515393479e-01 -2.158918338721653452e-01 -5.446971394633355612e-02
-9.728999761973018412e-01 -2.245882618036919576e-01 -5.500682748297942848e-02
-9.708130664476087857e-01 -2.333309609383244498e-01 -5.548562686442959357e-02
-9.686367742175960860e-01 -2.421100732602262384e-01 -5.590629817825885917e-02
-9.663721034298359269e-01 -2.509158257211301923e-01 -5.626907001991631602e-02
-9.640203573080069477e-01 -2.597385440596873263e-01 -5.657421284055980104e-02
-9.615831371111011050e-01 -2.685686663464143531e-01 -5.682203814942120984e-02
-9.590623396408235468e-01 -2.773967561750127486e-01 -5.701289757351256371e-02
-9.564601535612551331e-01 -2.862135154232577916e-01 -5.714718177849682779e-02
-9.537790545759092797e-01 -2.950097965097475683e-01 -5.722531925551460619e-02
-9.510217995129571777e-01 -3.037766140765119638e-01 -5.724777497966836159e-02
-9.481914193745680786e-01 -3.125051560317588795e-01 -5.721504894671252534e-02
-9.452912114109592867e-01 -3.211867938918147036e-01 -5.712767459527340330e-02
-9.423247302838386741e-01 -3.298130923665422709e-01 -5.698621712262125216e-02
-9.392957783874099631e-01 -3.383758181381150143e-01 -5.679127170263383040e-02
-9.362083953979757345e-01 -3.468669477889290698e-01 -5.654346161512196350e-02
-9.330668471254002228e-01 -3.552786748405672990e-01 -5.624343629613131473e-02
-9.298756137412658163e-01 -3.636034158720220510e-01 -5.589186931918872087e-02
-9.266393774594826604e-01 -3.718338156917642690e-01 -5.548945631772661535e-02
-9.233630097453892072e-01 -3.799627515446462600e-01 -5.503691285909566300e-02
-9.200515581290311662e-01 -3.879833363409751490e-01 -5.453497228066594288e-02
-9.167102326973476378e-01 -3.958889209013337074e-01 -5.398438349852416329e-02
-9.133443923384521046e-01 -4.036730952167918440e-01 -5.338590879920172144e-02
-9.099595308091097401e-01 -4.113296887299961457e-01 -5.274032162472131607e-02
-9.065612626939153484e-01 -4.188527696481923468e-01 -5.204840436103307794e-02
-9.031553093216111439e-01 -4.262366433044904035e-01 -5.131094613963116391e-02
-8.997474847005001442e-01 -4.334758495885823182e-01 -5.052874066180476631e-02
-8.963436815310512618e-01 -4.405651594726427978e-01 -4.970258405459020840e-02
-8.929498573496099656e-01 -4.474995706622580949e-01 -4.883327276706034975e-02
-8.895720208526735062e-01 -4.542743024059215928e-01 -4.792160151512122462e-02
-8.862162184465107728e-01 -4.608847894998974737e-01 -4.696836128249044784e-02
-8.828885210620577295e-01 -4.673266755280812146e-01 -4.597433738501496836e-02
-8.795950112700425816e-01 -4.735958053788783539e-01 -4.494030760495392601e-02
-8.763417707262457501e-01 -4.796882170830915615e-01 -4.386704040131239601e-02
-8.731348679717124694e-01 -4.856001330183592479e-01 -4.275529320177001713e-02
-8.699803466076634351e-01 -4.913279505268464131e-01 -4.160581078121107501e-02
-8.668842138598203961e-01 -4.968682319936700287e-01 -4.041932373133468037e-02
-8.638524295419190979e-01 -5.022176944339719062e-01 -3.919654702531068929e-02
-8.608908954233541744e-01 -5.073731986366594171e-01 -3.793817868095337303e-02
-8.580054450012146727e-01 -5.123317379126486326e-01 -3.664489852541438081e-02
-8.552018336724506176e-01 -5.170904264949981455e-01 -3.531736706395303960e-02
-8.524857292975837053e-01 -5.216464876376472048e-01 -3.395622445492822716e-02
-8.498627031432516299e-01 -5.259972414586066014e-01 -3.256208959277427650e-02
-8.473382211869754377e-01 -5.301400925724266688e-01 -3.113555930037545383e-02
-8.449176357638694679e-01 -5.340725175556205739e-01 -2.967720763194113542e-02
-8.426061775315840663e-01 -5.377920522874926057e-01 -2.818758528720688786e-02
-8.404089477265879182e-01 -5.412962792075347584e-01 -2.666721913754657031e-02
-8.383309106819630818e-01 -5.445828145292590516e-01 -2.511661186437619611e-02
-8.363768865742005065e-01 -5.476492954490463916e-01 -2.353624171006171370e-02
-8.345515443640535436e-01 -5.504933673873589894e-01 -2.192656234140871740e-02
-8.328593948943198155e-01 -5.531126712985050542e-01 -2.028800282571103716e-02
-8.313047841054874709e-01 -5.555048310840973169e-01 -1.862096771926558675e-02
-8.298918863284874270e-01 -5.576674411444296764e-01 -1.692583726822046927e-02
-8.286246976123418095e-01 -5.595980541012468557e-01 -1.520296772160987207e-02
-8.275070290432875453e-01 -5.612941687248098610e-01 -1.345269175643997762e-02
-8.265425000109765108e-01 -5.627532180978020993e-01 -1.167531901472206382e-02
-8.257345313766139006e-01 -5.639725580484833412e-01 -9.871136752398772599e-03
-8.250863384973924353e-01 -5.649494558856128501e-01 -8.040410600173887590e-03
-8.246009240613129121e-01 -5.656810794680320331e-01 -6.183385436330955318e-03
-8.242810706864558412e-01 -5.661644866424481171e-01 -4.300286371707874936e-03
-8.241293332389898474e-01 -5.663966150838931624e-01 -2.391319847078849162e-03
-8.241480308246791342e-01 -5.663742725745662954e-01 -4.566748432774016958e-04
-8.243392384093944925e-01 -5.660941277583038111e-01 1.503475795530109446e-03
-8.247047780251525184e-01 -5.655527014097680993e-01 3.488973924946981234e-03
-8.252462095195258751e-01 -5.647463582596019549e-01 5.499674549303768673e-03
-8.259648208079002352e-01 -5.636712994192626391e-01 7.535444155924987848e-03
-8.268616175900239673e-01 -5.623235554520223944e-01 9.596158934161599235e-03
-8.279373124946329821e-01 -5.606989801396915496e-01 1.168170287868246573e-02
-8.291923136186637455e-01 -5.587932449979762239e-01 1.379196577659452111e-02
-8.306267124307230576e-01 -5.566018345970079606e-01 1.592684107808424454e-02
-8.322402710121050706e-01 -5.541200427474548551e-01 1.808622365044903688e-02
-8.340324086127648417e-01 -5.513429696167184701e-01 2.027000741562293498e-02
-8.360021875043240902e-01 -5.482655198440038458e-01 2.247808287160387927e-02
-8.381482981174341873e-01 -5.448824017274815912e-01 2.471033449856661207e-02
-8.404690434567035906e-01 -5.411881275612964171e-01 2.696663805090344229e-02
-8.429623227929597951e-01 -5.371770152047574687e-01 2.924685773698180655e-02
-8.456256146399001583e-01 -5.328431909706131675e-01 3.155084328904994573e-02
-8.484559590302448440e-01 -5.281805939237903535e-01 3.387842692646703124e-02
-8.514499391153790286e-01 -5.231829816862841875e-01 3.622942021628840908e-02
-8.546036621222034002e-01 -5.178439378479230415e-01 3.860361083620626743e-02
-8.579127397115405840e-01 -5.121568810864026711e-01 4.100075924593683807e-02
-8.613722677939966710e-01 -5.061150761031623091e-01 4.342059527436128302e-02
-8.649768058716837960e-01 -4.997116464842368266e-01 4.586281463107281381e-02
-8.687203559876736092e-01 -4.929395895970195007e-01 4.832707535245899660e-02
-8.725963413794832757e-01 -4.857917936347546095e-01 5.081299419405653495e-02
-8.765975849482737781e-01 -4.782610569203836204e-01 5.332014298265410485e-02
-8.807162876717358202e-01 -4.703401095799120690e-01 5.584804494348367954e-02
-8.849440071057986801e-01 -4.620216376925608270e-01 5.839617101982520070e-02
-8.892716361382422274e-01 -4.532983100204165949e-01 6.096393620444415934e-02
-8.936821538079858795e-01 -4.441861888311506301e-01 6.348889564651380435e-02
-8.981620314927202253e-01 -4.346871857634615477e-01 6.596982645531565548e-02
-9.026974243298616640e-01 -4.248035510564270312e-01 6.840544887637789451e-02
-9.072741984659959957e-01 -4.145379112820921641e-01 7.079442959150976378e-02
-9.118779606304280305e-01 -4.038933060899556060e-01 7.313538543965332483e-02
-9.164940900819906755e-01 -3.928732237116424608e-01 7.542688755581193616e-02
-9.211077729532843872e-01 -3.814816349648803007e-01 7.766746592236653535e-02
-9.257040389896790122e-01 -3.697230254886949563e-01 7.985561432387447423e-02
-9.302678006518892984e-01 -3.576024259368575930e-01 8.198979569298675552e-02
-9.347838945209618888e-01 -3.451254398543632806e-01 8.406844783144873379e-02
-9.392371249133596445e-01 -3.322982689624134900e-01 8.608998948630587622e-02
-9.436123095818284012e-01 -3.191277355812847105e-01 8.805282675746527177e-02
-9.478943273452545837e-01 -3.056213019278357090e-01 8.995535980871602333e-02
-9.520681674581862319e-01 -2.917870860354340179e-01 9.179598985024625679e-02
-9.561189804985577023e-01 -2.776338740589096576e-01 9.357312635667346112e-02
-9.600321305209167377e-01 -2.631711287458544657e-01 9.528519448069558417e-02
-9.637932481926240191e-01 -2.484089938781934015e-01 9.693064261874410892e-02
-9.673882846026065074e-01 -2.333582945143986564e-01 9.850795008154926424e-02
-9.708035654068455367e-01 -2.180305328928591191e-01 1.000156348193855793e-01
-9.740258449523899742e-01 -2.024378798905380195e-01 1.014522611490251136e-01
-9.770423600028270705e-01 -1.865931619678418696e-01 1.028164474271563295e-01
-9.798408826732933896e-01 -1.705098435702028514e-01 1.041068736132928080e-01
-9.824097721727026444e-01 -1.542020049987755381e-01 1.053222886640581279e-01
-9.847380249452872825e-01 -1.376843158063313366e-01 1.064615177002411067e-01
-9.868153228030918100e-01 -1.209720038192964725e-01 1.075234688882109185e-01
-9.886320786459502630e-01 -1.040808199322646593e-01 1.085071399781942642e-01
-9.901794793758543767e-01 -8.702699886652327799e-02 1.094116244435643509e-01
-9.914495256284997504e-01 -6.982721612843487136e-02 1.102361171676773943e-01
-9.924350679661171348e-01 -5.249854144617483592e-02 1.109799196279071531e-01
-9.931298392022633870e-01 -3.505838900360663812e-02 1.116424445303459967e-01
-9.935284825607774151e-01 -1.752446482726570387e-02 1.122232198531230296e-01
-9.936265754072003409e-01 8.528828414886349685e-05 1.127218922613826280e-01
-9.934206483311227576e-01 1.775274786932515975e-02 1.131382298626025379e-01
-9.929081994015739321e-01 3.545967051035042727e-02 1.134721242770317801e-01
-9.920877034640444014e-01 5.318775167384435371e-02 1.137235920045048809e-01
-9.909586163963093330e-01 7.091868621284484753e-02 1.138927750756425772e-01
-9.895213742901282084e-01 8.863422904802306657e-02 1.139799409823766402e-01
-9.877773875763302680e-01 1.063162555458567055e-01 1.139854818897287903e-01
-9.857290301609445970e-01 1.239468211165603712e-01 1.139099131377220575e-01
-9.833796236890983700e-01 1.415082195657526021e-01 1.137538710490982735e-01
-9.807334171006006907e-01 1.589830397508063264e-01 1.135181100650533292e-01
-9.777955616857298971e-01 1.763542201152507594e-01 1.132034992373830568e-01
-9.745720818910682537e-01 1.936051007020331560e-01 1.128110181111667831e-01
-9.710698421626879906e-01 2.107194722783849172e-01 1.123417520373215378e-01
-9.672965101470739624e-01 2.276816222408714896e-01 1.117968869589699848e-01
-9.632605165984581275e-01 2.444763770082797327e-01 1.111777037195218060e-01
-9.589710123644313855e-01 2.610891406516109292e-01 1.104855719436315248e-01
-9.544378228395814512e-01 2.775059295538765958e-01 1.097219435447364250e-01
-9.496714002893894557e-01 2.937134029369037891e-01 1.088883459146843952e-01
-9.446827744537089622e-01 3.096988891372201569e-01 1.079863748520336481e-01
-9.394753641482965767e-01 3.254634109573514844e-01 1.070495758517552021e-01
-9.340590363475470559e-01 3.409998917774741956e-01 1.060791864431240711e-01
-9.284438490450999115e-01 3.563017800274258517e-01 1.050764676727068275e-01
-9.226400187335309644e-01 3.713630511531959000e-01 1.040426997758486793e-01
-9.166578884090404999e-01 3.861782073195593190e-01 1.029791779175028288e-01
-9.105078962632837669e-01 4.007422749449896515e-01 1.018872080239223710e-01
-9.042005452113517361e-01 4.150508001767262978e-01 1.007681027249941741e-01
-8.977463733910620025e-01 4.290998424239024223e-01 9.962317742515913732e-02
-8.911559257543605339e-01 4.428859660749577265e-01 9.845374651896106333e-02
-8.844397268569851311e-01 4.564062305321712198e-01 9.726111976532492154e-02
-8.776082549377788311e-01 4.696581787010923881e-01 9.604659883270974530e-02
-8.706719173643580056e-01 4.826398240759808278e-01 9.481147402533579571e-02
-8.636410275073970189e-01 4.953496365641602006e-01 9.355702119877214173e-02
-8.565257830917353266e-01 5.077865271925443569e-01 9.228449887130918405e-02
-8.493362460589833907e-01 5.199498318386054363e-01 9.099514553574793163e-02
-8.420823239634056545e-01 5.318392941258406337e-01 8.969017717452981708e-02
-8.347737529106920018e-01 5.434550476204770275e-01 8.837078497951959821e-02
-8.274200820378702081e-01 5.547975974618578610e-01 8.703813327624937424e-02
-8.200306595221171779e-01 5.658678015538081141e-01 8.569335765104284242e-02
-8.126146200966424260e-01 5.766668514384070132e-01 8.433756327816981091e-02
-8.051808740431636302e-01 5.871962529671302944e-01 8.297182344303627444e-02
-7.977380976227906872e-01 5.974578068773817030e-01 8.159717825639618838e-02
-7.902947249003702268e-01 6.074535893751303872e-01 8.021463355367662584e-02
-7.828589409115113140e-01 6.171859328168165515e-01 7.882515997273778496e-02
-7.754386761165847908e-01 6.266574065759862311e-01 7.742969220273840381e-02
-7.680416020819340606e-01 6.358707981723532576e-01 7.602912839624273444e-02
-7.606751283253107010e-01 6.448290947332588896e-01 7.462432973628058130e-02
-7.533464002601080178e-01 6.535354648498681307e-01 7.321612014975203975e-02
-7.460622981712583535e-01 6.619932408829855008e-01 7.180528615834530504e-02
-7.388294371546324513e-01 6.702059017661405882e-01 7.039257685800355546e-02
-7.316541679513671737e-01 6.781770563466372748e-01 6.897870401792628725e-02
-7.245425786087051900e-01 6.859104272986176198e-01 6.756434229011520909e-02
-7.175004968995868371e-01 6.934098356358976423e-01 6.615012952056627260e-02
-7.105334934343374709e-01 7.006791858464065381e-01 6.473666715336044708e-02
-7.036468853992901007e-01 7.077224516645231889e-01 6.332452071910865676e-02
-6.968457408590104096e-01 7.145436624924687008e-01 6.191422039945406602e-02
-6.901348835609049104e-01 7.211468904771781707e-01 6.050626165962015579e-02
-6.835188981833385524e-01 7.275362382447466691e-01 5.910110594130987827e-02
-6.770021359709247344e-01 7.337158272906165735e-01 5.769918140860311878e-02
-6.705887207033279784e-01 7.396897870201364356e-01 5.630088373986120304e-02
-6.642825549467066271e-01 7.454622444309670914e-01 5.490657695902290136e-02
-6.580873265397786387e-01 7.510373144260225065e-01 5.351659430006200369e-02
-6.520065152693858002e-01 7.564190907431960209e-01 5.213123909876717782e-02
-6.460433996933353518e-01 7.616116374860201210e-01 5.075078570639708631e-02
-6.402010640711817135e-01 7.666189812376176249e-01 4.937548042015424410e-02
-6.344824053664596120e-01 7.714451037388088128e-01 4.800554242580662434e-02
-6.288901402866666768e-01 7.760939351100193395e-01 4.664116474816429325e-02
-6.234268123300081843e-01 7.805693475956655414e-01 4.528251520548715742e-02
-6.180947988105423008e-01 7.848751498089631129e-01 4.392973736425726666e-02
-6.128963178358902697e-01 7.890150814545836555e-01 4.258295149109392330e-02
-6.078334352140954966e-01 7.929928085062580845e-01 4.124225549892051451e-02
-6.029080712685164212e-01 7.968119188162732236e-01 3.990772588480791944e-02
-5.981220075418253179e-01 8.004759181338140239e-01 3.857941865721985913e-02
-5.934768933722425199e-01 8.039882265092455071e-01 3.725737025067010766e-02
-5.889742523270736774e-01 8.073521750616956538e-01 3.594159842607000388e-02
-5.846154884804285468e-01 8.105710030876738248e-01 3.463210315529696715e-02
-5.804018925236850146e-01 8.136478554889240433e-01 3.332886748875110022e-02
-5.763346476988281397e-01 8.165857804982594725e-01 3.203185840488732838e-02
-5.724148355462373994e-01 8.193877276827363776e-01 3.074102764091561288e-02
-5.686434414598209308e-01 8.220565462041934390e-01 2.945631250405157317e-02
-5.650213600436135852e-01 8.245949833178982669e-01 2.817763666287532304e-02
-5.615494002650567307e-01 8.270056830907921430e-01 2.690491091851758901e-02
-5.582282904011831581e-01 8.292911853216030638e-01 2.563803395554023826e-02
-5.550586827748295038e-01 8.314539246458967359e-01 2.437689307251341211e-02
-5.520411582788086191e-01 8.334962298099471978e-01 2.312136489241467183e-02
-5.491762306866935228e-01 8.354203230981319672e-01 2.187131605308704693e-02
-5.464643507494973962e-01 8.372283198993788478e-01 2.062660387809384446e-02
-5.439059100780945233e-01 8.389222283990174223e-01 1.938707702839873731e-02
-5.415012448117073607e-01 8.405039493832041630e-01 1.815257613538092188e-02
-5.392506390732019206e-01 8.419752761439024402e-01 1.692293441576760496e-02
-5.371543282122860363e-01 8.433378944731974025e-01 1.569797826913028882e-02
-5.352125018379977339e-01 8.445933827365136315e-01 1.447752785864797956e-02
-5.334253066421120737e-01 8.457432120150750743e-01 1.326139767588997188e-02
-5.317928490152864507e-01 8.467887463087062638e-01 1.204939709041400082e-02
-5.303151974579115580e-01 8.477312427908130221e-01 1.084133088501259418e-02
-5.289923847877410212e-01 8.485718521081059285e-01 9.636999777472033193e-03
-5.278244101464446558e-01 8.493116187183376020e-01 8.436200929734811310e-03
-5.268112408072681552e-01 8.499514812600142966e-01 7.238728445378312185e-03
-5.259528137859921237e-01 8.504922729487167654e-01 6.044373856339925639e-03
-5.252490372573690447e-01 8.509347219953221630e-01 4.852926599832429848e-03
-5.246997917791805799e-01 8.512794520420604583e-01 3.664174486403378589e-03
-5.243049313260024213e-01 8.515269826129662212e-01 2.477904160098800927e-03
-5.240642841346966341e-01 8.516777295758988231e-01 1.293901551694949569e-03
-5.239776533635678302e-01 8.517320056139047191e-01 1.119523259623456720e-04
-5.240448175670326947e-01 8.516900207042824578e-01 -1.068157676075884646e-03
-5.242655309875523528e-01 8.515518826042884903e-01 -2.246641998934233251e-03
-5.246395236664815886e-01 8.513175973429888410e-01 -3.423713137553794847e-03
-5.251665013753847866e-01 8.509870697193199218e-01 -4.599582104349990083e-03
-5.258461453692728771e-01 8.505601038069728892e-01 -5.774457997491124622e-03
-5.266781119631205321e-01 8.500364034672597269e-01 -6.948547569494382438e-03
-5.276620319329345943e-01 8.494155728716586973e-01 -8.122054795242666936e-03
-5.287975097425692272e-01 8.486971170362702654e-01 -9.295180438544938320e-03
-5.300841225974153303e-01 8.478804423709466187e-01 -1.046812161638437794e-02
-5.315214193260424658e-01 8.469648572463842617e-01 -1.164107136002289627e-02
-5.331089190908337994e-01 8.459495725829966339e-01 -1.281421817215740860e-02
-5.348461099286428988e-01 8.448337024659072769e-01 -1.398774557935292262e-02
-5.367324471225034532e-01 8.436162647909281054e-01 -1.516183167901013519e-02
-5.387673514054572843e-01 8.422961819469091393e-01 -1.633664868016095756e-02
-5.409502069976207528e-01 8.408722815403700812e-01 -1.751236243742448559e-02
-5.432803594776967060e-01 8.393432971688429278e-01 -1.868913197749863878e-02
-5.457511235448275766e-01 8.377122188709433814e-01 -1.984824055437752963e-02
-5.483594064100347776e-01 8.359793052835283733e-01 -2.098965667091127682e-02
-5.511020667041059973e-01 8.341447812413183005e-01 -2.211332514147364842e-02
-5.539759134155861631e-01 8.322088444446937849e-01 -2.321916726527896088e-02
-5.569777048894258842e-01 8.301716721328579185e-01 -2.430708102567711096e-02
-5.601041479021773295e-01 8.280334277640344354e-01 -2.537694131607793821e-02
-5.633518968291925111e-01 8.257942677035096102e-01 -2.642860019322065129e-02
-5.667175529188369643e-01 8.234543479194293969e-01 -2.746188715855812923e-02
-5.701976636882668537e-01 8.210138306853239643e-01 -2.847660946856911401e-02
-5.737887224548301468e-01 8.184728912873615592e-01 -2.947255247484350735e-02
-5.774871680166346888e-01 8.158317247333355393e-01 -3.044947999480689116e-02
-5.812893844952714550e-01 8.130905524593653455e-01 -3.140713471395980422e-02
-5.851917013530845146e-01 8.102496290292481307e-01 -3.234523862050494442e-02
-5.891903935967373052e-01 8.073092488203434947e-01 -3.326349347322118261e-02
-5.932816821781282668e-01 8.042697526888067383e-01 -3.416158130341686444e-02
-5.974617346029607035e-01 8.011315346059202369e-01 -3.503916495175610213e-02
-6.017266657564568355e-01 7.978950482562093827e-01 -3.589588864070061142e-02
-6.060725389548352604e-01 7.945608135869757227e-01 -3.673137858324603683e-02
-6.104953672302261269e-01 7.911294232978474117e-01 -3.754524362855552605e-02
-6.149911148556896912e-01 7.876015492579379051e-01 -3.833707594500474630e-02
-6.195556991159227866e-01 7.839779488372277116e-01 -3.910645174105161631e-02
-6.241849923280848866e-01 7.802594711378518788e-01 -3.985293202423087489e-02
-6.288748241159523023e-01 7.764470631100902631e-01 -4.057606339844889443e-02
-6.336209839393135423e-01 7.725417755370341810e-01 -4.127537889961766654e-02
-6.384192238791580598e-01 7.685447688711418701e-01 -4.195039886951963670e-02
-6.432652616777778665e-01 7.644573189052156215e-01 -4.260063186763755200e-02
-6.481547840314112463e-01 7.602808222597315924e-01 -4.322557562051604352e-02
-6.530834501315090357e-01 7.560168016679494896e-01 -4.382471800804572243e-02
-6.580468954490983347e-01 7.516669110398228604e-01 -4.439753808587668105e-02
-6.630407357550746061e-01 7.472329402854344105e-01 -4.494350714297749155e-02
-6.680605713675654700e-01 7.427168198784996900e-01 -4.546208979315962545e-02
-6.731019916157964245e-01 7.381206251404250906e-01 -4.595274509918663430e-02
-6.781605795081555588e-01 7.334465802254745981e-01 -4.641492772788401860e-02
-6.832319165904126024e-01 7.286970617878070211e-01 -4.684808913446097955e-02
-6.883115879783096025e-01 7.238746023114854822e-01 -4.725167877405089117e-02
-6.933951875470190096e-01 7.189818930850455647e-01 -4.762514533827472835e-02
-6.984783232582696400e-01 7.140217868028376769e-01 -4.796793801443328259e-02
-7.035566226042927473e-01 7.089972997761271323e-01 -4.827950776474077693e-02
-7.086257381461446014e-01 7.039116137378556015e-01 -4.855930862282713950e-02
-7.136813531224402984e-01 6.987680772260199680e-01 -4.880679900456016962e-02
-7.187191871030990109e-01 6.935702065318244403e-01 -4.902144303007402448e-02
-7.237350016613641746e-01 6.883216862000874903e-01 -4.920271185373916584e-02
-7.287246060361461941e-01 6.830263690708427982e-01 -4.935008499867248044e-02
-7.336838627556456771e-01 6.776882758526462380e-01 -4.946305169226689752e-02
-7.386086931922728471e-01 6.723115942197862571e-01 -4.954111219911900427e-02
-7.434950830180945269e-01 6.669006774273739113e-01 -4.958377914765257910e-02
-7.483390875294242406e-01 6.614600424401566592e-01 -4.959057884667698868e-02
-7.531368368087397736e-01 6.559943675728365786e-01 -4.956105258808332636e-02
-7.578845406918728322e-01 6.505084896416677420e-01 -4.949475793186929040e-02
-7.625784935083766980e-01 6.450074006291380835e-01 -4.939126996969669253e-02
-7.672205464010615206e-01 6.394876351726030972e-01 -4.927677766543981513e-02
-7.718097083238220080e-01 6.339510578812670438e-01 -4.915112941184505979e-02
-7.763450160147881141e-01 6.283995778971995794e-01 -4.901417937778420469e-02
-7.808255353560997758e-01 6.228351477672120495e-01 -4.886578774852518708e-02
-7.852503626888620580e-01 6.172597622315398880e-01 -4.870582096138888900e-02
-7.896186260791325795e-01 6.116754569305939970e-01 -4.853415193623213109e-02
-7.939294865308612614e-01 6.060843070312960101e-01 -4.835066030020408051e-02
-7.981821391417937006e-01 6.004884257747624687e-01 -4.815523260623223722e-02
-8.023758141984554948e-01 5.948899629473480832e-01 -4.794776254470572291e-02
-8.065097782064609699e-01 5.892911032773013869e-01 -4.772815114783699603e-02
-8.105833348525315341e-01 5.836940647595209031e-01 -4.749630698619901337e-02
-8.145958258947698649e-01 5.781010969111278763e-01 -4.725214635695269144e-02
-8.185466319779144406e-01 5.725144789607938822e-01 -4.699559346329960224e-02
-8.224351733704908796e-01 5.669365179749689121e-01 -4.672658058471675091e-02
-8.262609106209883869e-01 5.613695469243579206e-01 -4.644504823755428446e-02
-8.300233451304125376e-01 5.558159226941784548e-01 -4.615094532560258533e-02
-8.337220196388052118e-01 5.502780240419090640e-01 -4.584422928026273686e-02
-8.373565186235758517e-01 5.447582495063960639e-01 -4.552486618998322077e-02
-8.409264686077497775e-01 5.392590152723318875e-01 -4.519283091865618912e-02
-8.444315383765175209e-01 5.337827529942491545e-01 -4.484810721269818362e-02
-8.478714391007524664e-01 5.283319075842841661e-01 -4.449068779657311401e-02
-8.512459243664590725e-01 5.229089349680624554e-01 -4.412057445654886390e-02
-8.545547901094145971e-01 5.175162998131331848e-01 -4.373777811251347569e-02
-8.577978744545728951e-01 5.121564732344413562e-01 -4.334231887771183150e-02
-8.609750574601134909e-01 5.068319304813656556e-01 -4.293422610629930858e-02
-8.640862607663295503e-01 5.015451486108728485e-01 -4.251353842864441512e-02
-8.671314471498675625e-01 4.962986041513433033e-01 -4.208030377434818226e-02
-8.701106199841449618e-01 4.910947707616062918e-01 -4.163457938298353173e-02
-8.730238226070887730e-01 4.859361168896893513e-01 -4.117643180259296376e-02
-8.758711375976476754e-01 4.808251034357357012e-01 -4.070593687601747890e-02
-8.786526859628381869e-01 4.757641814234723765e-01 -4.022317971516351648e-02
-8.813686262373878755e-01 4.707557896845246392e-01 -3.972825466334745093e-02
-8.840191534983310451e-01 4.658023525597698722e-01 -3.922126524588921692e-02
-8.866044982971991173e-01 4.609062776218030288e-01 -3.870232410915703386e-02
-8.891249255127240403e-01 4.560699534224522123e-01 -3.817155294829434331e-02
-8.915807331272375125e-01 4.512957472691341287e-01 -3.762908242388783575e-02
-8.939722509302026054e-01 4.465860030336772923e-01 -3.707505206786112367e-02
-8.962998391525531794e-01 4.419430389970682715e-01 -3.650961017890296673e-02
-8.985638870357429697e-01 4.373691457333911958e-01 -3.593291370776096477e-02
-9.007648113396166112e-01 4.328665840360379491e-01 -3.534512813275190318e-02
-9.029030547934104867e-01 4.284375828890641391e-01 -3.474642732585810773e-02
-9.049790844943688128e-01 4.240843374863580428e-01 -3.413699340979504254e-02
-9.069933902586228003e-01 4.198090073010748990e-01 -3.351701660644920006e-02
-9.089464829291252768e-01 4.156137142075720381e-01 -3.288669507709694045e-02
-9.108388926455575074e-01 4.115005406578576830e-01 -3.224623475482412543e-02
-9.126711670812363009e-01 4.074715279143462099e-01 -3.159584916957364903e-02
-9.144438696521356436e-01 4.035286743404890020e-01 -3.093575926625262776e-02
-9.161575777032122669e-01 3.996739337506296508e-01 -3.026619321633376367e-02
-9.178128806772742898e-01 3.959092138202146005e-01 -2.958738622338588295e-02
-9.194103782716703810e-01 3.922363745572761684e-01 -2.889958032296698065e-02
-9.209506785880908764e-01 3.886572268358954862e-01 -2.820302417730955261e-02
-9.224343962807731723e-01 3.851735309921506256e-01 -2.749797286522231640e-02
-9.238621507083846218e-01 3.817869954828602141e-01 -2.678468766762505740e-02
-9.252345640948209660e-01 3.784992756072462217e-01 -2.606343584912415579e-02
-9.265522597041065955e-01 3.753119722914612377e-01 -2.533449043602548773e-02
-9.278158600345154383e-01 3.722266309357604164e-01 -2.459812999116915352e-02
-9.290259850369466665e-01 3.692447403239400572e-01 -2.385463838595673278e-02
-9.301832503624929416e-01 3.663677315945223500e-01 -2.310430456992691034e-02
-9.312882656440263363e-01 3.635969772730323624e-01 -2.234742233821924648e-02
-9.323416328165009537e-01 3.609337903645947199e-01 -2.158429009724896486e-02
-9.333439444805331497e-01 3.583794235059711841e-01 -2.081521062889786847e-02
-9.342957823136717188e-01 3.559350681760670709e-01 -2.004049085350814025e-02
-9.351977155336059777e-01 3.536018539638562386e-01 -1.926044159194690089e-02
-9.360502994173914848e-01 3.513808478926075396e-01 -1.847537732699029711e-02
-9.368540738805883894e-01 3.492730537992452811e-01 -1.768561596425647156e-02
-9.376095621200196684e-01 3.472794117676367143e-01 -1.689147859289748949e-02
-9.383172693236557782e-01 3.454007976145757608e-01 -1.609328924624103818e-02
-9.389776814509286362e-01 3.436380224272191364e-01 -1.529137466255380690e-02
-9.395912640865622389e-01 3.419918321507330328e-01 -1.448606404607992795e-02
-9.401584613707910654e-01 3.404629072249208965e-01 -1.367768882848992285e-02
-9.406796950086120379e-01 3.390518622686276018e-01 -1.286658243085832785e-02
-9.411553633604871072e-01 3.377592458107514517e-01 -1.205308002627170257e-02
-9.415858406166807137e-01 3.365855400667408515e-01 -1.123751830315321970e-02
-9.419714760571809009e-01 3.355311607595090617e-01 -1.042023522937548206e-02
-9.423125933989116021e-01 3.345964569837647229e-01 -9.601569817219870670e-03
-9.426094902317054824e-01 3.337817111128278391e-01 -8.781861889228515655e-03
-9.428624375442596905e-01 3.330871387470814016e-01 -7.961451844984115261e-03
-9.430716793410555132e-01 3.325128887032938740e-01 -7.140680428843252520e-03
-9.432374323509763459e-01 3.320590430441388019e-01 -6.319888498640778042e-03
-9.433598858281126986e-01 3.317256171473330073e-01 -5.499416795376087935e-03
-9.434392014449982655e-01 3.315125598139123109e-01 -4.679605713886972850e-03
-9.434755132782768339e-01 3.314197534152650837e-01 -3.860795074513006641e-03
-9.434689278865550088e-01 3.314470140786441865e-01 -3.043323895748272119e-03
-9.434195244799544744e-01 3.315940919109793272e-01 -2.227530167882586874e-03
-9.433273551806380386e-01 3.318606712609128984e-01 -1.413750627631239157e-03
-9.431924453733446789e-01 3.322463710190798336e-01 -6.023205337555979271e-04
-9.430147941447344362e-01 3.327507449567477238e-01 2.064265563192419807e-04
-9.427943748101125232e-01 3.333732821030246374e-01 1.012159008878395520e-03
-9.425311355258735313e-01 3.341134071609285217e-01 1.814547335264760954e-03
-9.422249999857817970e-01 3.349704809626921076e-01 2.613264412174409745e-03
-9.418758681989859438e-01 3.359438009647520706e-01 3.407985700864890957e-03
-9.414836173474488978e-01 3.370326017829363141e-01 4.198389465231315565e-03
-9.410481027202672877e-01 3.382360557684221947e-01 4.984156988693803046e-03
-9.405691587221480798e-01 3.395532736250870265e-01 5.764972789827656555e-03
-9.400465999531163463e-01 3.409833050689120015e-01 6.540524836654532798e-03
-9.394802223563336607e-01 3.425251395301295854e-01 7.310504759499083204e-03
-9.388698044307274282e-01 3.441777068988233768e-01 8.074608062301112665e-03
-9.382151085049529327e-01 3.459398783146968026e-01 8.832534332258373116e-03
-9.375158820690446815e-01 3.478104670017226341e-01 9.583987447659859243e-03
-9.367718591599546452e-01 3.497882291483702666e-01 1.032867578375392531e-02
-9.359879494124834221e-01 3.518590718316482180e-01 1.103426651696522848e-02
-9.351657764636374104e-01 3.540170455052664145e-01 1.170063848112494996e-02
-9.343069918693525100e-01 3.562561941666160248e-01 1.232769177630987922e-02
-9.334132792503680998e-01 3.585705604825323856e-01 1.291534750780529497e-02
-9.324863580627610338e-01 3.609541907869890931e-01 1.346354749674833970e-02
-9.315279869884482977e-01 3.634011399422731881e-01 1.397225396230711465e-02
-9.305399669424720965e-01 3.659054760547610363e-01 1.444144917539688829e-02
-9.295241436953571856e-01 3.684612850360795555e-01 1.487113508408602174e-02
-9.284824101102623350e-01 3.710626750002011254e-01 1.526133291099902346e-02
-9.274167079960372595e-01 3.737037804868841295e-01 1.561208272318122953e-02
-9.263290295786296147e-01 3.763787665018331063e-01 1.592344297504767400e-02
-9.252214185945621949e-01 3.790818323640153809e-01 1.619549002519635877e-02
-9.240959710114079462e-01 3.818072153507288680e-01 1.642831762802217030e-02
-9.229548353813274986e-01 3.845491941312694228e-01 1.662203640122085491e-02
-9.218002128347935198e-01 3.873020919803918938e-01 1.677677327042163824e-02
-9.206343567225994118e-01 3.900602797631899099e-01 1.689267089233116234e-02
-9.194595719151419377e-01 3.928181786835352463e-01 1.696988705790938162e-02
-9.182782137687630630e-01 3.955702627888088574e-01 1.700859407722920061e-02
-9.170926867696393980e-01 3.983110612243206949e-01 1.700897814779476699e-02
-9.159054428663153669e-01 4.010351602315428421e-01 1.697123870820823124e-02
-9.147189795024802672e-01 4.037372048850712547e-01 1.689558777918042862e-02
-9.135358373619989480e-01 4.064119005640696725e-01 1.678224929397707441e-02
-9.123585978385093664e-01 4.090540141548378861e-01 1.663145842047828935e-02
-9.111898802421063426e-01 4.116583749820704741e-01 1.644346087710517323e-02
-9.100323387557359700e-01 4.142198754673303562e-01 1.621851224493275206e-02
-9.088886591539321325e-01 4.167334715142438917e-01 1.595687727836366324e-02
-9.077615552964379830e-01 4.191941826209269473e-01 1.565882921678159873e-02
-9.066537654090741638e-01 4.215970917211654956e-01 1.532464909963781111e-02
-9.055680481639447610e-01 4.239373447568973718e-01 1.495462508744817114e-02
-9.045071785707163858e-01 4.262101499855647235e-01 1.454905179119252503e-02
-9.034739436902698984e-01 4.284107770269283133e-01 1.410822961261295333e-02
-9.024711381815145872e-01 4.305345556549480257e-01 1.363246409790314952e-02
-9.015015596915726404e-01 4.325768743413349049e-01 1.312206530726818358e-02
-9.005680040989020307e-01 4.345331785583682604e-01 1.257734720281274837e-02
-8.996732606182236136e-01 4.363989688495404917e-01 1.199862705718719551e-02
-8.988201067753713858e-01 4.381697986775422993e-01 1.138622488538473462e-02
-8.980113032593931566e-01 4.398412720600304304e-01 1.074046290204073648e-02
-8.972495886584019864e-01 4.414090410045263813e-01 1.006166500653655517e-02
-8.965376740848267634e-01 4.428688027546800465e-01 9.350156298156388560e-03
-8.958782376948349890e-01 4.442162968609936757e-01 8.606262623486720525e-03
-8.952739191058184387e-01 4.454473020899436531e-01 7.830310158184543637e-03
-8.947273137149418520e-01 4.465576331862575188e-01 7.022625025173128560e-03
-8.942409669208720713e-01 4.475431375039068960e-01 6.183532951253021930e-03
-8.938173682499326311e-01 4.483996915221619695e-01 5.313358964041602420e-03
-8.934589453870799280e-01 4.491231972638267678e-01 4.412427131077129201e-03
-8.931680581112730888e-01 4.497095786335338352e-01 3.481060342842972992e-03
-8.929469921340280614e-01 4.501547776947306123e-01 2.519580141384787121e-03
-8.927979528392060438e-01 4.504547509047372444e-01 1.528306596107750727e-03
