1.000000000000000000e+00 0.000000000000000000e+00 0.000000000000000000e+00
9.999999993060605386e-01 -1.459994908920932498e-05 3.427423734862670524e-05
9.999999935174588295e-01 -4.912292274058633414e-05 1.027231057533424969e-04
9.999999730128424913e-01 -1.088752618465583556e-04 2.052328869135784033e-04
9.999999217996243805e-01 -1.991443821420050544e-04 3.416758180176231456e-04
9.999998160976638628e-01 -3.251965929447257981e-04 5.119101633554815631e-04
9.999996226620906370e-01 -4.922749248965072651e-04 7.157802895940883550e-04
9.999992968507294133e-01 -7.055969660734053668e-04 9.531167442109472624e-04
9.999987804421843762e-01 -9.703527054792672989e-04 1.223736336536773066e-03
9.999979992112250082e-01 -1.291702382544955389e-03 1.527442220817581183e-03
9.999968602686915009e-01 -1.674774340830597003e-03 1.864023980672383386e-03
9.999952491737024163e-01 -2.124662883673178720e-03 2.233257714294684809e-03
9.999930268265001532e-01 -2.646426129040893322e-03 2.634906119724749005e-03
9.999900261508162247e-01 -3.245083860353061532e-03 3.068718579505506309e-03
9.999860485751711492e-01 -3.925615369504645118e-03 3.534431244028350249e-03
9.999808603230518900e-01 -4.692957287802022870e-03 4.031767112876222595e-03
9.999741885224299187e-01 -5.552001399976699315e-03 4.560436113480578410e-03
9.999657171455942350e-01 -6.507592435901021419e-03 5.120135176426243023e-03
9.999550827907845996e-01 -7.564525834090018303e-03 5.710548306764037102e-03
9.999418703176145007e-01 -8.727545470541548181e-03 6.331346650725405700e-03
9.999256083487767510e-01 -1.000134134594854105e-02 6.982188557276280960e-03
9.999057646510279840e-01 -1.139054722381789390e-02 7.662719633998986250e-03
9.998817414089529176e-01 -1.289973821155628378e-02 8.372572796851190935e-03
9.998528704055165139e-01 -1.453342827613955321e-02 9.111368313419588791e-03
9.998184081239239740e-01 -1.629606768557541330e-02 9.878713839363017363e-03
9.997775307858264293e-01 -1.819204036700479421e-02 1.067420444782496598e-02
9.997293293414343252e-01 -2.022566117197137012e-02 1.149742265168850371e-02
9.996728044276336211e-01 -2.240117303912753446e-02 1.234793841864743544e-02
9.996068613107420564e-01 -2.472274404444436621e-02 1.322530917917543250e-02
9.995303048310936189e-01 -2.719446432885895201e-02 1.412907982758967139e-02
9.994418343671997995e-01 -2.982034289323075987e-02 1.505878271652660687e-02
9.993400388378074206e-01 -3.260430425049527098e-02 1.601393764527435717e-02
9.992233917607503679e-01 -3.555018492500381516e-02 1.699405184253814302e-02
9.990902463880799722e-01 -3.866172978922884779e-02 1.799861994435161816e-02
9.989388309375496489e-01 -4.194258822829934064e-02 1.902712396798702035e-02
9.987672439411241498e-01 -4.539631012321680009e-02 2.007903328285991912e-02
9.985734497317798608e-01 -4.902634164409339773e-02 2.115380457956911320e-02
9.983552740904518830e-01 -5.283602084535484605e-02 2.225088183835793182e-02
9.981104000755681716e-01 -5.682857305556569816e-02 2.336969629842864868e-02
9.978363640581791039e-01 -6.100710605536802111e-02 2.450966642968589390e-02
9.975305519862407433e-01 -6.537460503797894174e-02 2.567019790862650613e-02
9.971901959021333139e-01 -6.993392734777109654e-02 2.685068360023098663e-02
9.968123707379835663e-01 -7.468779699366470681e-02 2.805050354784405231e-02
9.963939914138072451e-01 -7.963879893539203836e-02 2.926902497315746893e-02
9.959318102638791137e-01 -8.478937314215501120e-02 3.050560228852560937e-02
9.954224148170701669e-01 -9.014180842478389244e-02 3.175957712395162391e-02
9.948622259571495707e-01 -9.569823604421807961e-02 3.303027837117785553e-02
9.942474964892207279e-01 -1.014606231009662490e-01 3.431702224739664742e-02
9.935743101385382525e-01 -1.074307657121583714e-01 3.561911238116503842e-02
9.928385810079193297e-01 -1.136102819848714834e-01 3.693583992315734726e-02
9.920360535198081697e-01 -1.200006047965872791e-01 3.826648368442145398e-02
9.911623028687601700e-01 -1.266029743959151133e-01 3.961031030481579340e-02
9.902127360096760755e-01 -1.334184308390779228e-01 4.096657445429319200e-02
9.891825932065126947e-01 -1.404478062801003679e-01 4.233451906966240880e-02
9.880669501654223419e-01 -1.476917171351442015e-01 4.371337562939763693e-02
9.868607207753111732e-01 -1.551505561439901482e-01 4.510236446897798734e-02
9.855586604776428450e-01 -1.628244843542519249e-01 4.650069513912206270e-02
9.841553702859445751e-01 -1.707134230565081345e-01 4.790756680913586807e-02
9.826453014738812941e-01 -1.788170457011289960e-01 4.932216871741387787e-02
9.810227609489455824e-01 -1.871347698301378260e-01 5.074368067092289991e-02
9.792819173267599542e-01 -1.956657490599553462e-01 5.217127359525509933e-02
9.774168077186972114e-01 -2.044088651533042533e-01 5.360411013656022489e-02
9.754213452429952858e-01 -2.133627202208749074e-01 5.504134531635747341e-02
9.732893272667721973e-01 -2.225256290955418825e-01 5.648212723988499384e-02
9.710144443833399475e-01 -2.318956119239473090e-01 5.792559785827009616e-02
9.685902901259788589e-01 -2.414703870221009685e-01 5.937089378439752707e-02
9.660103714158742028e-01 -2.512473640432578148e-01 6.081714716191745362e-02
9.632681197382523264e-01 -2.612236375076933403e-01 6.226348658637190919e-02
9.603569030368912518e-01 -2.713959807450747053e-01 6.370903807693011067e-02
9.572700383131536039e-01 -2.817608403008932672e-01 6.515292609671295698e-02
9.540008049115082933e-01 -2.923143308588562750e-01 6.659427461915803925e-02
9.505424584692097056e-01 -3.030522307312029096e-01 6.803220823733331646e-02
9.468882455034119960e-01 -3.139699779685963255e-01 6.946585331255382412e-02
9.430314186045535285e-01 -3.250626671405209001e-01 7.089433915809741082e-02
9.389652522003824053e-01 -3.363250468359741951e-01 7.231679925325712466e-02
9.346830588505551374e-01 -3.477515179326660100e-01 7.373237248241554243e-02
9.301782060273661168e-01 -3.593361326809209055e-01 7.514020439328644718e-02
9.254441333339037401e-01 -3.710725946460163294e-01 7.653944846794792645e-02
9.204743701068222039e-01 -3.829542595497822388e-01 7.792926739979517958e-02
9.152625533470190033e-01 -3.949741370489445180e-01 7.930883436907762429e-02
9.098024459178608581e-01 -4.071248934839275524e-01 8.067733430926039839e-02
9.040879549472553567e-01 -4.193988556276602719e-01 8.203396515607172534e-02
8.981131503668647875e-01 -4.317880154593801700e-01 8.337793907077215017e-02
8.918722835191529308e-01 -4.442840359835305009e-01 8.470848362891460204e-02
8.853598057607793281e-01 -4.568782581086374694e-01 8.602484296566338673e-02
8.785703869891519080e-01 -4.695617085955772763e-01 8.732627886860998279e-02
8.714989340177493604e-01 -4.823251090789446027e-01 8.861207180896950308e-02
8.641406087251586321e-01 -4.951588861593717028e-01 8.988152190206843972e-02
8.564908459026591148e-01 -5.080531825586716010e-01 9.113394978814555458e-02
8.485453707256488398e-01 -5.209978693236572145e-01 9.236869742468607758e-02
8.403002157752432755e-01 -5.339825590584781345e-01 9.358512878179686689e-02
8.317517375380030220e-01 -5.469966201593894350e-01 9.478263043250814701e-02
8.228966323139389472e-01 -5.600291920200798357e-01 9.596061203035485820e-02
8.137319514657033181e-01 -5.730692011701163935e-01 9.711850666714735847e-02
8.042551159451666321e-01 -5.861053783037635245e-01 9.825577110448430185e-02
7.944639300373806945e-01 -5.991262761514754009e-01 9.937188587328651956e-02
7.843565942661978596e-01 -6.121202881417938668e-01 1.004663552364357393e-01
7.739317174105048158e-01 -6.250756677972713060e-01 1.015387070104797618e-01
7.631883275850892545e-01 -6.379805488044174577e-01 1.025884922433103891e-01
7.521258823455267972e-01 -6.508229656945908603e-01 1.036152847457240123e-01
7.407442777820890667e-01 -6.635908750702478320e-01 1.046186804758294786e-01
7.290438565734681520e-01 -6.762721773090512034e-01 1.055982967763644670e-01
7.170254149770081131e-01 -6.888547386770480507e-01 1.065537714661107110e-01
7.046902087380659818e-01 -7.013264137814501087e-01 1.074847617877498634e-01
6.920399579070090068e-01 -7.136750682934965839e-01 1.083909432156652530e-01
6.790768505581290526e-01 -7.258886018724343137e-01 1.092720081283598960e-01
6.658035454103323758e-01 -7.379549712227857494e-01 1.101276643513170173e-01
6.522231733547908528e-01 -7.498622132187711120e-01 1.109576335772656241e-01
6.383393378997392897e-01 -7.615984680319574096e-01 1.117616496719202324e-01
6.241561145472233063e-01 -7.731520022008796511e-01 1.125394568743302848e-01
6.096780491207874908e-01 -7.845112315844631201e-01 1.132908079019923908e-01
5.949101550667971194e-01 -7.956647441445044988e-01 1.140154619718372897e-01
5.798579097552761796e-01 -8.066013225061776648e-01 1.147131827490964207e-01
5.645272498087884339e-01 -8.173099662494404116e-01 1.153837362368713287e-01
5.489245654899718163e-01 -8.277799138882627750e-01 1.160268886199672944e-01
5.330566941798488001e-01 -8.380006644986854880e-01 1.166424040772035681e-01
5.169309129799838365e-01 -8.479619989607832808e-01 1.172300425769722126e-01
5.005549304719514314e-01 -8.576540007835616874e-01 1.177895576712808950e-01
4.839368776674416450e-01 -8.670670764855908930e-01 1.183206943038789399e-01
4.670852981816938088e-01 -8.761919755076983396e-01 1.188231866483279164e-01
4.500091376618613470e-01 -8.850198096372378087e-01 1.192967559920359993e-01
4.327177325004156194e-01 -8.935420719262628930e-01 1.197411086823283871e-01
4.152207978618577267e-01 -9.017506550883058747e-01 1.201559341505734763e-01
3.975284150488901935e-01 -9.096378693603477394e-01 1.205409030302266871e-01
3.796510182318753590e-01 -9.171964598179289663e-01 1.208956653843913653e-01
3.615993805629520996e-01 -9.244196231321620827e-01 1.212198490581303384e-01
3.433845996936780720e-01 -9.313010237576494488e-01 1.215130581702938833e-01
3.250180827125903615e-01 -9.378348095399809958e-01 1.217748717590625557e-01
3.065115305167216420e-01 -9.440156267305828131e-01 1.220048425947383719e-01
2.878769216289480126e-01 -9.498386343952329725e-01 1.222024961725584336e-01
2.691264954711655166e-01 -9.552995182005787900e-01 1.223673298974538859e-01
2.502727351017665081e-01 -9.603945035605178093e-01 1.224988124717373839e-01
2.313283494247913574e-01 -9.651203681213947894e-01 1.225963834956782517e-01
2.123062548775286884e-01 -9.694744535616737213e-01 1.226594532898191842e-01
1.932195566032886280e-01 -9.734546766781408955e-01 1.226874029467067972e-01
1.740815291166280254e-01 -9.770595397268555526e-01 1.226795846184550592e-01
1.549055964695033039e-01 -9.802881399830729592e-01 1.226353220452403303e-01
1.357053119286966980e-01 -9.831401784803162069e-01 1.225539113284459941e-01
1.164943371774201097e-01 -9.856159678847581374e-01 1.224346219507386480e-01
9.728642105725357481e-02 -9.877164394571960049e-01 1.222766980438741852e-01
7.809537787051380742e-02 -9.894431490512605176e-01 1.220793599035083499e-01
5.893506526774923426e-02 -9.907982820932005330e-01 1.218418057487298256e-01
3.981936175028612246e-02 -9.917846574857209774e-01 1.215632137224555709e-01
2.076214382355509244e-02 -9.924057303760308590e-01 1.212427441272355133e-01
1.777262843244645923e-03 -9.926655937265648211e-01 1.208795418894199475e-01
-1.712147839691858034e-02 -9.925689786258664604e-01 1.204727392430572780e-01
-3.592034927986464954e-02 -9.921212532769427828e-01 1.200214586233266933e-01
-5.460571511910966569e-02 -9.913284206010793964e-01 1.195248157577808862e-01
-7.316406098120456503e-02 -9.901971143967089883e-01 1.189819229421930080e-01
-9.158201549850386591e-02 -9.887345939954810259e-01 1.183918924863835848e-01
-1.098463745866883889e-01 -9.869487373612322312e-01 1.177538403140610257e-01
-1.279441249743629716e-01 -9.848480325820985204e-01 1.170668896994589009e-01
-1.458605315530625834e-01 -9.824411373274692938e-01 1.163362370174509802e-01
-1.635845160666565823e-01 -9.797374568198999878e-01 1.155622117696515350e-01
-1.811054157661176889e-01 -9.767468382832906748e-01 1.147451315939047034e-01
-1.984129929198632791e-01 -9.734795450286412022e-01 1.138853043631595924e-01
-2.154974430886881231e-01 -9.699462303273488351e-01 1.129830303677102632e-01
-2.323494021784456298e-01 -9.661579111126812336e-01 1.120386045621178245e-01
-2.489599522830538980e-01 -9.621259415483377486e-01 1.110523188584197907e-01
-2.653206263298809597e-01 -9.578619865017677926e-01 1.100244644476400663e-01
-2.814234115391706648e-01 -9.533779949591122405e-01 1.089553341321338603e-01
-2.972607517089703721e-01 -9.486861734182238104e-01 1.078452246519253782e-01
-3.128255483370663836e-01 -9.437989592961477658e-01 1.066944389889153411e-01
-3.281111605917678142e-01 -9.387289943876544474e-01 1.055032886336392806e-01
-3.431114041440341267e-01 -9.334890984118405788e-01 1.042720958001381731e-01
-3.578205488744413132e-01 -9.280922426843972728e-01 1.030011955754499414e-01
-3.722333154698370672e-01 -9.225515239538177870e-01 1.016909379912347977e-01
-3.863448709262492509e-01 -9.168801384405188548e-01 1.003416900060987993e-01
-4.001508229766764790e-01 -9.110913561185232101e-01 9.895383738826922515e-02
-4.136472134647917742e-01 -9.051984952799346784e-01 9.752778648939239292e-02
-4.268305106883023559e-01 -8.992148974228831859e-01 9.606396590135954372e-02
-4.396976007387031760e-01 -8.931539025038752744e-01 9.456282798920986887e-02
-4.522457778673996676e-01 -8.870288245955221251e-01 9.302485029430190844e-02
-4.644727339116156983e-01 -8.808529279903862808e-01 9.145053680307681232e-02
-4.763765468170984008e-01 -8.746394037911806585e-01 8.984041907784928727e-02
-4.879556682983324234e-01 -8.684013470267308854e-01 8.819505724714700456e-02
-4.992089106807331977e-01 -8.621517343319815563e-01 8.651504085416784895e-02
-5.101354329730459769e-01 -8.559034022288696253e-01 8.480098956292939083e-02
-5.207347262218849915e-01 -8.496690260431182251e-01 8.305355372263943659e-02
-5.310065982039526844e-01 -8.434610994899269798e-01 8.127341479171373839e-02
-5.409511575149298368e-01 -8.372919149591676602e-01 7.946128562370158299e-02
-5.505687971172836814e-01 -8.311735445280633572e-01 7.761791061814729553e-02
-5.598601774122485830e-01 -8.251178217264618642e-01 7.574406574011095794e-02
-5.688262089039617386e-01 -8.191363240767426390e-01 7.384055841269274167e-02
-5.774680345261430370e-01 -8.132403564271601937e-01 7.190822728744876435e-02
-5.857870117037666802e-01 -8.074409350940691121e-01 6.994794189805202123e-02
-5.937846942238507175e-01 -8.017487728250318746e-01 6.796060220293788368e-02
-6.014628139907770565e-01 -7.961742645913331140e-01 6.594713802298182714e-02
-6.088232627424247090e-01 -7.907274742149552615e-01 6.390850838048735272e-02
-6.158680738038467828e-01 -7.854181218316529378e-01 6.184570074591720645e-02
-6.225994039552428250e-01 -7.802555721884443241e-01 5.975973019888405208e-02
-6.290195154905664499e-01 -7.752488237706588459e-01 5.765163850993057504e-02
-6.351307585422752977e-01 -7.704064987506780149e-01 5.552249314957872356e-02
-6.409355537464759278e-01 -7.657368337477220566e-01 5.337338623101764434e-02
-6.464363753210576879e-01 -7.612476713854972044e-01 5.120543339263554372e-02
-6.516357346273613516e-01 -7.569464526322576825e-01 4.901977262638809729e-02
-6.565361642835034761e-01 -7.528402099058785213e-01 4.681756305774114474e-02
-6.611402028947018783e-01 -7.489355609248958823e-01 4.459998368263475704e-02
-6.654503804628403296e-01 -7.452387032851677251e-01 4.236823206659631053e-02
-6.694692045340954190e-01 -7.417554097408484148e-01 4.012352301078817712e-02
-6.731991471397482663e-01 -7.384910241677580256e-01 3.786708718941822482e-02
-6.766426325813483800e-01 -7.354504581869626412e-01 3.560016976257505961e-02
-6.798020261072066361e-01 -7.326381884264540068e-01 3.332402896818116578e-02
-6.826796235227953202e-01 -7.300582543992226725e-01 3.103993469639250782e-02
-6.852776417730542802e-01 -7.277142569767313107e-01 2.874916704941824636e-02
-6.875982105298635849e-01 -7.256093574378039701e-01 2.645301488939487064e-02
-6.896433648130700922e-01 -7.237462770742204565e-01 2.415277437663040580e-02
-6.914150386684717597e-01 -7.221272973358181524e-01 2.184974750024097981e-02
-6.929150599210932571e-01 -7.207542604996249880e-01 1.954524060293805210e-02
-6.941451460169461019e-01 -7.196285708494392086e-01 1.724056290149377987e-02
-6.951069009612833582e-01 -7.187511963543022908e-01 1.493702500421692156e-02
-6.958018133561494345e-01 -7.181226708364374378e-01 1.263593742661503136e-02
-6.962312555348095788e-01 -7.177430966214095598e-01 1.033860910630186522e-02
-6.963964837854438317e-01 -7.176121476654645504e-01 8.046345918132982722e-03
-6.962986396513223264e-01 -7.177290731571817073e-01 5.760449190517912162e-03
-6.959387522895621458e-01 -7.180927015926842349e-01 3.482214223863393503e-03
-6.953177418655260844e-01 -7.187014453256593827e-01 1.212928812148368358e-03
-6.944364239549677409e-01 -7.195533055953030610e-01 -1.046128231284277656e-03
-6.932955149211920132e-01 -7.206458780369853212e-01 -3.293688542513798553e-03
-6.918956382297869467e-01 -7.219763586819012424e-01 -5.528495669046493144e-03
-6.902373316589327512e-01 -7.235415504531936826e-01 -7.749306523496979349e-03
-6.883210553589099723e-01 -7.253378701669789264e-01 -9.954892827193971214e-03
-6.861472007102477066e-01 -7.273613560473547457e-01 -1.214404254172761315e-02
-6.837160999259885852e-01 -7.296076757647959043e-01 -1.431556128620735044e-02
-6.810280363398283354e-01 -7.320721350073319256e-01 -1.646827373773933345e-02
-6.780832553184349409e-01 -7.347496865935426724e-01 -1.860102501236568853e-02
-6.748819757330889457e-01 -7.376349401356929736e-01 -2.071268202344018344e-02
-6.714244019229415050e-01 -7.407221722602558289e-01 -2.280213481415140422e-02
-6.677107360796742386e-01 -7.440053373916466484e-01 -2.486829786065127001e-02
-6.637411909811984367e-01 -7.474780791032193950e-01 -2.691011134200905000e-02
-6.595160030002600315e-01 -7.511337420374714080e-01 -2.892654237299449940e-02
-6.550354453124542786e-01 -7.549653843949838405e-01 -3.091658619550368900e-02
-6.502998412272049666e-01 -7.589657909889173659e-01 -3.287926732428227833e-02
-6.453095775647549326e-01 -7.631274868589105198e-01 -3.481364064247836898e-02
-6.400651180021508235e-01 -7.674427514350259383e-01 -3.671879244247445301e-02
-6.345670163116040596e-01 -7.719036332389959121e-01 -3.859384140740935998e-02
-6.288159294154707091e-01 -7.765019651064668516e-01 -4.043793952880933573e-02
-6.228126301834249201e-01 -7.812293799102814074e-01 -4.225027295580519038e-02
-6.165580198991974514e-01 -7.860773267611080861e-01 -4.403006277152124448e-02
-6.100531403265090358e-01 -7.910370876579779775e-01 -4.577656569238324619e-02
-6.032991853065378107e-01 -7.960997945575675194e-01 -4.748907468630607365e-02
-5.962975118224058679e-01 -8.012564468274168128e-01 -4.916691950598834487e-02
-5.890496504697315672e-01 -8.064979290447508165e-01 -5.080946713385799812e-02
-5.815573152762478770e-01 -8.118150290992121043e-01 -5.241612213557916844e-02
-5.738224128178083250e-01 -8.171984565546750456e-01 -5.398632691944318940e-02
-5.658470505827476460e-01 -8.226388612224210251e-01 -5.551956189942212211e-02
-5.576335445415118164e-01 -8.281268518953668334e-01 -5.701534556015762367e-02
-5.491844258836684478e-01 -8.336530151907732833e-01 -5.847323442268678034e-02
-5.405024468898187440e-01 -8.392079344469621782e-01 -5.989282291026425120e-02
-5.315905859115037657e-01 -8.447822086180564183e-01 -6.127374311422133929e-02
-5.224520514378916403e-01 -8.503664711096523554e-01 -6.261566446040117695e-02
-5.130902852337865250e-01 -8.559514084976511672e-01 -6.391829327731866905e-02
-5.035089645392786251e-01 -8.615277790722312146e-01 -6.518137226780813809e-02
-4.937120033270945285e-01 -8.670864311491298659e-01 -6.640467988653324383e-02
-4.837035526193676493e-01 -8.726183210910325450e-01 -6.758802962633717049e-02
-4.734879998710787019e-01 -8.781145309829198053e-01 -6.873126921699862502e-02
-4.630699674327669602e-01 -8.835662859066960584e-01 -6.983427974052550113e-02
-4.524543101102459497e-01 -8.889649707622900854e-01 -7.089697466765643163e-02
-4.416461118439272138e-01 -8.943021465846627827e-01 -7.191929882074540870e-02
-4.306506815349287476e-01 -8.995695663087465155e-01 -7.290122726867108438e-02
-4.194735480493868574e-01 -9.047591899372467994e-01 -7.384276415983509478e-02
-4.081204544362737607e-01 -9.098631990694250327e-01 -7.474394149968947854e-02
-3.965973513975238340e-01 -9.148740107524098164e-01 -7.560481787955711241e-02
-3.849103900523732080e-01 -9.197842906202200464e-01 -7.642547716377981470e-02
-3.730659140405037655e-01 -9.245869652894790347e-01 -7.720602714244258202e-02
-3.610704510108485032e-01 -9.292752339847160092e-01 -7.794659815707913331e-02
-3.489307035447558047e-01 -9.338425793701489175e-01 -7.864734170686171755e-02
-3.366535395636292005e-01 -9.382827775688751260e-01 -7.930842904281754091e-02
-3.242459822721616147e-01 -9.425899073544274920e-01 -7.993004975759557262e-02
-3.117151996888815613e-01 -9.467583585036416505e-01 -8.051241037823167468e-02
-2.990684938159393069e-01 -9.507828393036917847e-01 -8.105573296922924387e-02
-2.863132894999007583e-01 -9.546583832099490019e-01 -8.156025375308911807e-02
-2.734571230348103454e-01 -9.583803546549718444e-01 -8.202622175518882452e-02
-2.605076305579558937e-01 -9.619444540124242327e-01 -8.245389747963075000e-02
-2.474725362876465107e-01 -9.653467217230029540e-01 -8.284355162235571002e-02
-2.343596406509265984e-01 -9.685835415925353464e-01 -8.319546382745540702e-02
-2.211768083475296187e-01 -9.716516432752480004e-01 -8.350992149222001559e-02
-2.079319563945508931e-01 -9.745481039578087756e-01 -8.378721862602868387e-02
-1.946330421943254230e-01 -9.772703492620917753e-01 -8.402765476773695064e-02
-1.812880516658637031e-01 -9.798161533867030260e-01 -8.423153396573894447e-02
-1.679049874779567630e-01 -9.821836385091369248e-01 -8.439916382439011100e-02
-1.544918574197424177e-01 -9.843712734720057034e-01 -8.453085461997107697e-02
-1.410566629421547147e-01 -9.863778717781079841e-01 -8.462691848886065571e-02
-1.276073879012856738e-01 -9.882025889201780933e-01 -8.468766869006956466e-02
-1.141519875322967309e-01 -9.898449190720040036e-01 -8.471341894377081017e-02
-1.006983776801495256e-01 -9.913046911682246165e-01 -8.470448284695145102e-02
-8.725442431110222441e-02 -9.925820644005352023e-01 -8.466117336680722971e-02
-7.382793332665529840e-02 -9.936775231582558598e-01 -8.458380241201059191e-02
-6.042664069944550520e-02 -9.945918714412729233e-01 -8.447268048150557984e-02
-4.705820294849057811e-02 -9.953262267732619906e-01 -8.432811639002467385e-02
-3.373018796919019513e-02 -9.958820136428626624e-01 -8.415041706908374386e-02
-2.045006623159812548e-02 -9.962609565001203649e-01 -8.393988744179534112e-02
-7.225202358701304783e-03 -9.964650723350546579e-01 -8.369683036944909615e-02
5.937152905223334887e-03 -9.964966628646757529e-01 -8.342154666744278080e-02
1.902987032765386666e-02 -9.963583063541708862e-01 -8.311433518780983465e-02
3.204594941518673634e-02 -9.960528490973311611e-01 -8.277549296528044498e-02
4.497852522946206577e-02 -9.955833965806097918e-01 -8.240531542353399241e-02
5.782087478711586681e-02 -9.949533043545017996e-01 -8.200409663805167948e-02
7.056642304034643765e-02 -9.941661686352294414e-01 -8.157212965175979213e-02
8.320874843571222923e-02 -9.932258166590200998e-01 -8.110970683946620852e-02
9.574158804972425496e-02 -9.921362968105789104e-01 -8.061712031693574199e-02
1.081588423006668298e-01 -9.909018685466981502e-01 -8.009466239032317358e-02
1.204555930193569047e-01 -9.895272593908539527e-01 -7.953776595710469743e-02
1.326249367639689980e-01 -9.880172930368221751e-01 -7.894591799638686624e-02
1.446600318759156678e-01 -9.863770429367580972e-01 -7.831862794266011840e-02
1.565541075960921458e-01 -9.846118264520746788e-01 -7.765542943284359234e-02
1.683004729828289081e-01 -9.827271982101997150e-01 -7.695588205370967883e-02
1.798925255908868648e-01 -9.807289426653889031e-01 -7.621957308352074467e-02
1.913237598711549081e-01 -9.786230658651803305e-01 -7.544611922162303141e-02
2.025877752513723928e-01 -9.764157864275675447e-01 -7.463516829969392419e-02
2.136782838592087563e-01 -9.741135257375197476e-01 -7.378640096832936313e-02
2.245891178503958974e-01 -9.717228973750591248e-01 -7.289953235268949172e-02
2.353142363063314424e-01 -9.692506957906874554e-01 -7.197431367099212107e-02
2.458477316676504487e-01 -9.667038842475130789e-01 -7.101053380975579088e-02
2.561838356726970911e-01 -9.640895820529300497e-01 -7.000802084984560081e-02
2.663169247726084321e-01 -9.614150511061199111e-01 -6.896664353756536137e-02
2.762415249978367182e-01 -9.586876817909539827e-01 -6.788631269526659850e-02
2.859523162543705088e-01 -9.559149782470430790e-01 -6.676698256620657024e-02
2.954441360316475973e-01 -9.531045430546885022e-01 -6.560865208868199572e-02
3.047119825081604505e-01 -9.502640613723084551e-01 -6.441136609478839703e-02
3.137510170450119595e-01 -9.474012845675314765e-01 -6.317521642950493788e-02
3.225565660621532160e-01 -9.445240133855370424e-01 -6.190034298617671377e-02
3.311241222966941344e-01 -9.416400807003807438e-01 -6.058693465485752438e-02
3.394493454474836747e-01 -9.387573338969426029e-01 -5.923523018038169552e-02
3.475280622150708210e-01 -9.358836169327845456e-01 -5.784551892744928259e-02
3.553562657511405432e-01 -9.330267521305881662e-01 -5.641814155043087253e-02
3.629301145365254055e-01 -9.301945217529652421e-01 -5.495349056602165383e-02
3.702459307118806664e-01 -9.273946494122984330e-01 -5.345201082729498371e-02
3.773001978900352160e-01 -9.246347813688776673e-01 -5.191419989811933700e-02
3.840895584838430188e-01 -9.219224677709695337e-01 -5.034060832730495594e-02
3.906108105880205517e-01 -9.192651438905931061e-01 -4.873183982223412702e-02
3.968609044579147205e-01 -9.166701114087063562e-01 -4.708855132209788241e-02
4.028369386323637502e-01 -9.141445198032391861e-01 -4.541145297120929847e-02
4.085361557517458442e-01 -9.116953478929732402e-01 -4.370130799318620862e-02
4.139559381259165782e-01 -9.093293855896815714e-01 -4.195893246709209157e-02
4.190938031099791239e-01 -9.070532159102326908e-01 -4.018519500689094609e-02
4.239473983486741204e-01 -9.048731972995538442e-01 -3.838101634580902422e-02
4.285144969525842007e-01 -9.027954463144678421e-01 -3.654736882740233783e-02
4.327929926712947295e-01 -9.008258207174876242e-01 -3.468527580530372800e-02
4.367808951301057618e-01 -8.989699030287003900e-01 -3.279581095376732369e-02
4.404763251978296990e-01 -8.972329845829203343e-01 -3.088009749124173697e-02
4.438775105536139076e-01 -8.956200501383543289e-01 -2.893930731928852709e-02
4.469827815205790200e-01 -8.941357630821308300e-01 -2.697466007921996839e-02
4.497905672333516458e-01 -8.927844512772017405e-01 -2.498742212886323477e-02
4.522993922052835347e-01 -8.915700935943490224e-01 -2.297890544186869527e-02
4.545078733592829989e-01 -8.904963071723259738e-01 -2.095046643197122707e-02
4.564147175837396930e-01 -8.895663354485346952e-01 -1.890350470458874999e-02
4.580187198719988251e-01 -8.887830370020910475e-01 -1.683946173810459135e-02
4.593187621002476906e-01 -8.881488752506443429e-01 -1.475981949713373910e-02
4.603138124945236886e-01 -8.876659090418969056e-01 -1.266609898002086197e-02
4.610029258328542934e-01 -8.873357841803884982e-01 -1.055985870276407619e-02
4.613852444233167427e-01 -8.871597259297542282e-01 -8.442693121506025106e-03
4.614599998930805080e-01 -8.871385325303080549e-01 -6.316230995686481116e-03
4.612265158172973445e-01 -8.872725697714169968e-01 -4.182133693911394695e-03
4.606842112100644204e-01 -8.875617666576832709e-01 -2.042093444564823355e-03
4.598326048926414944e-01 -8.880056122074023728e-01 1.021684668250249541e-04
4.586713207466959763e-01 -8.886031534210827587e-01 2.248903551454458499e-03
4.572000938526217806e-01 -8.893529944569498191e-01 4.396338020319901646e-03
4.554187775049834408e-01 -8.902532970492713638e-01 6.542674734438499659e-03
4.533273510889253566e-01 -8.913017822039982496e-01 8.686095200099748850e-03
4.509259287930182936e-01 -8.924957332045555525e-01 1.082476160696444270e-02
4.482147691255511379e-01 -8.938319999586179510e-01 1.295681890674063932e-02
4.451942851927832567e-01 -8.953070047143103505e-01 1.508039693006433223e-02
4.418650556892173564e-01 -8.969167491714536977e-01 1.719361253909704179e-02
4.382278365416108490e-01 -8.986568230101982246e-01 1.929457181322605935e-02
4.342835731402863164e-01 -9.005224138556181535e-01 2.138137226511866579e-02
4.300334130834076451e-01 -9.025083186925622059e-01 2.345210508424265539e-02
4.254787193523358324e-01 -9.046089567402481046e-01 2.550485740482566488e-02
4.206210838290469489e-01 -9.068183837907445310e-01 2.753771459508925351e-02
4.154623410599613265e-01 -9.091303080096028166e-01 2.954876256446438421e-02
4.100045821644802690e-01 -9.115381071904854471e-01 3.153609008537749947e-02
4.042501687811265176e-01 -9.140348474487135499e-01 3.349779112609459902e-02
3.982017469395158216e-01 -9.166133033312366951e-01 3.543196719102893744e-02
3.918622607425159554e-01 -9.192659793126588541e-01 3.733672966485981903e-02
3.852349657399445348e-01 -9.219851326386758750e-01 3.921020215677894355e-02
3.783234418730767601e-01 -9.247627974696456254e-01 4.105052284117954864e-02
3.711316058681332075e-01 -9.275908102680856526e-01 4.285584679113472323e-02
3.636637229568372986e-01 -9.304608363647501879e-01 4.462434830107630396e-02
3.559244178031150119e-01 -9.333643976286517541e-01 4.635422319518531925e-02
3.479186845170753606e-01 -9.362929011570549909e-01 4.804369111813928950e-02
3.396518956405812917e-01 -9.392376688921727501e-01 4.969099780502977959e-02
3.311298099929962380e-01 -9.421899680621339535e-01 5.129441732746385652e-02
3.223585792710712550e-01 -9.451410423348725054e-01 5.285225431309258093e-02
3.133447533033952292e-01 -9.480821435650091944e-01 5.436284613606501975e-02
3.040952838673408043e-01 -9.510045640056722371e-01 5.582456507618330233e-02
2.946175269849531375e-01 -9.538996688496265142e-01 5.723582044482727893e-02
2.849192436236935300e-01 -9.567589289571651889e-01 5.859506067602135437e-02
2.750085987382948627e-01 -9.595739536220533328e-01 5.990077538132407287e-02
2.648941586011321347e-01 -9.623365232214998732e-01 6.115149736752663323e-02
2.545848863803668594e-01 -9.650386215917564625e-01 6.234580461644281812e-02
2.440901359375868274e-01 -9.676724679675806629e-01 6.348232222635225019e-02
2.334196438296247123e-01 -9.702305483215227788e-01 6.455972431491517616e-02
2.225835195125779875e-01 -9.727056459378663478e-01 6.557673588360261874e-02
2.115922337596465863e-01 -9.750908710561150272e-01 6.653213464387501552e-02
2.004566053181211782e-01 -9.773796894202099184e-01 6.742475280548937411e-02
1.891877858445605853e-01 -9.795659495722086607e-01 6.825347882741474026e-02
1.777972431707530721e-01 -9.816439087329631441e-01 6.901725913188432038e-02
1.662967429663290697e-01 -9.836082571174012967e-01 6.971509978210696512e-02
1.546983288767414533e-01 -9.854541405383216990e-01 7.034606812409949228e-02
1.430143012276242354e-01 -9.871771811601269819e-01 7.090929439298324088e-02
1.312571943981482026e-01 -9.887734962725979182e-01 7.140397328391497045e-02
1.194397529767916161e-01 -9.902397149645931762e-01 7.182936548759506767e-02
1.075789640730269586e-01 -9.915727726334874204e-01 7.218177403864570185e-02
9.568806714939948055e-02 -9.927704348859278660e-01 7.246145782565932558e-02
8.378028660329617239e-02 -9.938310333580001599e-01 7.266874266471430588e-02
7.186880534660848585e-02 -9.947534644020250560e-01 7.280401996249157015e-02
5.996673861277582174e-02 -9.955371853327159570e-01 7.286774536417950365e-02
4.808710813703426235e-02 -9.961822082900150255e-01 7.286043739168902855e-02
3.624281684993503616e-02 -9.966890917881087164e-01 7.278267607701953412e-02
2.444662421736983754e-02 -9.970589300315449988e-01 7.263510159491430584e-02
1.271112235254771156e-02 -9.972933400899571810e-01 7.241841289823268413e-02
1.048713016717203739e-03 -9.973944470325856182e-01 7.213336635875755576e-02
-1.052841438396997717e-02 -9.973648671325280324e-01 7.178077441546207305e-02
-2.200830370808848011e-02 -9.972076892584047503e-01 7.136150423158832412e-02
-3.337925180824603821e-02 -9.969264545778708797e-01 7.087647636125352091e-02
-4.462982700420493887e-02 -9.965251347031299778e-01 7.032666342570273454e-02
-5.574888623519985709e-02 -9.960081084133015628e-01 6.971308879877971543e-02
-6.672559083825850557e-02 -9.953801370921697700e-01 6.903682530069354950e-02
-7.754942091082914213e-02 -9.946463390225178669e-01 6.829899389872345905e-02
-8.821018822748677435e-02 -9.938121626799470976e-01 6.750076241313029968e-02
-9.869804769183006254e-02 -9.928833591698347227e-01 6.664334422623252596e-02
-1.090035073158007461e-01 -9.918659539509320222e-01 6.572799699235754023e-02
-1.191174367294704495e-01 -9.907662179880981634e-01 6.475602134619552752e-02
-1.290310742347667849e-01 -9.895906384748501816e-01 6.372875960696057496e-02
-1.387360324265776435e-01 -9.883458892638491422e-01 6.264759447570053541e-02
-1.482243024141144117e-01 -9.870388011401894923e-01 6.151394772308910880e-02
-1.574882566842716047e-01 -9.856763320684831520e-01 6.032927886507714194e-02
-1.665206506569411604e-01 -9.842655375402897810e-01 5.909508382387006209e-02
-1.753146229897796782e-01 -9.828135411435106050e-01 5.781289357183050370e-02
-1.838636946967486252e-01 -9.813275054700001387e-01 5.648427275607287995e-02
-1.921617671508215330e-01 -9.798146034719216191e-01 5.511081830171592894e-02
-2.002031190465548560e-01 -9.782819903713475540e-01 5.369415799198327260e-02
-2.079824024027347451e-01 -9.767367762213463589e-01 5.223594902358639352e-02
-2.154946376890302107e-01 -9.751859992103615316e-01 5.073787653608347742e-02
-2.227352081635017023e-01 -9.736365997951413886e-01 4.920165211417625722e-02
-2.296998535099357142e-01 -9.720953957408673407e-01 4.762901226218147627e-02
-2.363846628653089865e-01 -9.705690581405126416e-01 4.602171685018882630e-02
-2.427860673282457027e-01 -9.690640884788835896e-01 4.438154753169049060e-02
-2.489008320391367657e-01 -9.675867968003016850e-01 4.271030613273490983e-02
-2.547260479216664208e-01 -9.661432810325087939e-01 4.100981301291689585e-02
-2.602591231738676236e-01 -9.647394075131594526e-01 3.928190539876542930e-02
-2.654977745945370504e-01 -9.633807927592276110e-01 3.752843569032793952e-02
-2.704400188279200701e-01 -9.620727865138275492e-01 3.575126974197431751e-02
-2.750841636060667450e-01 -9.608204560993460763e-01 3.395228511865486937e-02
-2.794287990642053687e-01 -9.596285721004238489e-01 3.213336932904331533e-02
-2.834727891999257454e-01 -9.585015953952092937e-01 3.029641803717928947e-02
-2.872152635419611966e-01 -9.574436655484522829e-01 2.844333325439446850e-02
-2.906556090889538813e-01 -9.564585905754003914e-01 2.657602151346349570e-02
-2.937934625728370053e-01 -9.555498380811068282e-01 2.469639202706580550e-02
-2.966287030954224413e-01 -9.547205277756477537e-01 2.280635483277826739e-02
-2.991614451804971431e-01 -9.539734253618662452e-01 2.090781892694221905e-02
-3.013920322772612459e-01 -9.533109377885992108e-01 1.900269038986292236e-02
-3.033174028325774096e-01 -9.527364540630345324e-01 1.708232156861941298e-02
-3.049365600955343814e-01 -9.522521817158594581e-01 1.514860431449826898e-02
-3.062487370441680512e-01 -9.518599597959543912e-01 1.320346487644843275e-02
-3.072533971738198311e-01 -9.515612521207860164e-01 1.124886175455719166e-02
-3.079502357587445283e-01 -9.513571419141380048e-01 9.286783473748552384e-03
-3.083391816044325218e-01 -9.512483278654000340e-01 7.319246280430667141e-03
-3.084203993008343692e-01 -9.512351216408110322e-01 5.348291764912362425e-03
-3.081942919791140767e-01 -9.513174468730328792e-01 3.375984412507442110e-03
-3.076615045667759341e-01 -9.514948396512065143e-01 1.404409086350765640e-03
-3.068229275280845436e-01 -9.517664505291799637e-01 -5.643315549367813704e-04
-3.056797010687034577e-01 -9.521310480648894625e-01 -2.528119701475720505e-03
-3.042332197754934464e-01 -9.525870238988929373e-01 -4.484825094858839109e-03
-3.024851376545217851e-01 -9.531323993747892187e-01 -6.432307785857682703e-03
-3.004373735226193998e-01 -9.537648336986932485e-01 -8.368420943430173939e-03
-2.980921167003706684e-01 -9.544816336290706804e-01 -1.029101371120129046e-02
-2.954518329473150851e-01 -9.552797646820575528e-01 -1.219793410742968896e-02
-2.925192705734651621e-01 -9.561558638309122227e-01 -1.408703196431046641e-02
-2.892974666550846008e-01 -9.571062536714710633e-01 -1.595616190229998815e-02
-2.857897532771040972e-01 -9.581269580184271772e-01 -1.780318633498513547e-02
-2.819997637196562379e-01 -9.592137188899436673e-01 -1.962597849985908346e-02
-2.779314385020582590e-01 -9.603620148305855864e-01 -2.142242551021125707e-02
-2.735890311942278941e-01 -9.615670805148410771e-01 -2.319043142319332160e-02
-2.689771139030430191e-01 -9.628239275656577112e-01 -2.492792031898828989e-02
-2.641005823396023744e-01 -9.641273665144941551e-01 -2.663283938588892341e-02
-2.589646603727553398e-01 -9.654720298214422014e-01 -2.830316200598648538e-02
-2.535749039746779121e-01 -9.668523958660857343e-01 -2.993689083608406729e-02
-2.479372044657019436e-01 -9.682628138119986350e-01 -3.153206087838150706e-02
-2.420577909680680095e-01 -9.696975292402287838e-01 -3.308674253543303356e-02
-2.359432319817687806e-01 -9.711507104398531265e-01 -3.459904464385482603e-02
-2.296004360001679956e-01 -9.726164752368073874e-01 -3.606711748125864675e-02
-2.230366510885937181e-01 -9.740889182357845844e-01 -3.748915574090895542e-02
-2.162594633555783019e-01 -9.755621383441439587e-01 -3.886340146864472600e-02
-2.092767942537983872e-01 -9.770302664415722038e-01 -4.018814695667207587e-02
-2.020968966559957281e-01 -9.784874930547734495e-01 -4.146173758891880806e-02
-1.947283496601571740e-01 -9.799280958928150431e-01 -4.268257463274514885e-02
-1.871800520879147167e-01 -9.813464670960039271e-01 -4.384911797192433264e-02
-1.794612146503951344e-01 -9.827371400493759568e-01 -4.495988877593991295e-02
-1.715813507664997184e-01 -9.840948156111156697e-01 -4.601347210079096556e-02
-1.635502660297100952e-01 -9.854143876065322161e-01 -4.700851941664949823e-02
-1.553780463308762072e-01 -9.866909674396415753e-01 -4.794375105787292840e-02
-1.470750446559189462e-01 -9.879199076769716870e-01 -4.881795859103647134e-02
-1.386518665888422930e-01 -9.890968244619349203e-01 -4.963000709681251316e-02
-1.301193545617641278e-01 -9.902176186229976196e-01 -5.037883736168443510e-02
-1.214885709047086593e-01 -9.912784953449116365e-01 -5.106346797563887652e-02
-1.127707797585247862e-01 -9.922759822794314788e-01 -5.168299733213088665e-02
-1.039774279243756011e-01 -9.932069459801794453e-01 -5.223660552675995355e-02
-9.512012473266252821e-02 -9.940686065555943696e-01 -5.272355615123026223e-02
-8.621062102288751250e-02 -9.948585504441287419e-01 -5.314319797929520361e-02
-7.726078733371220808e-02 -9.955747412269800867e-01 -5.349496654150424912e-02
-6.828259140924865245e-02 -9.962155284055514981e-01 -5.377838558568023147e-02
-5.929354099112583987e-02 -9.967794951263767578e-01 -5.399000071596923161e-02
-5.030570183952806640e-02 -9.972658609152208475e-01 -5.413081468183354727e-02
-4.133094137899544218e-02 -9.976742516998440280e-01 -5.420190822583423329e-02
-3.238090906869629804e-02 -9.980046903137266279e-01 -5.420443619529359547e-02
-2.346701771175063039e-02 -9.982575851341440876e-01 -5.413962365190431308e-02
-1.460042578456592632e-02 -9.984337169898612752e-01 -5.400876198985578996e-02
-5.792020857146987223e-03 -9.985342244795841760e-01 -5.381320507233187250e-02
2.947595835025946728e-03 -9.985605878468494234e-01 -5.355436539549359581e-02
1.160812361754492462e-02 -9.985146115602661077e-01 -5.323371028830579943e-02
2.017957536271145630e-02 -9.983984057499841747e-01 -5.285275815580758874e-02
2.865228920554440534e-02 -9.982143666520041370e-01 -5.241307477267279774e-02
3.701693897188274712e-02 -9.979651562115102736e-01 -5.191626963316565979e-02
4.526454331046243090e-02 -9.976536809948840512e-01 -5.136399236287654546e-02
5.338647353061212741e-02 -9.972830705575045362e-01 -5.075792919692911215e-02
6.137446015649879877e-02 -9.968566554109535849e-01 -5.009979952868860720e-02
6.922059821758301534e-02 -9.963779447289060620e-01 -4.939135253237630224e-02
7.691735130305044077e-02 -9.958506039258820941e-01 -4.863436386240992809e-02
8.445755441541648312e-02 -9.952784322372727477e-01 -4.783063243174766332e-02
9.183441566521524657e-02 -9.946653404227063788e-01 -4.698197727101473958e-02
9.904151685465101274e-02 -9.940153287079968036e-01 -4.609023446973854743e-02
1.060728130032933259e-01 -9.933324650736993222e-01 -4.515725420060993922e-02
1.129226308733261575e-01 -9.926208639907767584e-01 -4.418489782732498705e-02
1.195856665555200538e-01 -9.918846656961347596e-01 -4.317503509624165403e-02
1.260569821799930601e-01 -9.911280160929030192e-01 -4.212954141180821899e-02
1.323320018179815205e-01 -9.903550473523832220e-01 -4.105029519548281103e-02
1.384065066422792145e-01 -9.895698592866342125e-01 -3.993917532766402823e-02
1.442766294147561634e-01 -9.887765015527749668e-01 -3.879805867198875269e-02
1.499388483694731322e-01 -9.879789567423133967e-01 -3.762881768122229575e-02
1.553899805594051720e-01 -9.871811244012096420e-01 -3.643331808386521264e-02
1.606271747337244538e-01 -9.863868060189905362e-01 -3.521341665052775405e-02
1.656479038110148794e-01 -9.855996910180951920e-01 -3.397095903907390579e-02
1.704499570117498086e-01 -9.848233437677741398e-01 -3.270777771750996848e-02
1.750314317109101514e-01 -9.840611916403143589e-01 -3.142568996358441336e-02
1.793907250688051569e-01 -9.833165141211428484e-01 -3.012649594007407380e-02
1.835265254950336211e-01 -9.825924329784848643e-01 -2.881197684475381507e-02
1.874378039971411614e-01 -9.818919034927284795e-01 -2.748389313408049206e-02
1.911238054619385229e-01 -9.812177067404889153e-01 -2.614398281966470727e-02
1.945840399136960497e-01 -9.805724429235638251e-01 -2.479395983665380956e-02
1.978182737895677057e-01 -9.799585257285386986e-01 -2.343551248320448199e-02
2.008265212686672907e-01 -9.793781776987214860e-01 -2.207030193028157450e-02
2.036090356872639340e-01 -9.788334265963616332e-01 -2.069996080107956715e-02
2.061663010686216047e-01 -9.783261027297264212e-01 -1.932609181942300178e-02
2.084990237921156286e-01 -9.778578372165570576e-01 -1.795026652656077359e-02
2.106081244224509430e-01 -9.774300611526987037e-01 -1.657402406582503610e-02
2.124947297161134951e-01 -9.770440056522775585e-01 -1.519887003467773612e-02
2.141601648186342299e-01 -9.767007027236704886e-01 -1.382627540371524251e-02
2.156059456628592608e-01 -9.764009869436647282e-01 -1.245767550224332471e-02
2.168337715752207961e-01 -9.761454978906241031e-01 -1.109446907007017452e-02
2.178455180940090385e-01 -9.759346832961450779e-01 -9.738017375193508060e-03
2.186432300008705754e-01 -9.757688028735924668e-01 -8.389643397078561451e-03
2.192233566258492417e-01 -9.756493360021717409e-01 -7.035472948545515651e-03
2.195856930286482211e-01 -9.755767020189668459e-01 -5.676858002682153015e-03
2.197302270707260363e-01 -9.755511321630445654e-01 -4.315168728383042551e-03
2.196571414730603689e-01 -9.755726687300486644e-01 -2.951791920214226483e-03
2.193668159090221836e-01 -9.756411649720955204e-01 -1.588129381347405233e-03
2.188598291255636208e-01 -9.757562857521677735e-01 -2.255962615246047062e-04
2.181369610834221484e-01 -9.759175089593635777e-01 1.134380647896889721e-03
2.171991951045455782e-01 -9.761241276884156104e-01 2.490364659682029608e-03
2.160477200124744923e-01 -9.763752531838468807e-01 3.840910975014352573e-03
2.146839322490086410e-01 -9.766698185459878889e-01 5.184568504042665754e-03
2.131094379481595358e-01 -9.770065831928458344e-01 6.519881720285995719e-03
2.113260549461813964e-01 -9.773841380685049929e-01 7.845392546422792074e-03
2.093358147044033502e-01 -9.778009115853498745e-01 9.159642268910203958e-03
2.071409641196860774e-01 -9.782551762839614140e-01 1.046117347880115567e-02
2.047439671956199359e-01 -9.787450561910435720e-01 1.174853203605120272e-02
2.021475065460952569e-01 -9.792685348522172095e-01 1.302026905453413513e-02
1.993544847016319732e-01 -9.798234640129808160e-01 1.427494290491530121e-02
1.963680251878751892e-01 -9.804075729176040532e-01 1.551112123246512799e-02
1.931914733449661969e-01 -9.810184781922118846e-01 1.672738298683259725e-02
1.898283968561005064e-01 -9.816536942748519401e-01 1.792232046073997248e-02
1.862825859534998629e-01 -9.823106443519423747e-01 1.909454133450613419e-02
1.825580532702641978e-01 -9.829866717571947854e-01 2.024267072325685798e-02
1.786590333071401693e-01 -9.836790517859242966e-01 2.136535322363660241e-02
1.745899814841491982e-01 -9.843850038746169151e-01 2.246125495679799841e-02
1.703555727482598814e-01 -9.851017040927608770e-01 2.352906560441261549e-02
1.659606997098646008e-01 -9.858262978912802899e-01 2.456750043441972842e-02
1.614104702827203475e-01 -9.865559130494706563e-01 2.557530231320901890e-02
1.567102048042294804e-01 -9.872876727601511693e-01 2.655124370091815900e-02
1.518654326154507961e-01 -9.880187087908460786e-01 2.749412862651742784e-02
1.468818880830283780e-01 -9.887461746572110410e-01 2.840279463935044962e-02
1.417655060482818641e-01 -9.894672587436557087e-01 2.927611473380290277e-02
1.365224166919919158e-01 -9.901791973052042062e-01 3.011299924377951187e-02
1.311589398069096524e-01 -9.908792872840965771e-01 3.091239770368333847e-02
1.256815784736875496e-01 -9.915648988744911740e-01 3.167330067261044102e-02
1.200970121397365170e-01 -9.922334877688911980e-01 3.239474151849681266e-02
1.144120891044234783e-01 -9.928826070205978294e-01 3.307579815898307324e-02
1.086338184179967414e-01 -9.935099184576042797e-01 3.371559475579532367e-02
1.027693612056232164e-01 -9.941132035848853077e-01 3.431330335947767318e-02
9.682602143190070787e-02 -9.946903739140124934e-01 3.486814550135297619e-02
9.081123612512870258e-02 -9.952394806614308642e-01 3.537939372963300189e-02
8.473256508444126922e-02 -9.957587237595620921e-01 3.584637308664764127e-02
7.859768009658442411e-02 -9.962464601281415533e-01 3.626846252421447869e-02
7.241435369261838007e-02 -9.967012111568347432e-01 3.664509625422528866e-02
6.619044747810427787e-02 -9.971216693541952170e-01 3.697576503158463840e-02
5.993390007335913650e-02 -9.975067041223986131e-01 3.726001736669779657e-02
5.365271470309886104e-02 -9.978553666218865636e-01 3.749746066477085971e-02
4.735494647720690786e-02 -9.981668936950505167e-01 3.768776228925541788e-02
4.104868940643863900e-02 -9.984407108233478434e-01 3.783065054684337652e-02
3.474206319857628400e-02 -9.986764340977304366e-01 3.792591559149516289e-02
2.844319988186776171e-02 -9.988738711879443510e-01 3.797341024506650092e-02
2.216023030350056794e-02 -9.990330213020851557e-01 3.797305073218574384e-02
1.590127055137029177e-02 -9.991540741337239240e-01 3.792481732712559006e-02
9.674408347497654576e-03 -9.992374077999131021e-01 3.782875491051015254e-02
3.487689461128930593e-03 -9.992835857793916920e-01 3.768497343380113745e-02
-2.650895811172190517e-03 -9.992933528662942821e-01 3.749364828961564144e-02
-8.733426052257034500e-03 -9.992676301605792899e-01 3.725502058604266559e-02
-1.475206197326986088e-02 -9.992075091221916949e-01 3.696939732324654865e-02
-2.069905946185936901e-02 -9.991142447216165845e-01 3.663715147077261508e-02
-2.656678238911554246e-02 -9.989892477249218139e-01 3.625872194410405952e-02
-3.234771513713546875e-02 -9.988340761565976944e-01 3.583461347915879724e-02
-3.803447481190927459e-02 -9.986504259884354529e-01 3.536539640356114317e-02
-4.361982310924455986e-02 -9.984401211073145044e-01 3.485170630367497024e-02
-4.909667780467628917e-02 -9.982051026190624787e-01 3.429424358654273308e-02
-5.445812384169757686e-02 -9.979474175494797983e-01 3.369377293603756374e-02
-5.969742399615270145e-02 -9.976692070071597751e-01 3.305112266270354010e-02
-6.480802909821234414e-02 -9.973726938758706861e-01 3.236718394693151313e-02
-6.978358779695831293e-02 -9.970601701069692346e-01 3.164290997529411315e-02
-7.461795585619500348e-02 -9.967339836845868772e-01 3.087931497004329021e-02
-7.930520497363419130e-02 -9.963965253381478204e-01 3.007747311195634043e-02
-8.383963111902405230e-02 -9.960502150781432862e-01 2.923851735690133000e-02
-8.821576239007139497e-02 -9.956974886319950313e-01 2.836363814667959560e-02
-9.242836638809853733e-02 -9.953407838572895239e-01 2.745408201489122138e-02
-9.647245711824532777e-02 -9.949825272096590734e-01 2.651115008875831042e-02
-1.003433014216402880e-01 -9.946251203421351272e-01 2.553619648803046385e-02
-1.040364249492912868e-01 -9.942709269119023308e-01 2.453062662228640278e-02
-1.075476176894604591e-01 -9.939222596690612255e-01 2.349589538813521769e-02
-1.108729390619684618e-01 -9.935813679002662990e-01 2.243350526800974923e-02
-1.140087225942025273e-01 -9.932504252979641457e-01 2.134500433243326223e-02
-1.169515801945691796e-01 -9.929315183234279640e-01 2.023198414782854948e-02
-1.196984060397291161e-01 -9.926266351288863810e-01 1.909607759212609418e-02
-1.222463800921764765e-01 -9.923376551007950797e-01 1.793895658061483989e-02
-1.245929712645812842e-01 -9.920663390827200168e-01 1.676232970466569328e-02
-1.267359402468106189e-01 -9.918143203324069068e-01 1.556793978614414396e-02
-1.286733420106947190e-01 -9.915830962634272217e-01 1.435756135051463080e-02
-1.304035280064276825e-01 -9.913740210173360712e-01 1.313299802182557249e-02
-1.319251480630110607e-01 -9.911882989075715411e-01 1.189607984295051359e-02
-1.332371520033918399e-01 -9.910269787713922307e-01 1.064866052464781727e-02
-1.343387909829438509e-01 -9.908909492610119552e-01 9.392614627188679982e-03
-1.352296185577309129e-01 -9.907809350997659470e-01 8.129834678491185823e-03
-1.359094914866082748e-01 -9.906974943236637188e-01 6.862228232886358366e-03
-1.363785702687085599e-01 -9.906410165230615794e-01 5.591714874830761017e-03
-1.366373194152632475e-01 -9.906117220934568257e-01 4.320223172068661174e-03
-1.366865074520745016e-01 -9.906096624985867294e-01 3.049687582934847672e-03
-1.365272066463238398e-01 -9.906347215431328124e-01 1.782045322676282942e-03
-1.361607924488279775e-01 -9.906866176464164120e-01 5.192331938561683350e-04
-1.355889426403760201e-01 -9.907649071025473875e-01 -7.368156139130133467e-04
-1.348136361684517670e-01 -9.908689883065900927e-01 -1.984174749481391019e-03
-1.338371516585028509e-01 -9.909981069204613080e-01 -3.220927945317375758e-03
-1.326620655820087979e-01 -9.911513619465143199e-01 -4.445172276536579065e-03
-1.312912500619596301e-01 -9.913277126711198539e-01 -5.655021427871050749e-03
-1.297321002585535288e-01 -9.915254935107171708e-01 -6.839841537656365759e-03
-1.279895410038378589e-01 -9.917432693430453527e-01 -7.998167923641490151e-03
-1.260686957758269944e-01 -9.919795149325819628e-01 -9.128609760757962904e-03
-1.239748757008185681e-01 -9.922326269569424761e-01 -1.022985078471350812e-02
-1.217135685091875336e-01 -9.925009361392822527e-01 -1.130064984472613047e-02
-1.192904274424842898e-01 -9.927827194074823058e-01 -1.233984130763723409e-02
-1.167112601109776132e-01 -9.930762120035377949e-01 -1.334633531588099060e-02
-1.139820173023133321e-01 -9.933796194695709847e-01 -1.431911790202939835e-02
-1.111087817436633152e-01 -9.936911294402358541e-01 -1.525725096287623185e-02
-1.080977568215733264e-01 -9.940089231749357213e-01 -1.615987209626646229e-02
-1.049552552656406040e-01 -9.943311867672179893e-01 -1.702619430411863102e-02
-1.016876878041206578e-01 -9.946561219728967673e-01 -1.785550556532396541e-02
-9.830155180153773986e-02 -9.949819566028684781e-01 -1.864716828243564301e-02
-9.480341989031604299e-02 -9.953069544311825556e-01 -1.940061860628233825e-02
-9.119992861032395759e-02 -9.956294245736825310e-01 -2.011536564285014775e-02
-8.749776707199703740e-02 -9.959477302974063528e-01 -2.079099054697413143e-02
-8.370366566034892486e-02 -9.962602972258944867e-01 -2.142714550756339570e-02
-7.982438479866482695e-02 -9.965656209105659968e-01 -2.202355262925003235e-02
-7.586670379197804626e-02 -9.968622737433548986e-01 -2.258000271550121216e-02
-7.183740977153686702e-02 -9.971489111908110603e-01 -2.309635395836376684e-02
-6.774328676236192337e-02 -9.974242773348400704e-01 -2.357253054012094576e-02
-6.359110489666189303e-02 -9.976872097101415759e-01 -2.400852115223078148e-02
-5.938760979631113601e-02 -9.979366434331828906e-01 -2.440437743698415513e-02
-5.513951214779235638e-02 -9.981716146221818464e-01 -2.476021235736804160e-02
-5.085347749297211561e-02 -9.983912631120424042e-01 -2.507619850064529005e-02
-4.653611625880924724e-02 -9.985948344724655534e-01 -2.535256632116703046e-02
-4.219397404860404655e-02 -9.987816813415199002e-01 -2.558960232791768902e-02
-3.783352221668825205e-02 -9.989512640907846075e-01 -2.578764722225627623e-02
-3.346114874754566038e-02 -9.991031508417476115e-01 -2.594709399126184438e-02
-2.908314945925466813e-02 -9.992370168564478350e-01 -2.606838596201683372e-02
-2.470571954987432414e-02 -9.993526433283669297e-01 -2.615201482207040948e-02
-2.033494550397270048e-02 -9.994499156023046726e-01 -2.619851861121622744e-02
-1.597679737494012500e-02 -9.995288208543972042e-01 -2.620847968959652552e-02
-1.163712145706067430e-02 -9.995894452655587070e-01 -2.618252268700857824e-02
-7.321633359554289254e-03 -9.996319707234396779e-01 -2.612131243814165907e-02
-3.035911492970321326e-03 -9.996566710895011809e-01 -2.602555190831449400e-02
1.214609023567511832e-03 -9.996639080690068457e-01 -2.589598011411591710e-02
5.424642027673896513e-03 -9.996541267226368710e-01 -2.573337004317697435e-02
9.589055546898744148e-03 -9.996278506590394741e-01 -2.553852657712209553e-02
1.370287659704015615e-02 -9.995856769479655179e-01 -2.531228442156203268e-02
1.776129554468157054e-02 -9.995282707936897770e-01 -2.505550604680310475e-02
2.175967003489019322e-02 -9.994563600082226884e-01 -2.476907964275736410e-02
2.569352848678023438e-02 -9.993707293233723421e-01 -2.445391709134776478e-02
2.955857316133403412e-02 -9.992722145800438938e-01 -2.411095195951253045e-02
3.335068280747433694e-02 -9.991616968322803993e-01 -2.374113751572447598e-02
3.706591489388089133e-02 -9.990400964024663821e-01 -2.334544477275534921e-02
4.070050743543485172e-02 -9.989083669228595586e-01 -2.292486055923274174e-02
4.425088042444806635e-02 -9.987674893971992818e-01 -2.248038562235893031e-02
4.771363687798502867e-02 -9.986184663145789564e-01 -2.201303276398739253e-02
5.108556351360939857e-02 -9.984623158460907977e-01 -2.152382501208452079e-02
5.436350187153516506e-02 -9.983001598171096225e-01 -2.100967796205385069e-02
5.754368115312837734e-02 -9.981330868947903001e-01 -2.047123804787968210e-02
6.062245948985905963e-02 -9.979621974888350788e-01 -1.990918778037162329e-02
6.359632918811075619e-02 -9.977885980623363293e-01 -1.932424507274272535e-02
6.646192177321062766e-02 -9.976133954227793810e-01 -1.871716250299921072e-02
6.921601282842929082e-02 -9.974376910235529525e-01 -1.808872651343525553e-02
7.185552662544847369e-02 -9.972625753063790732e-01 -1.743975654764330294e-02
7.437754054348263977e-02 -9.970891221149702499e-01 -1.677110412556866506e-02
7.677928927486121768e-02 -9.969183832099508535e-01 -1.608365185725645075e-02
7.905816881542479524e-02 -9.967513829146429361e-01 -1.537831239605894941e-02
8.121174023855642909e-02 -9.965891129207121724e-01 -1.465602733219232602e-02
8.323773325205446882e-02 -9.964325272819082313e-01 -1.391776602765257276e-02
8.513404953735295710e-02 -9.962825376232079533e-01 -1.316452439362201035e-02
8.689876587080867798e-02 -9.961400085915933511e-01 -1.239732361161900547e-02
8.853013702690017139e-02 -9.960057535734671008e-01 -1.161720879976484849e-02
9.002659846322424997e-02 -9.958805307023389508e-01 -1.082524762566264287e-02
9.138676878713279661e-02 -9.957650391789033550e-01 -1.002252886750359083e-02
9.260945200373037201e-02 -9.956599159239909458e-01 -9.210160925135903870e-03
9.369363954475642964e-02 -9.955657325831108739e-01 -8.389270282950618551e-03
9.463851207761087014e-02 -9.954829928994229915e-01 -7.560999926556712970e-03
9.544344109345587190e-02 -9.954121304699924400e-01 -6.726507715334867354e-03
9.610799027294830710e-02 -9.953535068980993161e-01 -5.886964713074833294e-03
9.663191662773525092e-02 -9.953074103522047134e-01 -5.043553479015460209e-03
9.701517141539001132e-02 -9.952740545399322292e-01 -4.197466321718803031e-03
9.725790082498857181e-02 -9.952535781031101036e-01 -3.349903518320078693e-03
9.736044643003761989e-02 -9.952460444375583748e-01 -2.502071501803436286e-03
9.732334540497730724e-02 -9.952514419388969191e-01 -1.655181019059148067e-03
9.714733050100619882e-02 -9.952696846732173031e-01 -8.104452625807575085e-04
9.683332977652508999e-02 -9.953006134690077777e-01 3.092202123947552367e-05
9.638246607708170210e-02 -9.953439974242681565e-01 8.677084441620679317e-04
9.579605625933219903e-02 -9.953995358203072685e-01 1.698704905351330246e-03
9.507561015322860132e-02 -9.954668604312962854e-01 2.522707534589961175e-03
9.422282925640454443e-02 -9.955455382162724520e-01 3.338519646137253806e-03
9.323960515457521692e-02 -9.956350743779602830e-01 4.144953699831832941e-03
9.212801766169978479e-02 -9.957349157705209786e-01 4.940833265966053378e-03
9.089033267368371027e-02 -9.958444546361636673e-01 5.724994990391140369e-03
8.952899972953168306e-02 -9.959630326484760765e-01 6.496290556250234292e-03
8.804664927410368880e-02 -9.960899452383648045e-01 7.253588638681227746e-03
8.644608961698206639e-02 -9.962244461766575077e-01 7.995776848782932406e-03
8.473030358242809867e-02 -9.963657523857191167e-01 8.721763663097244212e-03
8.290244484599400276e-02 -9.965130489508877698e-01 9.430480334826858713e-03
8.096583395405931860e-02 -9.966654943011586942e-01 1.012088278298318815e-02
7.892395402337726296e-02 -9.968222255273421206e-01 1.079195345564274572e-02
7.678044611864305591e-02 -9.969823638049117864e-01 1.144270316348274842e-02
7.453910430712640256e-02 -9.971450198879476812e-01 1.207217287976831976e-02
7.220387039053750844e-02 -9.973092996399791632e-01 1.267943550297471848e-02
6.977882831551167342e-02 -9.974743095671464443e-01 1.326359757824869048e-02
6.726819826539139069e-02 -9.976391623189395652e-01 1.382380097394349423e-02
6.467633043734573317e-02 -9.978029821218432627e-01 1.435922450950257237e-02
6.200769851028273966e-02 -9.979649101115130039e-01 1.486908553101721348e-02
5.926968358520263991e-02 -9.981240019336188318e-01 1.534886243814454626e-02
5.646749077982994580e-02 -9.982794409536508429e-01 1.579830602474403475e-02
5.360633963770600890e-02 -9.984304523951037513e-01 1.621722267475565402e-02
5.069145519189922899e-02 -9.985763069819576510e-01 1.660547337198485518e-02
4.772805918004649484e-02 -9.987163241766733313e-01 1.696297263474131137e-02
4.472136142548509968e-02 -9.988498750071335142e-01 1.728968737960739216e-02
4.167655139910262513e-02 -9.989763844789045777e-01 1.758563571865492253e-02
3.859878997629678787e-02 -9.990953335720488271e-01 1.785088569445785270e-02
3.549320140309853572e-02 -9.992062608244607347e-01 1.808555395726406737e-02
3.236486548507158667e-02 -9.993087635063290231e-01 1.828980438869183892e-02
2.921881001206339326e-02 -9.994024983928112560e-01 1.846384667630562165e-02
2.606000343125105048e-02 -9.994871821443527260e-01 1.860793484340241000e-02
2.289334778020681721e-02 -9.995625913062622381e-01 1.872236573830404066e-02
1.972367189090883446e-02 -9.996285619411749979e-01 1.880747748740339148e-02
1.655572487475113000e-02 -9.996849889098745612e-01 1.886364791615363981e-02
1.339416989767200014e-02 -9.997318248176093602e-01 1.889129294212061813e-02
1.024357825353044982e-02 -9.997690786445155853e-01 1.889086494413933642e-02
7.108423742826529453e-03 -9.997968140800540526e-01 1.886285111152765162e-02
3.993077362792949586e-03 -9.998151475824700318e-01 1.880777177721391566e-02
9.018023137925524312e-04 -9.998242461852065999e-01 1.872617873853158615e-02
-2.161250674150947283e-03 -9.998243250729338394e-01 1.861865356932352472e-02
-5.192047691973029205e-03 -9.998156449504090881e-01 1.848580592688254393e-02
-8.186675677729666686e-03 -9.997985092277589247e-01 1.832827185713356566e-02
-1.114134611778209993e-02 -9.997732610459771907e-01 1.814671210133750670e-02
-1.405239842355610058e-02 -9.997402801664718730e-01 1.794181040746822831e-02
-1.691630298546425645e-02 -9.996999797483767658e-01 1.771427184928254378e-02
-1.972966390657873020e-02 -9.996528030370757101e-01 1.746482115596994025e-02
-2.248922141959559112e-02 -9.995992199869815353e-01 1.719420105513418812e-02
-2.519185399153429927e-02 -9.995397238410732577e-01 1.690317063172382811e-02
-2.783458012146215743e-02 -9.994748276890402794e-01 1.659250370539343614e-02
-3.041455983731940552e-02 -9.994050610251129507e-01 1.626298722864288546e-02
-3.292909589864254777e-02 -9.993309663257944342e-01 1.591541970794839791e-02
-3.537563471263907577e-02 -9.992530956667543540e-01 1.555060964996698471e-02
-3.775176697165417289e-02 -9.991720073971126492e-01 1.516937403476581632e-02
-4.005522802058841120e-02 -9.990882628882431504e-01 1.477253681790004214e-02
-4.228389796327437777e-02 -9.990024233730728787e-01 1.436092746303723258e-02
-4.443580151720063348e-02 -9.989150468906519142e-01 1.393537950670398207e-02
-4.650910762628401168e-02 -9.988266853495331166e-01 1.349672915661057418e-02
-4.850212884163832699e-02 -9.987378817222398730e-01 1.304581392489318620e-02
-5.041332048047095227e-02 -9.986491673818224113e-01 1.258347129749988122e-02
-5.224127957336163058e-02 -9.985610595902170150e-01 1.211053744083684380e-02
-5.398474361024323265e-02 -9.984740591468400650e-01 1.162784594668491225e-02
-5.564258909541588277e-02 -9.983886482045732924e-01 1.113622661629349274e-02
-5.721382992188750460e-02 -9.983052882590385257e-01 1.063650428445944013e-02
-5.869761557524964812e-02 -9.982244183158255346e-01 1.012949768430235209e-02
-6.009322917717182383e-02 -9.981464532391322031e-01 9.616018353355000256e-03
-6.140008537843452685e-02 -9.980717822841065345e-01 9.096869581498152196e-03
-6.261772811122559568e-02 -9.980007678140512262e-01 8.572845401182787456e-03
