1.000000000000000000e+00 0.000000000000000000e+00 0.000000000000000000e+00
9.999999971509639929e-01 -3.268807397730754538e-05 6.804127722857087755e-05
9.999999725524865157e-01 -1.156560189604336787e-04 2.037621366400177057e-04
9.999998818064065320e-01 -2.663910156415785725e-04 4.067233794857012200e-04
9.999996451060760849e-01 -5.022556113381443409e-04 6.764089942313421993e-04
9.999991345069170201e-01 -8.404678656219106460e-04 1.012226915930959517e-03
9.999981584889310327e-01 -1.298081656344076502e-03 1.413509846324727606e-03
9.999964439394106730e-01 -1.891967134870860181e-03 1.879516126055415367e-03
9.999936157010332893e-01 -2.638791309295228892e-03 2.409430649749414160e-03
9.999891738467758806e-01 -3.554998723444400491e-03 3.002365814309103549e-03
9.999824688586553822e-01 -4.656792187922841227e-03 3.657362490634687765e-03
9.999726749021867755e-01 -5.960113507499870643e-03 4.373391009152482502e-03
9.999587614026658189e-01 -7.480624137170002741e-03 5.149352149984983903e-03
9.999394631429701086e-01 -9.233685687496349936e-03 5.984078129363039691e-03
9.999132491155579006e-01 -1.123434018871597405e-02 6.876333574954055818e-03
9.998782903737792882e-01 -1.349729001287016186e-02 7.824816484159174620e-03
9.998324271395434559e-01 -1.603687734425340156e-02 8.828159161108120254e-03
9.997731354358501132e-01 -1.886706308108231436e-02 9.884929130038903888e-03
9.996974935237259441e-01 -2.200140504579422771e-02 1.099363002497128275e-02
9.996021484337250795e-01 -2.545303537810989294e-02 1.215270245804267804e-02
9.994832828923568835e-01 -2.923463698423796331e-02 1.336052487154261795e-02
9.993365829535610922e-01 -3.335841891764473183e-02 1.461541438152038491e-02
9.991572066546055009e-01 -3.783609057192355296e-02 1.591562762380875629e-02
9.989397540244332463e-01 -4.267883457470943165e-02 1.725936161635715366e-02
9.986782387804002958e-01 -4.789727828349782390e-02 1.864475465484742925e-02
9.983660620563303834e-01 -5.350146379980658118e-02 2.006988726161696227e-02
9.979959885106520767e-01 -5.950081643748474786e-02 2.153278321087342267e-02
9.975601251677799208e-01 -6.590411160418772896e-02 2.303141065598567072e-02
9.970499033485389351e-01 -7.271944008211211896e-02 2.456368338720370942e-02
9.964560640459289020e-01 -7.995417172495355995e-02 2.612746225042117051e-02
9.957686471004694173e-01 -8.761491762258072358e-02 2.772055675946820744e-02
9.949769845242990574e-01 -9.570749082288695919e-02 2.934072693582991456e-02
9.940696983146541932e-01 -1.042368657413757366e-01 3.098568541054469092e-02
9.930347030848204470e-01 -1.132071364328457452e-01 3.265309982326801419e-02
9.918592138236491662e-01 -1.226214739455511876e-01 3.434059555301289396e-02
9.905297590727778489e-01 -1.324820830257979754e-01 3.604575881382650338e-02
9.890321997833496637e-01 -1.427901584893639941e-01 3.776614014656829582e-02
9.873517540809099158e-01 -1.535458416245570612e-01 3.949925833496364252e-02
9.854730281279591164e-01 -1.647481770392006661e-01 4.124260477017659132e-02
9.833800532281637974e-01 -1.763950704093203981e-01 4.299364828324962057e-02
9.810563292643998956e-01 -1.884832476296672832e-01 4.474984045888997369e-02
9.784848745047032281e-01 -2.010082159042661520e-01 4.650862143725542630e-02
9.756482817460896406e-01 -2.139642273476849432e-01 4.826742620264584671e-02
9.725287806965242643e-01 -2.273442456934393063e-01 5.002369134940633233e-02
9.691083064207317577e-01 -2.411399167236521202e-01 5.177486230598613015e-02
9.653685735969118609e-01 -2.553415430426118071e-01 5.351840098809908935e-02
9.612911562498627216e-01 -2.699380638151544498e-01 5.525179384144883465e-02
9.568575725428246637e-01 -2.849170400779102441e-01 5.697256022369746181e-02
9.520493741270572574e-01 -3.002646462066785871e-01 5.867826106448003481e-02
9.468482394664436974e-01 -3.159656680860305489e-01 6.036650773153160593e-02
9.412360704761192354e-01 -3.320035084774684009e-01 6.203497102065239077e-02
9.351950917411843145e-01 -3.483602000201982407e-01 6.368139017755707065e-02
9.287079515159821774e-01 -3.650164262242303059e-01 6.530358185091035550e-02
9.217578236481689391e-01 -3.819515507299250934e-01 6.689944886831676596e-02
9.143285095267948970e-01 -3.991436550124258797e-01 6.846698872097238542e-02
9.064045391215950209e-01 -4.165695846052129281e-01 7.000430163834608921e-02
8.979712701632004412e-01 -4.342050038061741613e-01 7.150959813185596425e-02
8.890149845122676808e-01 -4.520244587143316672e-01 7.298120588622414306e-02
8.795229807804849642e-01 -4.700014483281657607e-01 7.441757587916696115e-02
8.694836622985204766e-01 -4.881085033200280310e-01 7.581728761439041064e-02
8.588866195752711263e-01 -5.063172719882345074e-01 7.717905335953877122e-02
8.477227064587782301e-01 -5.245986127819334266e-01 7.850172128975105301e-02
8.359841092909559013e-01 -5.429226926965423639e-01 7.978427744871428862e-02
8.236644084443757174e-01 -5.612590907520930150e-01 8.102584645240266947e-02
8.107586317378583374e-01 -5.795769056956127097e-01 8.222569087583329883e-02
7.972632993462099860e-01 -5.978448670137691545e-01 8.338320927987696862e-02
7.831764599454114073e-01 -6.160314483050657319e-01 8.449793285311316127e-02
7.684977179649643553e-01 -6.341049820430610939e-01 8.556952066255413270e-02
7.532282519507557117e-01 -6.520337747640294612e-01 8.659775352640032564e-02
7.373708241714844736e-01 -6.697862217342512858e-01 8.758252654143520999e-02
7.209297817261796082e-01 -6.873309201932109591e-01 8.852384031682751508e-02
7.039110495265255008e-01 -7.046367803283144493e-01 8.942179098460502351e-02
6.863221156327280470e-01 -7.216731332127169773e-01 9.027655907454404383e-02
6.681720095129478620e-01 -7.384098350283857526e-01 9.108839735736655452e-02
6.494712738717318690e-01 -7.548173669991161683e-01 9.185761777468565148e-02
6.302319307506986101e-01 -7.708669305700440733e-01 9.258457758687207995e-02
6.104674426437801671e-01 -7.865305374881833567e-01 9.326966488077366446e-02
5.901926693889403275e-01 -8.017810945594494587e-01 9.391328358790611286e-02
5.694238215983642437e-01 -8.165924829782545968e-01 9.451583817030805024e-02
5.481784113700699512e-01 -8.309396322428663773e-01 9.507771813573050179e-02
5.264752009866575655e-01 -8.447985887802382798e-01 9.559928254627610145e-02
5.043341502528889686e-01 -8.581465795051056444e-01 9.608084468512388676e-02
4.817763630547937659e-01 -8.709620706272270807e-01 9.652265704471212071e-02
4.588240336411966158e-01 -8.832248220955292162e-01 9.692489679686971948e-02
4.355003930364150788e-01 -8.949159381267582924e-01 9.728765190106539174e-02
4.118296558930685802e-01 -9.060179143076452224e-01 9.761090800136482115e-02
3.878369679892927357e-01 -9.165146817825902126e-01 9.789453625602813347e-02
3.635483544680827572e-01 -9.263916490429422446e-01 9.813828223610464307e-02
3.389906688109253219e-01 -9.356357418190039965e-01 9.834175602103115144e-02
3.141915424362048959e-01 -9.442354415422902214e-01 9.850442361022872240e-02
2.891793347178849838e-01 -9.521808227940635749e-01 9.862559976010476515e-02
2.639830831343055184e-01 -9.594635900879248114e-01 9.870444234575312392e-02
2.386324531830652795e-01 -9.660771142507702525e-01 9.873994833602542376e-02
2.131576876380884555e-01 -9.720164685696084383e-01 9.873095145951031604e-02
1.875895546810594505e-01 -9.772784647637275945e-01 9.867612162726807634e-02
1.619592944130879286e-01 -9.818616887249825842e-01 9.857396616587073279e-02
1.362985632450366136e-01 -9.857665358462268657e-01 9.842283290132364248e-02
1.106393756773259435e-01 -9.889952456320614260e-01 9.822091512072272934e-02
8.501404301273189634e-02 -9.915519351601993492e-01 9.796625842396657069e-02
5.945510859878155863e-02 -9.934426308390477134e-01 9.765676946244457313e-02
3.399527926941996181e-02 -9.946752977908767113e-01 9.729022654533928116e-02
8.667352747765293824e-03 -9.952598660834574007e-01 9.686429207702425270e-02
-1.649585911843443747e-02 -9.952082529395457344e-01 9.637652677106656185e-02
-4.146161129153572156e-02 -9.945343799761610093e-01 9.582440556766329276e-02
-6.619731051310691339e-02 -9.932541844671458620e-01 9.520533516212049963e-02
-9.067060402266599595e-02 -9.913856235855682542e-01 9.451667303244647156e-02
-1.148494715856545889e-01 -9.889486705693221191e-01 9.375574783456427919e-02
-1.387023202318028170e-01 -9.859653017654875784e-01 9.291988101439362102e-02
-1.621980809480845220e-01 -9.824594735477323315e-01 9.200640946750214544e-02
-1.853063064195798748e-01 -9.784570881667224995e-01 9.101270905961421354e-02
-2.079972687714965740e-01 -9.739859476858837573e-01 8.993621880545170366e-02
-2.302420561411349098e-01 -9.690756952728606377e-01 8.877446548963914552e-02
-2.520126668043919937e-01 -9.637577432588066983e-01 8.752508850219904712e-02
-2.732820995018994115e-01 -9.580651875405596929e-01 8.618586465293183452e-02
-2.940244385590626841e-01 -9.520327080814126042e-01 8.475473272410759262e-02
-3.142149323755203949e-01 -9.456964554604951889e-01 8.322981751971554598e-02
-3.338300638755277716e-01 -9.390939236240748444e-01 8.160945317225443141e-02
-3.528476115632840915e-01 -9.322638091992643261e-01 7.989220547483036339e-02
-3.712466999170747073e-01 -9.252458579363219693e-01 7.807689301716554120e-02
-3.890078379830370636e-01 -9.180806990444956295e-01 7.616260691889316370e-02
-4.061129451920382771e-01 -9.108096683728743592e-01 7.414872897196808643e-02
-4.225453636191275897e-01 -9.034746215569989802e-01 7.203494802577983802e-02
-4.382898561308029572e-01 -8.961177383996097312e-01 6.982127447311281543e-02
-4.533325901164512173e-01 -8.887813198762005706e-01 6.750805272185099459e-02
-4.676611067714880332e-01 -8.815075792502260477e-01 6.509597156557772601e-02
-4.812642761849614814e-01 -8.743384288471518495e-01 6.258607239522294419e-02
-4.941322387772265068e-01 -8.673152640704505645e-01 5.997975522287322253e-02
-5.062563339269866569e-01 -8.604787462467047288e-01 5.727878251700090767e-02
-5.176290169146923192e-01 -8.538685858629262437e-01 5.448528087493087479e-02
-5.282437655842614488e-01 -8.475233277098570550e-01 5.160174058265779018e-02
-5.380949783809338971e-01 -8.414801393741841995e-01 4.863101313355298883e-02
-5.471778656538548447e-01 -8.357746044348816072e-01 4.557630679557712200e-02
-5.554883363123761519e-01 -8.304405216194858941e-01 4.244118033099923692e-02
-5.630228820904724651e-01 -8.255097110705904573e-01 3.922953498312305165e-02
-5.697784618002593726e-01 -8.210118287668791703e-01 3.594560485110606662e-02
-5.757523880403798699e-01 -8.169741900421437775e-01 3.259394577675580468e-02
-5.809422188657988873e-01 -8.134216030550467380e-01 2.917942286648355504e-02
-5.853456569209193328e-01 -8.103762129863647523e-01 2.570719676781415414e-02
-5.889604584872605297e-01 -8.078573576826472147e-01 2.218270881353692769e-02
-5.917843548002588161e-01 -8.058814354281685910e-01 1.861166513838116016e-02
-5.938149878477376742e-01 -8.044617855120377303e-01 1.500001986372064867e-02
-5.950498626765091670e-01 -8.036085822643479482e-01 1.135395743600275606e-02
-5.954863180052034632e-01 -8.033287432629359071e-01 7.679874195105301435e-03
-5.951215166730947637e-01 -8.036258524579535933e-01 3.984359240363746085e-03
-5.939524571492365013e-01 -8.045000990210280367e-01 2.741746552260308431e-04
-5.919760069869940411e-01 -8.059482327941169810e-01 -3.443764853072781452e-03
-5.891889587400082062e-01 -8.079635372840670016e-01 -7.162412844356260203e-03
-5.855881084612862830e-01 -8.105358212153814801e-01 -1.087461251145484774e-02
-5.811703564927129806e-01 -8.136514297083137226e-01 -1.457311846190718560e-02
-5.759328298237275101e-01 -8.172932761844007299e-01 -1.825061884926435299e-02
-5.698730248618959493e-01 -8.214408961093480066e-01 -2.189975777847205304e-02
-5.629889690220137854e-01 -8.260705236566124876e-01 -2.551315789833892567e-02
-5.553135975849645689e-01 -8.311349599647808173e-01 -2.900858598921829401e-02
-5.468636830697561901e-01 -8.365952033737383831e-01 -3.238194120458552649e-02
-5.376566360771386499e-01 -8.424107586615334764e-01 -3.562960204415744486e-02
-5.277106352543941004e-01 -8.485399570360957489e-01 -3.874842958328498371e-02
-5.170447433826717010e-01 -8.549402750432851805e-01 -4.173576823033223193e-02
-5.056790070022978423e-01 -8.615686502564090521e-01 -4.458944390995134288e-02
-4.936345374788610463e-01 -8.683817915130812581e-01 -4.730775960550680920e-02
-4.809335719223695182e-01 -8.753364814042993158e-01 -4.988948823323566956e-02
-4.675995128914640087e-01 -8.823898687044442468e-01 -5.233386286284091859e-02
-4.536569463322964180e-01 -8.894997484639353136e-01 -5.464056434275367524e-02
-4.391316377051772690e-01 -8.966248275705318571e-01 -5.680970643184553998e-02
-4.240505067299227271e-01 -9.037249737204404720e-01 -5.884181858150155930e-02
-4.084415816224354900e-01 -9.107614459238837501e-01 -6.073782655131726438e-02
-3.923339340912144202e-01 -9.176971048969638778e-01 -6.249903107702360627e-02
-3.757575967056341892e-01 -9.244966019561244863e-01 -6.412708483951273797e-02
-3.587434645322779003e-01 -9.311265453254877755e-01 -6.562396800819371434e-02
-3.413231831576750142e-01 -9.375556430820796150e-01 -6.699196264975380843e-02
-3.235290253739039890e-01 -9.437548222901813721e-01 -6.823362630440207854e-02
-3.053937588980921713e-01 -9.496973242044124408e-01 -6.935176503574977391e-02
-2.869505075302140606e-01 -9.553587757426336147e-01 -7.034940625780936041e-02
-2.682326081297555231e-01 -9.607172377360335691e-01 -7.122977163356497554e-02
-2.492734657162061496e-01 -9.657532307474897548e-01 -7.199625032477104114e-02
-2.301064088774843752e-01 -9.704497395043614194e-01 -7.265237285281363200e-02
-2.107645475116004530e-01 -9.747921972135311641e-01 -7.320178580647460076e-02
-1.912806347378556704e-01 -9.787684512114547264e-01 -7.364822760519307288e-02
-1.716869346025301779e-01 -9.823687115483299426e-01 -7.399550549687052003e-02
-1.520150969780151573e-01 -9.855854842127466098e-01 -7.424747393834989218e-02
-1.322960408209679917e-01 -9.884134907720640850e-01 -7.440801447530626112e-02
-1.125598467209571463e-01 -9.908495762360972625e-01 -7.448101720723161734e-02
-9.283565944207916587e-02 -9.928926069501826657e-01 -7.447036389320144112e-02
-7.315160094115999434e-02 -9.945433602917432836e-01 -7.437991272578767243e-02
-5.353469414144708394e-02 -9.958044078859553672e-01 -7.421348477432571089e-02
-3.401079755326751053e-02 -9.966799939752108983e-01 -7.397485207512800864e-02
-1.460455066517030512e-02 -9.971759104780495431e-01 -7.366772732542303803e-02
4.660670118064844797e-03 -9.972993701603258820e-01 -7.329575511993442760e-02
2.376278533990265965e-02 -9.970588792186313443e-01 -7.286250465415332334e-02
4.268103661277694583e-02 -9.964641104471638755e-01 -7.237146380646090893e-02
6.139600153257486481e-02 -9.955257780277205759e-01 -7.182603450221923536e-02
7.988959998855756084e-02 -9.942555148512676189e-01 -7.122952925660115675e-02
9.814509251641870269e-02 -9.926657531511451360e-01 -7.058516878906156977e-02
1.161470713717394077e-01 -9.907696091044826403e-01 -6.989608060072091678e-02
1.338814450160098202e-01 -9.885807719414853034e-01 -6.916529840627504144e-02
1.513354167095436742e-01 -9.861133979931310245e-01 -6.839576231409316698e-02
1.684974578969014869e-01 -9.833820100073534798e-01 -6.759031965164652433e-02
1.853572770526950020e-01 -9.804014019724903717e-01 -6.675172633806282507e-02
2.019057846306047677e-01 -9.771865496048665056e-01 -6.588264871117577304e-02
2.181350547277109142e-01 -9.737525265848395728e-01 -6.498566572270379760e-02
2.340382840412691401e-01 -9.701144265622206886e-01 -6.406327142193751767e-02
2.496097486571531576e-01 -9.662872908973112462e-01 -6.311787765535319117e-02
2.648447591694575998e-01 -9.622860420573570162e-01 -6.215181691673501985e-02
2.797306130457594131e-01 -9.581305944894685789e-01 -6.112748526796515924e-02
2.942527742739663443e-01 -9.538396689572936626e-01 -6.004341811000123152e-02
3.083970020751435892e-01 -9.494326211145932559e-01 -5.889828729683406483e-02
3.221493873485040127e-01 -9.449293899540107677e-01 -5.769091147414950188e-02
3.354963863094568288e-01 -9.403504395956762130e-01 -5.642026600970766886e-02
3.484248508874525085e-01 -9.357166945975416983e-01 -5.508549244100136022e-02
3.609220554952912718e-01 -9.310494690374389037e-01 -5.368590736851587553e-02
3.729757198359051618e-01 -9.263703896827718554e-01 -5.222101072666905652e-02
3.845740274758191468e-01 -9.217013136264377016e-01 -5.069049336919932008e-02
3.957056399857373785e-01 -9.170642408260417655e-01 -4.909424391130452758e-02
4.063597065269742847e-01 -9.124812220368745397e-01 -4.743235477710601444e-02
4.165258688465259262e-01 -9.079742626767395297e-01 -4.570512740789299533e-02
4.261942617320511606e-01 -9.035652232020160435e-01 -4.391307659394980134e-02
4.353555090693391194e-01 -8.992757166089624388e-01 -4.205693390042973545e-02
4.440007157372917734e-01 -8.951270037020516712e-01 -4.013765016555604498e-02
4.521214556672775720e-01 -8.911398867921423994e-01 -3.815639705724535591e-02
4.597097564830865957e-01 -8.873346025017639915e-01 -3.611456768190907801e-02
4.667580812228076526e-01 -8.837307143631778494e-01 -3.401377624655270437e-02
4.732593077229469980e-01 -8.803470058977594936e-01 -3.185585678223550044e-02
4.792067063162771534e-01 -8.772013748633638031e-01 -2.964286094336882060e-02
4.845939165566037765e-01 -8.743107293505201216e-01 -2.737705490313790957e-02
4.894149237343637382e-01 -8.716908863994403678e-01 -2.506091537047397746e-02
4.936640359853727289e-01 -8.693564737988193070e-01 -2.269712475845258801e-02
4.973358628199705533e-01 -8.673208357151259706e-01 -2.028856553775077592e-02
5.004252959103123732e-01 -8.655959427883188617e-01 -1.783831381188550474e-02
5.029274929688961615e-01 -8.641923073173332082e-01 -1.534963215343166515e-02
5.048378655311107632e-01 -8.631189041467818290e-01 -1.282596174235179146e-02
5.061520714183825875e-01 -8.623830978553904680e-01 -1.027091384905188913e-02
5.068660126064011839e-01 -8.619905768368266719e-01 -7.688260705910169440e-03
5.069758391551798526e-01 -8.619452948546129090e-01 -5.081925811915945224e-03
5.064779597748753082e-01 -8.622494206443248599e-01 -2.455973715811791101e-03
5.053690595041435696e-01 -8.629032961275974190e-01 1.854006761458724256e-04
5.036461248673921309e-01 -8.639054037926972018e-01 2.837883220916769065e-03
5.013064767549116896e-01 -8.652523437844656939e-01 5.497052040108180333e-03
4.983478111370995833e-01 -8.669388212310173980e-01 8.158389353253697393e-03
4.947682475826311044e-01 -8.689576443142928985e-01 1.081729359283747915e-02
4.905663854025501536e-01 -8.712997335649509401e-01 1.346909174954674313e-02
4.857413670901011282e-01 -8.739541428276708102e-01 1.610905189470000429e-02
4.802929485721842418e-01 -8.769080922993125471e-01 1.873239582522368343e-02
4.742215756352272105e-01 -8.801470139882769939e-01 2.133431177504581736e-02
4.675284657388002474e-01 -8.836546098777524616e-01 2.390996713547998212e-02
4.602156942873295020e-01 -8.874129229975212807e-01 2.645452112624296567e-02
4.522862842966904884e-01 -8.914024215181616251e-01 2.896313735835829434e-02
4.437442982711804484e-01 -8.956020958777253238e-01 3.143099623052093838e-02
4.345949310001809285e-01 -8.999895688346288836e-01 3.385330710170832841e-02
4.248446018953868086e-01 -9.045412182123400147e-01 3.622532018507588353e-02
4.145010454212270101e-01 -9.092323119627030437e-01 3.854233811160192452e-02
4.035733981251744540e-01 -9.140371550271018108e-01 4.079972711664148904e-02
3.920722807528129183e-01 -9.189292473202055334e-01 4.299292780855861612e-02
3.800098739361503775e-01 -9.238814520022579080e-01 4.511746548592658612e-02
3.673999859736081230e-01 -9.288661730455528565e-01 4.716895997834828769e-02
3.542581112767316798e-01 -9.338555409419376785e-01 4.914313499562460164e-02
3.406014781417568971e-01 -9.388216052441116233e-01 5.103582698059184325e-02
3.264490846129696200e-01 -9.437365324874343875e-01 5.284299347220343390e-02
3.118217213379994579e-01 -9.485728079042060612e-01 5.456072099703202644e-02
2.967419804709297004e-01 -9.533034392220804953e-01 5.618523251895569254e-02
2.812342498550358116e-01 -9.579021607354109014e-01 5.771289448796902005e-02
2.653246919102673074e-01 -9.623436357555705811e-01 5.914022353940997373e-02
2.490412068580714344e-01 -9.666036554859914753e-01 6.046389290399539762e-02
2.324133801343000183e-01 -9.706593323317425082e-01 6.168073859650442109e-02
2.154724140659889653e-01 -9.744892856434079764e-01 6.278776545636584328e-02
1.982510441158301662e-01 -9.780738179118236841e-01 6.378215311646896757e-02
1.807834402251689287e-01 -9.813950794743928618e-01 6.466126197697093236e-02
1.631050940083449974e-01 -9.844372198652431294e-01 6.542263925854428785e-02
1.452526927642105448e-01 -9.871865240399346764e-01 6.606402520431625680e-02
1.272639814708918515e-01 -9.896315318298443131e-01 6.658335949171843848e-02
1.091776141136897582e-01 -9.917631391303629584e-01 6.697878790472103216e-02
9.103299586005658695e-02 -9.935746794988655761e-01 6.724866930370200502e-02
7.287011773675378112e-02 -9.950619850308917158e-01 6.739158291483210439e-02
5.472938557982348629e-02 -9.962234255936112115e-01 6.740633594376337079e-02
3.665144511551138296e-02 -9.970599257216513633e-01 6.729197150008894845e-02
1.867700508777760462e-02 -9.975749587186611977e-01 6.704777680005086227e-02
8.466603739964995157e-04 -9.977745177553087874e-01 6.667329159590042187e-02
-1.679928297617135774e-02 -9.976670640072715646e-01 6.616831676176720967e-02
-3.422097888347315486e-02 -9.972634521315995038e-01 6.553292294846171928e-02
-5.137920674085131451e-02 -9.965768336329166033e-01 6.476745920388281286e-02
-6.823552955707945511e-02 -9.956225389185864305e-01 6.387256144212734299e-02
-8.475244316141886114e-02 -9.944179390805458763e-01 6.284916063343205794e-02
-1.008935150541854647e-01 -9.929822886674800619e-01 6.169849057904975426e-02
-1.166235116806029065e-01 -9.913365509210481097e-01 6.042209513029929424e-02
-1.319085131213981743e-01 -9.895032071409246566e-01 5.902183470944475513e-02
-1.467160144294889224e-01 -9.875060520128285946e-01 5.749989199174891652e-02
-1.610150130934642765e-01 -9.853699768792371083e-01 5.585877661289195828e-02
-1.747760823705209743e-01 -9.831207430524143698e-01 5.410132877372377663e-02
-1.879714304988168438e-01 -9.807847473625814771e-01 5.223072162471019408e-02
-2.005749460662646644e-01 -9.783887821999716072e-01 5.025046232504486871e-02
-2.125622300738458093e-01 -9.759597923482469239e-01 4.816439168577991981e-02
-2.239106154807540827e-01 -9.735246309189813374e-01 4.597668232199297184e-02
-2.345991752503543970e-01 -9.711098166839123857e-01 4.369183525546035257e-02
-2.446087201245615295e-01 -9.687412950652026788e-01 4.131467492605989111e-02
-2.539217875346969078e-01 -9.664442049862151940e-01 3.885034258672964702e-02
-2.625226232045662078e-01 -9.642426537087975813e-01 3.630428807285993736e-02
-2.703971571124660356e-01 -9.621595016904544995e-01 3.368225995216059948e-02
-2.775329755498759932e-01 -9.602161593887807989e-01 3.099029407506723871e-02
-2.839192910433785411e-01 -9.584323978237367925e-01 2.823470055845597390e-02
-2.895469118914478224e-01 -9.568261745831433407e-01 2.542204924673832980e-02
-2.944082130087163351e-01 -9.554134768251628662e-01 2.255915370429956851e-02
-2.984971096677238034e-01 -9.542081826950593593e-01 1.965305380179124470e-02
-3.018090355835546523e-01 -9.532219424331996871e-01 1.671099696611898916e-02
-3.043409266027639615e-01 -9.524640803074958528e-01 1.374041817025172668e-02
-3.060912110381380224e-01 -9.519415183561302785e-01 1.074891874441863404e-02
-3.070598074396248545e-01 -9.516587227747583810e-01 7.744244095064762440e-03
-3.072481303145542242e-01 -9.516176736252546231e-01 4.734260422305959851e-03
-3.066591040131723123e-01 -9.518178583789355107e-01 1.726930530733503371e-03
-3.052971846853470006e-01 -9.522562896342962047e-01 -1.269711167596257809e-03
-3.031683898984066095e-01 -9.529275471658492647e-01 -4.247584355208063045e-03
-3.002803351922259112e-01 -9.538238442650073257e-01 -7.198589109581664085e-03
-2.966422765438801457e-01 -9.549351181248041387e-01 -1.011463269126574964e-02
-2.922651574285459186e-01 -9.562491437968371200e-01 -1.298765670540541310e-02
-2.871616589037985778e-01 -9.577516710110922649e-01 -1.580966451890116961e-02
-2.813462509186771543e-01 -9.594265828981005662e-01 -1.857274881242634845e-02
-2.748352428639388445e-01 -9.612560753899844768e-01 -2.126911914420793678e-02
-2.676468312421053652e-01 -9.632208558052481884e-01 -2.389112940103495578e-02
-2.598011422505119850e-01 -9.653003588455812967e-01 -2.643130501159752371e-02
-2.513202670416893603e-01 -9.674729779564473775e-01 -2.888236979814665442e-02
-2.422282874557121213e-01 -9.697163097327170522e-01 -3.123727234471950290e-02
-2.325512901097525620e-01 -9.720074087927262907e-01 -3.348921176385435267e-02
-2.223173668804006575e-01 -9.743230503061195424e-01 -3.563166274880859991e-02
-2.115566000220306386e-01 -9.766399971501631416e-01 -3.765839980469801174e-02
-2.003010304255137819e-01 -9.789352684933935178e-01 -3.956352055952628427e-02
-1.885846078300930651e-01 -9.811864064716767642e-01 -4.134146806452874273e-02
-1.764431221498502789e-01 -9.833717375365407243e-01 -4.298705200231345974e-02
-1.639141154561002123e-01 -9.854706250246089150e-01 -4.449546873060562097e-02
-1.510367745582635868e-01 -9.874637095244783724e-01 -4.586232009862445391e-02
-1.378518045374505230e-01 -9.893331337063664410e-01 -4.708363098188751705e-02
-1.244012839977490376e-01 -9.910627484315587266e-01 -4.815586548921114290e-02
-1.107285031985109219e-01 -9.926382971726285254e-01 -4.907594180257490030e-02
-9.687778660543162890e-02 -9.940475760492495372e-01 -4.984124561612664900e-02
-8.289430173820232228e-02 -9.952805671140936283e-01 -5.044964214479233378e-02
-6.882385648820692203e-02 -9.963295429030114558e-01 -5.089948667568268414e-02
-5.471268732267962204e-02 -9.971891406861368434e-01 -5.118963363681673651e-02
-4.060724097505147984e-02 -9.978564053131584455e-01 -5.131944415775935298e-02
-2.655395233984103598e-02 -9.983308000271766680e-01 -5.128879209582982990e-02
-1.259902134131540667e-02 -9.986141851170330375e-01 -5.109806849987907212e-02
1.211808472718421681e-03 -9.987107647771450436e-01 -5.074818448159656992e-02
1.483346694610967499e-02 -9.986270030360762107e-01 -5.024057246226033835e-02
2.822176742256354842e-02 -9.983715100900253381e-01 -4.957718576114419906e-02
4.133360764004852250e-02 -9.979549008255091946e-01 -4.876049649078242898e-02
5.412715936619758028e-02 -9.973896277280338563e-01 -4.779349172424880721e-02
6.656204503504888070e-02 -9.966897907429925763e-01 -4.667966790075893380e-02
7.859949998535202542e-02 -9.958709269752332727e-01 -4.542302343839839385e-02
9.020251926429233291e-02 -9.949497833800303725e-01 -4.402804952668118443e-02
1.013359883367090514e-01 -9.939440758074550297e-01 -4.249971907693943923e-02
1.119667974173355618e-01 -9.928722379127705722e-01 -4.084347381514887715e-02
1.220639395110398734e-01 -9.917531635373868504e-01 -3.906520950955629651e-02
1.315985925927412037e-01 -9.906059461993378390e-01 -3.717125933420019346e-02
1.405441866746750812e-01 -9.894496193116382177e-01 -3.516837537888059528e-02
1.488764567851206255e-01 -9.883029006746679723e-01 -3.306370832610735361e-02
1.565734831120763615e-01 -9.871839446690936493e-01 -3.086478532581437770e-02
1.636157197417150155e-01 -9.861101054134733257e-01 -2.857948610897272784e-02
1.699860135405064365e-01 -9.850977139505509017e-01 -2.621601739150737284e-02
1.756696147892283788e-01 -9.841618722933378471e-01 -2.378288563000546807e-02
1.806541811761049610e-01 -9.833162669012270873e-01 -2.128886820053144113e-02
1.849297766963056144e-01 -9.825730038721000037e-01 -1.874298308141575733e-02
1.884888668890972174e-01 -9.819424678327136613e-01 -1.615445713018032886e-02
1.913263116768760541e-01 -9.814332061901428483e-01 -1.353269305385420597e-02
1.934393568584921730e-01 -9.810518400746971457e-01 -1.088723518088547879e-02
1.948276250604806248e-01 -9.808030029620619095e-01 -8.227734151738656798e-03
1.954931066729570233e-01 -9.806893076115427155e-01 -5.563910654137220121e-03
1.954401510018574650e-01 -9.807113416000847739e-01 -2.905518337798256544e-03
1.946754575663676157e-01 -9.808676913699372335e-01 -2.623060524012811416e-04
1.932080671705783681e-01 -9.811549943432822385e-01 2.356020438618859451e-03
1.910493520924097799e-01 -9.815680182919414021e-01 4.939837107170256050e-03
1.882130044711121386e-01 -9.820997667869525438e-01 7.479640502822343731e-03
1.847150217469613886e-01 -9.827416091945077037e-01 9.966086610795668252e-03
1.805736878218973385e-01 -9.834834333352769908e-01 1.239002954094006737e-02
1.758095484752744686e-01 -9.843138185880866420e-01 1.474255985688482581e-02
1.704453794904801645e-01 -9.852202269015700731e-01 1.701504234967469997e-02
1.645061459299533846e-01 -9.861892088847374893e-01 1.919915305685256784e-02
1.580189510401088238e-01 -9.872066218858860376e-01 2.128691532633789768e-02
1.510129733736745861e-01 -9.882578567456751228e-01 2.327073472476198085e-02
1.435193908826111198e-01 -9.893280697313477923e-01 2.514343259228201538e-02
1.355712909555303047e-01 -9.904024160315308967e-01 2.689827805036690625e-02
1.272035656427442651e-01 -9.914662811207626270e-01 2.852901827561864570e-02
1.184527916212310961e-01 -9.925055062948823226e-01 3.002990686128431674e-02
1.093570947908178853e-01 -9.935066047364504715e-01 3.139573009857917624e-02
9.995599975041849494e-02 -9.944569645956645720e-01 3.262183102207814184e-02
9.029026476709260673e-02 -9.953450357672501969e-01 3.370413107699302135e-02
8.040170320852915720e-02 -9.961604973060599333e-01 3.463914928085753964e-02
7.033299274896752384e-02 -9.968944027501265293e-01 3.542401876769742108e-02
6.012747396785388804e-02 -9.975393010042189479e-01 3.605650061887518548e-02
4.982894022909909598e-02 -9.980893308722035284e-01 3.653499490118922166e-02
3.948142094760510173e-02 -9.985402878036975238e-01 3.685854884922045577e-02
2.912896051160796668e-02 -9.988896619292136903e-01 3.702686214513883911e-02
1.881539522937741502e-02 -9.991366469867694056e-01 3.704028926502613006e-02
8.584130704317951763e-03 -9.992821202796652313e-01 3.689983887610373547e-02
-1.522077986611776804e-03 -9.993285943374792257e-01 3.660717028397711403e-02
-1.146134102772047164e-02 -9.992801414681169447e-01 3.616458694306062122e-02
-2.119284137844115040e-02 -9.991422928764543965e-01 3.557502705669943893e-02
-3.067703313234573792e-02 -9.989219144741201539e-01 3.484205130615321278e-02
-3.987582903041925197e-02 -9.986270619059856024e-01 3.396982775956388506e-02
-4.875277571349252020e-02 -9.982668176642013336e-01 3.296311402332424700e-02
-5.727321559654127703e-02 -9.978511134440761765e-01 3.182723670893029821e-02
-6.540443455606016754e-02 -9.973905411134715848e-01 3.056806829848104229e-02
-7.311579492954177473e-02 -9.968961558162301451e-01 2.919200150152983023e-02
-8.037885362226430963e-02 -9.963792748097589635e-01 2.770592120504285910e-02
-8.716746539097237900e-02 -9.958512756481548989e-01 2.611717412683843553e-02
-9.345787161768187579e-02 -9.953233972675423757e-01 2.443353629112740913e-02
-9.922877509232952420e-02 -9.948065474131699837e-01 2.266317845271971845e-02
-1.044614014846669825e-01 -9.943111196728489087e-01 2.081462960417972477e-02
-1.091395482999562294e-01 -9.938468231538329922e-01 1.889673870778471251e-02
-1.132496221779799306e-01 -9.934225275660852894e-01 1.691863480164849248e-02
-1.167806654110075809e-01 -9.930461261602098189e-01 1.488968563689463051e-02
-1.197243725260090513e-01 -9.927244186194664755e-01 1.281945501037018084e-02
-1.220750977037829005e-01 -9.924630156285592086e-01 1.071765896513287956e-02
-1.238298536986100623e-01 -9.922662664435568658e-01 8.594121038848606328e-03
-1.249883027837838112e-01 -9.921372103735144332e-01 6.458726748295014197e-03
-1.255527400892067769e-01 -9.920775526611332884e-01 4.321377506334876314e-03
-1.255280695262219193e-01 -9.920876648230505523e-01 2.191944175908126097e-03
-1.249217723213573022e-01 -9.921666090859325715e-01 8.022047365705952532e-05
-1.237438680140966335e-01 -9.923121861383131792e-01 -2.004123556438720203e-03
-1.220068676231278598e-01 -9.925210050159283259e-01 -4.051587771807627081e-03
-1.197257185589968298e-01 -9.927885735560819658e-01 -6.052887628356685978e-03
-1.169177407658327505e-01 -9.931094075003148447e-01 -7.998999106439599882e-03
-1.136025535165528094e-01 -9.934771560003257118e-01 -9.881202622288977680e-03
-1.098019922687957783e-01 -9.938847409956561574e-01 -1.169112567913304507e-02
-1.055400150150631322e-01 -9.943245076888399536e-01 -1.342078401180341052e-02
-1.008425976305283162e-01 -9.947883831499595431e-01 -1.506262098039938546e-02
-9.573761783412916559e-02 -9.952680399427278335e-01 -1.660954497269891833e-02
-9.025472752941898769e-02 -9.957550615824762863e-01 -1.805496458163081963e-02
-8.442521347600649706e-02 -9.962411066159690964e-01 -1.939282133331489757e-02
-7.828184645352598281e-02 -9.967180681557988864e-01 -2.061761975293084637e-02
-7.185871930997735080e-02 -9.971782258089086914e-01 -2.172445456991518864e-02
-6.519107452611064280e-02 -9.976143871086751158e-01 -2.270903488055854222e-02
-5.831512216796214121e-02 -9.980200157905105840e-01 -2.356770510476927441e-02
-5.126784933127506022e-02 -9.983893445379797837e-01 -2.429746259431398575e-02
-4.408682239530831160e-02 -9.987174701642508312e-01 -2.489597177192602248e-02
-3.680998359116851443e-02 -9.990004295750666286e-01 -2.536157470394471633e-02
-2.947544354414507670e-02 -9.992352552757570727e-01 -2.569329803324715139e-02
-2.212127156488652088e-02 -9.994200096264550526e-01 -2.589085622379387608e-02
-1.478528553662182554e-02 -9.995537975061578040e-01 -2.595465109277226776e-02
-7.504843272846141271e-03 -9.996367575066708033e-01 -2.588576763074941500e-02
-3.166372017156691629e-04 -9.996700322307389142e-01 -2.568596613413388213e-02
6.743505828519067054e-03 -9.996557187040118198e-01 -2.535767069732518600e-02
1.364081793094835265e-02 -9.995968003177112537e-01 -2.490395413397780353e-02
2.034177519377978680e-02 -9.994970620886499679e-01 -2.432851941764763160e-02
2.681427293853768865e-02 -9.993609913474733597e-01 -2.363567775159702497e-02
3.302779002316066220e-02 -9.991936662378884115e-01 -2.283032339563274837e-02
3.895354119279053479e-02 -9.990006346239986845e-01 -2.191790539450891306e-02
4.456461668920667224e-02 -9.987877861560598980e-01 -2.090439636765724363e-02
4.983610853594383494e-02 -9.985612203350435756e-01 -1.979625853386022399e-02
5.474522311274329645e-02 -9.983271134429662075e-01 -1.860040715704147987e-02
5.927137981357837038e-02 -9.980915871701482311e-01 -1.732417161071867981e-02
6.339629574164065695e-02 -9.978605816749190893e-01 -1.597525426897043743e-02
6.710405652827815259e-02 -9.976397356595215760e-01 -1.456168744114038141e-02
7.038117346831875010e-02 -9.974342758428723643e-01 -1.309178857606754440e-02
7.321662724040947645e-02 -9.972489179620426247e-01 -1.157411396951015317e-02
7.560189852839663271e-02 -9.970877811461665852e-01 -1.001741121571798898e-02
7.753098588026006988e-02 -9.969543171858047392e-01 -8.430570650876963515e-03
7.900041113788809632e-02 -9.968512558747845143e-01 -6.822576042434237882e-03
8.000921274833215635e-02 -9.967805672376416348e-01 -5.202454784108963108e-03
8.055892723024812851e-02 -9.967434410815304568e-01 -3.579227861655803929e-03
8.065355902371743047e-02 -9.967402839344027266e-01 -1.961859859085132284e-03
8.029953890350249868e-02 -9.967707330588303494e-01 -3.592092789231351134e-04
7.950567109093495399e-02 -9.968336868703637776e-01 1.220020546952438247e-03
7.828306916361107981e-02 -9.969273507478152441e-01 2.767329677538919730e-03
7.664508083979287845e-02 -9.970492969070379186e-01 4.274468635156005066e-03
7.460720170991941291e-02 -9.971965367259132407e-01 5.733484052368300297e-03
7.218697800387531560e-02 -9.973656036620969223e-01 7.136762618537154275e-03
6.940389852137346383e-02 -9.975526447016938025e-01 8.477073056069255041e-03
6.627927591441196142e-02 -9.977535181207541903e-01 9.747605863539529278e-03
6.283611759436749655e-02 -9.979638952357228199e-01 1.094201057231477571e-02
5.909898663972573685e-02 -9.981793637661320329e-01 1.205443027518417892e-02
5.509385320040760536e-02 -9.983955304341838310e-01 1.307953319984733395e-02
5.084793702683584882e-02 -9.986081204814577506e-01 1.401254111689064982e-02
4.638954189124763761e-02 -9.988130718915867456e-01 1.484925439100519100e-02
4.174788280975431226e-02 -9.990066222668060325e-01 1.558607350550571778e-02
3.695290711052447163e-02 -9.991853865119604272e-01 1.622001691348531199e-02
3.203511052055239144e-02 -9.993464237267714045e-01 1.674873509391390861e-02
2.702534955546913309e-02 -9.994872919896979901e-01 1.717052071735070476e-02
2.195465158909053888e-02 -9.996060900273933125e-01 1.748431485334715763e-02
1.685402404806262550e-02 -9.997014850945867837e-01 1.768970917970678208e-02
1.175426421928434627e-02 -9.997727267316943722e-01 1.778694418217171766e-02
6.685771172136235896e-03 -9.998196464127592220e-01 1.777690336146145814e-02
1.678361283506235591e-03 -9.998426434356129100e-01 1.766110349255107723e-02
-3.238911188035688282e-03 -9.998426577308202612e-01 1.744168100832757182e-02
-8.037927099895418592e-03 -9.998211305679363115e-01 1.712137460602258104e-02
-1.269166770604932340e-02 -9.997799544095058444e-01 1.670350419984911391e-02
-1.717437104087448166e-02 -9.997214133986693785e-01 1.619194636687696504e-02
-2.146167835046374622e-02 -9.996481161599083398e-01 1.559110645522174612e-02
-2.553076964970846241e-02 -9.995629227403292072e-01 1.490588754399910926e-02
-2.936048762277091925e-02 -9.994688676182077458e-01 1.414165646315524751e-02
-3.293144922457708068e-02 -9.993690807549160393e-01 1.330420709821343236e-02
-3.622614447737249055e-02 -9.992667086657887054e-01 1.239972122019258015e-02
-3.922902208550468200e-02 -9.991648374361860041e-01 1.143472709450077396e-02
-4.192656161045823365e-02 -9.990664195134180137e-01 1.041605613454383433e-02
-4.430733205464972707e-02 -9.989742059668115237e-01 9.350797876182943141e-03
-4.636203679536972377e-02 -9.988906857315057453e-01 8.246253558091319949e-03
-4.808354488923022307e-02 -9.988180331417965130e-01 7.109888600553910393e-03
-4.946690883310103648e-02 -9.987580648229335001e-01 5.949284281365525492e-03
-5.050936892114089860e-02 -9.987122067525766589e-01 4.772088912229893037e-03
-5.121034438114208803e-02 -9.986814720313587079e-01 3.585968822437428198e-03
-5.157141150949344499e-02 -9.986664496230519550e-01 2.398559458569357594e-03
-5.159626905541301461e-02 -9.986673040455922301e-01 1.217416909480463407e-03
-5.129069113460527768e-02 -9.986837857214454495e-01 4.997016476924564903e-05
-5.066246798297133896e-02 -9.987152514360141398e-01 -1.096525587748152552e-03
-4.972133489498658382e-02 -9.987606941120825699e-01 -2.215034324497970001e-03
-4.847888973097042031e-02 -9.988187808922729394e-01 -3.298782913812282024e-03
-4.694849942425238093e-02 -9.988878983350820695e-01 -4.341302922385646169e-03
-4.514519597407103818e-02 -9.989662033774789895e-01 -5.336470224519802331e-03
-4.308556247309137943e-02 -9.990516786016186979e-01 -6.278542150713961947e-03
-4.078760978912693291e-02 -9.991421902673773836e-01 -7.162191926919377234e-03
-3.827064459774075222e-02 -9.992355475375507279e-01 -7.982540172738760570e-03
-3.555512954398356434e-02 -9.993295613290477108e-01 -8.735183245971962079e-03
-3.266253639520099589e-02 -9.994221012705428731e-01 -9.416218242100204971e-03
-2.961519312981783850e-02 -9.995111493330570696e-01 -1.002226448042517655e-02
-2.643612598627935115e-02 -9.995948488220171013e-01 -1.055048133345290635e-02
-2.314889756883989694e-02 -9.996715475737399936e-01 -1.099858228250901425e-02
-1.977744216970080821e-02 -9.997398343813744814e-01 -1.136484511022781835e-02
-1.634589951745530484e-02 -9.997985678797596254e-01 -1.164811816917922342e-02
-1.287844819766556514e-02 -9.998468973394947223e-01 -1.184782269516904823e-02
-9.399140010981172841e-03 -9.998842750514181921e-01 -1.196395116334364114e-02
-5.931736536435349219e-03 -9.999104602171233758e-01 -1.199706171481865896e-02
-2.499549152018890313e-03 -9.999255144925379701e-01 -1.194826871081256826e-02
8.747162684034125515e-04 -9.999297895535848024e-01 -1.181922949989089311e-02
4.169108812396522812e-03 -9.999239072595352829e-01 -1.161212751163382025e-02
7.362575035781245697e-03 -9.999087331754215047e-01 -1.132965181657277602e-02
1.043509349217873299e-02 -9.998853443750578274e-01 -1.097497331737948972e-02
1.336780034720201800e-02 -9.998549925769448787e-01 -1.055171775984792108e-02
1.614310523625493710e-02 -9.998190637636329425e-01 -1.006393577403536660e-02
1.874479662760684950e-02 -9.997790354990424566e-01 -9.516070175909087381e-03
2.115813605822761123e-02 -9.997364331868561216e-01 -8.912920777895837546e-03
2.336994071640418821e-02 -9.996927865065018404e-01 -8.259606972798720984e-03
2.536865395032083387e-02 -9.996495872225290569e-01 -7.561528369596675833e-03
2.714440338384669499e-02 -9.996082494903715254e-01 -6.824323771661846595e-03
2.868904641844665510e-02 -9.995700736794448371e-01 -6.053828797916118408e-03
2.999620299258003164e-02 -9.995362146068564879e-01 -5.256032455403223703e-03
3.106127555679743385e-02 -9.995076549259286347e-01 -4.437032977681771954e-03
3.188145630402987318e-02 -9.994851842479448578e-01 -3.602993247349388015e-03
3.245572177068929698e-02 -9.994693843980797521e-01 -2.760096122885942818e-03
3.278481499585367970e-02 -9.994606210225808196e-01 -1.914499989845240124e-03
3.287121549387015534e-02 -9.994590415792425908e-01 -1.072294854213880731e-03
3.271909736114315959e-02 -9.994645795622261186e-01 -2.394592914729649306e-04
3.233427590163528986e-02 -9.994769646403159902e-01 5.781814414794425074e-04
3.172414321854011982e-02 -9.994957382293715442e-01 1.374995832879818232e-03
3.089759328233817812e-02 -9.995202738791721941e-01 2.145584793080537733e-03
2.986493704840705726e-02 -9.995498017356405640e-01 2.884818306668258427e-03
2.863780826060170065e-02 -9.995834362444555588e-01 3.587869799292538013e-03
2.722906064049753633e-02 -9.996202061935074434e-01 4.250247975721165722e-03
2.565265722471124152e-02 -9.996590861508786174e-01 4.867825904595350119e-03
2.392355267399002422e-02 -9.996990283426137047e-01 5.436867146234479128e-03
2.205756943643805493e-02 -9.997389940302102707e-01 5.954048742511293749e-03
2.007126870198119167e-02 -9.997779834904242380e-01 6.416480912126310693e-03
1.798181713449342745e-02 -9.998150637678049346e-01 6.821723320365614268e-03
1.580685041042394906e-02 -9.998493934607691758e-01 7.167797819409868140e-03
1.356433462683267338e-02 -9.998802439118145147e-01 7.453197583229670235e-03
1.127242666616540961e-02 -9.999070162979291077e-01 7.676892589787397136e-03
8.949334618795627347e-03 -9.999292542542660422e-01 7.838331432387043302e-03
6.613179366524567920e-03 -9.999466518083143241e-01 7.937439471280945819e-03
4.281858420385765626e-03 -9.999590565485991789e-01 7.974613365762573194e-03
1.972913084113060451e-03 -9.999664680968718411e-01 7.950712055658845992e-03
-2.966000192742425205e-04 -9.999690320914453867e-01 7.867044289104447100e-03
-2.510232065578365916e-03 -9.999670300177466720e-01 7.725352820470864426e-03
-4.652258855787171424e-03 -9.999608653366294231e-01 7.527795428090367294e-03
-6.707790479389238308e-03 -9.999510464584069336e-01 7.276922925739550893e-03
-8.662873016523325864e-03 -9.999381671883985634e-01 6.975654364533212179e-03
-1.050458156065854284e-02 -9.999228853261917793e-01 6.627249642758871288e-03
-1.222110392844708883e-02 -9.999059001346766173e-01 6.235279760113288106e-03
-1.380181451199415446e-02 -9.998879294058078404e-01 5.803594969668379039e-03
-1.523733781965211365e-02 -9.998696868383154523e-01 5.336291095602369722e-03
-1.651960134330109076e-02 -9.998518604092395679e-01 4.837674297211264421e-03
-1.764187748182763707e-02 -9.998350923678582802e-01 4.312224569913015136e-03
-1.859881434125350633e-02 -9.998199614095508725e-01 3.764558281834973642e-03
-1.938645532099648322e-02 -9.998069675010964330e-01 3.199390050110597836e-03
-2.000224748256050275e-02 -9.997965197309612861e-01 2.621494264191134935e-03
-2.044503878122593335e-02 -9.997889274516641445e-01 2.035666564298848746e-03
-2.071506432286173566e-02 -9.997843948698753591e-01 1.446685581615442077e-03
-2.081392188673520521e-02 -9.997830191271236400e-01 8.592752429261105987e-04
-2.074453703114057315e-02 -9.997847918034044046e-01 2.780679362483703954e-04
-2.051111817181106023e-02 -9.997896036709973400e-01 -2.924311745023841199e-04
-2.011910209340017283e-02 -9.997972524295412056e-01 -8.478784084779161399e-04
-1.957509042173507380e-02 -9.998074530686462680e-01 -1.384124136063976957e-03
-1.888677764888323229e-02 -9.998198504334010472e-01 -1.897243406835244159e-03
-1.806287136404855290e-02 -9.998340335128842460e-01 -2.383564404919598628e-03
-1.711300540052224789e-02 -9.998495509335443288e-01 -2.839694518336397053e-03
-1.604764666184112579e-02 -9.998659271187748665e-01 -3.262543829592631697e-03
-1.487799643833846719e-02 -9.998826785733557765e-01 -3.649345857161206182e-03
-1.361588706772535323e-02 -9.998993297662158719e-01 -3.997675401250066173e-03
-1.227367482948976338e-02 -9.999154281162239144e-01 -4.305463372301469860e-03
-1.086412999202371332e-02 -9.999305576319502675e-01 -4.571008506719460331e-03
-9.400324952803098405e-03 -9.999443508156267146e-01 -4.792985901175669285e-03
-7.895521425050119196e-03 -9.999564985115501070e-01 -4.970452324240115863e-03
-6.363057628621978344e-03 -9.999667574573364304e-01 -5.102848291765685503e-03
-4.816236438059347258e-03 -9.999749553799186508e-01 -5.189996920157620777e-03
-3.268215426633547596e-03 -9.999809935641035263e-01 -5.232099599116309986e-03
-1.731899721878690790e-03 -9.999848469069470003e-01 -5.229728552389630893e-03
-2.198385557002375396e-04 -9.999865615533650720e-01 -5.183816381254030894e-03
1.255873648885208818e-03 -9.999862502846491585e-01 -5.095642710616757332e-03
2.683690861434044617e-03 -9.999840858995481252e-01 -4.966818081565014739e-03
4.052702961707975449e-03 -9.999802928853119832e-01 -4.799265256668964336e-03
5.352716517776657038e-03 -9.999751377219591175e-01 -4.595198125181524859e-03
6.574328219725962194e-03 -9.999689181958769657e-01 -4.357098414297462009e-03
7.708990437373271915e-03 -9.999619521180158621e-01 -4.087690429687746048e-03
8.749068447332836174e-03 -9.999545658471798992e-01 -3.789914063485534234e-03
9.687888954429898364e-03 -9.999470830105452457e-01 -3.466896320662242112e-03
1.051977961391214501e-02 -9.999398137922629326e-01 -3.121921625212396769e-03
1.124009934329327914e-02 -9.999330451279796472e-01 -2.758401175701077988e-03
1.184525929520355986e-02 -9.999270320998373540e-01 -2.379841625474154836e-03
1.233273444461483945e-02 -9.999219907747988190e-01 -1.989813366164079091e-03
1.270106582463285255e-02 -9.999180926710218298e-01 -1.591918694035214825e-03
1.294985352416172866e-02 -9.999154609746695455e-01 -1.189760137212094110e-03
1.307974063766306934e-02 -9.999141685652492839e-01 -7.869092179475761350e-04
1.309238843152156842e-02 -9.999142378435925682e-01 -3.868759178580419701e-04
1.299044306279208659e-02 -9.999156422950919998e-01 6.920894461772601845e-06
1.277749425395777183e-02 -9.999183096638322166e-01 3.911818247555359958e-04
1.245802639139792153e-02 -9.999221265625957145e-01 7.627538675056480663e-04
1.203736257516359147e-02 -9.999269443009262126e-01 1.118655652417080296e-03
1.152160220299066999e-02 -9.999325856797109946e-01 1.456100818712530165e-03
1.091755272183121510e-02 -9.999388524769595721e-01 1.772519331429419894e-03
1.023265622512871224e-02 -9.999455333361080278e-01 2.065576573944380261e-03
9.474911613171512620e-03 -9.999524117653733057e-01 2.333190072378946330e-03
8.652793066708332204e-03 -9.999592739641669503e-01 2.573543730165999462e-03
7.775165610200026473e-03 -9.999659162097420673e-01 2.785099474670293604e-03
6.851198560252140871e-03 -9.999721515631530000e-01 2.966606242136062607e-03
5.890277666619509779e-03 -9.999778156870510193e-01 3.117106252147894708e-03
4.901916757468425742e-03 -9.999827716073707018e-01 3.235938547998074271e-03
3.895669697183994605e-03 -9.999869132949782413e-01 3.322739804610370853e-03
2.881043453882286588e-03 -9.999901679901275209e-01 3.377442430731512121e-03
1.867413055000304934e-03 -9.999924972403426704e-01 3.400270016724192285e-03
8.639391830765536830e-04 -9.999938966693741049e-01 3.391730203241644787e-03
-1.205108696020042256e-04 -9.999943945394988987e-01 3.352605069104303264e-03
-1.077438209021062618e-03 -9.999940492101390133e-01 3.283939158615947242e-03
-1.998782678145943209e-03 -9.999929456312276477e-01 3.187025289146079056e-03
-2.876987946504904956e-03 -9.999911910388689096e-01 3.063388298879303473e-03
-3.705060828049707832e-03 -9.999889100427916677e-01 2.914766912021411575e-03
-4.476624366240085362e-03 -9.999862393093494894e-01 2.743093914305258507e-03
-5.185964290444080617e-03 -9.999833220501340714e-01 2.550474845227369055e-03
-5.828068515738769884e-03 -9.999803025247039345e-01 2.339165424959469778e-03
-6.398659428282302969e-03 -9.999773207568343203e-01 2.111547943230198884e-03
-6.894218769866793280e-03 -9.999745076476704853e-01 1.870106844594846386e-03
-7.312005007333066339e-03 -9.999719806470642736e-01 1.617403749360204210e-03
-7.650063144542884087e-03 -9.999698401172234519e-01 1.356052151983566526e-03
-7.907227005906616521e-03 -9.999681664917928758e-01 1.088692039016393893e-03
-8.083114090435144367e-03 -9.999670182999024215e-01 8.179646666312335220e-04
-8.178113163340761799e-03 -9.999664310898918052e-01 5.464877334920924907e-04
-8.193364817804053499e-03 -9.999664172526970818e-01 2.768311782599948792e-04
-8.130735302134704454e-03 -9.999669667115360649e-01 1.149382244228615638e-05
-7.992783966695378092e-03 -9.999680484137514203e-01 -2.471189313096978186e-04
-7.782724740167320208e-03 -9.999696125335107988e-01 -4.967161478628050273e-04
-7.504382095577383227e-03 -9.999715932713972855e-01 -7.351409719247365597e-04
-7.162142012567633380e-03 -9.999739121194342051e-01 -9.603886366540856324e-04
-6.760898483286710559e-03 -9.999764814482314801e-01 -1.170622718583162877e-03
-6.305996144663669409e-03 -9.999792082669498594e-01 -1.364189507573986557e-03
-5.803169649373138977e-03 -9.999819980066604330e-01 -1.539630380330255085e-03
-5.258480411240577454e-03 -9.999847581832018717e-01 -1.695692086697732489e-03
-4.678251377942861493e-03 -9.999874018063913406e-01 -1.831334879392516489e-03
-4.069000494463949520e-03 -9.999898504178102998e-01 -1.945738439684052429e-03
-3.437373524763220802e-03 -9.999920366586037002e-01 -2.038305573705509553e-03
-2.790076896470731257e-03 -9.999939062909187770e-01 -2.108663676243779060e-03
-2.133811224179158091e-03 -9.999954196208005186e-01 -2.156663980850616943e-03
-1.475206151174613366e-03 -9.999965522955558406e-01 -2.182378636693848260e-03
-8.207571274343178477e-04 -9.999972954737788022e-01 -2.186095673517096574e-03
-1.767647136922010850e-04 -9.999976553904394994e-01 -2.168311936190159273e-03
4.507230323186379875e-04 -9.999976523617711832e-01 -2.129724089412358533e-03
1.055964570279375320e-03 -9.999973192943595324e-01 -2.071217810992983036e-03
1.633574818902542615e-03 -9.999966997791887025e-01 -1.993855308605958169e-03
2.178570599260447153e-03 -9.999958458639219838e-01 -1.898861309846150425e-03
2.686411205967127562e-03 -9.999948156050643133e-01 -1.787607688666028151e-03
3.153033787062479391e-03 -9.999936705057012043e-01 -1.661596902726520048e-03
3.574883270601028618e-03 -9.999924729442555282e-01 -1.522444425757479803e-03
3.948936634912283451e-03 -9.999912836953300799e-01 -1.371860366614295265e-03
4.272721379634589547e-03 -9.999901596355541544e-01 -1.211630472281899568e-03
4.544328115294538929e-03 -9.999891517158904231e-01 -1.043596715580849283e-03
4.762417249785284162e-03 -9.999883032676853967e-01 -8.696376697583757488e-04
4.926219809982802095e-03 -9.999876486935208586e-01 -6.916488715074293765e-04
5.035532495344136050e-03 -9.999872125763792363e-01 -5.115233712762955708e-04
5.090707117096124334e-03 -9.999870092225220386e-01 -3.311326650579884305e-04
5.092634631015576126e-03 -9.999870426355376152e-01 -1.523081952494318358e-04
5.042724023321309458e-03 -9.999873069019571403e-01 2.317640026877547756e-05
4.942876357376825742e-03 -9.999877869533035923e-01 1.936221218567724589e-04
4.795454333306458164e-03 -9.999884596559910355e-01 3.574203674601695549e-04
4.603247752861599866e-03 -9.999892951695814602e-01 5.130674736622429719e-04
4.369435317581009739e-03 -9.999902585058662030e-01 6.591779091307327669e-04
4.097543219156689689e-03 -9.999913112162732709e-01 7.944960069118781922e-04
3.791401006676901452e-03 -9.999924131332827981e-01 9.179061387804857098e-04
3.455095235852100478e-03 -9.999935240927982916e-01 1.028441252417332859e-03
3.092921420272158432e-03 -9.999946055685954294e-01 1.125289710362175569e-03
2.709334814084119435e-03 -9.999956221567563031e-01 1.207800388284648333e-03
2.308900559167417245e-03 -9.999965428570061210e-01 1.275486008925677626e-03
1.896243727927041708e-03 -9.999973421086471026e-01 1.328024706886864062e-03
1.475999785295746373e-03 -9.999980005508036784e-01 1.365259838083975009e-03
1.052765980567297926e-03 -9.999985054894172665e-01 1.387198065936103225e-03
6.310541614687568013e-04 -9.999988510662979335e-01 1.394005774042787141e-03
2.152454796749179804e-04 -9.999990381380229332e-01 1.386003872023961305e-03
-1.904525709174072884e-04 -9.999990738840666138e-01 1.363661077188528092e-03
-5.820463740414576551e-04 -9.999989711738124232e-01 1.327585769594983277e-03
-9.557932960386804691e-04 -9.999987477306688799e-01 1.278516531723923079e-03
-1.308235342536608926e-03 -9.999984251381035527e-01 1.217311496264589319e-03
-1.636229075951035720e-03 -9.999980277368358816e-01 1.144936636309554570e-03
-1.936971547954875923e-03 -9.999975814646007155e-01 1.062453141454482771e-03
-2.208022048010804123e-03 -9.999971126898163920e-01 9.710040308333417686e-04
-2.447319517413648702e-03 -9.999966470882718506e-01 8.718001599223252143e-04
-2.653195527483181819e-03 -9.999962086077661683e-01 7.661057819763878287e-04
-2.824382770040617489e-03 -9.999958185597616067e-01 6.552238271987538554e-04
-2.960019057551919325e-03 -9.999954948698653867e-01 5.404810631837627917e-04
-3.059646878799451679e-03 -9.999952515107044526e-01 4.232132988341906574e-04
-3.123208603139611319e-03 -9.999950981318964649e-01 3.047507908720427762e-04
-3.151037471829074704e-03 -9.999950398927501816e-01 1.864040072915785953e-04
-3.143844558093708639e-03 -9.999950774944444953e-01 6.944989571757695162e-05
-3.102701918139779292e-03 -9.999952074001097202e-01 -4.488120327999958314e-05
-3.029022192768284112e-03 -9.999954222237926738e-01 -1.554178671965477049e-04
-2.924534953288420759e-03 -9.999957112630106781e-01 -2.610590068441512313e-04
-2.791260115713786912e-03 -9.999960611447044068e-01 -3.607842775615845089e-04
-2.631478773486083805e-03 -9.999964565510297554e-01 -4.536633909270331865e-04
-2.447701820972454125e-03 -9.999968809896642163e-01 -5.388642452130766331e-04
-2.242636757538456118e-03 -9.999973175731430297e-01 -6.156598072256030474e-04
-2.019153074973037421e-03 -9.999977497731215026e-01 -6.834336931079935257e-04
-1.780246639350089666e-03 -9.999981621182475466e-01 -7.416844109955954625e-04
-1.529003482020879507e-03 -9.999985408083418292e-01 -7.900282438972660096e-04
-1.268563413363574168e-03 -9.999988742225867089e-01 -8.282007666842651928e-04
-1.002083867243634512e-03 -9.999991533051609816e-01 -8.560570064073389808e-04
-7.327043739875629610e-04 -9.999993718179337465e-01 -8.735702701694300675e-04
-4.635120452183358743e-04 -9.999995264561662989e-01 -8.808296792887250612e-04
-1.975084353680288938e-04 -9.999996168293714405e-01 -8.780364623368427544e-04
6.242187765898146506e-05 -9.999996453152869558e-01 -8.654990726813689954e-04
3.135406760393657198e-04 -9.999996168000924168e-01 -8.436272082630942755e-04
5.532831621586447018e-04 -9.999995383223393430e-01 -8.129248223711382261e-04
7.792824394318462276e-04 -9.999994186414224995e-01 -7.739822240323783594e-04
9.893911920578416907e-04 -9.999992677536899688e-01 -7.274673752089268414e-04
1.181700378003031592e-03 -9.999990963804256117e-01 -6.741164992184018549e-04
1.354554787051716336e-03 -9.999989154519408618e-01 -6.147241205926651719e-04
1.506565354333033041e-03 -9.999987356109361070e-01 -5.501326609249562001e-04
1.636618158877137415e-03 -9.999985667562393266e-01 -4.812217180938961874e-04
1.743880076006625425e-03 -9.999984176451330864e-01 -4.088971575842306294e-04
1.827801091279519742e-03 -9.999982955689152853e-01 -3.340801444545616478e-04
1.888113321825311917e-03 -9.999982061122956178e-01 -2.576962428550948875e-04
1.924826827829534447e-03 -9.999981530029095067e-01 -1.806647069138062772e-04
1.938222332219751137e-03 -9.999981380528493169e-01 -1.038880823437833410e-04
1.928840999906095664e-03 -9.999981611898601797e-01 -2.824223234950464520e-05
1.897471458880580636e-03 -9.999982205719205597e-01 4.543310558848795530e-05
1.845134273761431503e-03 -9.999983127754810130e-01 1.163431335934787483e-04
1.773064107696938150e-03 -9.999984330448027370e-01 1.837460886153791800e-04
1.682689830670953480e-03 -9.999985755877238702e-01 2.469605397015558058e-04
1.575612850972657464e-03 -9.999987339018386878e-01 3.053718188083607687e-04
1.453583961742192007e-03 -9.999989011145355988e-01 3.584375280564719999e-04
1.318479005960649731e-03 -9.999990703205839937e-01 4.056920782228853406e-04
1.172273670941758250e-03 -9.999992349019364291e-01 4.467502254839927412e-04
1.017017727272878690e-03 -9.999993888160473299e-01 4.813095858280883738e-04
8.548090272593551406e-04 -9.999995268411866478e-01 5.091521189920656786e-04
6.877675743083426800e-04 -9.999996447698249469e-01 5.301445860977262040e-04
5.180099674492687472e-04 -9.999997395440407555e-01 5.442379972230567764e-04
3.476245144733930773e-04 -9.999998093299099500e-01 5.514660768031151052e-04
1.786472931697859591e-04 -9.999998535308256553e-01 5.519427858805541365e-04
1.303942306192374507e-05 -9.999998727425384315e-01 5.458589506922829036e-04
-1.473342098354968473e-04 -9.999998686552664662e-01 5.334780567709599937e-04
-3.007245551290805511e-04 -9.999998439104044179e-01 5.151312765535229730e-04
-4.455161315385316621e-04 -9.999998019210706302e-01 4.912118063314703130e-04
-5.802427227738261601e-04 -9.999997466669261481e-01 4.621685951698860286e-04
-7.036008948227432183e-04 -9.999996824743343504e-01 4.284995540988671497e-04
-8.144612228493942592e-04 -9.999996137930179385e-01 3.907443383912158168e-04
-9.118771458627185616e-04 -9.999995449799238267e-01 3.494767990480446762e-04
-9.950913976774422229e-04 -9.999994801000826605e-01 3.052972016985571087e-04
-1.063539993082620542e-03 -9.999994227529076518e-01 2.588243119761547088e-04
-1.116853778184428471e-03 -9.999993759307119756e-01 2.106874460697511072e-04
-1.154857583240547240e-03 -9.999993419143211604e-01 1.615185835910577024e-04
-1.177567044608133400e-03 -9.999993222086269729e-01 1.119446371842692124e-04
-1.185183189359279585e-03 -9.999993175188696126e-01 6.257996948625296741e-05
-1.178084901372660571e-03 -9.999993277664496194e-01 1.401924318807950583e-05
-1.156819411008772492e-03 -9.999993521412487985e-01 -3.316931587059076522e-05
-1.122090971568441868e-03 -9.999993891858589556e-01 -7.845016933650226804e-05
-1.074747904400852414e-03 -9.999994369058433641e-01 -1.213261649404518642e-04
-1.015768210582307460e-03 -9.999994928992326226e-01 -1.613436254338299059e-04
-9.462439603795938167e-04 -9.999995544979101147e-01 -1.980967789430709424e-04
-8.673646821279110391e-04 -9.999996189133807389e-01 -2.312314909661815918e-04
-7.803999796161408984e-04 -9.999996833796241935e-01 -2.604482677018440202e-04
-6.866816115429079685e-04 -9.999997452862871006e-01 -2.855045100657085922e-04
-5.875852680845025742e-04 -9.999998022963151323e-01 -3.062160074863775087e-04
-4.845122781368087629e-04 -9.999998524432158753e-01 -3.224576702621790984e-04
-3.788714764309050612e-04 -9.999998942044054928e-01 -3.341635087785813367e-04
-2.720614525840666146e-04 -9.999999265484605937e-01 -3.413258771184154040e-04
-1.654533943758198459e-04 -9.999999489554943777e-01 -3.439940074318285630e-04
-6.037472530478197501e-05 -9.999999614112358159e-01 -3.422718697656623277e-04
4.190627801311425408e-05 -9.999999643766482871e-01 -3.363153997863661294e-04
1.401947195747942337e-04 -9.999999587360204334e-01 -3.263291438793319908e-04
2.333820181360342014e-04 -9.999999457273535119e-01 -3.125623773935012764e-04
3.204574108990764403e-04 -9.999999268595249902e-01 -2.953047572570338024e-04
4.005179169455399786e-04 -9.999999038211037083e-01 -2.748815747631653790e-04
4.727766726434983564e-04 -9.999998783858241591e-01 -2.516486779727084510e-04
5.365695739310425349e-04 -9.999998523196071964e-01 -2.259871358711119992e-04
5.913601833983053073e-04 -9.999998272936537758e-01 -1.982977181364653898e-04
6.367428831547600806e-04 -9.999998048075752211e-01 -1.689952651159585823e-04
6.724442772824548243e-04 -9.999997861257953202e-01 -1.385030223803822682e-04
6.983228699511410996e-04 -9.999997722296064540e-01 -1.072470130498981693e-04
7.143670667326101464e-04 -9.999997637863434763e-01 -7.565051899205084190e-05
7.206915670390596704e-04 -9.999997611361935990e-01 -4.412873902864469241e-05
7.175322346826889727e-04 -9.999997642962452638e-01 -1.308368850604346148e-05
7.052395510910371449e-04 -9.999997729805366609e-01 1.710059995227239060e-05
6.842707715187979108e-04 -9.999997866341280295e-01 4.606251990865466888e-05
6.551809185019247988e-04 -9.999998044786315710e-01 7.346693000457200093e-05
6.186127586615184195e-04 -9.999998255662034818e-01 9.900874582970779227e-05
5.752859186701775058e-04 -9.999998488387493722e-01 1.224160490644629704e-04
5.259853036592675168e-04 -9.999998731890221704e-01 1.434526852709671631e-04
4.715489865197711118e-04 -9.999998975203897578e-01 1.619203290119183175e-04
4.128557394108099817e-04 -9.999999208023093722e-01 1.776600024075136719e-04
3.508123793481070056e-04 -9.999999421189393889e-01 1.905530406984754497e-04
2.863410980392140236e-04 -9.999999607088222442e-01 2.005215057691614694e-04
2.203669422319965788e-04 -9.999999759941528010e-01 2.075280558030895078e-04
1.538056048440859173e-04 -9.999999875987687359e-01 2.115752862018936524e-04
