1.000000000000000000e+00 0.000000000000000000e+00 0.000000000000000000e+00
9.999999980723903725e-01 -2.433324847593784250e-05 5.712372888562153203e-05
9.999999819929411560e-01 -8.187153766250389059e-05 1.712051754415885689e-04
9.999999250356745861e-01 -1.814587671765186656e-04 3.420548047060752682e-04
9.999997827767430625e-01 -3.319072883536196197e-04 5.694596636787391600e-04
9.999994891602278502e-01 -5.419942580580228283e-04 8.531834890415190657e-04
9.999989518393607169e-01 -8.204579978576844162e-04 1.192966814912542126e-03
9.999980468083717877e-01 -1.175994353020538667e-03 1.588527078427446997e-03
9.999966123418515540e-01 -1.617253044166415887e-03 2.039558720738706907e-03
9.999944422601836358e-01 -2.152834002618181884e-03 2.545733280844598122e-03
9.999912785412631289e-01 -2.791283678550509056e-03 3.106699479507668039e-03
9.999868033003682655e-01 -3.541091308952813103e-03 3.722083290400081748e-03
9.999806301617055748e-01 -4.410685130222956676e-03 4.391487995522139892e-03
9.999722950468163951e-01 -5.408428517910377625e-03 5.114494221882421969e-03
9.999612464067129114e-01 -6.542616033752619853e-03 5.890659956405148133e-03
9.999468349263289646e-01 -7.821469357720454985e-03 6.719520536044030871e-03
9.999283027316263617e-01 -9.253133080327687401e-03 7.600588610133452577e-03
9.999047721315104109e-01 -1.084567032799740351e-02 8.533354072098474699e-03
9.998752339285886803e-01 -1.260705819183321336e-02 9.517283957775971026e-03
9.998385353347727378e-01 -1.454518292774944349e-02 1.055182230777088059e-02
9.997933675297855372e-01 -1.666783489359721995e-02 1.163638999148483739e-02
9.997382529028123743e-01 -1.898270318671390830e-02 1.277038449070964574e-02
9.996715320198391597e-01 -2.149736994325308903e-02 1.395317964097541642e-02
9.995913503616643547e-01 -2.421930425875380710e-02 1.518412532918264439e-02
9.994956448801762816e-01 -2.715585568771539116e-02 1.646254714642871042e-02
9.993821304232510805e-01 -3.031424727849336628e-02 1.778774599536172771e-02
9.992482860815747880e-01 -3.370156809865958170e-02 1.915899765185737416e-02
9.990913415138212850e-01 -3.732476520511398416e-02 2.057555228131613748e-02
9.989082633099390929e-01 -4.119063501273605155e-02 2.203663391041772029e-02
9.986957414558101931e-01 -4.530581401526122959e-02 2.354143985574414302e-02
9.984501759662490761e-01 -4.967676881240393194e-02 2.508914011129089253e-02
9.981676637571926802e-01 -5.430978539806591288e-02 2.667887669752357083e-02
9.978439858319920752e-01 -5.921095766581076225e-02 2.830976297530207048e-02
9.974745948609302637e-01 -6.438617508969510239e-02 2.998088292868174298e-02
9.970546032374358880e-01 -6.984110954106838298e-02 3.169129042130636176e-02
9.965787716989144007e-01 -7.558120120512872020e-02 3.344000843182570043e-02
9.960414986046343122e-01 -8.161164356489343519e-02 3.522602827449516916e-02
9.954368099676462744e-01 -8.793736742484975499e-02 3.704830881183947267e-02
9.947583503422240403e-01 -9.456302395193069699e-02 3.890577566697882989e-02
9.939993746727378010e-01 -1.014929667176463074e-01 4.079732044391678331e-02
9.931527412141333278e-01 -1.087312327322209754e-01 4.272179996476364872e-02
9.922109056382201198e-01 -1.162815224694657285e-01 4.467803553350899182e-02
9.911659164436765757e-01 -1.241471788898672879e-01 4.666481223654957849e-02
9.900094117909751246e-01 -1.323311654790104708e-01 4.868087829071414407e-02
9.887326178862019255e-01 -1.408360433289663760e-01 5.072494444999071928e-02
9.873263490398975772e-01 -1.496639473016623534e-01 5.279568348254316118e-02
9.857810095284503804e-01 -1.588165613254766406e-01 5.489172972988759502e-02
9.840865973861210314e-01 -1.682950928893302556e-01 5.701167876027258413e-02
9.822327102553339850e-01 -1.781002468123288329e-01 5.915408712835519556e-02
9.802085534213198503e-01 -1.882321983814639055e-01 6.131747225317486089e-02
9.780029501543979764e-01 -1.986905659649293998e-01 6.350031242618423000e-02
9.756043544790324873e-01 -2.094743832241355574e-01 6.570104696068825023e-02
9.730008664831576448e-01 -2.205820710633822346e-01 6.791807649345751874e-02
9.701802502740340950e-01 -2.320114094722375842e-01 7.014976344850874790e-02
9.671299546779701384e-01 -2.437595094317893674e-01 7.239443267207541777e-02
9.638371367705345083e-01 -2.558227850719058116e-01 7.465037224661794091e-02
9.602886883113277428e-01 -2.681969262822548328e-01 7.691583449034157527e-02
9.564712651429211343e-01 -2.808768719948585568e-01 7.918903714710046060e-02
9.523713195971966750e-01 -2.938567843701659354e-01 8.146816476976968813e-02
9.479751359340241601e-01 -3.071300241317549973e-01 8.375137029817131262e-02
9.432688688170388636e-01 -3.206891273065657355e-01 8.603677683045465874e-02
9.382385848092962277e-01 -3.345257836377458216e-01 8.832247958447191072e-02
9.328703068478918503e-01 -3.486308169454930272e-01 9.060654804317712363e-02
9.271500616313852472e-01 -3.629941677174364778e-01 9.288702827543561524e-02
9.210639298272421671e-01 -3.776048782138534676e-01 9.516194542089227715e-02
9.145980989787338977e-01 -3.924510803741304565e-01 9.742930632474716690e-02
9.077389189620659327e-01 -4.075199868091253785e-01 9.968710230546605489e-02
9.004729598152511061e-01 -4.227978851592821830e-01 1.019333120356579608e-01
8.927870717307306858e-01 -4.382701360903310528e-01 1.041659045136310580e-01
8.846684469743371082e-01 -4.539211751870620981e-01 1.063828421005462432e-01
8.761046834642839398e-01 -4.697345189909196694e-01 1.085820835956807368e-01
8.670838497158562808e-01 -4.856927754090072380e-01 1.107615873201502343e-01
8.575945508307911691e-01 -5.017776587005613464e-01 1.129193141775772236e-01
8.476259951853899466e-01 -5.179700092221402041e-01 1.150532306586924264e-01
8.371680614486236571e-01 -5.342498180848391787e-01 1.171613117557741696e-01
8.262113655412658408e-01 -5.505962568460042172e-01 1.192415437522189869e-01
8.147473271298034669e-01 -5.669877123244487782e-01 1.212919268524451921e-01
8.027682352348657346e-01 -5.834018265924156843e-01 1.233104776178016032e-01
7.902673125234802587e-01 -5.998155421598490022e-01 1.252952311752205394e-01
7.772387778478572207e-01 -6.162051523273834874e-01 1.272442431670427754e-01
7.636779065908009256e-01 -6.325463566442758312e-01 1.291555914127667792e-01
7.495810883793773138e-01 -6.488143213667892928e-01 1.310273772564395645e-01
7.349458817341754102e-01 -6.649837447718052186e-01 1.328577265770000126e-01
7.197710652313686897e-01 -6.810289271401752664e-01 1.346447904430878584e-01
7.040566847687133034e-01 -6.969238451850529037e-01 1.363867453986037370e-01
6.878040965444522925e-01 -7.126422306626249981e-01 1.380817933706004752e-01
6.710160053795930502e-01 -7.281576528667532688e-01 1.397281611968383130e-01
6.536964980388997315e-01 -7.434436046754314686e-01 1.413240997764723950e-01
6.358510712338536486e-01 -7.584735917860105925e-01 1.428678828537719436e-01
6.174866540213878041e-01 -7.732212247481350387e-01 1.443578054513995623e-01
5.986116243449997043e-01 -7.876603133784737532e-01 1.457921819764996518e-01
5.792358194994428056e-01 -8.017649631197724114e-01 1.471693440295423205e-01
5.593705403361719508e-01 -8.155096728885700141e-01 1.484876379524271151e-01
5.390285490636408383e-01 -8.288694339411034617e-01 1.497454221586456136e-01
5.182240605340283635e-01 -8.418198292754163203e-01 1.509410642942140002e-01
4.969727269456385987e-01 -8.543371330793474439e-01 1.520729382834944132e-01
4.752916159277636443e-01 -8.663984097287387165e-01 1.531394213188138620e-01
4.531991820119560810e-01 -8.779816118376355671e-01 1.541388908568514238e-01
4.307152315302326118e-01 -8.890656768622280381e-01 1.550697216879996787e-01
4.078608810165815779e-01 -8.996306217625250623e-01 1.559302831472263728e-01
3.846585092232081005e-01 -9.096576352300237422e-01 1.567189365362904319e-01
3.611317028972099719e-01 -9.191291669956889177e-01 1.574340328274438927e-01
3.373386622550181846e-01 -9.280226475545169107e-01 1.580398675883099013e-01
3.133085398304921720e-01 -9.363240029603580039e-01 1.585406179322717546e-01
2.890705707222462895e-01 -9.440212556929185039e-01 1.589404955615024706e-01
2.646539434640747812e-01 -9.511044801870991439e-01 1.592437287879255314e-01
2.400876774077047304e-01 -9.575657482681789734e-01 1.594545454642105897e-01
2.154005073857080677e-01 -9.633990655778328360e-01 1.595771569228402742e-01
1.906207762700374286e-01 -9.686003001063296924e-01 1.596157430017542123e-01
1.657763358932055620e-01 -9.731671039566627268e-01 1.595744382159421659e-01
1.408944566570839441e-01 -9.770988294584947997e-01 1.594573191159578129e-01
1.160017460207116852e-01 -9.803964407256036129e-01 1.592683928569434693e-01
9.112407593502079572e-02 -9.830624217120982333e-01 1.590115869856223996e-01
6.628651918021927214e-02 -9.851006817722461895e-01 1.586907404380027142e-01
4.151329446155399561e-02 -9.865164596685246368e-01 1.583095957273661092e-01
1.682772003175571351e-02 -9.873162269046593664e-01 1.578717922905570337e-01
-7.747824466228365320e-03 -9.875075911870280221e-01 1.573808609506709699e-01
-3.219192830475137851e-02 -9.870992007408162516e-01 1.568402194459508348e-01
-5.648417254377414293e-02 -9.861006501285015657e-01 1.562531689679927671e-01
-8.060514592698631020e-02 -9.845223881391821363e-01 1.556228916471636137e-01
-1.045364542865008656e-01 -9.823756282393468764e-01 1.549524489193459531e-01
-1.282607239587621462e-01 -9.796722620000609671e-01 1.542447807056424591e-01
-1.517615997233001668e-01 -9.764247758431947588e-01 1.535027053353655024e-01
-1.750237377770803293e-01 -9.726461713810047316e-01 1.527289201423832343e-01
-1.980327942514580331e-01 -9.683498895596692746e-01 1.519260026655558093e-01
-2.207754097671632554e-01 -9.635497387586970941e-01 1.510964123854472707e-01
-2.432391905062835646e-01 -9.582598269447039074e-01 1.502424929316111823e-01
-2.654126862598100156e-01 -9.524944979300247194e-01 1.493664746974021629e-01
-2.872853658858175452e-01 -9.462682717439758751e-01 1.484704778023471505e-01
-3.088475905875582295e-01 -9.395957890872206342e-01 1.475565153455177247e-01
-3.300905853933628342e-01 -9.324917598074301539e-01 1.466264968969824556e-01
-3.510064091919014029e-01 -9.249709153070334589e-01 1.456822321782031693e-01
-3.715879236476014036e-01 -9.170479647710200188e-01 1.447254348860979034e-01
-3.918287612923306851e-01 -9.087375550841754190e-01 1.437577266193629522e-01
-4.117232930612224617e-01 -9.000542342924383599e-01 1.427806408694720364e-01
-4.312665955130770556e-01 -8.910124184519199186e-01 1.417956270425088094e-01
-4.504544179493842893e-01 -8.816263617011490528e-01 1.408040544816029083e-01
-4.692831496208745290e-01 -8.719101293869585545e-01 1.398072164632007119e-01
-4.877497871867769730e-01 -8.618775740717468103e-01 1.388063341436885367e-01
-5.058519025697468807e-01 -8.515423142493233621e-01 1.378025604359826572e-01
-5.235876113287830647e-01 -8.409177155978514451e-01 1.367969837985968939e-01
-5.409555416534208572e-01 -8.300168746012562826e-01 1.357906319223892155e-01
-5.579548040650589291e-01 -8.188526043746031657e-01 1.347844753026709586e-01
-5.745849618954325111e-01 -8.074374225341234279e-01 1.337794306866400829e-01
-5.908460025979412888e-01 -7.957835409585622966e-01 1.327763643881735012e-01
-6.067383099347140041e-01 -7.839028572951384222e-01 1.317760954638937387e-01
-6.222626370708794763e-01 -7.718069480704787821e-01 1.307793987461155216e-01
-6.374200805974320483e-01 -7.595070632742606520e-01 1.297870077297913205e-01
-6.522120554952407501e-01 -7.470141222908329715e-01 1.287996173119183296e-01
-6.666402710450777258e-01 -7.343387110616881319e-01 1.278178863830553291e-01
-6.807067076819294238e-01 -7.214910803692125008e-01 1.268424402716365751e-01
-6.944135947862268843e-01 -7.084811451395908177e-01 1.258738730426714469e-01
-7.077585860315072086e-01 -6.953308812055420951e-01 1.248709536408852266e-01
-7.207400058735361492e-01 -6.820551695631125177e-01 1.238329321785343468e-01
-7.333566382505954939e-01 -6.686690115077075225e-01 1.227591122124682410e-01
-7.456077331139446818e-01 -6.551875076827409217e-01 1.216488532834952702e-01
-7.574930115374125528e-01 -6.416258362111574298e-01 1.205015732028936332e-01
-7.690126693107519618e-01 -6.279992300255385906e-01 1.193167500776485118e-01
-7.801673789334362397e-01 -6.143229535211578440e-01 1.180939240675633606e-01
-7.909582899384588472e-01 -6.006122786636726163e-01 1.168326988690546325e-01
-8.013870274892819223e-01 -5.868824606890359341e-01 1.155327429221793545e-01
-8.114556892071933536e-01 -5.731487135376200914e-01 1.141937903392429426e-01
-8.211668402008218681e-01 -5.594261851674086072e-01 1.128156415551704178e-01
-8.305235062842443172e-01 -5.457299328924140047e-01 1.113981637016764198e-01
-8.395291653848343527e-01 -5.320748988922051614e-01 1.099412907091154440e-01
-8.481877371565669232e-01 -5.184758860365971112e-01 1.084450231417123239e-01
-8.565035708287486171e-01 -5.049475341662047478e-01 1.069094277736415272e-01
-8.644814313339181933e-01 -4.915042969647480109e-01 1.053346369151222789e-01
-8.721264837718123442e-01 -4.781604195527956458e-01 1.037208474993040752e-01
-8.794442762786666146e-01 -4.649299169251463471e-01 1.020683199422158793e-01
-8.864407213826046572e-01 -4.518265533453765248e-01 1.003773767894249602e-01
-8.931220759363388551e-01 -4.388638228013636011e-01 9.864840116428363892e-02
-8.994949197277727349e-01 -4.260549306149584714e-01 9.688183503372092831e-02
-9.055661328772874885e-01 -4.134127762875760004e-01 9.507817730845154192e-02
-9.113428721374464692e-01 -4.009499376514548685e-01 9.323798179521870788e-02
-9.168325462165328732e-01 -3.886786563838622865e-01 9.136185501925488117e-02
-9.220427902517298602e-01 -3.766108249287455911e-01 8.945045393553267832e-02
-9.269814395608541036e-01 -3.647579748574177883e-01 8.750448354758751102e-02
-9.316565028033924056e-01 -3.531312666869625416e-01 8.552469445272498083e-02
-9.360761346821985240e-01 -3.417414811623022963e-01 8.351188033228548746e-02
-9.402486083166385900e-01 -3.305990119954301254e-01 8.146687540533152638e-02
-9.441822874162983936e-01 -3.197138600432938293e-01 7.939055186365873151e-02
-9.478855983816628639e-01 -3.090956288943528807e-01 7.728381730541997174e-02
-9.513670024545396453e-01 -2.987535218230158995e-01 7.514761218390428321e-02
-9.546349680365223689e-01 -2.886963400610947361e-01 7.298290728714179609e-02
-9.576979432885847077e-01 -2.789324823261644104e-01 7.079070126302587640e-02
-9.605643291190695265e-01 -2.694699455383539610e-01 6.857201820356870203e-02
-9.632424526610021687e-01 -2.603163266496648087e-01 6.632790530075075019e-02
-9.657405413329295252e-01 -2.514788255034544062e-01 6.405943058520370548e-02
-9.680666975704694810e-01 -2.429642486362547926e-01 6.176768075769361460e-02
-9.702288743085657474e-01 -2.347790139296262180e-01 5.945375912206241065e-02
-9.722348512871754611e-01 -2.269291560162766397e-01 5.711878362695387706e-02
-9.740922122458753885e-01 -2.194203323421878293e-01 5.476388502230866012e-02
-9.758083230657362828e-01 -2.122578297849616880e-01 5.239020513527419681e-02
-9.773903109098776021e-01 -2.054465717279994330e-01 4.999889526885094998e-02
-9.788450444074339174e-01 -1.989911254904152271e-01 4.759111472529698600e-02
-9.801791149193154196e-01 -1.928957100137188851e-01 4.516802945504773403e-02
-9.813988189181690469e-01 -1.871642037082304200e-01 4.273081083068580588e-02
-9.825101415093938639e-01 -1.818001523648589968e-01 4.028063454432428275e-02
-9.835187411149626246e-01 -1.768067770412360407e-01 3.781867962565235025e-02
-9.844299353371731565e-01 -1.721869818351788040e-01 3.534612757684024026e-02
-9.852486880153136228e-01 -1.679433614630214400e-01 3.286416161951560833e-02
-9.859817965434516385e-01 -1.640545416621123354e-01 3.043036707712338737e-02
-9.866350639275889289e-01 -1.605138191251650193e-01 2.804581034275107146e-02
-9.872138361676764395e-01 -1.573142153998642323e-01 2.571152033599086173e-02
-9.877230236650943462e-01 -1.544484942473481615e-01 2.342848909403150853e-02
-9.881671231707883640e-01 -1.519091778607544185e-01 2.119767231967868704e-02
-9.885502401614285617e-01 -1.496885620232368264e-01 1.901998988306528166e-02
-9.888761115365700682e-01 -1.477787302856943263e-01 1.689632627481094801e-02
-9.891481285351366726e-01 -1.461715672444373892e-01 1.482753100935922143e-02
-9.893693597746235913e-01 -1.448587709982169236e-01 1.281441897815185742e-02
-9.895425743212237224e-01 -1.438318648625185603e-01 1.085777075318671014e-02
-9.896702647036351719e-01 -1.430822084168454633e-01 8.958332842340516189e-03
-9.897546697876232757e-01 -1.426010079579385914e-01 7.116817898615839834e-03
-9.897977974325050665e-01 -1.423793264285787563e-01 5.333904886187177015e-03
-9.898014468546229017e-01 -1.424080928878409535e-01 3.610239206770674697e-03
-9.897672306266015463e-01 -1.426781115844904801e-01 1.946432790421574657e-03
-9.896965962447632492e-01 -1.431800706906842247e-01 3.430641553706244816e-04
-9.895908472005411349e-01 -1.439045507483262543e-01 -1.199321558056746584e-03
-9.894511634951015377e-01 -1.448420328753862174e-01 -2.680212574038230537e-03
-9.892786215396942584e-01 -1.459829067742771658e-01 -4.099130482689550964e-03
-9.890742133875157771e-01 -1.473174785790634378e-01 -5.455630250454055440e-03
-9.888388652461171935e-01 -1.488359785728836926e-01 -6.749300233438709946e-03
-9.885734552226399519e-01 -1.505285688015812473e-01 -7.979762187638010651e-03
-9.882788302574280204e-01 -1.523853506041854822e-01 -9.146671270011305296e-03
-9.879558222048677729e-01 -1.543963720756327540e-01 -1.024971602447506680e-02
-9.876052630236455965e-01 -1.565516354719995173e-01 -1.128861834703713193e-02
-9.872279990420083085e-01 -1.588411045635888252e-01 -1.226313342453174554e-02
-9.868249042670498294e-01 -1.612547119365053960e-01 -1.317304964170883629e-02
-9.863968927105432050e-01 -1.637823662389121804e-01 -1.401818845178421855e-02
-9.859449297073733520e-01 -1.664139593640188708e-01 -1.479840420596500485e-02
-9.854700422062027121e-01 -1.691393735580406787e-01 -1.551358393792150701e-02
-9.849733280156010018e-01 -1.719484884379139100e-01 -1.616364709967829313e-02
-9.844559639924846950e-01 -1.748311879004864067e-01 -1.674854524593736432e-02
-9.839192131633138771e-01 -1.777773669022367775e-01 -1.726826166442002944e-02
-9.833644307720754707e-01 -1.807769380863339381e-01 -1.772281095041519650e-02
-9.827930692526113399e-01 -1.838198382320377910e-01 -1.811223852434457049e-02
-9.822066821263091274e-01 -1.868960345000745815e-01 -1.843662009179373312e-02
-9.816069268295403161e-01 -1.899955304466972861e-01 -1.869606104610632355e-02
-9.809955664784720808e-01 -1.931083717786646892e-01 -1.889069581429068598e-02
-9.803744705819833483e-01 -1.962246518213380531e-01 -1.902068714763878801e-02
-9.797456147163463580e-01 -1.993345166724938555e-01 -1.908622535910019236e-02
-9.791110791780780476e-01 -2.024281700152740227e-01 -1.908752751008441217e-02
-9.784730466338951160e-01 -2.054958775649277092e-01 -1.902483654997780965e-02
-9.778337987890051153e-01 -2.085279711256230739e-01 -1.889842041225182206e-02
-9.771957120970128363e-01 -2.115148522356043170e-01 -1.870857107160344562e-02
-9.765612525365092722e-01 -2.144469953813168406e-01 -1.845560356710254299e-02
-9.759329694809183442e-01 -2.173149507637979760e-01 -1.813985499682037664e-02
-9.753134886894052613e-01 -2.201093466036062318e-01 -1.776168348987672979e-02
-9.747055044475876340e-01 -2.228208909738147170e-01 -1.732146716226639141e-02
-9.741117708874417191e-01 -2.254403731540946254e-01 -1.681960306320772272e-02
-9.735350925161577740e-01 -2.279586645026386027e-01 -1.625650611909460960e-02
-9.729719645365959568e-01 -2.303897604665684218e-01 -1.568813463961130431e-02
-9.724232055772679129e-01 -2.327330174418000830e-01 -1.511472510285759643e-02
-9.718896099497557062e-01 -2.349878271179362821e-01 -1.453651412948824516e-02
-9.713719466120102064e-01 -2.371536160004923399e-01 -1.395373840225254403e-02
-9.708709581784280562e-01 -2.392298449300012120e-01 -1.336663459062145849e-02
-9.703873599772232517e-01 -2.412160086002916315e-01 -1.277543928041438223e-02
-9.699218391555238794e-01 -2.431116350781634683e-01 -1.218038890832123973e-02
-9.694750538325445088e-01 -2.449162853266096673e-01 -1.158171970120022536e-02
-9.690476323011092408e-01 -2.466295527336526960e-01 -1.097966762001667020e-02
-9.686401722777313594e-01 -2.482510626487780814e-01 -1.037446830827459636e-02
-9.682532402013898087e-01 -2.497804719288569952e-01 -9.766357044779325897e-03
-9.678873705810848715e-01 -2.512174684953558668e-01 -9.155568700557177586e-03
-9.675430653921979207e-01 -2.525617709045321901e-01 -8.542337699746736790e-03
-9.672207935216340369e-01 -2.538131279322142220e-01 -7.926897984265502892e-03
-9.669209902616776597e-01 -2.549713181746584012e-01 -7.309482982045832633e-03
-9.666440568524543586e-01 -2.560361496668694392e-01 -6.690325578625106601e-03
-9.663903600728518395e-01 -2.570074595196599754e-01 -6.069658091866845205e-03
-9.661602318797254396e-01 -2.578851135766143665e-01 -5.447712249582181698e-03
-9.659539690951806090e-01 -2.586690060920074918e-01 -4.824719169814588489e-03
-9.657718331417043389e-01 -2.593590594306162123e-01 -4.200909343545104757e-03
-9.656140498248921844e-01 -2.599552237902435503e-01 -3.576512619570472624e-03
-9.654808091635024292e-01 -2.604574769476613039e-01 -2.951758191302578885e-03
-9.653722652665498449e-01 -2.608658240285581797e-01 -2.326874585234410889e-03
-9.652885362571411720e-01 -2.611802973019645147e-01 -1.702089650815350559e-03
-9.652297042427397944e-01 -2.614009559995070786e-01 -1.077630551477031136e-03
-9.651958153315400857e-01 -2.615278861597308824e-01 -4.537237565501985254e-04
-9.651868796946211360e-01 -2.615612004976085037e-01 1.694049661870137028e-04
-9.652028716735436831e-01 -2.615010382992422611e-01 7.915305575882285519e-04
-9.652437299330458575e-01 -2.613475653416496014e-01 1.412428674102720987e-03
-9.653093576584885760e-01 -2.611009738374092670e-01 2.031875694879134962e-03
-9.653996227976930911e-01 -2.607614824038335666e-01 2.649648729261108639e-03
-9.655143583468077662e-01 -2.603293360562221048e-01 3.265525624923170528e-03
-9.656533626798331493e-01 -2.598048062246436918e-01 3.879284976890843596e-03
-9.658163999214262052e-01 -2.591881907935872364e-01 4.490706137683763387e-03
-9.660032003625949049e-01 -2.584798141637176805e-01 5.099569228814786540e-03
-9.662134609188837153e-01 -2.576800273348723302e-01 5.705655153871579122e-03
-9.664468456306364308e-01 -2.567892080093331364e-01 6.308745613399995011e-03
-9.667029862049100197e-01 -2.558077607143147691e-01 6.908623121800747460e-03
-9.669814825985940665e-01 -2.547361169425156890e-01 7.505071026442425818e-03
-9.672819036422715122e-01 -2.535747353094890411e-01 8.097873529184815983e-03
-9.676037877043347502e-01 -2.523241017265047126e-01 8.686815710496814669e-03
-9.679466433948447079e-01 -2.509847295874907958e-01 9.271683556342941515e-03
-9.683099503085943471e-01 -2.495571599685645070e-01 9.852263988001604134e-03
-9.686931598068043714e-01 -2.480419618385883984e-01 1.042834489496685321e-02
-9.690956958368476259e-01 -2.464397322791171407e-01 1.099971517107342991e-02
-9.695169557893574819e-01 -2.447510967120351266e-01 1.156616475397245943e-02
-9.699563113920380841e-01 -2.429767091331242745e-01 1.212748466807215056e-02
-9.704131096394473799e-01 -2.411172523497459586e-01 1.268346707104450223e-02
-9.708866737579775474e-01 -2.391734382207703624e-01 1.323390530398509297e-02
-9.713763042052052654e-01 -2.371460078968417873e-01 1.377859394529881015e-02
-9.718765377729079447e-01 -2.350587175380794980e-01 1.426175734581561216e-02
-9.723848498230348580e-01 -2.329208192183742643e-01 1.468328636418235987e-02
-9.728987733153287021e-01 -2.307415985211197229e-01 1.504309425503498089e-02
-9.734159041445720195e-01 -2.285303716559622111e-01 1.534111737441821999e-02
-9.739339055929714384e-01 -2.262964822120476227e-01 1.557731585966840894e-02
-9.744505118860803394e-01 -2.240492975616938109e-01 1.575167428018573249e-02
-9.749635308424404734e-01 -2.217982049301858438e-01 1.586420225600868039e-02
-9.754708456090832591e-01 -2.195526071488372311e-01 1.591493504160531799e-02
-9.759704154771566831e-01 -2.173219181095695784e-01 1.590393407280970769e-02
-9.764602757742282257e-01 -2.151155579400318707e-01 1.583128747535327355e-02
-9.769385368322317520e-01 -2.129429479187012475e-01 1.569711053396572950e-02
-9.774033820325751520e-01 -2.108135051494789969e-01 1.550154612154424488e-02
-9.778530649325737345e-01 -2.087366370150186279e-01 1.524476508840804170e-02
-9.782859054801190668e-01 -2.067217354273997443e-01 1.492696661216440582e-02
-9.787002853263090385e-01 -2.047781708937994605e-01 1.454837850920644333e-02
-9.790946422486418443e-01 -2.029152864135211620e-01 1.410925750933834759e-02
-9.794674637002945827e-01 -2.011423912211295628e-01 1.360988949547616185e-02
-9.798172795039572502e-01 -1.994687543885294012e-01 1.305058971079657397e-02
-9.801426537116599835e-01 -1.979035982966273477e-01 1.243170293609908300e-02
-9.804421756550055767e-01 -1.964560919847575249e-01 1.175360364050391168e-02
-9.807144502131899255e-01 -1.951353443833517276e-01 1.101669610892554683e-02
-9.809580873291589009e-01 -1.939503974324249258e-01 1.022141455003621954e-02
-9.811716908071985710e-01 -1.929102190853522747e-01 9.368223188661765205e-03
-9.813538464281931217e-01 -1.920236961941694798e-01 8.457616346731143195e-03
-9.815031094217023799e-01 -1.912996272692666921e-01 7.490118517027873242e-03
-9.816179913369207366e-01 -1.907467151029036412e-01 6.466284434064392163e-03
-9.816969463574748422e-01 -1.903735592424901646e-01 5.386699146417029543e-03
-9.817383571079146831e-01 -1.901886482960892244e-01 4.251978094818321605e-03
-9.817405200026542156e-01 -1.902003520491536426e-01 3.062767200203633279e-03
-9.817016301910330700e-01 -1.904169133681445636e-01 1.819742965749776000e-03
-9.816197661551137044e-01 -1.908464398634445447e-01 5.236125967241801737e-04
-9.814928740198082258e-01 -1.914968952809175395e-01 -8.248858583156663989e-04
-9.813187516379551223e-01 -1.923760905886284234e-01 -2.224983341770826739e-03
-9.810950325160561203e-01 -1.934916747226647360e-01 -3.675879593892061349e-03
-9.808191696495395240e-01 -1.948511249537517309e-01 -5.176742929960837306e-03
-9.804884193396579128e-01 -1.964617368344681592e-01 -6.726709985915032761e-03
-9.800998250674503032e-01 -1.983306136854043333e-01 -8.324885431133870542e-03
-9.796502015036193667e-01 -2.004646555776071482e-01 -9.970341647705471474e-03
-9.791361187366833807e-01 -2.028705477681773672e-01 -1.166211837615486677e-02
-9.785538868053645922e-01 -2.055547485459748858e-01 -1.339922232830619356e-02
-9.778995406248603972e-01 -2.085234764450954181e-01 -1.518062676868535237e-02
-9.771688254003982887e-01 -2.117826967851572373e-01 -1.700527106663323254e-02
-9.763571826252818164e-01 -2.153381074995246447e-01 -1.887206022208870113e-02
-9.754597367644685102e-01 -2.191951242154429602e-01 -2.077986436880804172e-02
-9.744712827285438861e-01 -2.233588645537085415e-01 -2.272751825960612343e-02
-9.733862742467360718e-01 -2.278341316199879174e-01 -2.471382073902590043e-02
-9.721988132512945358e-01 -2.326253966652662708e-01 -2.673753420965812796e-02
-9.709026403890829160e-01 -2.377367808991784626e-01 -2.879738409913251349e-02
-9.694911267795430776e-01 -2.431720364471801066e-01 -3.089205833557469305e-02
-9.679572671411927898e-01 -2.489345264506681032e-01 -3.302020684005899098e-02
-9.663096822595398372e-01 -2.549817139357848927e-01 -3.507031662352991241e-02
-9.645466211922203437e-01 -2.613000662034816179e-01 -3.704179496556913448e-02
-9.626664164756243425e-01 -2.678759212268344569e-01 -3.893411215076148651e-02
-9.606675184913338050e-01 -2.746955054156342557e-01 -4.074680279337424688e-02
-9.585485280199745883e-01 -2.817449521646208099e-01 -4.247946707157371216e-02
-9.563082268706817324e-01 -2.890103211620710377e-01 -4.413177184920376306e-02
-9.539456064837241733e-01 -2.964776184187845054e-01 -4.570345166411454024e-02
-9.514598944141459125e-01 -3.041328169617120158e-01 -4.719430956322024501e-02
-9.488505786155205790e-01 -3.119618781217172176e-01 -4.860421776586908160e-02
-9.461174294550190877e-01 -3.199507733314037594e-01 -4.993311813870707216e-02
-9.432605194038686802e-01 -3.280855063367218993e-01 -5.118102246699141739e-02
-9.402802403608301329e-01 -3.363521357153188007e-01 -5.234801250923519500e-02
-9.371773185804165296e-01 -3.447367975854156441e-01 -5.343423982411937834e-02
-9.339528271920792823e-01 -3.532257283814717042e-01 -5.443992536076423805e-02
-9.306081963113411737e-01 -3.618052875670870194e-01 -5.536535880568305146e-02
-9.271452207587065342e-01 -3.704619801515415811e-01 -5.621089768201837505e-02
-9.235660654169500772e-01 -3.791824788740791319e-01 -5.697696619895684794e-02
-9.198732682719129583e-01 -3.879536459195075393e-01 -5.766405385150414481e-02
-9.160697411960481151e-01 -3.967625540298640452e-01 -5.827271377304960726e-02
-9.121587685474884521e-01 -4.055965068797260931e-01 -5.880356084533357869e-02
-9.081440036702087548e-01 -4.144430585871466954e-01 -5.925726957252444582e-02
-9.040294633927651313e-01 -4.232900322380587221e-01 -5.963457172809334683e-02
-8.998195206339938412e-01 -4.321255373091990037e-01 -5.993625378502131368e-02
-8.955188952338161146e-01 -4.409379858830095311e-01 -6.016315414156776786e-02
-8.911326431358281841e-01 -4.497161075574325761e-01 -6.031616015635473532e-02
-8.866661440555775320e-01 -4.584489629638591746e-01 -6.039620500786494622e-02
-8.821250877742746743e-01 -4.671259558175517301e-01 -6.040426439460459124e-02
-8.775154592021288114e-01 -4.757368434364637189e-01 -6.034135309313570783e-02
-8.728435223585052638e-01 -4.842717456763487305e-01 -6.020852139193581809e-02
-8.681158034176881255e-01 -4.927211522422134671e-01 -6.000685141959286734e-02
-8.633390729692096421e-01 -5.010759283483581239e-01 -5.973745338619415590e-02
-8.585203276405299899e-01 -5.093273187112977718e-01 -5.940146175692394975e-02
-8.536667712273610098e-01 -5.174669498716264471e-01 -5.900003137685397303e-02
-8.487857954732144217e-01 -5.254868308522225862e-01 -5.853433356570357515e-02
-8.438849606348888255e-01 -5.333793521709855323e-01 -5.800555220097462772e-02
-8.389719759647059627e-01 -5.411372832364201857e-01 -5.741487980734369390e-02
-8.340546802334530829e-01 -5.487537681637579823e-01 -5.676351366953608091e-02
-8.291410224103142879e-01 -5.562223200578423343e-01 -5.605265198512931341e-02
-8.242390426076828813e-01 -5.635368138166506613e-01 -5.528349007285430355e-02
-8.193568533897689354e-01 -5.706914775160323305e-01 -5.445721665099867437e-02
-8.145026215344591813e-01 -5.776808824419797928e-01 -5.357501019948575360e-02
-8.096845503280766243e-01 -5.844999318415148304e-01 -5.263803541812234199e-02
-8.049108624626293285e-01 -5.911438484670549220e-01 -5.164743979239520832e-02
-8.001897835949420834e-01 -5.976081609919557946e-01 -5.060435027706734756e-02
-7.955295266168290746e-01 -6.038886893768190545e-01 -4.950987010669531674e-02
-7.909382766752850458e-01 -6.099815292671660893e-01 -4.836507574107367508e-02
-7.864241769716237007e-01 -6.158830355032427484e-01 -4.717101395252493862e-02
-7.819953153586534089e-01 -6.215898048221079053e-01 -4.592869906090593646e-02
-7.776597117454132624e-01 -6.270986578308270776e-01 -4.463911032120509298e-02
-7.734253063097477066e-01 -6.324066203276149656e-01 -4.330318946766993637e-02
-7.692999485101211787e-01 -6.375109040452230369e-01 -4.192183841753820833e-02
-7.652913868795954144e-01 -6.424088868878243819e-01 -4.049591713665688653e-02
-7.614072595768371920e-01 -6.470980927291908325e-01 -3.902624166856696886e-02
-7.576550856614010510e-01 -6.515761708361642590e-01 -3.751358232801280806e-02
-7.540422570533552582e-01 -6.558408749773756430e-01 -3.595866205930674242e-02
-7.505760311305743615e-01 -6.598900422729401249e-01 -3.436215495954538651e-02
-7.472635239107098259e-01 -6.637215718365319095e-01 -3.272468496633471058e-02
-7.441117037589484173e-01 -6.673334032568942753e-01 -3.104682470943781469e-02
-7.411273855571554048e-01 -6.707234949615384911e-01 -2.932909452561183530e-02
-7.383172252648548817e-01 -6.738898025012063364e-01 -2.757196163584820989e-02
-7.356877147976843556e-01 -6.768302567896741229e-01 -2.577583948427199928e-02
-7.332451771444535860e-01 -6.795427423297365488e-01 -2.394108723808932929e-02
-7.309957616396934865e-01 -6.820250754527799053e-01 -2.206800944819494945e-02
-7.289454393045740055e-01 -6.842749825963042598e-01 -2.015685587036162088e-02
-7.270999981652593869e-01 -6.862900786411384457e-01 -1.820782144732648739e-02
-7.254650384541242447e-01 -6.880678453279697182e-01 -1.622104645256337505e-02
-7.240459675957422458e-01 -6.896056097712358612e-01 -1.419661679708042988e-02
-7.228479948761508123e-01 -6.909005230874603054e-01 -1.213456450120569199e-02
-7.218761256905656953e-01 -6.919495391548078356e-01 -1.003486833401488233e-02
-7.211351552614468918e-01 -6.927493935210488063e-01 -7.897454623811275137e-03
-7.206296617155909523e-01 -6.932965824783144937e-01 -5.722198243882170923e-03
-7.203639984057282897e-01 -6.935873423250479286e-01 -3.508923778624744270e-03
-7.203422853589463992e-01 -6.936176288384815480e-01 -1.257406876050129550e-03
-7.205683997311425060e-01 -6.933830969848515657e-01 1.032624206368026182e-03
-7.210459651436530448e-01 -6.928790808994693684e-01 3.361486854542901186e-03
-7.217783397752426389e-01 -6.921005741747672246e-01 5.729542140346752244e-03
-7.227686030798052830e-01 -6.910422105016007510e-01 8.137192643897141892e-03
-7.240195409974881091e-01 -6.896982447174845321e-01 1.058488004450806527e-02
-7.255336295245725653e-01 -6.880625343251446369e-01 1.307308246822255771e-02
-7.273130165054250140e-01 -6.861285215558592387e-01 1.560231157882867314e-02
-7.293595015082690036e-01 -6.838892160646018459e-01 1.817310939828113009e-02
-7.316745136455699017e-01 -6.813371783580769447e-01 2.078604484152474577e-02
-7.342590871996066415e-01 -6.784645040724085474e-01 2.344170994986310985e-02
-7.371138349145249791e-01 -6.752628092345761557e-01 2.614071580626057406e-02
-7.402389188180189539e-01 -6.717232166607401966e-01 2.888368811533367081e-02
-7.436340184390157759e-01 -6.678363436654052299e-01 3.167126243030979338e-02
-7.472982962926116857e-01 -6.635922912779568250e-01 3.450407900893979335e-02
-7.512303605103172188e-01 -6.589806351874847312e-01 3.738277728028507191e-02
-7.554282245027632570e-01 -6.539904186629430516e-01 4.030798990450024100e-02
-7.598892635537543017e-01 -6.486101477235445278e-01 4.328033640824626577e-02
-7.646101682593453575e-01 -6.428277888637419224e-01 4.630041637924649928e-02
-7.695868947438919694e-01 -6.366307696680649775e-01 4.936880220479451797e-02
-7.748146116072610612e-01 -6.300059826832502541e-01 5.248603134079754540e-02
-7.802876435840765401e-01 -6.229397929482469731e-01 5.565259810025570408e-02
-7.859994119275469648e-01 -6.154180496164440850e-01 5.886894495300205171e-02
-7.919423715676058295e-01 -6.074261021383913217e-01 6.213545333213056632e-02
-7.981079451363445321e-01 -5.989488215068241583e-01 6.545243394688904370e-02
-8.044864540035652212e-01 -5.899706270982675305e-01 6.882011660698228450e-02
-8.110670465222512560e-01 -5.804755196760871261e-01 7.223863956928558427e-02
-8.178376237483153677e-01 -5.704471211476184189e-01 7.570803842497410285e-02
-8.247713634912487990e-01 -5.599019863567008537e-01 7.913259474542952421e-02
-8.318474090505995067e-01 -5.488368651014969846e-01 8.251052942252404265e-02
-8.390441265859969189e-01 -5.372489812470330195e-01 8.583990733933025141e-02
-8.463391313312336184e-01 -5.251361216661477593e-01 8.911864228933542853e-02
-8.537093200426785211e-01 -5.124967254221644009e-01 9.234450290963155950e-02
-8.611309100776587400e-01 -4.993299726170375430e-01 9.551511966418059496e-02
-8.685794854446016178e-01 -4.856358722658456473e-01 9.862799290668747276e-02
-8.760300501033516651e-01 -4.714153484984217046e-01 1.016805020446624741e-01
-8.834570887210604351e-01 -4.566703243331902695e-01 1.046699158169168281e-01
-8.908346350064801911e-01 -4.414038022185441945e-01 1.075934036860371062e-01
-8.981363476537307378e-01 -4.256199404950541942e-01 1.104480483353857123e-01
-9.053355938262731550e-01 -4.093241248991854597e-01 1.132308592469738334e-01
-9.124055400038364461e-01 -3.925230342077036250e-01 1.159387873222860743e-01
-9.193192499006297425e-01 -3.752246991132256460e-01 1.185687404929809119e-01
-9.260497890438688096e-01 -3.574385534269108322e-01 1.211176002525664874e-01
-9.325703354792941324e-01 -3.391754767254205882e-01 1.235822390239163932e-01
-9.388542959470792537e-01 -3.204478275970636947e-01 1.259595382611415348e-01
-9.448754267497027071e-01 -3.012694666972566271e-01 1.282464071682010431e-01
-9.506079584155688877e-01 -2.816557688964504980e-01 1.304398019010746257e-01
-9.560267231511501151e-01 -2.616236238944932846e-01 1.325367451057060386e-01
-9.611072839730051554e-01 -2.411914247835155733e-01 1.345343456306486440e-01
-9.658260643220338837e-01 -2.203790441658874943e-01 1.364298182417834904e-01
-9.701604768884871666e-01 -1.992077975731121886e-01 1.382205031570105103e-01
-9.740890503201382611e-01 -1.777003940837263984e-01 1.399038852117813758e-01
-9.775915524499143583e-01 -1.558808742009129833e-01 1.414776124620558961e-01
-9.806491086651185629e-01 -1.337745352206997085e-01 1.429395140299821454e-01
-9.832443140496083256e-01 -1.114078444960510672e-01 1.442876169995193913e-01
-9.853613379638818115e-01 -8.880834117727771926e-02 1.455201621744648677e-01
-9.869860197863068452e-01 -6.600452718121578577e-02 1.466356185199562401e-01
-9.881059546214280287e-01 -4.302574830668726147e-02 1.476326961204549593e-01
-9.887105678874618109e-01 -1.990206656799193771e-02 1.485103575023415667e-01
-9.887911778231406323e-01 3.335875042107742938e-03 1.492678271873498497e-01
-9.883410451017746734e-01 2.665699402670149501e-02 1.499045993638270791e-01
-9.873554089049527693e-01 5.002991466240824803e-02 1.504204435858461364e-01
-9.858315089863950442e-01 7.342311756931928224e-02 1.508154084350620538e-01
-9.837685934443854974e-01 9.680509101049383780e-02 1.510898231063894648e-01
-9.811679121149268212e-01 1.201444823335314910e-01 1.512442969055327879e-01
-9.780326956930920357e-01 1.434102479694479848e-01 1.512797166735563303e-01
-9.743681208827599249e-01 1.665718004341331382e-01 1.511972421804582967e-01
-9.701812620608774029e-01 1.895991508342361187e-01 1.509982995555510521e-01
-9.654810301176756093e-01 2.124630454608842922e-01 1.506845728468118872e-01
-9.602780992952928418e-01 2.351350951590437666e-01 1.502579938237696699e-01
-9.545848229909023042e-01 2.575878962848745513e-01 1.497207301585050110e-01
-9.484151396140959589e-01 2.797951422049654857e-01 1.490751721366092297e-01
-9.417844696899343448e-01 3.017317244463583181e-01 1.483239180641968413e-01
-9.347096054773625928e-01 3.233738227710739044e-01 1.474697585481089535e-01
-9.272085944268897428e-01 3.446989836196153179e-01 1.465156598341798011e-01
-9.193006178314556687e-01 3.656861865408532752e-01 1.454647463928534779e-01
-9.110058660307917000e-01 3.863158983971348159e-01 1.443202829426011857e-01
-9.023454115134137421e-01 4.065701152999743884e-01 1.430856560996484339e-01
-8.933063004047193667e-01 4.264719111191830891e-01 1.418646113452976809e-01
-8.839023644253812817e-01 4.460177964291959785e-01 1.406582406240216854e-01
-8.741471506823943471e-01 4.652048499830611639e-01 1.394676008523771105e-01
-8.640539026400558820e-01 4.840306891651361410e-01 1.382937107040383140e-01
-8.536355434350473281e-01 5.024934398718297057e-01 1.371375476447567465e-01
-8.429046615189946801e-01 5.205917060031570731e-01 1.360000452164674967e-01
-8.318734985977187524e-01 5.383245387407447069e-01 1.348820905677779736e-01
-8.205539398235215387e-01 5.556914057797834872e-01 1.337845222262869227e-01
-8.089575061853288007e-01 5.726921606734741710e-01 1.327081281065986273e-01
-7.970953490313285039e-01 5.893270124389222708e-01 1.316536437465170850e-01
-7.849782466499075628e-01 6.055964955633962310e-01 1.306217507627267238e-01
-7.726166028271566066e-01 6.215014405395260511e-01 1.296130755162841763e-01
-7.600204472929473765e-01 6.370429450475386668e-01 1.286281879774539838e-01
-7.471994379625239713e-01 6.522223458921371231e-01 1.276676007788109801e-01
-7.341628648766206355e-01 6.670411917912573152e-01 1.267317684450937065e-01
-7.209196557402425265e-01 6.815012171037759803e-01 1.258210867880155959e-01
-7.074783829583415340e-01 6.956043165733979405e-01 1.249358924541126847e-01
-6.938472720655856074e-01 7.093525211564863930e-01 1.240764626137155907e-01
-6.800342114471773503e-01 7.227479749925789232e-01 1.232430147792671765e-01
-6.660467632481217315e-01 7.357929135678059618e-01 1.224357067414533623e-01
-6.518921753693869281e-01 7.484896431134251404e-01 1.216546366119606176e-01
-6.375773944509518509e-01 7.608405212742276325e-01 1.208998429621074566e-01
-6.231090797437072171e-01 7.728479390746755273e-01 1.201713050471077543e-01
-6.084936177744836305e-01 7.845143042042874715e-01 1.194689431062990331e-01
-5.937371377110510773e-01 7.958420256379975521e-01 1.187926187302992126e-01
-5.788455273366888143e-01 8.068334996019541627e-01 1.181421352867308566e-01
-5.638244495468026640e-01 8.174910968904754993e-01 1.175172383968627887e-01
-5.486793592830081501e-01 8.278171515356110843e-01 1.169176164562575476e-01
-5.334155208230451084e-01 8.378139508269371039e-01 1.163429011932716056e-01
-5.180380253478025221e-01 8.474837266758014076e-01 1.157926682600258356e-01
-5.025518087095681707e-01 8.568286483151924537e-01 1.152664378512409382e-01
-4.869616693283418951e-01 8.658508163236905419e-01 1.147636753471100723e-01
-4.712722861456430379e-01 8.745522579595246260e-01 1.142837919771536176e-01
-4.554882365676757305e-01 8.829349237885634194e-01 1.138261455027642782e-01
-4.396140143319797189e-01 8.910006855880636678e-01 1.133900409169001644e-01
-4.236540472337809726e-01 8.987513355061423903e-01 1.129747311601154991e-01
-4.076127146501607457e-01 9.061885864551861847e-01 1.125794178528292666e-01
-3.914943648018908151e-01 9.133140737157207090e-01 1.122032520444183751e-01
-3.753033316943391040e-01 9.201293577255910128e-01 1.118453349803811697e-01
-3.590439516802504394e-01 9.266359280276175170e-01 1.115047188894456309e-01
-3.427205795884668560e-01 9.328352083471522782e-01 1.111804077930924339e-01
-3.263376043637910562e-01 9.387285627691334122e-01 1.108713583405230851e-01
-3.098994641642418557e-01 9.443173029822974351e-01 1.105764806726253213e-01
-2.934106608629274415e-01 9.496026965561297217e-01 1.102946393189689067e-01
-2.768757739027038478e-01 9.545859762138891869e-01 1.100246541323023908e-01
-2.602994734527251941e-01 9.592683500626251192e-01 1.097653012654127291e-01
-2.436865328169642853e-01 9.636510127384884106e-01 1.095153141955521603e-01
-2.270418400458266706e-01 9.677351574228260089e-01 1.092733848019274978e-01
-2.103704087031345038e-01 9.715219886815268380e-01 1.090381645019832396e-01
-1.936773877420616963e-01 9.750127360768673368e-01 1.088082654523893633e-01
-1.769890252274311515e-01 9.782067592398439038e-01 1.085653065685542318e-01
-1.603117627597296369e-01 9.811058659131786097e-01 1.083116949100666054e-01
-1.436515997849009130e-01 9.837120849752876151e-01 1.080497867414869084e-01
-1.270140942171548437e-01 9.860276311855437070e-01 1.077818865617473920e-01
-1.104043649535759036e-01 9.880548708360065158e-01 1.075102463900609040e-01
-9.382709616184095602e-02 9.897962883933572042e-01 1.072370652894116261e-01
-7.728654322254185915e-02 9.912544541999036563e-01 1.069644891084267496e-01
-6.078654020915506134e-02 9.924319932885344864e-01 1.066946104223223946e-01
-4.433050879145262330e-02 9.933315553534660669e-01 1.064294686536602641e-01
-2.792146845195517604e-02 9.939557859066124879e-01 1.061710503538241396e-01
-1.156204790973933139e-02 9.943072986384458023e-01 1.059212896264078996e-01
4.745502348610684124e-03 9.943886489923302596e-01 1.056820686740817528e-01
2.099929652500867258e-02 9.942023089525178214e-01 1.054552184509531532e-01
3.719779904031531026e-02 9.937506430382792022e-01 1.052425194029474320e-01
5.333980921970953720e-02 9.930358854899991039e-01 1.050457022792864875e-01
6.942444520617074843e-02 9.920601186274704553e-01 1.048664489987276432e-01
8.545112716778163753e-02 9.908252523560423519e-01 1.047063935548278590e-01
1.014195598569830881e-01 9.893330047926861548e-01 1.045671229451101275e-01
1.173297145723140034e-01 9.875848839813985425e-01 1.044501781096195542e-01
1.331818105656197015e-01 9.855821706656248127e-01 1.043570548649595114e-01
1.489762959302771417e-01 9.833259020845170895e-01 1.042892048204858979e-01
1.647138279987178378e-01 9.808168567598029020e-01 1.042480362639060104e-01
1.803952532704818368e-01 9.780555402407832277e-01 1.042349150040729339e-01
1.960215868852511201e-01 9.750421717764781171e-01 1.042511651592850919e-01
2.115939916488303874e-01 9.717766718861425845e-01 1.042980698798915140e-01
2.271137566139017905e-01 9.682586508022639205e-01 1.043768719944667134e-01
2.425822752116146286e-01 9.644873977636799767e-01 1.044887745692549413e-01
2.580010229247109432e-01 9.604618711406093245e-01 1.046349413709944526e-01
2.733715344879674158e-01 9.561806893781193972e-01 1.048164972236205195e-01
2.886953805972826692e-01 9.516421227498638169e-01 1.050345282497149452e-01
3.039741441047913439e-01 9.468440859197653214e-01 1.052900819879246108e-01
3.192093956739757155e-01 9.417841313156879446e-01 1.055841673779175371e-01
3.344026688659083035e-01 9.364594433260147177e-01 1.059177546047878893e-01
3.495554346255371758e-01 9.308668333373972814e-01 1.062917747951694358e-01
3.646690751353597326e-01 9.250027356397636513e-01 1.067071195576771714e-01
3.797448570029733350e-01 9.188632042329289984e-01 1.071646403606788672e-01
3.947839037488894975e-01 9.124439105778328063e-01 1.076651477408111374e-01
4.097871675617164589e-01 9.057401423445027300e-01 1.082094103361096044e-01
4.247554002894116110e-01 8.987468032182790445e-01 1.087981537381298019e-01
4.396891236378512868e-01 8.914584138356000942e-01 1.094320591580083546e-01
4.545885985515362160e-01 8.838691139306951161e-01 1.101117619020635652e-01
4.694537937559235541e-01 8.759726657848081466e-01 1.108378496532757135e-01
4.842843534467373701e-01 8.677624590800225857e-01 1.116108605558330108e-01
4.990795641187462106e-01 8.592315172702914561e-01 1.124312811008943702e-01
5.138383205350007810e-01 8.503725055928161858e-01 1.132995438128188009e-01
5.285590908474894212e-01 8.411777408533518408e-01 1.142160247363591397e-01
5.432398808916886201e-01 8.316392031292215714e-01 1.151810407267288977e-01
5.578781976906502793e-01 8.217485495436563925e-01 1.161948465460401064e-01
5.724710122191662975e-01 8.114971302743713144e-01 1.172576317713907856e-01
5.870147214952606829e-01 8.008760069678571014e-01 1.183695175218658080e-01
6.015051100848525234e-01 7.898759737384909441e-01 1.195305530139155609e-01
6.159373111259627276e-01 7.784875809380114031e-01 1.207407119570026860e-01
6.303057670013351155e-01 7.667011618858937672e-01 1.219998888040639828e-01
6.446041898128269665e-01 7.545068627544037065e-01 1.233078948742269837e-01
6.588255218373639810e-01 7.418946758032831656e-01 1.246644543683470552e-01
6.729618961726054893e-01 7.288544761577734343e-01 1.260692003012869600e-01
6.870045978106205098e-01 7.153760623196461221e-01 1.275216703784344818e-01
7.009440254096865885e-01 7.014492005936893149e-01 1.290213028477291135e-01
7.147696540675857468e-01 6.870636736012779577e-01 1.305674323624196609e-01
7.284699994342140883e-01 6.722093330378273723e-01 1.321592858938682169e-01
7.420325835365949585e-01 6.568761568116557870e-01 1.337959787379103260e-01
7.554439027250746674e-01 6.410543106776614986e-01 1.354765106625217541e-01
7.686893981850698720e-01 6.247342144498454486e-01 1.371997622487672319e-01
7.817534294936349104e-01 6.079066128417230930e-01 1.389644914811385135e-01
7.946192517336255756e-01 5.905626509427464033e-01 1.407693306473416783e-01
8.072689967095791896e-01 5.726939542917498516e-01 1.426127836112656699e-01
8.196836588377138799e-01 5.542927134549728851e-01 1.444932235261449094e-01
8.318430863067152181e-01 5.353517729563270766e-01 1.464088910576928082e-01
8.437259781251661428e-01 5.158647243413405636e-01 1.483578931890982555e-01
8.553098876844719145e-01 4.958260030838317345e-01 1.503382026810980154e-01
8.665712334717553533e-01 4.752309889662228448e-01 1.523476582607169727e-01
8.774853175642546299e-01 4.540761094810878418e-01 1.543839656115498227e-01
8.880263525240327249e-01 4.323589457138218850e-01 1.564446992364902367e-01
8.981674972881401597e-01 4.100783400752482932e-01 1.585273052604455613e-01
9.078809026136458460e-01 3.872345051598056198e-01 1.606291052356683402e-01
9.171377665881875751e-01 3.638291329111951744e-01 1.627473010057650105e-01
9.259084006540578837e-01 3.398655031847709340e-01 1.648789806761029042e-01
9.341623065167227180e-01 3.153485907065177729e-01 1.670211257281563610e-01
9.418682642167280905e-01 2.902851693443924685e-01 1.691706193032691263e-01
9.489944315371560135e-01 2.646839125314874308e-01 1.713242556673694184e-01
9.555084547974940223e-01 2.385554886144468090e-01 1.734787508524046340e-01
9.613775909497546124e-01 2.119126498474258602e-01 1.756307544527763165e-01
9.665688407451417108e-01 1.847703137142578389e-01 1.777768625360170995e-01
9.710490925812208518e-01 1.571456352419277613e-01 1.799136316065944041e-01
9.747852764726154806e-01 1.290580689693372474e-01 1.820375935403482082e-01
9.777445274154213939e-01 1.005294192588073454e-01 1.841452713850359191e-01
9.798943572399776425e-01 7.158387768557102071e-02 1.862331959001927162e-01
9.812028338719507303e-01 4.224804631395052967e-02 1.882979226875045042e-01
9.816387667518313709e-01 1.255094576872538628e-02 1.903360497416642372e-01
9.811718970021365838e-01 -1.747599286355469225e-02 1.923442352318082693e-01
9.797730907842218118e-01 -4.779895311653428736e-02 1.943192153056973737e-01
9.774145341570452672e-01 -7.838177584617027349e-02 1.962578216934118269e-01
9.740699276427496889e-01 -1.091860199914808094e-01 1.981569988750481459e-01
9.697146786225310233e-01 -1.401710416150402927e-01 2.000138205682819026e-01
9.643260896344730826e-01 -1.712940912118816050e-01 2.018255052871797406e-01
9.578835406257736329e-01 -2.025104290325099865e-01 2.035894307237116618e-01
9.503686632272241308e-01 -2.337734579174695349e-01 2.053031467083384631e-01
9.417655051692033208e-01 -2.650348728930017050e-01 2.069643865160215868e-01
9.320606830460697045e-01 -2.962448265357644495e-01 2.085710762990816980e-01
9.212435217588851311e-01 -3.273521088854155492e-01 2.101213424484408565e-01
9.093462655209036960e-01 -3.582626322244727990e-01 2.115118530223240312e-01
8.963741785789817174e-01 -3.889124982295369959e-01 2.127449388777015449e-01
8.823368260931239160e-01 -4.192388645750338427e-01 2.138235443903210298e-01
8.672479301699346221e-01 -4.491803136771201355e-01 2.147512091991102545e-01
8.511251872294849363e-01 -4.786772001671596999e-01 2.155320443978412381e-01
8.339900501122722298e-01 -5.076719725149135831e-01 2.161707036230846590e-01
8.158674789021141960e-01 -5.361094648167901155e-01 2.166723495654467868e-01
7.967856648995900182e-01 -5.639371554336521930e-01 2.170426164941127445e-01
7.767757325201039009e-01 -5.911053898835351150e-01 2.172875694315937745e-01
7.558714241064909967e-01 -6.175675661441620834e-01 2.174136606456927023e-01
7.341087727385572359e-01 -6.432802812755789024e-01 2.174276841390687665e-01
7.115257680955531239e-01 -6.682034390129290014e-01 2.173367288139871900e-01
6.881620202906049144e-01 -6.923003186837222156e-01 2.171481309719754949e-01
6.640584263600208814e-01 -7.155376064558963689e-01 2.168694267767029837e-01
6.392568437690302474e-01 -7.378853905086241172e-01 2.165083052653077877e-01
6.137997749044631357e-01 -7.593171222266641429e-01 2.160725624407057455e-01
5.877300660805856447e-01 -7.798095459440602673e-01 2.155700569173370773e-01
5.610906241033822850e-01 -7.993426001005444759e-01 2.150086675275828807e-01
5.339241529371497874e-01 -8.178992929236758025e-01 2.143962532278921584e-01
5.062729125103867522e-01 -8.354655559139848586e-01 2.137406155745451009e-01
4.781785011991937506e-01 -8.520300784940659788e-01 2.130494639707886384e-01
4.496816630474703702e-01 -8.675841271924937814e-01 2.123303838214213035e-01
4.208221203338077809e-01 -8.821213526779269065e-01 2.115908076691207784e-01
3.916384316827201673e-01 -8.956375878470708152e-01 2.108379893299578700e-01
3.621678755482163892e-01 -9.081306400120706668e-01 2.100789809944119679e-01
3.324463585741636029e-01 -9.196000800382735374e-01 2.093206132153130339e-01
3.025083480600729291e-01 -9.300470310617519054e-01 2.085694776657614768e-01
2.723868275328451549e-01 -9.394739591765888242e-01 2.078319125182791216e-01
2.421132742432634821e-01 -9.478844682329909954e-01 2.071139902711005287e-01
2.117176572680802005e-01 -9.552831006362011435e-01 2.064215078283521687e-01
1.812284548010023866e-01 -9.616751457892787069e-01 2.057599786274996456e-01
1.506726891546797120e-01 -9.670664575854103218e-01 2.051346265994009321e-01
1.200759779664583998e-01 -9.714632821317243927e-01 2.045503817430627536e-01
8.946260009848755468e-02 -9.748720966798392062e-01 2.040118770982075613e-01
5.885557474299579067e-02 -9.772994605508197319e-01 2.035234469034674643e-01
2.827675228152866024e-02 -9.787518786752424926e-01 2.030891257358874158e-01
-2.253084501815470070e-03 -9.792356782232746193e-01 2.027126484379345173e-01
-3.271411019277824239e-02 -9.787568986749957123e-01 2.023974506509002569e-01
-6.308733877900826736e-02 -9.773211955769843806e-01 2.021466697880255348e-01
-9.335449914847991637e-02 -9.749337581463320968e-01 2.019631462964983915e-01
-1.234979051948427720e-01 -9.715992408162248406e-01 2.018494250743501361e-01
-1.535003216080943200e-01 -9.673217087662212554e-01 2.018077569259358883e-01
-1.833448263729258176e-01 -9.621045974433017900e-01 2.018400999579032240e-01
-2.130146709490216561e-01 -9.559506860544182416e-01 2.019481208361495472e-01
-2.424931390689351041e-01 -9.488620849952781322e-01 2.021331958430976350e-01
-2.717634050609806229e-01 -9.408402371709936318e-01 2.023964116935663693e-01
-3.008083925875753573e-01 -9.318859331595116258e-01 2.027385660864893802e-01
-3.296106346839778878e-01 -9.219993401658915788e-01 2.031601679886622935e-01
-3.581521359884182742e-01 -9.111800447119898783e-01 2.036614376655116465e-01
-3.864142380718538772e-01 -8.994271089994507751e-01 2.042423064925076581e-01
-4.143832185909261390e-01 -8.867487146522822217e-01 2.048493903490276880e-01
-4.420302608034089031e-01 -8.731488381211781613e-01 2.054759414192374178e-01
-4.693254754864167877e-01 -8.586327442121101106e-01 2.061150554332690232e-01
-4.962379749235911186e-01 -8.432071574979366213e-01 2.067596895210515318e-01
-5.227359663243659194e-01 -8.268804293147081763e-01 2.074026820618267708e-01
-5.487868646836121522e-01 -8.096626982628638558e-01 2.080367745654481682e-01
-5.743574248618610323e-01 -7.915660420435716160e-01 2.086546355879938808e-01
-5.994138924131339197e-01 -7.726046183974437653e-01 2.092488866473423970e-01
-6.239221724122988588e-01 -7.527947928823057744e-01 2.098121300646239307e-01
-6.478480152410862614e-01 -7.321552512338245222e-01 2.103369786154849486e-01
-6.711572179867977272e-01 -7.107070941022968213e-01 2.108160868316380498e-01
-6.938158397967651991e-01 -6.884739120546607971e-01 2.112421837491039733e-01
-7.157904292221468623e-01 -6.654818388757011149e-01 2.116081068558993139e-01
-7.370482612848759940e-01 -6.417595813981007424e-01 2.119068369497941751e-01
-7.575575817202732098e-01 -6.173384243376139890e-01 2.121315335773465427e-01
-7.772878555940899714e-01 -5.922522089057333794e-01 2.122755706899370487e-01
-7.962100172756574334e-01 -5.665372843145878301e-01 2.123325721221998585e-01
-8.142967185771211591e-01 -5.402324316724377296e-01 2.122964464742413959e-01
-8.315225717504820535e-01 -5.133787601862389582e-01 2.121614209624280156e-01
-8.478643839762798340e-01 -4.860195760318901104e-01 2.119220737952269840e-01
-8.633013799857424120e-01 -4.582002247130268491e-01 2.115733646313245342e-01
-8.778154095358069453e-01 -4.299679081944619008e-01 2.111106626875042525e-01
-8.913911366052779117e-01 -4.013714785546174113e-01 2.105297720837551456e-01
-9.040162073999776782e-01 -3.724612103401541696e-01 2.098269540426994928e-01
-9.156813945421806711e-01 -3.432885542130909018e-01 2.089989455992787848e-01
-9.263807151696891173e-01 -3.139058748441728164e-01 2.080429745239923689e-01
-9.361115210751643767e-01 -2.843661763152279809e-01 2.069567702178293223e-01
-9.448745594673142456e-01 -2.547228185383505483e-01 2.057385703980824376e-01
-9.526740034211063080e-01 -2.250292283734357801e-01 2.043871234599706765e-01
-9.595174515918808433e-01 -1.953386092225356530e-01 2.029016864677350707e-01
-9.654158972847890485e-01 -1.657036528968038880e-01 2.012820187988172971e-01
-9.703836674827919229e-01 -1.361762574891234867e-01 1.995283715340411823e-01
-9.744383329301162799e-01 -1.068072548450910292e-01 1.976414727535862892e-01
-9.776005908309058912e-01 -7.764615101157451571e-02 1.956225089612567691e-01
-9.798941221433352666e-01 -4.874088276251467566e-02 1.934731029165596972e-01
-9.813454258177888301e-01 -2.013759296489109341e-02 1.911952882040793278e-01
-9.819836326358960532e-01 8.119572835745575423e-03 1.887914809114953352e-01
-9.818403015494617803e-01 3.598864664953740911e-02 1.862644488205620896e-01
-9.809492015911362994e-01 6.342999357759925017e-02 1.836172785389688644e-01
-9.793460825308365481e-01 9.040644158219901527e-02 1.808533410150749421e-01
-9.770684374844857967e-01 1.168833848772236894e-01 1.779762558821976759e-01
-9.741552606476665543e-01 1.428288607634245477e-01 1.749898550748386350e-01
-9.706468032311598160e-01 1.682136001495155020e-01 1.718981461466218552e-01
-9.665843305244555816e-01 1.930110523854957072e-01 1.687052756996489933e-01
-9.620098828146940173e-01 2.171973853814100908e-01 1.654154933084658885e-01
-9.569660426504518203e-01 2.407514622876801569e-01 1.620331162900059407e-01
-9.514957106710681956e-01 2.636547962684046009e-01 1.585624956349143688e-01
-9.456418919316472715e-01 2.858914851046230887e-01 1.550079833767563919e-01
-9.394474943500739084e-01 3.074481275200384167e-01 1.513739016349427979e-01
-9.329551405934612962e-01 3.283137232281380102e-01 1.476645135258699837e-01
-9.261748125608949556e-01 3.485219944860766805e-01 1.439883316252130174e-01
-9.191409940497073938e-01 3.680793083402347232e-01 1.403476379502642812e-01
-9.118865549601319342e-01 3.869933361906951474e-01 1.367445509966587480e-01
-9.044427477940109039e-01 4.052729124848733488e-01 1.331810269100321409e-01
-8.968392133774109043e-01 4.229278998648299814e-01 1.296588616017692042e-01
-8.891039948408393512e-01 4.399690611343518576e-01 1.261796937090119974e-01
-8.812635589149283577e-01 4.564079383063088247e-01 1.227450082997352393e-01
-8.733428236325209149e-01 4.722567388943786915e-01 1.193561412257297255e-01
-8.653651915683888696e-01 4.875282295263286825e-01 1.160142840295280697e-01
-8.573525877937792083e-01 5.022356368787532777e-01 1.127204893154361981e-01
-8.493255017731595746e-01 5.163925558654082204e-01 1.094756764996914905e-01
-8.413030324836073826e-01 5.300128649527866553e-01 1.062806378601651863e-01
-8.333029360920714002e-01 5.431106484269609957e-01 1.031360448117931428e-01
-8.253416755812039707e-01 5.557001253944686692e-01 1.000424543399054816e-01
-8.174344717697179519e-01 5.677955852665755865e-01 9.700031552970270199e-02
-8.095953552275166887e-01 5.794113294499817490e-01 9.400997613618364279e-02
-8.018372186385605005e-01 5.905616189472908673e-01 9.107168914477707655e-02
-7.941718692150682157e-01 6.012606275566800829e-01 8.818561927868925898e-02
-7.866100808148255297e-01 6.115224003515216111e-01 8.535184941449582008e-02
-7.791616454588017326e-01 6.213608171165825311e-01 8.257038687273260402e-02
-7.718354239887658119e-01 6.307895604172467641e-01 7.984116955514475311e-02
-7.646393956440277195e-01 6.398220879813867334e-01 7.716407190481464062e-02
-7.575807063727635349e-01 6.484716090795177301e-01 7.453891066959578149e-02
-7.506657157266137803e-01 6.567510645972028938e-01 7.196545045312661981e-02
-7.439000422174359972e-01 6.646731105038802268e-01 6.944340904118911917e-02
-7.372886070423229077e-01 6.722501044339600496e-01 6.697246249431872134e-02
-7.308356761073953045e-01 6.794940951088151992e-01 6.455225000037752292e-02
-7.245449003025766777e-01 6.864168143418457602e-01 6.218237848328678902e-02
-7.184193539987151489e-01 6.930296713828660859e-01 5.986242696629525545e-02
-7.124615717552009730e-01 6.993437493723873022e-01 5.759195069005604989e-02
-7.066735832408044260e-01 7.053698036907555258e-01 5.537048498741756197e-02
-7.010569463830070847e-01 7.111182620013808409e-01 5.319754891822282838e-02
-6.956127787717851785e-01 7.165992258013093030e-01 5.107264866857906538e-02
-6.903417873527974979e-01 7.218224733060382148e-01 4.899528072002407031e-02
-6.852442964523934865e-01 7.267974635086602575e-01 4.696493479479947608e-02
-6.803202741829446065e-01 7.315333412660733892e-01 4.498109658406087424e-02
-6.755693572818571857e-01 7.360389432770607643e-01 4.304325026633044893e-02
-6.709908744413873860e-01 7.403228048284876683e-01 4.115088082384498608e-02
-6.665838681891771422e-01 7.443931671966618202e-01 3.930347616468781585e-02
-6.623471153813763612e-01 7.482579856010455055e-01 3.750052905873128145e-02
-6.582791463714257052e-01 7.519249376169919730e-01 3.574153889547075635e-02
-6.543782629181418287e-01 7.554014319630100172e-01 3.402601327181402346e-02
-6.506425548967628147e-01 7.586946175862530062e-01 3.235346941781242630e-02
-6.470699158761551439e-01 7.618113929774986692e-01 3.072343546819249205e-02
-6.436580576245344298e-01 7.647584156538588251e-01 2.913545158737809032e-02
-6.404045236048635514e-01 7.675421117538531179e-01 2.758907095549119337e-02
-6.373067015196348661e-01 7.701686856953324778e-01 2.608386062259176325e-02
-6.343618349630583131e-01 7.726441298520675405e-01 2.461940223816998924e-02
