1.000000000000000000e+00 0.000000000000000000e+00 0.000000000000000000e+00
9.999999980723903725e-01 -2.433324847593784250e-05 5.712372888562153203e-05
9.999999819929411560e-01 -8.187153766250389059e-05 1.712051754415885689e-04
9.999999250356745861e-01 -1.814587671765186656e-04 3.420548047060752682e-04
9.999997827767430625e-01 -3.319072883536196197e-04 5.694596636787391600e-04
9.999994891602278502e-01 -5.419942580580228283e-04 8.531834890415190657e-04
9.999989518393607169e-01 -8.204579978576844162e-04 1.192966814912542126e-03
9.999980468083717877e-01 -1.175994353020538667e-03 1.588527078427446997e-03
9.999966123418515540e-01 -1.617253044166415887e-03 2.039558720738706907e-03
9.999944422601836358e-01 -2.152834002618181884e-03 2.545733280844598122e-03
9.999912785412631289e-01 -2.791283678550509056e-03 3.106699479507668039e-03
9.999868033003682655e-01 -3.541091308952813103e-03 3.722083290400081748e-03
9.999806301617055748e-01 -4.410685130222956676e-03 4.391487995522139892e-03
9.999722950468163951e-01 -5.408428517910377625e-03 5.114494221882421969e-03
9.999612464067129114e-01 -6.542616033752619853e-03 5.890659956405148133e-03
9.999468349263289646e-01 -7.821469357720454985e-03 6.719520536044030871e-03
9.999283027316263617e-01 -9.253133080327687401e-03 7.600588610133452577e-03
9.999047721315104109e-01 -1.084567032799740351e-02 8.533354072098474699e-03
9.998752339285886803e-01 -1.260705819183321336e-02 9.517283957775971026e-03
9.998385353347727378e-01 -1.454518292774944349e-02 1.055182230777088059e-02
9.997933675297855372e-01 -1.666783489359721995e-02 1.163638999148483739e-02
9.997382529028123743e-01 -1.898270318671390830e-02 1.277038449070964574e-02
9.996715320198391597e-01 -2.149736994325308903e-02 1.395317964097541642e-02
9.995913503616643547e-01 -2.421930425875380710e-02 1.518412532918264439e-02
9.994956448801762816e-01 -2.715585568771539116e-02 1.646254714642871042e-02
9.993821304232510805e-01 -3.031424727849336628e-02 1.778774599536172771e-02
9.992482860815747880e-01 -3.370156809865958170e-02 1.915899765185737416e-02
9.990913415138212850e-01 -3.732476520511398416e-02 2.057555228131613748e-02
9.989082633099390929e-01 -4.119063501273605155e-02 2.203663391041772029e-02
9.986957414558101931e-01 -4.530581401526122959e-02 2.354143985574414302e-02
9.984501759662490761e-01 -4.967676881240393194e-02 2.508914011129089253e-02
9.981676637571926802e-01 -5.430978539806591288e-02 2.667887669752357083e-02
9.978439858319920752e-01 -5.921095766581076225e-02 2.830976297530207048e-02
9.974745948609302637e-01 -6.438617508969510239e-02 2.998088292868174298e-02
9.970546032374358880e-01 -6.984110954106838298e-02 3.169129042130636176e-02
9.965787716989144007e-01 -7.558120120512872020e-02 3.344000843182570043e-02
9.960414986046343122e-01 -8.161164356489343519e-02 3.522602827449516916e-02
9.954368099676462744e-01 -8.793736742484975499e-02 3.704830881183947267e-02
9.947583503422240403e-01 -9.456302395193069699e-02 3.890577566697882989e-02
9.939993746727378010e-01 -1.014929667176463074e-01 4.079732044391678331e-02
9.931527412141333278e-01 -1.087312327322209754e-01 4.272179996476364872e-02
9.922109056382201198e-01 -1.162815224694657285e-01 4.467803553350899182e-02
9.911659164436765757e-01 -1.241471788898672879e-01 4.666481223654957849e-02
9.900094117909751246e-01 -1.323311654790104708e-01 4.868087829071414407e-02
9.887326178862019255e-01 -1.408360433289663760e-01 5.072494444999071928e-02
9.873263490398975772e-01 -1.496639473016623534e-01 5.279568348254316118e-02
9.857810095284503804e-01 -1.588165613254766406e-01 5.489172972988759502e-02
9.840865973861210314e-01 -1.682950928893302556e-01 5.701167876027258413e-02
9.822327102553339850e-01 -1.781002468123288329e-01 5.915408712835519556e-02
9.802085534213198503e-01 -1.882321983814639055e-01 6.131747225317486089e-02
9.780029501543979764e-01 -1.986905659649293998e-01 6.350031242618423000e-02
9.756043544790324873e-01 -2.094743832241355574e-01 6.570104696068825023e-02
9.730008664831576448e-01 -2.205820710633822346e-01 6.791807649345751874e-02
9.701802502740340950e-01 -2.320114094722375842e-01 7.014976344850874790e-02
9.671299546779701384e-01 -2.437595094317893674e-01 7.239443267207541777e-02
9.638371367705345083e-01 -2.558227850719058116e-01 7.465037224661794091e-02
9.602886883113277428e-01 -2.681969262822548328e-01 7.691583449034157527e-02
9.564712651429211343e-01 -2.808768719948585568e-01 7.918903714710046060e-02
9.523713195971966750e-01 -2.938567843701659354e-01 8.146816476976968813e-02
9.479751359340241601e-01 -3.071300241317549973e-01 8.375137029817131262e-02
9.432688688170388636e-01 -3.206891273065657355e-01 8.603677683045465874e-02
9.382385848092962277e-01 -3.345257836377458216e-01 8.832247958447191072e-02
9.328703068478918503e-01 -3.486308169454930272e-01 9.060654804317712363e-02
9.271500616313852472e-01 -3.629941677174364778e-01 9.288702827543561524e-02
9.210639298272421671e-01 -3.776048782138534676e-01 9.516194542089227715e-02
9.145980989787338977e-01 -3.924510803741304565e-01 9.742930632474716690e-02
9.077389189620659327e-01 -4.075199868091253785e-01 9.968710230546605489e-02
9.004729598152511061e-01 -4.227978851592821830e-01 1.019333120356579608e-01
8.927870717307306858e-01 -4.382701360903310528e-01 1.041659045136310580e-01
8.846684469743371082e-01 -4.539211751870620981e-01 1.063828421005462432e-01
8.761046834642839398e-01 -4.697345189909196694e-01 1.085820835956807368e-01
8.670838497158562808e-01 -4.856927754090072380e-01 1.107615873201502343e-01
8.575945508307911691e-01 -5.017776587005613464e-01 1.129193141775772236e-01
8.476259951853899466e-01 -5.179700092221402041e-01 1.150532306586924264e-01
8.371680614486236571e-01 -5.342498180848391787e-01 1.171613117557741696e-01
8.262113655412658408e-01 -5.505962568460042172e-01 1.192415437522189869e-01
8.147473271298034669e-01 -5.669877123244487782e-01 1.212919268524451921e-01
8.027682352348657346e-01 -5.834018265924156843e-01 1.233104776178016032e-01
7.902673125234802587e-01 -5.998155421598490022e-01 1.252952311752205394e-01
7.772387778478572207e-01 -6.162051523273834874e-01 1.272442431670427754e-01
7.636779065908009256e-01 -6.325463566442758312e-01 1.291555914127667792e-01
7.495810883793773138e-01 -6.488143213667892928e-01 1.310273772564395645e-01
7.349458817341754102e-01 -6.649837447718052186e-01 1.328577265770000126e-01
7.197710652313686897e-01 -6.810289271401752664e-01 1.346447904430878584e-01
7.040566847687133034e-01 -6.969238451850529037e-01 1.363867453986037370e-01
6.878040965444522925e-01 -7.126422306626249981e-01 1.380817933706004752e-01
6.710160053795930502e-01 -7.281576528667532688e-01 1.397281611968383130e-01
6.536964980388997315e-01 -7.434436046754314686e-01 1.413240997764723950e-01
6.358510712338536486e-01 -7.584735917860105925e-01 1.428678828537719436e-01
6.174866540213878041e-01 -7.732212247481350387e-01 1.443578054513995623e-01
5.986116243449997043e-01 -7.876603133784737532e-01 1.457921819764996518e-01
5.792358194994428056e-01 -8.017649631197724114e-01 1.471693440295423205e-01
5.593705403361719508e-01 -8.155096728885700141e-01 1.484876379524271151e-01
5.390285490636408383e-01 -8.288694339411034617e-01 1.497454221586456136e-01
5.182240605340283635e-01 -8.418198292754163203e-01 1.509410642942140002e-01
4.969727269456385987e-01 -8.543371330793474439e-01 1.520729382834944132e-01
4.752916159277636443e-01 -8.663984097287387165e-01 1.531394213188138620e-01
4.531991820119560810e-01 -8.779816118376355671e-01 1.541388908568514238e-01
4.307152315302326118e-01 -8.890656768622280381e-01 1.550697216879996787e-01
4.078608810165815779e-01 -8.996306217625250623e-01 1.559302831472263728e-01
3.846585092232081005e-01 -9.096576352300237422e-01 1.567189365362904319e-01
3.611317028972099719e-01 -9.191291669956889177e-01 1.574340328274438927e-01
3.373051964968800664e-01 -9.280290137401869810e-01 1.580739107179311431e-01
3.132048060596721029e-01 -9.363424011373663314e-01 1.586368951026543017e-01
2.888573574661703058e-01 -9.440560615723313509e-01 1.591212960292980871e-01
2.642906093763214836e-01 -9.511583070870716083e-01 1.595254081960111592e-01
2.395331711458705548e-01 -9.576390971195134494e-01 1.598475110464526172e-01
2.146144160625342856e-01 -9.634901006161359360e-01 1.600858695106829599e-01
1.895643902730617114e-01 -9.687047521141064488e-01 1.602387354330763458e-01
1.644137178040374347e-01 -9.732783014064562144e-01 1.603043497202449874e-01
1.391935021110885240e-01 -9.772078564234065734e-01 1.602809452330026807e-01
1.139352246229929227e-01 -9.804924189848829297e-01 1.601667504367762229e-01
8.867064077890018936e-02 -9.831329131038472058e-01 1.599599938147405753e-01
6.343167408821885622e-02 -9.851322055476815498e-01 1.596589090374586628e-01
3.825030877334827106e-02 -9.864951183957837433e-01 1.592617408721142547e-01
1.315848158489337644e-02 -9.872284333660734656e-01 1.587667518037108039e-01
-1.181202659324371435e-02 -9.873408877214819857e-01 1.581722293300507620e-01
-3.662969870607543643e-02 -9.868431616098464199e-01 1.574764938820922833e-01
-6.126338839182519924e-02 -9.857478567369908351e-01 1.566779073115879550e-01
-8.568242506446818729e-02 -9.840694663230777905e-01 1.557748818789226053e-01
-1.098567165166148690e-01 -9.818243363463381446e-01 1.547658896659583339e-01
-1.337568483361232519e-01 -9.790306181356824844e-01 1.536494723316255973e-01
-1.573541794272320937e-01 -9.757082124339653273e-01 1.524242511221166607e-01
-1.806209329312510603e-01 -9.718787051161676960e-01 1.510889370429693845e-01
-2.035302818535687785e-01 -9.675652948106963080e-01 1.496423410971811363e-01
-2.260564287234798075e-01 -9.627927127364613868e-01 1.480833844918431341e-01
-2.481746786414917583e-01 -9.575871351323713698e-01 1.464111087156874935e-01
-2.698615051056036940e-01 -9.519760887182606712e-01 1.446246853914113784e-01
-2.910946080536206959e-01 -9.459883496859003982e-01 1.427234258096752306e-01
-3.118529636127762572e-01 -9.396538367744373677e-01 1.407067900562180562e-01
-3.321168651104705605e-01 -9.330034990351989688e-01 1.385743956495163742e-01
-3.518679549702927178e-01 -9.260691989351709230e-01 1.363260256137245607e-01
-3.710892471949944205e-01 -9.188835914855584264e-01 1.339616359201319662e-01
-3.897651402218463290e-01 -9.114800001107682403e-01 1.314813622398906257e-01
-4.078814200248137012e-01 -9.038922899931323141e-01 1.288855259611153548e-01
-4.254252534310686840e-01 -8.961547396391572606e-01 1.261746394344231970e-01
-4.423851717152446072e-01 -8.883019114136491146e-01 1.233494104223388232e-01
-4.587510446321896307e-01 -8.803685217785827133e-01 1.204107457395093561e-01
-4.745140451464116005e-01 -8.723893119541487051e-01 1.173597540821095381e-01
-4.896666052125351332e-01 -8.643989196903388850e-01 1.141977480559391717e-01
-5.042023630545690027e-01 -8.564317527992915124e-01 1.109262454232907424e-01
-5.181161024813142335e-01 -8.485218650521980654e-01 1.075469695984817980e-01
-5.314036848596477292e-01 -8.407028349908735043e-01 1.040618494308062914e-01
-5.440619744456252072e-01 -8.330076481442958425e-01 1.004730183213888295e-01
-5.560887578444388968e-01 -8.254685830758728970e-01 9.678281272687837278e-02
-5.674826584334803359e-01 -8.181171016193599099e-01 9.299377010797627019e-02
-5.782430466375040323e-01 -8.109837435917900406e-01 8.910862638437290484e-02
-5.883699469907378576e-01 -8.040980262020981373e-01 8.513031295971625056e-02
-5.978639429574872377e-01 -7.974883483059366229e-01 8.106195338073692025e-02
-6.067260805102276944e-01 -7.911818995921019448e-01 7.690685969362405505e-02
-6.149577714824107089e-01 -7.852045747255399499e-01 7.266852855823420498e-02
-6.225606977223789862e-01 -7.795808924175257060e-01 6.835063717680039952e-02
-6.295367170751423602e-01 -7.743339193466212134e-01 6.395703908860028708e-02
-6.358877722106283104e-01 -7.694851988155675393e-01 5.949175987567426049e-02
-6.416158033007405281e-01 -7.650546840003370486e-01 5.495899281731422142e-02
-6.467226655235095434e-01 -7.610606756289334252e-01 5.036309452284733201e-02
-6.512100523411541442e-01 -7.575197639197382982e-01 4.570858056340797171e-02
-6.550794254603115041e-01 -7.544467746125910201e-01 4.100012111412965760e-02
-6.583319523372979098e-01 -7.518547189404324316e-01 3.624253660870777743e-02
-6.609684520392272722e-01 -7.497547474150849656e-01 3.144079339880043178e-02
-6.629893502132550021e-01 -7.481561073371596482e-01 2.659999940146503400e-02
-6.643946438511557639e-01 -7.470661039865106323e-01 2.172539970898668127e-02
-6.651838764648504432e-01 -7.464900655051779355e-01 1.682237212724826264e-02
-6.653561242102499218e-01 -7.464313115482050787e-01 1.189642260141927227e-02
-6.649099934117241872e-01 -7.468911258476897963e-01 6.953180481384425154e-03
-6.638436298474573727e-01 -7.478687329102901016e-01 1.998393574161615172e-03
-6.621547400567253661e-01 -7.493612791463263312e-01 -2.962077073281795155e-03
-6.598406248236169391e-01 -7.513638188075647539e-01 -7.922262719791888647e-03
-6.568982248778486577e-01 -7.538693051885302365e-01 -1.287609286418442411e-02
-6.533241787321888427e-01 -7.568685876204501728e-01 -1.781740162682947728e-02
-6.491148924478500337e-01 -7.603504148552326924e-01 -2.273993463527243519e-02
-6.442666209844979397e-01 -7.643014454967373972e-01 -2.763735646642743321e-02
-6.387755606509765149e-01 -7.687062661855003087e-01 -3.250325869220396791e-02
-6.326379520274677537e-01 -7.735474182785697650e-01 -3.733116856822937812e-02
-6.258501925809203392e-01 -7.788054337858459908e-01 -4.211455839672992307e-02
-6.184089580448444146e-01 -7.844588813261261784e-01 -4.684685558479218664e-02
-6.103113314839948567e-01 -7.904844228480163437e-01 -5.152145340834353437e-02
-6.015549388163718980e-01 -7.968568818213805915e-01 -5.613172248049989876e-02
-5.921380894220202862e-01 -8.035493235428604608e-01 -6.067102291069810527e-02
-5.820599203332139648e-01 -8.105331481134780969e-01 -6.513271712854942774e-02
-5.713205423769216473e-01 -8.177781965372351580e-01 -6.951018333393281512e-02
-5.599211865312380132e-01 -8.252528702573334041e-01 -7.379682952281073349e-02
-5.478643486660882411e-01 -8.329242642921922402e-01 -7.798610802691972876e-02
-5.351539307682683377e-01 -8.407583139585087517e-01 -8.207153049517386389e-02
-5.217953767049335889e-01 -8.487199549755604089e-01 -8.604668323561238952e-02
-5.077958005608759207e-01 -8.567732965367877984e-01 -8.990524282928315236e-02
-4.931641055958470021e-01 -8.648818067150614297e-01 -9.364099192179542452e-02
-4.779110919107865119e-01 -8.730085093411082964e-01 -9.724783509456416675e-02
-4.620495509875020002e-01 -8.811161912650294914e-01 -1.007198147161045276e-01
-4.455943453758072215e-01 -8.891676186837008666e-01 -1.040511266741561414e-01
-4.285624719452693632e-01 -8.971257609974018221e-01 -1.072361358918870189e-01
-4.109731072946172792e-01 -9.049540204526205223e-01 -1.102693915358392285e-01
-3.928476341187394083e-01 -9.126164656399681219e-01 -1.131456418294592425e-01
-3.742096475684004719e-01 -9.200780667515862099e-01 -1.158598483937652857e-01
-3.550849408978599131e-01 -9.273049303660796383e-01 -1.184072000456501822e-01
-3.355014699762375319e-01 -9.342645314250397348e-01 -1.207831259941653940e-01
-3.154892965348287115e-01 -9.409259399971606763e-01 -1.229833083855161879e-01
-2.950805103291472831e-01 -9.472600403965235616e-01 -1.250036941580420502e-01
-2.743091307053736050e-01 -9.532397402326600044e-01 -1.268405061787870880e-01
-2.532109883699517616e-01 -9.588401670223941631e-01 -1.284902536430302389e-01
-2.318235884620567511e-01 -9.640388500870676891e-01 -1.299497417270268629e-01
-2.101859563153585242e-01 -9.688158855924553503e-01 -1.312160804919483281e-01
-1.883626591102904313e-01 -9.731517864685175212e-01 -1.322691402197903876e-01
-1.663961604019978113e-01 -9.770330105888196393e-01 -1.331120971424727684e-01
-1.443289066718712044e-01 -9.804491505567585197e-01 -1.337484440427836041e-01
-1.222031217899990224e-01 -9.833929087889796694e-01 -1.341819673771016963e-01
-1.000606061640925692e-01 -9.858600487213027286e-01 -1.344167243301096493e-01
-7.794254289264027080e-02 -9.878493235525986904e-01 -1.344570200013755490e-01
-5.588931301531832596e-02 -9.893623841615477588e-01 -1.343073849054531033e-01
-3.394032170632575035e-02 -9.904036680120555936e-01 -1.339725529468798193e-01
-1.213383699323949613e-02 -9.909802710041455409e-01 -1.334574400098710867e-01
9.493157688120382187e-03 -9.911018043283097434e-01 -1.327671232803079304e-01
3.090509606718832084e-02 -9.907802384435624443e-01 -1.319068213954340263e-01
5.206794597677592146e-02 -9.900297363246187698e-01 -1.308818754950736574e-01
7.294931015591550605e-02 -9.888664781142896265e-01 -1.296977312276345606e-01
9.351851066892959141e-02 -9.873084792764608153e-01 -1.283599217450515084e-01
1.137466569276001649e-01 -9.853754042764658605e-01 -1.268740517034528115e-01
1.336066975197789386e-01 -9.830883777230638998e-01 -1.252457822708921698e-01
1.530734562432216062e-01 -9.804697947935440139e-01 -1.234808171301015334e-01
1.721236529164161533e-01 -9.775431326346378791e-01 -1.215848894529234780e-01
1.907359096879218119e-01 -9.743327642907793074e-01 -1.195637498138487770e-01
2.088907436920238170e-01 -9.708637765614772652e-01 -1.174231550028292381e-01
2.265705470016266265e-01 -9.671617930345801639e-01 -1.151688576921290619e-01
2.437595549099612069e-01 -9.632528033851361915e-01 -1.128065969082558268e-01
2.604438036319242089e-01 -9.591629998731756590e-01 -1.103420892577883783e-01
2.766110785550242590e-01 -9.549186218205127918e-01 -1.077810208549935672e-01
2.922508541905127211e-01 -9.505458086986605659e-01 -1.051290398992936609e-01
3.073542269789940051e-01 -9.460704623189182261e-01 -1.023917498517108865e-01
3.219138420933957412e-01 -9.415181184830112571e-01 -9.957470316118439968e-02
3.359238153574254371e-01 -9.369138283294203839e-01 -9.668339549395148225e-02
3.493796513613278698e-01 -9.322820494975004868e-01 -9.372326042185054329e-02
3.622781588106340211e-01 -9.276465471291660547e-01 -9.069966452830004189e-02
3.746173640893343260e-01 -9.230303046365663233e-01 -8.761790289371676477e-02
3.863964239581021420e-01 -9.184554440838366141e-01 -8.448319492516313811e-02
3.976155382423272044e-01 -9.139431559615456280e-01 -8.130068049798068464e-02
4.082758632951562494e-01 -9.095136380735621140e-01 -7.807541638001827544e-02
4.183794269487329243e-01 -9.051860432073004503e-01 -7.481237291176127957e-02
4.279290455934980364e-01 -9.009784352191307910e-01 -7.151643091818721265e-02
4.369282439517587768e-01 -8.969077531365267086e-01 -6.819237883050480176e-02
4.453811780386315311e-01 -8.929897828565783735e-01 -6.484490999807716871e-02
4.532925617316713174e-01 -8.892391360060821759e-01 -6.147862017279481089e-02
4.606675973006646441e-01 -8.856692355207690381e-01 -5.809800514996662363e-02
4.675119101817235556e-01 -8.822923074995677739e-01 -5.470745855145525693e-02
4.738314882154254781e-01 -8.791193788933467923e-01 -5.131126973832043220e-02
4.796326255076466261e-01 -8.761602805955706064e-01 -4.791362184167167332e-02
4.849218710142176869e-01 -8.734236555140070246e-01 -4.451858990179298481e-02
4.897059818967921530e-01 -8.709169712173165934e-01 -4.113013910690626468e-02
4.939918816475010188e-01 -8.686465367673843474e-01 -3.775212312420500593e-02
4.977866229341631477e-01 -8.666175233669791700e-01 -3.438828251702966826e-02
5.010973550760651207e-01 -8.648339884721865101e-01 -3.104224324328081971e-02
5.039312960226211002e-01 -8.632989030395200603e-01 -2.771751523138282769e-02
5.062957086735384582e-01 -8.620141815982229616e-01 -2.441749103132146229e-02
5.081978813493872593e-01 -8.609807148585985059e-01 -2.114544453948229846e-02
5.096451121956210306e-01 -8.601984045869216500e-01 -1.790452979720819071e-02
5.106446972810185780e-01 -8.596662004962724035e-01 -1.469777986416523179e-02
5.112039221331027283e-01 -8.593821389202719319e-01 -1.152810576874682864e-02
5.113300564382103897e-01 -8.593433830529998430e-01 -8.398295538841714369e-03
5.110303516224077303e-01 -8.595462645532011559e-01 -5.311013317329395245e-03
5.103120410212259594e-01 -8.599863263241755984e-01 -2.268798567630128920e-03
5.091823423410845040e-01 -8.606583662924385258e-01 7.259346244900544143e-04
5.076484621131198693e-01 -8.615564820183712058e-01 3.670898145891119627e-03
5.057176018407962825e-01 -8.626741159806770032e-01 6.563930340192732429e-03
5.033969655459729076e-01 -8.640041013836206041e-01 9.402996372942952832e-03
5.006937684238752517e-01 -8.655387083418529803e-01 1.218618846932958619e-02
4.976152463255009151e-01 -8.672696903022628634e-01 1.491172601573288910e-02
4.941686657961966711e-01 -8.691883305658929526e-01 1.757795551637322123e-02
4.903613344113010863e-01 -8.712854887756990019e-01 2.018335039643054385e-02
4.862006111636603678e-01 -8.735516472379842856e-01 2.272651064330597284e-02
4.816939166733064659e-01 -8.759769569469098016e-01 2.520616227815753244e-02
4.768487430064333732e-01 -8.785512831827390068e-01 2.762115665046819407e-02
4.716726629088188183e-01 -8.812642505556202988e-01 2.997046954918683795e-02
4.661733382778035506e-01 -8.841052873679088320e-01 3.225320012491132010e-02
4.603585277166513667e-01 -8.870636691694525622e-01 3.446856961864429303e-02
4.542360930353556703e-01 -8.901285613820616449e-01 3.661591989383131823e-02
4.478140045825181326e-01 -8.932890608716815839e-01 3.869471176966908510e-02
4.411003453135967645e-01 -8.965342363497068590e-01 4.070452315503039070e-02
4.341033135213895888e-01 -8.998531674884959752e-01 4.264504698377029335e-02
4.268312241748923874e-01 -9.032349826405490223e-01 4.451608895363377144e-02
4.192925088324457872e-01 -9.066688950560243265e-01 4.631756507245624044e-02
4.114957141141892261e-01 -9.101442374993282680e-01 4.804949901681293545e-02
4.034494987370952357e-01 -9.136504951723997126e-01 4.971201930970909483e-02
3.951626291331115648e-01 -9.171773368600133480e-01 5.130535632528958334e-02
3.866439736870511124e-01 -9.207146442208861137e-01 5.282983912986396330e-02
3.779024956457197049e-01 -9.242525391575348026e-01 5.428589216977310061e-02
3.689472447632566321e-01 -9.277814092076086538e-01 5.567403181774973481e-02
3.597873477597004488e-01 -9.312919309097211773e-01 5.699486279043396858e-02
3.504319976803209058e-01 -9.347750911075159985e-01 5.824907445058343652e-02
3.408904422522386346e-01 -9.382222061667133683e-01 5.943743700825736276e-02
3.311719713422660027e-01 -9.416249390910674810e-01 6.056079763584740899e-02
3.212859036257475487e-01 -9.449753145344031990e-01 6.162007651227127680e-02
3.112415725804780764e-01 -9.482657317170621880e-01 6.261626281193617694e-02
3.010483119225692006e-01 -9.514889752660560251e-01 6.355041065421879187e-02
2.907154406024786142e-01 -9.546382240088767679e-01 6.442363502919939977e-02
2.802522474793812113e-01 -9.577070577611411784e-01 6.523710771523567875e-02
2.696679757907353148e-01 -9.606894621579489257e-01 6.599205320367286520e-02
2.589718075313747203e-01 -9.635798315879162690e-01 6.668974464557110571e-02
2.481728478528484327e-01 -9.663729702972323476e-01 6.733149983479709555e-02
2.372801095891446943e-01 -9.690640917387071118e-01 6.791867724118781646e-02
2.263024980094972549e-01 -9.716488162475793722e-01 6.845267210676121705e-02
2.152487958927981893e-01 -9.741231671317963636e-01 6.893491261713499685e-02
2.041276490113584641e-01 -9.764835652695302848e-01 6.936685615943354033e-02
1.929475521044857200e-01 -9.787268223108517295e-01 6.974998567702835051e-02
1.817168354147079556e-01 -9.808501325837295504e-01 7.008580613048176478e-02
1.704436518515765053e-01 -9.828510638068869154e-01 7.037584107306084358e-02
1.591359648399426618e-01 -9.847275467135293558e-01 7.062162934817042825e-02
1.478015369015200364e-01 -9.864778636906066378e-01 7.082472191503311199e-02
1.364479190105158113e-01 -9.881006365381185264e-01 7.098667880793058105e-02
1.250824407562241281e-01 -9.895948134520625716e-01 7.110906623332542698e-02
1.137122013378005225e-01 -9.909596553330154434e-01 7.119345380821405500e-02
1.023440614090466161e-01 -9.921947215200845882e-01 7.124141194212786632e-02
9.098463578398742480e-02 -9.932998550471334731e-01 7.125450936430850757e-02
7.964028700736762445e-02 -9.942751675148315815e-01 7.123431079673932242e-02
6.831711978796900508e-02 -9.951210236682744847e-01 7.118237477292367610e-02
5.702097628688956171e-02 -9.958380257657281076e-01 7.110025160156624446e-02
4.575743224764687589e-02 -9.964269978195363642e-01 7.098948147363666472e-02
3.453179395019034814e-02 -9.968889697854566023e-01 7.085159271067970055e-02
2.334909596663421044e-02 -9.972251617717167171e-01 7.068810015168161542e-02
1.221409969275751885e-02 -9.974369683339716630e-01 7.050050367530943940e-02
1.131292626052198685e-03 -9.975259429171412506e-01 7.029028685390781295e-02
-9.895111641674810346e-03 -9.974937824998730829e-01 7.005891573526472349e-02
-2.086117275143969246e-02 -9.973423124921539928e-01 6.980783774784214690e-02
-3.176322226009989369e-02 -9.970734719314211514e-01 6.953848072490675936e-02
-4.259786171680433192e-02 -9.966892990174471834e-01 6.925225204278737112e-02
-5.336196017143251397e-02 -9.961919170213171526e-01 6.895053786832630593e-02
-6.405265115420315236e-02 -9.955835205990185566e-01 6.863470251047841530e-02
-7.466732916590422542e-02 -9.948663625355397278e-01 6.830608787093962742e-02
-8.520364571814402488e-02 -9.940427409409517967e-01 6.796601298865459495e-02
-9.565950496267673631e-02 -9.931149869157408494e-01 6.761577367305467157e-02
-1.060330589482450236e-01 -9.920854526986776500e-01 6.725664222091147504e-02
-1.163227025425356553e-01 -9.909565003067712929e-01 6.688986721175224637e-02
-1.265270680557904759e-01 -9.897304906733560559e-01 6.651667337686893722e-02
-1.366450196013808682e-01 -9.884097732871104380e-01 6.613826153705952560e-02
-1.466756472272659484e-01 -9.869966763318053227e-01 6.575580860436389119e-02
-1.566182608507373231e-01 -9.854934973238246299e-01 6.537046764319559555e-02
-1.664723840272294975e-01 -9.839024942419866138e-01 6.498336798642115331e-02
-1.762377475822670125e-01 -9.822258771419227763e-01 6.459561540209786401e-02
-1.859142831338457813e-01 -9.804658002452250054e-01 6.420829230674723886e-02
-1.955021165307269104e-01 -9.786243544917511139e-01 6.382245802121139233e-02
-2.050015612302710510e-01 -9.767035605418735722e-01 6.343914906531207543e-02
-2.144131116375766477e-01 -9.747053622140499085e-01 6.305937948770475032e-02
-2.237374364258173653e-01 -9.726316203418871043e-01 6.268414122749155215e-02
-2.329753718558169040e-01 -9.704841070338435793e-01 6.231440450432534917e-02
-2.421279151110601047e-01 -9.682645003178593779e-01 6.195111823390135608e-02
-2.511962176625289200e-01 -9.659743791525111645e-01 6.159521046589186422e-02
-2.601815786759761329e-01 -9.636152187857457418e-01 6.124758884153205102e-02
-2.690854384725157034e-01 -9.611883864418434564e-01 6.090914106821045115e-02
-2.779093720517186172e-01 -9.586951373169859680e-01 6.058073540855514472e-02
-2.866550826847649724e-01 -9.561366108636493166e-01 6.026322118163597585e-02
-2.953243955836145629e-01 -9.535138273439968115e-01 5.995742927402328976e-02
-3.039192516506241670e-01 -9.508276846324988929e-01 5.966417265855464280e-02
-3.124417013115602382e-01 -9.480789552481538873e-01 5.938424691876241501e-02
-3.208938984335305000e-01 -9.452682835969126174e-01 5.911843077700686816e-02
-3.292780943279862149e-01 -9.423961834052141384e-01 5.886748662444112740e-02
-3.375966318376290576e-01 -9.394630353259165734e-01 5.863216105100636094e-02
-3.458519395047888190e-01 -9.364690846983435568e-01 5.841318537371745223e-02
-3.540465258176201946e-01 -9.334144394446627357e-01 5.821127616155163248e-02
-3.621829735292962371e-01 -9.302990680853649996e-01 5.802713575529462597e-02
-3.702639340442484550e-01 -9.271227978572070816e-01 5.786145278073168141e-02
-3.782921218644185180e-01 -9.238853129176286538e-01 5.771490265359364991e-02
-3.862703090874397560e-01 -9.205861526203390488e-01 5.758814807468207869e-02
-3.942013199476545049e-01 -9.172247098474985982e-01 5.748183951360150840e-02
-4.020880253898944656e-01 -9.138002293846864132e-01 5.739661567952270005e-02
-4.099333376650011740e-01 -9.103118063256521175e-01 5.733310397738702879e-02
-4.177402049351403024e-01 -9.067583844946950355e-01 5.729192094794022250e-02
-4.255116058760628484e-01 -9.031387548753967431e-01 5.727367268995346705e-02
-4.332505442625876335e-01 -8.994515540353582583e-01 5.727895526295135459e-02
-4.409600435227180593e-01 -8.956952625375572685e-01 5.730835506872014595e-02
-4.486431412449621292e-01 -8.918682033299535350e-01 5.736244920981599382e-02
-4.563028836225944129e-01 -8.879685401060247729e-01 5.744180582323211992e-02
-4.639423198177820562e-01 -8.839942756300265270e-01 5.754698438731622318e-02
-4.715644962276927532e-01 -8.799432500219299680e-01 5.767853599995528130e-02
-4.791724506339096745e-01 -8.758131389982152237e-01 5.783700362596488898e-02
-4.867692062156985799e-01 -8.716014520659840503e-01 5.802292231153452495e-02
-4.943577654069049587e-01 -8.673055306692128985e-01 5.823681936348951149e-02
-5.019411035755063644e-01 -8.629225462874008379e-01 5.847921449103506142e-02
-5.095221625041094216e-01 -8.584494984883848101e-01 5.875061990754897046e-02
-5.171038436489663326e-01 -8.538832129386997316e-01 5.905154038988714993e-02
-5.246890011543950960e-01 -8.492203393765674901e-01 5.938247329256192419e-02
-5.322804345988264574e-01 -8.444573495544087649e-01 5.974390851404696307e-02
-5.398808814480781093e-01 -8.395905351596965049e-01 6.013632841235679038e-02
-5.474930091908759566e-01 -8.346160057250162634e-01 6.056020766694318602e-02
-5.551194071311176259e-01 -8.295296865403761766e-01 6.101601308384784622e-02
-5.627625778109113241e-01 -8.243273165831278559e-01 6.150420334095089980e-02
-5.704249280380389031e-01 -8.190044464833231563e-01 6.202522867006076551e-02
-5.781087594911989980e-01 -8.135564365449554636e-01 6.257953047250361389e-02
-5.858162588761993694e-01 -8.079784548463198046e-01 6.316754086479296759e-02
-5.935494876062074043e-01 -8.022654754456862713e-01 6.378968215089347860e-02
-6.013103709792506635e-01 -7.964122767216187393e-01 6.444636621754111505e-02
-6.091006868264142726e-01 -7.904134398805959805e-01 6.513799384904650491e-02
-6.169220536046250425e-01 -7.842633476681033500e-01 6.586495395799325803e-02
-6.247759179085818904e-01 -7.779561833230737022e-01 6.662762272825183130e-02
-6.326635413773056271e-01 -7.714859298194532977e-01 6.742636266676489687e-02
-6.405859869719849886e-01 -7.648463694427681814e-01 6.826152156062803567e-02
-6.485441046033132428e-01 -7.580310837538472013e-01 6.913343133609217706e-02
-6.565385160883888682e-01 -7.510334539963301470e-01 7.004240681625829856e-02
-6.645695994195274237e-01 -7.438466620092291093e-01 7.098874437442437291e-02
-6.726374723300508895e-01 -7.364636917106117675e-01 7.197272048028512115e-02
-6.807419751453253065e-01 -7.288773312234144708e-01 7.299459013648305905e-02
-6.888826529110605446e-01 -7.210801757194456041e-01 7.405458520336992423e-02
-6.970587367952145730e-01 -7.130646310627746232e-01 7.515291261026782466e-02
-7.052691247648118500e-01 -7.048229183388813324e-01 7.628975245202532229e-02
-7.135123615446449241e-01 -6.963470793611181708e-01 7.746525597025255561e-02
-7.217714900206582129e-01 -6.876544876897537906e-01 7.859537296722055033e-02
-7.300361982662113558e-01 -6.787477480780131911e-01 7.967844503713471249e-02
-7.382961234534151096e-01 -6.696299650542514303e-01 8.071279269561008884e-02
-7.465408769306853820e-01 -6.603047598883352576e-01 8.169671998924847578e-02
-7.547600707189302538e-01 -6.507762859648225096e-01 8.262851928103039090e-02
-7.629433453196280412e-01 -6.410492424132318012e-01 8.350647619600866378e-02
-7.710803987108344471e-01 -6.311288858511749922e-01 8.432887470958214116e-02
-7.791610163901064867e-01 -6.210210401035342054e-01 8.509400235846567573e-02
-7.871751023066900776e-01 -6.107321037702415634e-01 8.580015555238693081e-02
-7.951127105093206415e-01 -6.002690555265489669e-01 8.644564496256587627e-02
-8.029640773208819304e-01 -5.896394570529367440e-01 8.702880096120196862e-02
-8.107196538372042349e-01 -5.788514535069229083e-01 8.754797908454141353e-02
-8.183701385347073032e-01 -5.679137714659081571e-01 8.800156549065578371e-02
-8.259065097606460570e-01 -5.568357142886755096e-01 8.838798238186597322e-02
-8.333200578706206896e-01 -5.456271548630934332e-01 8.870569336082209655e-02
-8.406024167709832406e-01 -5.342985257287320433e-01 8.895320868862828523e-02
-8.477455946189884628e-01 -5.228608065852571318e-01 8.912909041310557168e-02
-8.547420034311589143e-01 -5.113255092203429220e-01 8.923195733533670349e-02
-8.615844873504883150e-01 -4.997046599141482526e-01 8.926048978304924886e-02
-8.682663493258772069e-01 -4.880107794008160527e-01 8.921343416017808725e-02
-8.747813759626297259e-01 -4.762568604906441405e-01 8.908960724311058843e-02
-8.811238603109458056e-01 -4.644563434792020606e-01 8.888790019565601108e-02
-8.872886223700738872e-01 -4.526230894913808589e-01 8.860728227668700219e-02
-8.932710270990615875e-01 -4.407713519288204984e-01 8.824680421666307450e-02
-8.990669997407271241e-01 -4.289157462080279704e-01 8.780560124184200177e-02
-9.046730382833872985e-01 -4.170712179934660258e-01 8.728289572789058037e-02
-9.100862229048144458e-01 -4.052530101446593092e-01 8.667799946778813325e-02
-9.153042222645922932e-01 -3.934766286086759379e-01 8.599031554233850516e-02
-9.203252965342150205e-01 -3.817578074989669279e-01 8.521933978522666653e-02
-9.251482970786124582e-01 -3.701124736082990752e-01 8.436466183832957988e-02
-9.297726627279504497e-01 -3.585567106072586885e-01 8.342596579686852032e-02
-9.341984126042027770e-01 -3.471067231804381148e-01 8.240303044792156306e-02
-9.384261354927616594e-01 -3.357788013499024560e-01 8.129572910974829092e-02
-9.424569757748973986e-01 -3.245892852298756792e-01 8.010402908326215432e-02
-9.462926159618439970e-01 -3.135545304478394302e-01 7.882799073076797447e-02
-9.499352558953529924e-01 -3.026908744555087960e-01 7.746776620071395281e-02
-9.533875887024091389e-01 -2.920146039385883574e-01 7.602359782064203875e-02
-9.566527736131691384e-01 -2.815419235170084633e-01 7.449581618371481362e-02
-9.597344057708183662e-01 -2.712889259077265747e-01 7.288483795711185598e-02
-9.626364831797451505e-01 -2.612715637004134894e-01 7.119116344319006973e-02
-9.653633709540440089e-01 -2.515056228727124421e-01 6.941537392656128846e-02
-9.679197630417692988e-01 -2.420066981465736344e-01 6.755812884213345526e-02
-9.703106416115013788e-01 -2.327901702607416690e-01 6.562016280067134444e-02
-9.725412342966465173e-01 -2.238711852071415265e-01 6.360228250954641505e-02
-9.746169694994973876e-01 -2.152646354509959448e-01 6.150536362705786436e-02
-9.765434299615147751e-01 -2.069851431263394215e-01 5.933034758901604283e-02
-9.783263048086758840e-01 -1.990470451704850485e-01 5.707823844619015763e-02
-9.799713402812283425e-01 -1.914643803332509442e-01 5.475009975074279084e-02
-9.814842893560007386e-01 -1.842508779696462873e-01 5.234705152891678398e-02
-9.828708604667708570e-01 -1.774199484985136410e-01 4.987026737602168192e-02
-9.841394388713612384e-01 -1.709374811396787708e-01 4.743366325647872112e-02
-9.852983902275492811e-01 -1.647987751754312058e-01 4.503838242433466643e-02
-9.863555873489948667e-01 -1.589987758891415193e-01 4.268553051366082152e-02
-9.873184235615923843e-01 -1.535320970058123846e-01 4.037617614466370436e-02
-9.881938270934927937e-01 -1.483930418432344300e-01 3.811135153577205337e-02
-9.889882763749642258e-01 -1.435756232149212885e-01 3.589205311439941370e-02
-9.897078161297285792e-01 -1.390735821313087428e-01 3.371924211978105657e-02
-9.903580741448479996e-01 -1.348804053501224953e-01 3.159384519201299119e-02
-9.909442786116055002e-01 -1.309893418303874346e-01 2.951675494216794704e-02
-9.914712759350765570e-01 -1.273934181473100891e-01 2.748883049911834964e-02
-9.919435489152059748e-01 -1.240854529272631401e-01 2.551089802945005758e-02
-9.923652352071554716e-01 -1.210580703633816202e-01 2.358375122759453352e-02
-9.927401459734587208e-01 -1.183037128728948312e-01 2.170815177403356486e-02
-9.930717846451007080e-01 -1.158146529573151201e-01 1.988482976013298403e-02
-9.933633657130239714e-01 -1.135830043260344646e-01 1.811448407883383543e-02
-9.936178334757489461e-01 -1.116007323427923442e-01 1.639778278106618706e-02
-9.938378806727923287e-01 -1.098596638529235475e-01 1.473536339834735989e-02
-9.940259669373729956e-01 -1.083514964473211856e-01 1.312783323257934141e-02
-9.941843370055293283e-01 -1.070678072167072920e-01 1.157576961456581281e-02
-9.943150386222361359e-01 -1.060000610471385774e-01 1.007972013322540154e-02
-9.944199400884292661e-01 -1.051396185047346887e-01 8.640202837882034193e-03
-9.945007473960276734e-01 -1.044777433544465395e-01 7.257706416364211391e-03
-9.945590209011048177e-01 -1.040056097543273356e-01 5.932690351941634702e-03
-9.945961914883217903e-01 -1.037143091632719283e-01 4.665585062369203423e-03
-9.946135761826034871e-01 -1.035948569965925020e-01 3.456792024494987400e-03
-9.946123931668392482e-01 -1.036381990601414199e-01 2.306683888020548932e-03
-9.945937761671249655e-01 -1.038352177900130902e-01 1.215604582079777510e-03
-9.945587881697552923e-01 -1.041767383211936182e-01 1.838694183272551307e-04
-9.945084344368295692e-01 -1.046535344049152050e-01 -7.882348057994215075e-04
-9.944436747899606521e-01 -1.052563341909450029e-01 -1.700449700055099754e-03
-9.943654351341841835e-01 -1.059758258876270232e-01 -2.552545167135683579e-03
-9.942746181967583308e-01 -1.068026633092309385e-01 -3.344319277903863227e-03
-9.941721134581240626e-01 -1.077274713170698478e-01 -4.075598133006771116e-03
-9.940588062548670889e-01 -1.087408511579564807e-01 -4.746235708050427007e-03
-9.939355860370825413e-01 -1.098333857008961384e-01 -5.356113679781882714e-03
-9.938033537650892146e-01 -1.109956445704864125e-01 -5.905141231048580477e-03
-9.936630284329677210e-01 -1.122181891733255582e-01 -6.393254832651937974e-03
-9.935155527089022387e-01 -1.134915776118402136e-01 -6.820418000584865456e-03
-9.933618976847766735e-01 -1.148063694783410665e-01 -7.186621027536843273e-03
-9.932030667299119875e-01 -1.161531305208134829e-01 -7.491880687961428517e-03
-9.930400984462141034e-01 -1.175224371709563953e-01 -7.736239916425574972e-03
-9.928740687243302609e-01 -1.189048809243031107e-01 -7.919767459393890416e-03
-9.927060919026676755e-01 -1.202910725618944465e-01 -8.042557501039892393e-03
-9.925373210333080509e-01 -1.216716462029286544e-01 -8.104729264116461093e-03
-9.923689472609420470e-01 -1.230372631780818210e-01 -8.106426587355122781e-03
-9.922021983229382114e-01 -1.243786157137731357e-01 -8.047817481294685174e-03
-9.920383361805485967e-01 -1.256864304185345838e-01 -7.929093664860380197e-03
-9.918786537930217584e-01 -1.269514715638269398e-01 -7.750470085421569746e-03
-9.917244710480477288e-01 -1.281645441531119034e-01 -7.512184425445754023e-03
-9.915771298634846742e-01 -1.293164967747336969e-01 -7.214496599235973272e-03
-9.914344489214613754e-01 -1.304221437532657457e-01 -6.914309613910011795e-03
-9.912966292322601403e-01 -1.314811294201508884e-01 -6.611750546498264616e-03
-9.911638643600855225e-01 -1.324931174485142749e-01 -6.306947043561441160e-03
-9.910363401478022860e-01 -1.334577908703650229e-01 -6.000027272054260855e-03
-9.909142344547938741e-01 -1.343748520880884978e-01 -5.691119870734394869e-03
-9.907977169082593516e-01 -1.352440228805276146e-01 -5.380353902115229785e-03
-9.906869486682429171e-01 -1.360650444039428753e-01 -5.067858804958655025e-03
-9.905820822066692122e-01 -1.368376771881310849e-01 -4.753764347301780817e-03
-9.904832611006342269e-01 -1.375617011279715585e-01 -4.438200580009330279e-03
-9.903906198401805083e-01 -1.382369154706575842e-01 -4.121297790841371884e-03
-9.903042836507618407e-01 -1.388631387988577826e-01 -3.803186459024116093e-03
-9.902243683305813615e-01 -1.394402090100392011e-01 -3.483997210309672850e-03
-9.901509801029645397e-01 -1.399679832921699452e-01 -3.163860772508966628e-03
-9.900842154839080145e-01 -1.404463380960043750e-01 -2.842907931480444413e-03
-9.900241611649209794e-01 -1.408751691041387477e-01 -2.521269487555777029e-03
-9.899708939112573658e-01 -1.412543911970097488e-01 -2.199076212382470447e-03
-9.899244804756131000e-01 -1.415839384159915393e-01 -1.876458806162147139e-03
-9.898849775273433904e-01 -1.418637639237313175e-01 -1.553547855262264613e-03
-9.898524315972334620e-01 -1.420938399618454639e-01 -1.230473790178174352e-03
-9.898268790378343951e-01 -1.422741578060820467e-01 -9.073668438217209926e-04
-9.898083459993577415e-01 -1.424047277190376715e-01 -5.843570101120191618e-04
-9.897968484210983853e-01 -1.424855789004992046e-01 -2.615740028436422458e-04
-9.897923920383392415e-01 -1.425167594354637135e-01 6.085278519280613906e-05
-9.897949724046678499e-01 -1.424983362398720144e-01 3.827943228628761315e-04
-9.898045749296170426e-01 -1.424303950040740896e-01 7.041219811383064939e-04
-9.898211749315222185e-01 -1.423130401340272633e-01 1.024707573369823977e-03
-9.898447377054677698e-01 -1.421463946902108144e-01 1.344423395407285662e-03
-9.898752186061761105e-01 -1.419306003242240544e-01 1.663142265591268862e-03
-9.899125631456746621e-01 -1.416658172130183524e-01 1.980737564639597006e-03
-9.899567071055559442e-01 -1.413522239906972455e-01 2.297083275451538859e-03
-9.900075766636295960e-01 -1.409900176778035030e-01 2.612054022851525732e-03
-9.900650885347438424e-01 -1.405794136079965284e-01 2.925525113293222894e-03
-9.901291501255387040e-01 -1.401206453520089934e-01 3.237372574543637572e-03
-9.901996597028737135e-01 -1.396139646387576649e-01 3.547473195365691279e-03
-9.902765065756555796e-01 -1.390596412734699250e-01 3.855704565216296238e-03
-9.903595712897735881e-01 -1.384579630526749372e-01 4.161945113975490732e-03
-9.904487258358342094e-01 -1.378092356758967574e-01 4.466074151720582711e-03
-9.905438338693682843e-01 -1.371137826538751103e-01 4.767971908557569645e-03
-9.906447509431678400e-01 -1.363719452131301191e-01 5.067519574520295417e-03
-9.907513247513941579e-01 -1.355840821966771692e-01 5.364599339545953263e-03
-9.908633953850805032e-01 -1.347505699606903196e-01 5.659094433533568350e-03
-9.909807955986390526e-01 -1.338718022669050656e-01 5.950889166490082142e-03
-9.911033510869647900e-01 -1.329481901705445446e-01 6.239868968766573015e-03
-9.912308807727147064e-01 -1.319801619035483597e-01 6.525920431384986918e-03
-9.913631971033251000e-01 -1.309681627528783698e-01 6.808931346453574000e-03
-9.915001063573160023e-01 -1.299126549336728775e-01 7.088790747666976269e-03
-9.916414089594169923e-01 -1.288141174570180403e-01 7.365388950884654493e-03
-9.917868998040356709e-01 -1.276730459921044947e-01 7.638617594779044048e-03
-9.919363685865766334e-01 -1.264899527225371301e-01 7.908369681542515295e-03
-9.920896001421053434e-01 -1.252653661965667520e-01 8.174539617639916406e-03
-9.922463747908412124e-01 -1.239998311710150680e-01 8.437023254591143398e-03
-9.924064686899497501e-01 -1.226939084486672743e-01 8.695717929765884452e-03
-9.925696541910952186e-01 -1.213481747089114327e-01 8.950522507170412256e-03
-9.927357002032025646e-01 -1.199632223314089641e-01 9.201337418204023899e-03
-9.929043725598696302e-01 -1.185396592125874532e-01 9.448064702360516043e-03
-9.930754343908598791e-01 -1.170781085747547440e-01 9.690608047847916462e-03
-9.932486464970985418e-01 -1.155792087676418833e-01 9.928872832097547160e-03
-9.934237677285863155e-01 -1.140436130621925587e-01 1.016276616213146640e-02
-9.936005553646400923e-01 -1.124719894364272638e-01 1.039219691475531254e-02
-9.937787654958608607e-01 -1.108650203532224182e-01 1.061707577654170086e-02
-9.939581534072269298e-01 -1.092234025298574190e-01 1.083731528356745785e-02
-9.941384739617039612e-01 -1.075478466991961757e-01 1.105282986086628290e-02
-9.943194819837614107e-01 -1.058390773623843623e-01 1.126353586155677197e-02
-9.945009326421819784e-01 -1.040978325329588311e-01 1.146935160560422912e-02
-9.946825818315488954e-01 -1.023248634722819239e-01 1.167019741817327746e-02
-9.948641865517957594e-01 -1.005209344162302232e-01 1.186599566752700313e-02
-9.950455052852044124e-01 -9.868682229308473053e-02 1.205667080242720478e-02
-9.952262983702375720e-01 -9.682331643258768050e-02 1.224214938898927907e-02
-9.954063283715962607e-01 -9.493121826614996095e-02 1.242236014694441011e-02
-9.955853604458947403e-01 -9.301134101821208200e-02 1.259723398526097458e-02
-9.957631627023517673e-01 -9.106450938878143941e-02 1.276670403707645153e-02
-9.959395065579034201e-01 -8.909155922718839382e-02 1.293070569389072333e-02
-9.961141670861474173e-01 -8.709333719712411548e-02 1.308917663897130913e-02
-9.962869233595409435e-01 -8.507070043304341966e-02 1.324205687992095759e-02
-9.964575587842803284e-01 -8.302451618803653732e-02 1.338928878035803953e-02
-9.966258614273033611e-01 -8.095566147329431861e-02 1.353081709066034782e-02
-9.967916243348666772e-01 -7.886502268931219750e-02 1.366658897772324646e-02
-9.969546458421629787e-01 -7.675349524899871545e-02 1.379655405368362085e-02
-9.971147298734575060e-01 -7.462198319287476067e-02 1.392066440356169894e-02
-9.972716862322384967e-01 -7.247139879657016337e-02 1.403887461177367665e-02
-9.974253308808930241e-01 -7.030266217084391034e-02 1.415114178746898835e-02
-9.975754862094354802e-01 -6.811670085437390720e-02 1.425742558864723404e-02
-9.977219812928372900e-01 -6.591444939958136795e-02 1.435768824501102402e-02
-9.978646521365232003e-01 -6.369684895177343820e-02 1.445189457951241534e-02
-9.980033419096218106e-01 -6.146484682190549165e-02 1.454001202855220547e-02
-9.981379011655791000e-01 -5.921939605328227496e-02 1.462201066079301878e-02
-9.982681880497655813e-01 -5.696145498253325778e-02 1.469786319454897613e-02
-9.983940684937321342e-01 -5.469198679521374701e-02 1.476754501371669963e-02
-9.985154163957923323e-01 -5.241195907639812496e-02 1.483103418221448123e-02
-9.986321137876360554e-01 -5.012234335664577517e-02 1.488831145689864868e-02
-9.987440509867018257e-01 -4.782411465373345022e-02 1.493936029892846580e-02
-9.988511267340649535e-01 -4.551825101055995138e-02 1.498416688355330879e-02
-9.989532483176225552e-01 -4.320573302964018231e-02 1.502272010829835448e-02
-9.990503316803867051e-01 -4.088754340461566578e-02 1.505501159952760994e-02
-9.991423015137217423e-01 -3.856466644921757031e-02 1.508103571736572543e-02
-9.992290913353932824e-01 -3.623808762412603773e-02 1.510078955896280994e-02
-9.993106435523230191e-01 -3.390879306217628453e-02 1.511427296008917981e-02
-9.993869095079731535e-01 -3.157776909236726520e-02 1.512148849504982816e-02
-9.994578495143130459e-01 -2.924600176313291860e-02 1.512244147491124437e-02
-9.995234328683504366e-01 -2.691447636533898097e-02 1.511713994403607146e-02
-9.995836378532382271e-01 -2.458417695546999751e-02 1.510559467492402462e-02
-9.996384517239974565e-01 -2.225608587947166400e-02 1.508781916136035101e-02
-9.996878706779267487e-01 -1.993118329771284558e-02 1.506382960987602895e-02
-9.997318998097959319e-01 -1.761044671152956625e-02 1.503364492952677725e-02
-9.997705530519518380e-01 -1.529485049181002025e-02 1.499728672000080233e-02
-9.998038530994920459e-01 -1.298536541007520341e-02 1.495477925806802492e-02
-9.998318313206905339e-01 -1.068295817250408848e-02 1.490614948238631887e-02
-9.998545276528855164e-01 -8.388590957345454235e-03 1.485142697668298886e-02
-9.998719904840691619e-01 -6.103220956150541901e-03 1.479064395133240783e-02
-9.998842765204430938e-01 -3.827799919251609079e-03 1.472383522335329875e-02
-9.998914506402301061e-01 -1.563273705901409814e-03 1.465103819485165555e-02
-9.998935857340572886e-01 6.894181605225750686e-04 1.457229282993772156e-02
-9.998907625322510651e-01 2.929342931857388272e-03 1.448764163014777152e-02
-9.998830694194061897e-01 5.155575068658602156e-03 1.439712960840365367e-02
-9.998706022366139479e-01 7.367196667504250993e-03 1.430080426154515215e-02
-9.998534640717577915e-01 9.563297881748547558e-03 1.419871554147224442e-02
-9.998317650383025113e-01 1.174297733539070646e-02 1.409091582493617566e-02
-9.998056220430244778e-01 1.390534252974033949e-02 1.397745988202002236e-02
-9.997751585431488008e-01 1.604951024257766229e-02 1.385840484335103436e-02
-9.997405042933747987e-01 1.817460691952405352e-02 1.373381016608850660e-02
-9.997017950832904898e-01 2.027976905735637617e-02 1.360373759873226632e-02
-9.996591724656882505e-01 2.236414357901666747e-02 1.346825114479807337e-02
-9.996127834763105513e-01 2.442688820008741962e-02 1.332741702540722779e-02
-9.995627803455657823e-01 2.646717178652158858e-02 1.318130364083863922e-02
-9.995093202027656165e-01 2.848417470343547406e-02 1.302998153109230159e-02
-9.994525647734467944e-01 3.047708915479196631e-02 1.287352333551376911e-02
-9.993926800703465396e-01 3.244511951382086229e-02 1.271200375152963663e-02
-9.993298360786121437e-01 3.438748264404233729e-02 1.254549949254436456e-02
-9.992642064358285836e-01 3.630340821077883418e-02 1.237408924504892864e-02
-9.991959681074544797e-01 3.819213898305981458e-02 1.219785362499179425e-02
-9.991253010582610283e-01 4.005293112584267651e-02 1.201687513346257584e-02
-9.990523879203708768e-01 4.188505448249180835e-02 1.183123811173847524e-02
-9.989774136584954611e-01 4.368779284747603686e-02 1.164102869574320208e-02
-9.989005652329701057e-01 4.546044422926272949e-02 1.144633476996749846e-02
-9.988220312611844065e-01 4.720232110340419340e-02 1.124724592089977604e-02
-9.987420016780059751e-01 4.891275065582910420e-02 1.104385339001453560e-02
-9.986606673957885150e-01 5.059107501636802423e-02 1.083625002636536341e-02
-9.985782199645563129e-01 5.223665148255803026e-02 1.062453023882825413e-02
-9.984948512329470116e-01 5.384885273378649251e-02 1.040878994803989474e-02
-9.984107530104917583e-01 5.542706703584866085e-02 1.018912653807431054e-02
-9.983261167318039364e-01 5.697069843600744560e-02 9.965638807899957624e-03
-9.982411331232389218e-01 5.847916694865670090e-02 9.738426922657918497e-03
-9.981559918725781966e-01 5.995190873170161416e-02 9.507592364800398696e-03
-9.980708813022831638e-01 6.138837625378107399e-02 9.273237885127133193e-03
-9.979859880468504585e-01 6.278803845246747062e-02 9.035467453755684220e-03
-9.979014967347922260e-01 6.415038088358890334e-02 8.794386211059955494e-03
-9.978175896757490726e-01 6.547490586182770633e-02 8.550100418609474923e-03
-9.977344465532342888e-01 6.676113259275674727e-02 8.302717410140251011e-03
-9.976522441234914051e-01 6.800859729648216223e-02 8.052345542586172855e-03
-9.975711559209334833e-01 6.921685332306692917e-02 7.799094147198093463e-03
-9.974913519706198883e-01 7.038547125991490017e-02 7.543073480775893021e-03
-9.974129985082069716e-01 7.151403903129897877e-02 7.284394677036908766e-03
-9.973362577077974356e-01 7.260216199022033468e-02 7.023169698142290619e-03
-9.972612874180939446e-01 7.364946300278787938e-02 6.759511286400936118e-03
-9.971882409072466702e-01 7.465558252530853089e-02 6.493532916168815936e-03
-9.971172666167672505e-01 7.562017867427936468e-02 6.225348745959656364e-03
-9.970485079248651017e-01 7.654292728947245661e-02 5.955073570781124585e-03
-9.969821029195422568e-01 7.742352199030168303e-02 5.682822774708880947e-03
-9.969181841817664758e-01 7.826167422565913356e-02 5.408712283709121715e-03
-9.968568785790231646e-01 7.905711331740547521e-02 5.132858518718524422e-03
-9.967983070695284331e-01 7.980958649769542834e-02 4.855378348988860851e-03
-9.967425845173667476e-01 8.051885894031464430e-02 4.576389045701957127e-03
-9.966898195187978704e-01 8.118471378619966650e-02 4.296008235859139109e-03
-9.966401142399577973e-01 8.180695216330655106e-02 4.014353856447838882e-03
-9.965935642661610805e-01 8.238539320098751950e-02 3.731544108886653000e-03
-9.965502584629910565e-01 8.291987403902782716e-02 3.447697413748818628e-03
-9.965102788493456210e-01 8.341024983148784266e-02 3.162932365762851673e-03
-9.964737004825875433e-01 8.385639374548679859e-02 2.877367689087927810e-03
-9.964405913559279959e-01 8.425819695505652740e-02 2.591122192860538260e-03
-9.964110123081532100e-01 8.461556863018437902e-02 2.304314727007978573e-03
-9.963850169457854067e-01 8.492843592115520424e-02 2.017064138323350440e-03
-9.963626515777485038e-01 8.519674393829265724e-02 1.729489226795984189e-03
-9.963439551625908885e-01 8.542045572719010604e-02 1.441708702190503755e-03
-9.963289592682988971e-01 8.559955223951132286e-02 1.153841140867178233e-03
-9.963176880447143224e-01 8.573403229943071802e-02 8.660049428357262380e-04
-9.963101582085517327e-01 8.582391256577238947e-02 5.783182890343601138e-04
-9.963063790409910636e-01 8.586922748989680998e-02 2.908990988255835209e-04
-9.963063523978047398e-01 8.587002926937316316e-02 3.864987700086502508e-06
-9.963100727319572636e-01 8.582638779746500080e-02 -2.826667748199907133e-04
-9.963175271285991119e-01 8.573839060844605509e-02 -5.685793070871195598e-04
-9.963286953523576850e-01 8.560614281875299214e-02 -8.537561570523318627e-04
-9.963435499068099555e-01 8.542976706397131803e-02 -1.138081343815387390e-03
-9.963620561060049230e-01 8.520940343164068453e-02 -1.421439399009157781e-03
-9.963841721578847732e-01 8.494520938985614111e-02 -1.703715408025807763e-03
-9.964098492594377632e-01 8.463735971163226235e-02 -1.984795051091827085e-03
-9.964390317033982036e-01 8.428604639498786522e-02 -2.264564644198371023e-03
-9.964716569962924764e-01 8.389147857870037084e-02 -2.542911179892661661e-03
-9.965076559876125950e-01 8.345388245367030278e-02 -2.819722367935433190e-03
-9.965469530098843842e-01 8.297350116982871171e-02 -3.094886675828542252e-03
-9.965894660293792562e-01 8.245059473851266973e-02 -3.368293369215936105e-03
-9.966351068072049069e-01 8.188543993022719125e-02 -3.639832552160159572e-03
-9.966837810704938239e-01 8.127833016770559527e-02 -3.909395207295516227e-03
-9.967353886933932872e-01 8.062957541417452301e-02 -4.176873235857866441e-03
-9.967898238875473327e-01 7.993950205672478715e-02 -4.442159497589852346e-03
-9.968469754017459383e-01 7.920845278468463535e-02 -4.705147850519088119e-03
-9.969067267304027036e-01 7.843678646288831935e-02 -4.965733190605590291e-03
-9.969689563305095259e-01 7.762487799972959956e-02 -5.223811491253359252e-03
-9.970335378467034548e-01 7.677311820988755309e-02 -5.479279842679690878e-03
-9.971003403440688029e-01 7.588191367161034595e-02 -5.732036491134376473e-03
-9.971692285482846030e-01 7.495168657844158977e-02 -5.981980877959548401e-03
-9.972400630927171772e-01 7.398287458527383342e-02 -6.229013678479493332e-03
-9.973127007720454795e-01 7.297593064861430945e-02 -6.473036840708297837e-03
-9.973869948019969955e-01 7.193132286094926220e-02 -6.713953623861754726e-03
-9.974627950847623215e-01 7.084953427909550239e-02 -6.951668636658509155e-03
-9.975399484796456662e-01 6.973106274643049718e-02 -7.186087875393970710e-03
-9.976182990785015248e-01 6.857642070889614916e-02 -7.417118761769115123e-03
-9.976976884854991123e-01 6.738613502467565020e-02 -7.644670180454870775e-03
-9.977779561007474873e-01 6.616074676744793104e-02 -7.868652516371426806e-03
-9.978589394073092977e-01 6.490081102313033368e-02 -8.088977691660441394e-03
-9.979404742611235335e-01 6.360689668002647568e-02 -8.305559202326841597e-03
-9.980223951833524509e-01 6.227958621230365172e-02 -8.518312154525621571e-03
-9.981045356546642822e-01 6.091947545673222913e-02 -8.727153300467863778e-03
-9.981867284109573468e-01 5.952717338262798752e-02 -8.932001073919041204e-03
-9.982688057400298520e-01 5.810330185494767125e-02 -9.132775625261572647e-03
-9.983505997786964459e-01 5.664849539049798127e-02 -9.329398856092586609e-03
-9.984319428098505922e-01 5.516340090722857831e-02 -9.521794453326895211e-03
-9.985126675589720557e-01 5.364867746659074399e-02 -9.709887922774315672e-03
-9.985926074895778992e-01 5.210499600895480976e-02 -9.893606622159678912e-03
-9.986715970971175027e-01 5.053303908209142575e-02 -1.007287979355317963e-02
-9.987494722008117831e-01 4.893350056273414184e-02 -1.024763859517809246e-02
-9.988260702329420093e-01 4.730708537125356133e-02 -1.041781613256236548e-02
-9.989012305250956070e-01 4.565450917948637305e-02 -1.058334748900021001e-02
-9.989747945908804549e-01 4.397649811177604950e-02 -1.074416975528943476e-02
-9.990466064046259476e-01 4.227378843929560648e-02 -1.090022205871010903e-02
-9.991165126755936488e-01 4.054712626773666895e-02 -1.105144559120999244e-02
-9.991843631172292461e-01 3.879726721846306348e-02 -1.119778363676218053e-02
-9.992500107109937302e-01 3.702497610324132632e-02 -1.133918159786052524e-02
-9.993133119643218265e-01 3.523102659267455389e-02 -1.147558702111858495e-02
-9.993741271622648137e-01 3.341620087848027471e-02 -1.160694962193819547e-02
-9.994323206123860714e-01 3.158128932976696224e-02 -1.173322130821419056e-02
-9.994877608824889181e-01 2.972709014347793208e-02 -1.185435620304233634e-02
-9.995403210307682862e-01 2.785440898918506089e-02 -1.197031066639819147e-02
-9.995898788279918845e-01 2.596405864842844108e-02 -1.208104331575538849e-02
-9.996363169713294861e-01 2.405685864881137309e-02 -1.218651504561267009e-02
-9.996795232894640781e-01 2.213363489307317716e-02 -1.228668904590000770e-02
-9.997193909386349331e-01 2.019521928337489683e-02 -1.238153081923518833e-02
-9.997558185892775340e-01 1.824244934104531785e-02 -1.247100819700344178e-02
-9.997887106029434978e-01 1.627616782204644244e-02 -1.255509135423392951e-02
-9.998179771992004028e-01 1.429722232842888137e-02 -1.263375282324830269e-02
-9.998435346122301892e-01 1.230646491605841622e-02 -1.270696750605795206e-02
-9.998653052368640104e-01 1.030475169890509267e-02 -1.277471268548813557e-02
-9.998832177638093954e-01 8.292942450195784493e-03 -1.283696803500877087e-02
-9.998972073038476793e-01 6.271900200740042168e-03 -1.289371562725334132e-02
-9.999072155007978635e-01 4.242490834747200852e-03 -1.294493994120915828e-02
-9.999131906330663844e-01 2.205582683460218310e-03 -1.299062786806401242e-02
-9.999150877036202534e-01 1.620461169383655663e-04 -1.303076871569612029e-02
-9.999128685182465670e-01 -1.887246865673152495e-03 -1.306535421179621549e-02
-9.999065017519791487e-01 -3.941423047043490953e-03 -1.309437850561257985e-02
-9.998959630035991752e-01 -5.999608403378908425e-03 -1.311783816831183815e-02
-9.998812348381350690e-01 -8.060928516617073963e-03 -1.313573219195036425e-02
-9.998623068173123629e-01 -1.012450898673945485e-02 -1.314806198705322296e-02
-9.998391755179255602e-01 -1.218947584384657938e-02 -1.315483137879963974e-02
-9.998118445381254382e-01 -1.425495595964014137e-02 -1.315604660181609112e-02
-9.997803244916403376e-01 -1.632007745795590117e-02 -1.315171629358021475e-02
-9.997446329899698503e-01 -1.838397012399229508e-02 -1.314185148644080731e-02
-9.997047946126121909e-01 -2.044576581188138620e-02 -1.312646559826128462e-02
-9.996608408654102940e-01 -2.250459885025146364e-02 -1.310557442169602883e-02
-9.996128101271213318e-01 -2.455960644543406929e-02 -1.307919611211110986e-02
-9.995607475843359957e-01 -2.660992908197259976e-02 -1.304735117416285471e-02
-9.995047051548979766e-01 -2.865471092009473641e-02 -1.301006244704973162e-02
-9.994447413999900665e-01 -3.069310018981695129e-02 -1.296735508845494635e-02
-9.993809214250787276e-01 -3.272424958135609907e-02 -1.291925655719902179e-02
-9.993133167699245201e-01 -3.474731663153057121e-02 -1.286579659462346731e-02
-9.992420052878885350e-01 -3.676146410584167634e-02 -1.280700720472841003e-02
-9.991670710147810830e-01 -3.876586037593498374e-02 -1.274292263308873276e-02
-9.990886040275193114e-01 -4.075967979215070619e-02 -1.267357934457494055e-02
-9.990067002928758599e-01 -4.274210305088266965e-02 -1.259901599990648213e-02
-9.989214615066193126e-01 -4.471231755647601253e-02 -1.251927343106672835e-02
-9.988329949233623051e-01 -4.666951777740517560e-02 -1.243439461561021697e-02
-9.987414131774483561e-01 -4.861290559648562271e-02 -1.234442464989403583e-02
-9.986468340952238121e-01 -5.054169065488495899e-02 -1.224941072126643597e-02
-9.985493804990547284e-01 -5.245509068971195010e-02 -1.214940207924685919e-02
-9.984491800034612785e-01 -5.435233186497488711e-02 -1.204445000573257755e-02
-9.983463648037543825e-01 -5.623264909571432102e-02 -1.193460778426803752e-02
-9.982410714575710164e-01 -5.809528636512879124e-02 -1.181993066841381668e-02
-9.981334406597143216e-01 -5.993949703452610550e-02 -1.170047584925278279e-02
-9.980236170107147364e-01 -6.176454414594682862e-02 -1.157630242207164685e-02
-9.979117487795363672e-01 -6.356970071732091776e-02 -1.144747135225658054e-02
-9.977979876608605858e-01 -6.535425003003261790e-02 -1.131404544044195722e-02
-9.976824885273862797e-01 -6.711748590878326148e-02 -1.117608928695154255e-02
-9.975654091775905119e-01 -6.885871299365575737e-02 -1.103366925557162231e-02
-9.974469100794005616e-01 -7.057724700429887643e-02 -1.088685343669562773e-02
-9.973271541102294302e-01 -7.227241499616365861e-02 -1.073571160987978751e-02
-9.972063062938322231e-01 -7.394355560873815125e-02 -1.058031520584916570e-02
-9.970845335344429294e-01 -7.559001930574049677e-02 -1.042073726799323113e-02
-9.969620043486504546e-01 -7.721116860724400177e-02 -1.025705241338974692e-02
-9.968388885954758694e-01 -7.880637831372092061e-02 -1.008933679339536066e-02
-9.967153572051102861e-01 -8.037503572200488389e-02 -9.917668053840710679e-03
-9.965915819067729942e-01 -8.191654083318407331e-02 -9.742125294867301499e-03
-9.964677349561461561e-01 -8.343030655244981775e-02 -9.562789030442671312e-03
-9.963439888628412566e-01 -8.491575888093672031e-02 -9.379741147589604200e-03
-9.962205161183464996e-01 -8.637233709960179251e-02 -9.193064865364298371e-03
-9.960974889249019082e-01 -8.779949394520082662e-02 -9.002844693617470181e-03
-9.959750789257434400e-01 -8.919669577843049313e-02 -8.809166391571379706e-03
-9.958534569371505496e-01 -9.056342274431422590e-02 -8.612116926244712395e-03
-9.957327926827260756e-01 -9.189916892491918621e-02 -8.411784430756148040e-03
-9.956132545303298942e-01 -9.320344248450007640e-02 -8.208258162536251346e-03
-9.954950092320803412e-01 -9.447576580717341466e-02 -8.001628461476163051e-03
