1.000000000000000000e+00 0.000000000000000000e+00 0.000000000000000000e+00
1.000000000000000000e+00 0.000000000000000000e+00 0.000000000000000000e+00
1.000000000000000000e+00 0.000000000000000000e+00 0.000000000000000000e+00
1.000000000000000000e+00 0.000000000000000000e+00 0.000000000000000000e+00
1.000000000000000000e+00 0.000000000000000000e+00 0.000000000000000000e+00
1.000000000000000000e+00 0.000000000000000000e+00 0.000000000000000000e+00
1.000000000000000000e+00 0.000000000000000000e+00 0.000000000000000000e+00
1.000000000000000000e+00 0.000000000000000000e+00 0.000000000000000000e+00
1.000000000000000000e+00 0.000000000000000000e+00 0.000000000000000000e+00
1.000000000000000000e+00 0.000000000000000000e+00 0.000000000000000000e+00
1.000000000000000000e+00 0.000000000000000000e+00 0.000000000000000000e+00
1.000000000000000000e+00 0.000000000000000000e+00 0.000000000000000000e+00
1.000000000000000000e+00 0.000000000000000000e+00 0.000000000000000000e+00
1.000000000000000000e+00 0.000000000000000000e+00 0.000000000000000000e+00
1.000000000000000000e+00 0.000000000000000000e+00 0.000000000000000000e+00
1.000000000000000000e+00 0.000000000000000000e+00 0.000000000000000000e+00
1.000000000000000000e+00 0.000000000000000000e+00 0.000000000000000000e+00
1.000000000000000000e+00 0.000000000000000000e+00 0.000000000000000000e+00
1.000000000000000000e+00 0.000000000000000000e+00 0.000000000000000000e+00
1.000000000000000000e+00 0.000000000000000000e+00 0.000000000000000000e+00
1.000000000000000000e+00 0.000000000000000000e+00 0.000000000000000000e+00
1.000000000000000000e+00 0.000000000000000000e+00 0.000000000000000000e+00
1.000000000000000000e+00 0.000000000000000000e+00 0.000000000000000000e+00
1.000000000000000000e+00 0.000000000000000000e+00 0.000000000000000000e+00
1.000000000000000000e+00 0.000000000000000000e+00 0.000000000000000000e+00
1.000000000000000000e+00 0.000000000000000000e+00 0.000000000000000000e+00
1.000000000000000000e+00 0.000000000000000000e+00 0.000000000000000000e+00
1.000000000000000000e+00 0.000000000000000000e+00 0.000000000000000000e+00
1.000000000000000000e+00 0.000000000000000000e+00 0.000000000000000000e+00
1.000000000000000000e+00 0.000000000000000000e+00 0.000000000000000000e+00
1.000000000000000000e+00 0.000000000000000000e+00 0.000000000000000000e+00
1.000000000000000000e+00 0.000000000000000000e+00 0.000000000000000000e+00
1.000000000000000000e+00 0.000000000000000000e+00 0.000000000000000000e+00
1.000000000000000000e+00 0.000000000000000000e+00 0.000000000000000000e+00
1.000000000000000000e+00 0.000000000000000000e+00 0.000000000000000000e+00
1.000000000000000000e+00 0.000000000000000000e+00 0.000000000000000000e+00
1.000000000000000000e+00 0.000000000000000000e+00 0.000000000000000000e+00
1.000000000000000000e+00 0.000000000000000000e+00 0.000000000000000000e+00
1.000000000000000000e+00 0.000000000000000000e+00 0.000000000000000000e+00
1.000000000000000000e+00 0.000000000000000000e+00 0.000000000000000000e+00
1.000000000000000000e+00 0.000000000000000000e+00 0.000000000000000000e+00
1.000000000000000000e+00 0.000000000000000000e+00 0.000000000000000000e+00
1.000000000000000000e+00 0.000000000000000000e+00 0.000000000000000000e+00
1.000000000000000000e+00 0.000000000000000000e+00 0.000000000000000000e+00
1.000000000000000000e+00 0.000000000000000000e+00 0.000000000000000000e+00
1.000000000000000000e+00 0.000000000000000000e+00 0.000000000000000000e+00
1.000000000000000000e+00 0.000000000000000000e+00 0.000000000000000000e+00
1.000000000000000000e+00 0.000000000000000000e+00 0.000000000000000000e+00
1.000000000000000000e+00 0.000000000000000000e+00 0.000000000000000000e+00
1.000000000000000000e+00 0.000000000000000000e+00 0.000000000000000000e+00
1.000000000000000000e+00 0.000000000000000000e+00 0.000000000000000000e+00
1.000000000000000000e+00 0.000000000000000000e+00 0.000000000000000000e+00
9.999999980723903725e-01 -2.433324847593784250e-05 5.712372888562153203e-05
9.999999819929411560e-01 -8.187153766250389059e-05 1.712051754415885689e-04
9.999999250356745861e-01 -1.814587671765186656e-04 3.420548047060752682e-04
9.999997827767430625e-01 -3.319072883536196197e-04 5.694596636787391600e-04
9.999994891602278502e-01 -5.419942580580228283e-04 8.531834890415190657e-04
9.999989518393607169e-01 -8.204579978576844162e-04 1.192966814912542126e-03
9.999980468083717877e-01 -1.175994353020538667e-03 1.588527078427446997e-03
9.999966123418515540e-01 -1.617253044166415887e-03 2.039558720738706907e-03
9.999944422601836358e-01 -2.152834002618181884e-03 2.545733280844598122e-03
9.999912785412631289e-01 -2.791283678550509056e-03 3.106699479507668039e-03
9.999868033003682655e-01 -3.541091308952813103e-03 3.722083290400081748e-03
9.999806301617055748e-01 -4.410685130222956676e-03 4.391487995522139892e-03
9.999722950468163951e-01 -5.408428517910377625e-03 5.114494221882421969e-03
9.999612464067129114e-01 -6.542616033752619853e-03 5.890659956405148133e-03
9.999468349263289646e-01 -7.821469357720454985e-03 6.719520536044030871e-03
9.999283027316263617e-01 -9.253133080327687401e-03 7.600588610133452577e-03
9.999047721315104109e-01 -1.084567032799740351e-02 8.533354072098474699e-03
9.998752339285886803e-01 -1.260705819183321336e-02 9.517283957775971026e-03
9.998385353347727378e-01 -1.454518292774944349e-02 1.055182230777088059e-02
9.997933675297855372e-01 -1.666783489359721995e-02 1.163638999148483739e-02
9.997382529028123743e-01 -1.898270318671390830e-02 1.277038449070964574e-02
9.996715320198391597e-01 -2.149736994325308903e-02 1.395317964097541642e-02
9.995913503616643547e-01 -2.421930425875380710e-02 1.518412532918264439e-02
9.994956448801762816e-01 -2.715585568771539116e-02 1.646254714642871042e-02
9.993821304232510805e-01 -3.031424727849336628e-02 1.778774599536172771e-02
9.992482860815747880e-01 -3.370156809865958170e-02 1.915899765185737416e-02
9.990913415138212850e-01 -3.732476520511398416e-02 2.057555228131613748e-02
9.989082633099390929e-01 -4.119063501273605155e-02 2.203663391041772029e-02
9.986957414558101931e-01 -4.530581401526122959e-02 2.354143985574414302e-02
9.984501759662490761e-01 -4.967676881240393194e-02 2.508914011129089253e-02
9.981676637571926802e-01 -5.430978539806591288e-02 2.667887669752357083e-02
9.978439858319920752e-01 -5.921095766581076225e-02 2.830976297530207048e-02
9.974745948609302637e-01 -6.438617508969510239e-02 2.998088292868174298e-02
9.970546032374358880e-01 -6.984110954106838298e-02 3.169129042130636176e-02
9.965787716989144007e-01 -7.558120120512872020e-02 3.344000843182570043e-02
9.960414986046343122e-01 -8.161164356489343519e-02 3.522602827449516916e-02
9.954368099676462744e-01 -8.793736742484975499e-02 3.704830881183947267e-02
9.947583503422240403e-01 -9.456302395193069699e-02 3.890577566697882989e-02
9.939993746727378010e-01 -1.014929667176463074e-01 4.079732044391678331e-02
9.931527412141333278e-01 -1.087312327322209754e-01 4.272179996476364872e-02
9.922109056382201198e-01 -1.162815224694657285e-01 4.467803553350899182e-02
9.911659164436765757e-01 -1.241471788898672879e-01 4.666481223654957849e-02
9.900094117909751246e-01 -1.323311654790104708e-01 4.868087829071414407e-02
9.887326178862019255e-01 -1.408360433289663760e-01 5.072494444999071928e-02
9.873263490398975772e-01 -1.496639473016623534e-01 5.279568348254316118e-02
9.857810095284503804e-01 -1.588165613254766406e-01 5.489172972988759502e-02
9.840865973861210314e-01 -1.682950928893302556e-01 5.701167876027258413e-02
9.822327102553339850e-01 -1.781002468123288329e-01 5.915408712835519556e-02
9.802085534213198503e-01 -1.882321983814639055e-01 6.131747225317486089e-02
9.780029501543979764e-01 -1.986905659649293998e-01 6.350031242618423000e-02
9.756043544790324873e-01 -2.094743832241355574e-01 6.570104696068825023e-02
9.730008664831576448e-01 -2.205820710633822346e-01 6.791807649345751874e-02
9.701802502740340950e-01 -2.320114094722375842e-01 7.014976344850874790e-02
9.671299546779701384e-01 -2.437595094317893674e-01 7.239443267207541777e-02
9.638371367705345083e-01 -2.558227850719058116e-01 7.465037224661794091e-02
9.602886883113277428e-01 -2.681969262822548328e-01 7.691583449034157527e-02
9.564712651429211343e-01 -2.808768719948585568e-01 7.918903714710046060e-02
9.523713195971966750e-01 -2.938567843701659354e-01 8.146816476976968813e-02
9.479751359340241601e-01 -3.071300241317549973e-01 8.375137029817131262e-02
9.432688688170388636e-01 -3.206891273065657355e-01 8.603677683045465874e-02
9.382385848092962277e-01 -3.345257836377458216e-01 8.832247958447191072e-02
9.328703068478918503e-01 -3.486308169454930272e-01 9.060654804317712363e-02
9.271500616313852472e-01 -3.629941677174364778e-01 9.288702827543561524e-02
9.210639298272421671e-01 -3.776048782138534676e-01 9.516194542089227715e-02
9.145980989787338977e-01 -3.924510803741304565e-01 9.742930632474716690e-02
9.077389189620659327e-01 -4.075199868091253785e-01 9.968710230546605489e-02
9.004729598152511061e-01 -4.227978851592821830e-01 1.019333120356579608e-01
8.927870717307306858e-01 -4.382701360903310528e-01 1.041659045136310580e-01
8.846684469743371082e-01 -4.539211751870620981e-01 1.063828421005462432e-01
8.761046834642839398e-01 -4.697345189909196694e-01 1.085820835956807368e-01
8.670838497158562808e-01 -4.856927754090072380e-01 1.107615873201502343e-01
8.575945508307911691e-01 -5.017776587005613464e-01 1.129193141775772236e-01
8.476259951853899466e-01 -5.179700092221402041e-01 1.150532306586924264e-01
8.371680614486236571e-01 -5.342498180848391787e-01 1.171613117557741696e-01
8.262113655412658408e-01 -5.505962568460042172e-01 1.192415437522189869e-01
8.147473271298034669e-01 -5.669877123244487782e-01 1.212919268524451921e-01
8.027682352348657346e-01 -5.834018265924156843e-01 1.233104776178016032e-01
7.902673125234802587e-01 -5.998155421598490022e-01 1.252952311752205394e-01
7.772387778478572207e-01 -6.162051523273834874e-01 1.272442431670427754e-01
7.636779065908009256e-01 -6.325463566442758312e-01 1.291555914127667792e-01
7.495810883793773138e-01 -6.488143213667892928e-01 1.310273772564395645e-01
7.349458817341754102e-01 -6.649837447718052186e-01 1.328577265770000126e-01
7.197710652313686897e-01 -6.810289271401752664e-01 1.346447904430878584e-01
7.040566847687133034e-01 -6.969238451850529037e-01 1.363867453986037370e-01
6.878040965444522925e-01 -7.126422306626249981e-01 1.380817933706004752e-01
6.710160053795930502e-01 -7.281576528667532688e-01 1.397281611968383130e-01
6.536964980388997315e-01 -7.434436046754314686e-01 1.413240997764723950e-01
6.358510712338536486e-01 -7.584735917860105925e-01 1.428678828537719436e-01
6.174866540213878041e-01 -7.732212247481350387e-01 1.443578054513995623e-01
5.986116243449997043e-01 -7.876603133784737532e-01 1.457921819764996518e-01
5.792358194994428056e-01 -8.017649631197724114e-01 1.471693440295423205e-01
5.593705403361719508e-01 -8.155096728885700141e-01 1.484876379524271151e-01
5.390285490636408383e-01 -8.288694339411034617e-01 1.497454221586456136e-01
5.182240605340283635e-01 -8.418198292754163203e-01 1.509410642942140002e-01
4.969727269456385987e-01 -8.543371330793474439e-01 1.520729382834944132e-01
4.752916159277636443e-01 -8.663984097287387165e-01 1.531394213188138620e-01
4.531991820119560810e-01 -8.779816118376355671e-01 1.541388908568514238e-01
4.307152315302326118e-01 -8.890656768622280381e-01 1.550697216879996787e-01
4.078608810165815779e-01 -8.996306217625250623e-01 1.559302831472263728e-01
3.846585092232081005e-01 -9.096576352300237422e-01 1.567189365362904319e-01
3.611660112794334854e-01 -9.191219938923020916e-01 1.573972038752962099e-01
3.374119429538097736e-01 -9.280080328654685129e-01 1.579692338881528713e-01
3.134250428413272727e-01 -9.363021748365141228e-01 1.584392220722891376e-01
2.892341011162296027e-01 -9.439928938375655720e-01 1.588113922565086988e-01
2.648678340970104794e-01 -9.510706683619700730e-01 1.590899789739048942e-01
2.403547654863371352e-01 -9.575279248573080881e-01 1.592792107606796903e-01
2.157231149976642781e-01 -9.633589726751928817e-01 1.593832944724583311e-01
1.910006949311945368e-01 -9.685599315818814725e-01 1.594064006905539788e-01
1.662148151173079569e-01 -9.731286529387198625e-01 1.593526502719851690e-01
1.413921965079404930e-01 -9.770646356489975926e-01 1.592261020792011816e-01
1.165588935675442583e-01 -9.803689379398645709e-01 1.590307419086879059e-01
9.174022549670317328e-02 -9.830440860066503861e-01 1.587704726221212670e-01
6.696071621429666720e-02 -9.850939804944046641e-01 1.584491054696602341e-01
4.224404292900722779e-02 -9.865238017299092776e-01 1.580703525824328770e-01
1.761299304831152879e-02 -9.873399145489138995e-01 1.576378206003246074e-01
-6.910570897080057368e-03 -9.875497734899157942e-01 1.571550053918424894e-01
-3.130573869329768277e-02 -9.871618290493180403e-01 1.566252878150825867e-01
-5.555257267400252885e-02 -9.861854356149305501e-01 1.560519304626155623e-01
-7.963212120279977713e-02 -9.846307616170427712e-01 1.554380753283511329e-01
-1.035264258931382492e-01 -9.825087023599800018e-01 1.547867423310474166e-01
-1.272185230666691425e-01 -9.798307959232642750e-01 1.541008286269821004e-01
-1.506924399577560802e-01 -9.766091424511227359e-01 1.533831086432788926e-01
-1.739331861710555205e-01 -9.728563270828274323e-01 1.526362347633563044e-01
-1.969267408918211060e-01 -9.685853467147368390e-01 1.518627385968070731e-01
-2.196600363358097163e-01 -9.638095407282987193e-01 1.510650327675998605e-01
-2.421209379083243685e-01 -9.585425257668789278e-01 1.502454131566962059e-01
-2.642982215209114250e-01 -9.527981345981911820e-01 1.494060615378793866e-01
-2.861815484903620366e-01 -9.465903590582877003e-01 1.485490485486894163e-01
-3.077614384187058461e-01 -9.399332970374187912e-01 1.476763369417509741e-01
-3.290292404255061864e-01 -9.328411034373832456e-01 1.467897850653782643e-01
-3.499771030755705059e-01 -9.253279450040293730e-01 1.458911505260643837e-01
-3.705979433166985970e-01 -9.174079589170244242e-01 1.449820939892421667e-01
-3.908854147137533763e-01 -9.090952150015750854e-01 1.440641830784793465e-01
-4.108338752375255143e-01 -9.004036814131012312e-01 1.431388963369928657e-01
-4.304383548398841852e-01 -8.913471936355951142e-01 1.422076272189936874e-01
-4.496945230208070354e-01 -8.819394266271791682e-01 1.412716880818702947e-01
-4.685986565682490057e-01 -8.721938699418668728e-01 1.403323141535611218e-01
-4.871476076285872758e-01 -8.621238056543948369e-01 1.393906674526322054e-01
-5.053387722436563090e-01 -8.517422889149141030e-01 1.384478406415540486e-01
-5.231700594702246576e-01 -8.410621309620001096e-01 1.375048607964514391e-01
-5.406398611791861653e-01 -8.300958844255925673e-01 1.365626930791766780e-01
-5.577470226147369647e-01 -8.188558307558461147e-01 1.356222442999316102e-01
-5.744908137783638624e-01 -8.073539696192298942e-01 1.346843663608364994e-01
-5.908709016885309584e-01 -7.956020101093485009e-01 1.337498595728213446e-01
-6.068873235544613998e-01 -7.836113636266792692e-01 1.328194758400023656e-01
-6.225404608913037707e-01 -7.713931382885713672e-01 1.318939217073132053e-01
-6.378310145941638032e-01 -7.589581347382740040e-01 1.309738612685938941e-01
-6.527599809798927399e-01 -7.463168432293444399e-01 1.300599189336131833e-01
-6.673286287980689790e-01 -7.334794418694092766e-01 1.291526820536199049e-01
-6.815384772061979790e-01 -7.204557959148348845e-01 1.282527034059991189e-01
-6.953866205578332904e-01 -7.072674410779036247e-01 1.273193638837399055e-01
-7.088706494131150615e-01 -6.939291241793631437e-01 1.263518051419608157e-01
-7.219886079603134998e-01 -6.804557507852669884e-01 1.253492194234985813e-01
-7.347390033672893672e-01 -6.668623654477952023e-01 1.243108525211543969e-01
-7.471208138343587990e-01 -6.531641308075052388e-01 1.232360064972007341e-01
-7.591334952311318274e-01 -6.393763056619654606e-01 1.221240421489228622e-01
-7.707769862108165837e-01 -6.255142221167460104e-01 1.209743812104029648e-01
-7.820517117075049818e-01 -6.115932619445498819e-01 1.197865082823161842e-01
-7.929585847349522876e-01 -5.976288322867372438e-01 1.185599724831832846e-01
-8.034990064191758208e-01 -5.836363408385317753e-01 1.172943888172945925e-01
-8.136748642116732322e-01 -5.696311706647058104e-01 1.159894392563659143e-01
-8.234885282450251642e-01 -5.556286547964671696e-01 1.146448735338872066e-01
-8.329428458079237707e-01 -5.416440507625622791e-01 1.132605096530569233e-01
-8.420411339320755806e-01 -5.276925152082539983e-01 1.118362341111360653e-01
-8.507871700987811314e-01 -5.137890787548274885e-01 1.103720018449823037e-01
-8.591851810881195872e-01 -4.999486212496515036e-01 1.088678359044134292e-01
-8.672398300083772327e-01 -4.861858475526194545e-01 1.073238268618771224e-01
-8.749562015575016449e-01 -4.725152639990907733e-01 1.057401319686496893e-01
-8.823397855817687319e-01 -4.589511556723304131e-01 1.041169740694289081e-01
-8.893964590093835776e-01 -4.455075646100170039e-01 1.024546402887066693e-01
-8.961324662482650361e-01 -4.321982690597800936e-01 1.007534805036885833e-01
-9.025543981476813471e-01 -4.190367638880719836e-01 9.901390561975600968e-02
-9.086691696326184564e-01 -4.060362422351319611e-01 9.723638566552807172e-02
-9.144839961277005935e-01 -3.932095784965173868e-01 9.542144772546780340e-02
-9.200063688940959272e-01 -3.805693126988199393e-01 9.356967372868051080e-02
-9.252440294081003547e-01 -3.681276363239275873e-01 9.168169811306958739e-02
-9.302049429139882530e-01 -3.558963796226950471e-01 8.975820538434345353e-02
-9.348972712862626544e-01 -3.438870004453180584e-01 8.779992758950808107e-02
-9.393293453376621027e-01 -3.321105746022231520e-01 8.580764172443655635e-02
-9.435096367092304925e-01 -3.205777877560408440e-01 8.378216709488559011e-02
-9.474467294774998605e-01 -3.092989288323662600e-01 8.172436264993725163e-02
-9.511492916114494545e-01 -2.982838849246569057e-01 7.963512430629213212e-02
-9.546260464084791453e-01 -2.875421376568925713e-01 7.751538228113903639e-02
-9.578857440342752883e-01 -2.770827609566293703e-01 7.536609845048938827e-02
-9.609371332862576276e-01 -2.669144201809081074e-01 7.318826374890538555e-02
-9.637889336943982199e-01 -2.570453725281993673e-01 7.098289562548459886e-02
-9.664498080667067725e-01 -2.474834686612456536e-01 6.875103556980509401e-02
-9.689283355797126962e-01 -2.382361554583334318e-01 6.649374672030054778e-02
-9.712329855069493645e-01 -2.293104798042283066e-01 6.421211156623837790e-02
-9.733720916708885618e-01 -2.207130933267456574e-01 6.190722975313271703e-02
-9.753538276960846964e-01 -2.124502579807128755e-01 5.958021600005111718e-02
-9.771861831335841853e-01 -2.045278523778933377e-01 5.723219813588463489e-02
-9.788769405190257400e-01 -1.969513787592695186e-01 5.486431526025843664e-02
-9.804336534194025843e-01 -1.897259705048895684e-01 5.247771603337643420e-02
-9.818636255162493942e-01 -1.828564000762326058e-01 5.007355709773081420e-02
-9.831738907661325966e-01 -1.763470872866946260e-01 4.765300163327559207e-02
-9.843711946728266327e-01 -1.702021077972919461e-01 4.521721804637204856e-02
-9.854619766994898722e-01 -1.644252017369648433e-01 4.276737879157123390e-02
-9.864523538435689964e-01 -1.590197823498851470e-01 4.030465932411180646e-02
-9.873481053920727391e-01 -1.539889445758666764e-01 3.783023717988614337e-02
-9.881562281304696604e-01 -1.493116972630527117e-01 3.540182143613812560e-02
-9.888831755713094473e-01 -1.449817775144894572e-01 3.302048353352316640e-02
-9.895349268915595298e-01 -1.409926370931485762e-01 3.068725794839149285e-02
-9.901170064045176078e-01 -1.373374608074445224e-01 2.840314285960685026e-02
-9.906345036782360225e-01 -1.340091836747918652e-01 2.616910078258665590e-02
-9.910920941867064071e-01 -1.310005069352618567e-01 2.398605916580312178e-02
-9.914940603858505286e-01 -1.283039129894465169e-01 2.185491094593506808e-02
-9.918443131119191181e-01 -1.259116793358275865e-01 1.977651505879559832e-02
-9.921464132052011387e-01 -1.238158915833335039e-01 1.775169690407257458e-02
-9.924035932669826865e-01 -1.220084556144103438e-01 1.578124876279890509e-02
-9.926187794624712346e-01 -1.204811089728911877e-01 1.386593016731105937e-02
-9.927946132869167606e-01 -1.192254315492828065e-01 1.200646822425064167e-02
-9.929334732164358801e-01 -1.182328556338562570e-01 1.020355789190997842e-02
-9.930374961690833224e-01 -1.174946754051887921e-01 8.457862213913850194e-03
-9.931085987055439102e-01 -1.170020559186151221e-01 6.770012511861650019e-03
-9.931484979024559623e-01 -1.167460416554628871e-01 5.140608540124284344e-03
-9.931587318348414906e-01 -1.167175646900267816e-01 3.570218606495350038e-03
-9.931406796074435661e-01 -1.169074525270315246e-01 2.059379662834423270e-03
-9.930955808779708960e-01 -1.173064356578999018e-01 6.085973702103914234e-04
-9.930245548183543880e-01 -1.179051548795302384e-01 -7.816538566463376251e-04
-9.929286184631529455e-01 -1.186941684145483844e-01 -2.110930820542499843e-03
-9.928087043972215753e-01 -1.196639588671825072e-01 -3.378821523469137562e-03
-9.926656777377044216e-01 -1.208049400440618926e-01 -4.584945153401407889e-03
-9.925003523683459949e-01 -1.221074636644096101e-01 -5.728952070929087086e-03
-9.923135063870474060e-01 -1.235618259793283547e-01 -6.810523790435571781e-03
-9.921058967305396159e-01 -1.251582743152102328e-01 -7.829372950646520946e-03
-9.918782729430153378e-01 -1.268870135517758679e-01 -8.785243269533832625e-03
-9.916313900585553842e-01 -1.287382125409031741e-01 -9.677909478783316977e-03
-9.913660205702146122e-01 -1.307020104682775352e-01 -1.050717723331193870e-02
-9.910829654616905016e-01 -1.327685231560153112e-01 -1.127288299164916005e-02
-9.907830642805831589e-01 -1.349278493008113367e-01 -1.197489386337261333e-02
-9.904672042353641626e-01 -1.371700766388665449e-01 -1.261310742020684862e-02
-9.901363283012908356e-01 -1.394852880258860561e-01 -1.318745146785051808e-02
-9.897914423236228165e-01 -1.418635674178234385e-01 -1.369788377608740365e-02
-9.894336211096066425e-01 -1.442950057358000082e-01 -1.414439176525508941e-02
-9.890640135037724878e-01 -1.467697065967616399e-01 -1.452699214768674897e-02
-9.886838464441202179e-01 -1.492777918899626521e-01 -1.484573052330129435e-02
-9.882944279997425419e-01 -1.518094071782910004e-01 -1.510068092908980163e-02
-9.878971493933184078e-01 -1.543547269027765456e-01 -1.529194534282639351e-02
-9.874934860146949989e-01 -1.569039593683543288e-01 -1.541965314191465382e-02
-9.870849974344402256e-01 -1.594473514890832611e-01 -1.548396051886096608e-02
-9.866733264287700367e-01 -1.619751932715436382e-01 -1.548504985543916121e-02
-9.862601970296228648e-01 -1.644778220160420523e-01 -1.542312905817178059e-02
-9.858474116158455480e-01 -1.669456262165306959e-01 -1.529843085829773325e-02
-9.854368470634610189e-01 -1.693690491417830513e-01 -1.511121207991989249e-02
-9.850304499747934983e-01 -1.717385920823450984e-01 -1.486175288052545528e-02
-9.846302310078217657e-01 -1.740448172500794755e-01 -1.455035596854304010e-02
-9.842382583285114173e-01 -1.762783503197225543e-01 -1.417734580304035041e-02
-9.838566502100309918e-01 -1.784298826047568953e-01 -1.374306778107187328e-02
-9.834875668036954233e-01 -1.804901728630439461e-01 -1.324788741855503424e-02
-9.831281092260485410e-01 -1.824735717403519752e-01 -1.274831527731351381e-02
-9.827788526717194939e-01 -1.843795014214528460e-01 -1.224456088369985790e-02
-9.824403534897476753e-01 -1.862074156117626833e-01 -1.173683426395174048e-02
-9.821131484069166584e-01 -1.879567993100389467e-01 -1.122534586970911318e-02
-9.817977537869051474e-01 -1.896271685762248582e-01 -1.071030650656192365e-02
-9.814946649258666778e-01 -1.912180702958826972e-01 -1.019192726557517116e-02
-9.812043553849877364e-01 -1.927290819426127066e-01 -9.670419457727346887e-03
-9.809272763605131340e-01 -1.941598113398049219e-01 -9.145994551188040694e-03
-9.806638560916683955e-01 -1.955098964230176373e-01 -8.618864111350696411e-03
-9.804144993068546476e-01 -1.967790050042197147e-01 -8.089239743527255194e-03
-9.801795867084378555e-01 -1.979668345390732664e-01 -7.557333038202690423e-03
-9.799594744964019721e-01 -1.990731118983704029e-01 -7.023355518739236684e-03
-9.797544939310892653e-01 -2.000975931446709044e-01 -6.487518591412499112e-03
-9.795649509352042372e-01 -2.010400633151191996e-01 -5.950033497654572470e-03
-9.793911257352120314e-01 -2.019003362113478417e-01 -5.411111268372821928e-03
-9.792332725422239204e-01 -2.026782541973014828e-01 -4.870962680207102831e-03
-9.790916192724191669e-01 -2.033736880057400720e-01 -4.329798213582910192e-03
-9.789663673070176930e-01 -2.039865365541038145e-01 -3.787828012413268358e-03
-9.788576912917811290e-01 -2.045167267703440206e-01 -3.245261845298102934e-03
-9.787657389759852888e-01 -2.049642134292454787e-01 -2.702309068066368909e-03
-9.786906310907755868e-01 -2.053289789996858850e-01 -2.159178587503355739e-03
-9.786324612667848255e-01 -2.056110335031974545e-01 -1.616078826103350182e-03
-9.785912959908641406e-01 -2.058104143841154310e-01 -1.073217687686195757e-03
-9.785671746017472472e-01 -2.059271863915167478e-01 -5.308025237152565233e-04
-9.785601093244422621e-01 -2.059614414730719101e-01 1.095989984613093219e-05
-9.785700853431169577e-01 -2.059132986808524246e-01 5.518634353024791600e-04
-9.785970609122177644e-01 -2.057829040890562511e-01 1.091702585780241538e-03
-9.786409675055349755e-01 -2.055704307235344808e-01 1.630272537728840072e-03
-9.787017100029032912e-01 -2.052760785029246193e-01 2.167369193527377003e-03
-9.787791669141993056e-01 -2.049000741911184698e-01 2.702789204353300487e-03
-9.788731906402716731e-01 -2.044426713607170598e-01 3.236330003466262369e-03
-9.789836077704149320e-01 -2.039041503670513400e-01 3.767789840056818065e-03
-9.791102194159704286e-01 -2.032848183322747138e-01 4.296967813805511321e-03
-9.792528015796110319e-01 -2.025850091389632401e-01 4.823663910293242429e-03
-9.794111055598393456e-01 -2.018050834325914034e-01 5.347679037398682389e-03
-9.795848583901999307e-01 -2.009454286321854799e-01 5.868815062812843784e-03
-9.797737633126779588e-01 -2.000064589483931121e-01 6.386874852794823323e-03
-9.799775002847256333e-01 -1.989886154081473568e-01 6.901662312286128628e-03
-9.801957265193268487e-01 -1.978923658850457734e-01 7.412982426493997488e-03
-9.804280770574785864e-01 -1.967182051345104377e-01 7.920641304046653272e-03
-9.806741653724336816e-01 -1.954666548327436415e-01 8.424446221815595770e-03
-9.809335840050154021e-01 -1.941382636184457722e-01 8.924205671491781608e-03
-9.812059052292775307e-01 -1.927336071362175940e-01 9.419729407993928522e-03
-9.814906817477474510e-01 -1.912532880805288271e-01 9.910828499778243095e-03
-9.817874474154513198e-01 -1.896979362390972257e-01 1.039731538110959599e-02
-9.820957179918794466e-01 -1.880682085344905774e-01 1.087900390634461562e-02
-9.824149919200114711e-01 -1.863647890627345982e-01 1.135570940626732563e-02
-9.827447511314773010e-01 -1.845883891276854927e-01 1.182724874650791479e-02
-9.830844618768872500e-01 -1.827397472699061332e-01 1.229344038806491970e-02
-9.834335755803217394e-01 -1.808196292887689904e-01 1.275410444994067721e-02
-9.837915297169252948e-01 -1.788288282564982068e-01 1.320906277388925187e-02
-9.841577487125048318e-01 -1.767681645228567910e-01 1.365813899126538077e-02
-9.845316448639858109e-01 -1.746384857091835829e-01 1.410115859195212179e-02
-9.849126192795335522e-01 -1.724406666904879648e-01 1.453794899533404628e-02
-9.853000628371011427e-01 -1.701756095643185696e-01 1.496833962327196940e-02
-9.856933571601173005e-01 -1.678442436051351683e-01 1.539216197502434220e-02
-9.860918756089823711e-01 -1.654475252029315724e-01 1.580924970404964242e-02
-9.864949842869937813e-01 -1.629864377848797841e-01 1.621943869661342935e-02
-9.869020430592768678e-01 -1.604619917187943556e-01 1.662256715211314628e-02
-9.873124065832524776e-01 -1.578752241972483650e-01 1.701847566502340259e-02
-9.877254253491282165e-01 -1.552271991012106334e-01 1.740700730835429214e-02
-9.881404467288598115e-01 -1.525190068421162781e-01 1.778800771850538170e-02
-9.885568160319858633e-01 -1.497517641813301270e-01 1.816132518138840329e-02
-9.889738775667015203e-01 -1.469266140260148124e-01 1.852681071968241555e-02
-9.893909757045004083e-01 -1.440447252004716239e-01 1.888431818107623797e-02
-9.898074559466785161e-01 -1.411072921920834833e-01 1.923370432734453767e-02
-9.902226659909622031e-01 -1.381155348710543518e-01 1.957482892409582662e-02
-9.906359567964938551e-01 -1.350706981832087983e-01 1.990755483102311235e-02
-9.910466836453830641e-01 -1.319740518151883979e-01 2.023174809248090913e-02
-9.914542071990080085e-01 -1.288268898314584299e-01 2.054727802820580790e-02
-9.918578945472339425e-01 -1.256305302826180859e-01 2.085401732399193644e-02
-9.922571202487004971e-01 -1.223863147845911520e-01 2.115184212212737475e-02
-9.926512673603185011e-01 -1.190956080683593793e-01 2.144063211139298278e-02
-9.930397284541111480e-01 -1.157597974999898527e-01 2.172027061642115703e-02
-9.934219066195321135e-01 -1.123802925707980682e-01 2.199064468620881910e-02
-9.937972164493967808e-01 -1.089585243575810491e-01 2.225164518157642796e-02
-9.941650850075695045e-01 -1.054959449529490612e-01 2.250316686136307961e-02
-9.945249527765629427e-01 -1.019940268658797722e-01 2.274510846714677265e-02
-9.948762745832239185e-01 -9.845426239271451441e-02 2.297737280627867515e-02
-9.952185205007025859e-01 -9.487816295891325635e-02 2.319986683302087405e-02
-9.955511767249304311e-01 -9.126725843198096877e-02 2.341250172757843376e-02
-9.958737464238667236e-01 -8.762309640607447714e-02 2.361519297281874930e-02
-9.961857505578108896e-01 -8.394724145889417843e-02 2.380786042847422845e-02
-9.964867286691242443e-01 -8.024127438155914671e-02 2.399042840262802234e-02
-9.967762396397534808e-01 -7.650679138225671694e-02 2.416282572028716907e-02
-9.970538624150029339e-01 -7.274540326454830008e-02 2.432498578885279941e-02
-9.973191966920644802e-01 -6.895873458130138967e-02 2.447684666030318368e-02
-9.975718635718765492e-01 -6.514842276530297127e-02 2.461835108991220974e-02
-9.978115061729566637e-01 -6.131611723769202910e-02 2.474944659133349392e-02
-9.980377902059246464e-01 -5.746347849542730174e-02 2.487008548788851789e-02
-9.982504045075141219e-01 -5.359217717908147660e-02 2.498022495990614295e-02
-9.984490615329538743e-01 -4.970389312232337264e-02 2.507982708797037649e-02
-9.986334978056867762e-01 -4.580031438451577508e-02 2.516885889194341377e-02
-9.988034743234883717e-01 -4.188313626791758532e-02 2.524729236564163953e-02
-9.989587769201387912e-01 -3.795406032103498806e-02 2.531510450705349094e-02
-9.990992165819024828e-01 -3.401479332971681091e-02 2.537227734399971971e-02
-9.992246297181706094e-01 -3.006704629763410144e-02 2.541879795514867535e-02
-9.993348783857234352e-01 -2.611253341782291890e-02 2.545465848631163139e-02
-9.994298504661764948e-01 -2.215297103700234610e-02 2.547985616195595424e-02
-9.995094597962822514e-01 -1.819007661440636206e-02 2.549439329188686251e-02
-9.995736462508654219e-01 -1.422556767688869586e-02 2.549827727306176739e-02
-9.996223757782822794e-01 -1.026116077207374702e-02 2.549152058651446909e-02
-9.996556403884017117e-01 -6.298570421334170541e-03 2.547414078937993570e-02
-9.996734580932186143e-01 -2.339508074376771794e-03 2.544616050202382768e-02
-9.996758728003175554e-01 1.614318932787153077e-03 2.540760739029433724e-02
-9.996629541595151158e-01 5.561208414722790608e-03 2.535851414292723469e-02
-9.996347973631171113e-01 9.499464366558182243e-03 2.529891844414820443e-02
-9.995915229003331515e-01 1.342739798535467870e-02 2.522886294152949793e-02
-9.995332762664955739e-01 1.734332868117090254e-02 2.514839520917066043e-02
-9.994602276278310438e-01 2.124558507616637268e-02 2.505756770628548777e-02
-9.993725714426351381e-01 2.513250599013345729e-02 2.495643773128938467e-02
-9.992705260397934941e-01 2.900244141089447503e-02 2.484506737149294597e-02
-9.991543331556886898e-01 3.285375344805410713e-02 2.472352344851869513e-02
-9.990242574306202883e-01 3.668481726865589071e-02 2.459187745956861737e-02
-9.988805858659506320e-01 4.049402201335470380e-02 2.445020551468016917e-02
-9.987236272432721274e-01 4.427977169178499983e-02 2.429858827011802461e-02
-9.985537115069653691e-01 4.804048605587621368e-02 2.413711085805764212e-02
-9.983711891115922832e-01 5.177460144994261437e-02 2.396586281272502020e-02
-9.981764303356340795e-01 5.548057163645361833e-02 2.378493799316457047e-02
-9.979698245631456466e-01 5.915686859647292795e-02 2.359443450281381929e-02
-9.977517795349557517e-01 6.280198330383929273e-02 2.339445460606987687e-02
-9.975227205710928136e-01 6.641442647224887752e-02 2.318510464203785496e-02
-9.972830897661623117e-01 6.999272927448790815e-02 2.296649493565614333e-02
-9.970333451594424190e-01 7.353544403315465106e-02 2.273873970639723324e-02
-9.967739598814993052e-01 7.704114488230094648e-02 2.250195697474586740e-02
-9.965054212791524257e-01 8.050842839951577457e-02 2.225626846665860331e-02
-9.962282300206448671e-01 8.393591420806534309e-02 2.200179951621037203e-02
-9.959428991828912503e-01 8.732224554879643164e-02 2.173867896663438798e-02
-9.956499533226891296e-01 9.066608982160127839e-02 2.146703906996179703e-02
-9.953499275337873708e-01 9.396613909633316775e-02 2.118701538546658922e-02
-9.950433664917073262e-01 9.722111059315109716e-02 2.089874667711997744e-02
-9.947308234882101807e-01 1.004297471323599977e-01 2.060237481025610495e-02
-9.944128594572958502e-01 1.035908175538988868e-01 2.029804464764814811e-02
-9.940900419946078204e-01 1.067031171067129858e-01 1.998590394519033850e-02
-9.937629443720997768e-01 1.097654678083270496e-01 1.966610324737715770e-02
-9.934321445497998893e-01 1.127767187750154942e-01 1.933879578276627778e-02
-9.930982241864839688e-01 1.157357465230401394e-01 1.900413735960634551e-02
-9.927617676510384070e-01 1.186414552414982310e-01 1.866228626180486266e-02
-9.924233610362616087e-01 1.214927770373920024e-01 1.831340314540493355e-02
-9.920835911768175475e-01 1.242886721535953753e-01 1.795765093573277807e-02
-9.917430446730139959e-01 1.270281291604541951e-01 1.759519472537057413e-02
-9.914023069220384565e-01 1.297101651218130758e-01 1.722620167310141837e-02
-9.910619611582381916e-01 1.323338257363141368e-01 1.685084090396513426e-02
-9.907225875039844531e-01 1.348981854548610415e-01 1.646928341055520217e-02
-9.903847620326130530e-01 1.374023475751853796e-01 1.608170195567843255e-02
-9.900490558448807876e-01 1.398454443144913906e-01 1.568827097649000066e-02
-9.897160341603271627e-01 1.422266368611896925e-01 1.528916649020737803e-02
-9.893862554248750163e-01 1.445451154067606825e-01 1.488456600149734924e-02
-9.890602704359505726e-01 1.468000991588133131e-01 1.447464841162088810e-02
-9.887386214863473910e-01 1.489908363364262356e-01 1.405959392941116652e-02
-9.884218415280032755e-01 1.511166041488739842e-01 1.363958398415038124e-02
-9.881104533568011439e-01 1.531767087588528642e-01 1.321480114040154107e-02
-9.878049688194502354e-01 1.551704852313284810e-01 1.278542901484178672e-02
-9.875058880434468556e-01 1.570972974691290935e-01 1.235165219513434734e-02
-9.872136986910569068e-01 1.589565381364084484e-01 1.191365616086681976e-02
-9.869288752382070484e-01 1.607476285710950081e-01 1.147162720657421073e-02
-9.866518782791162678e-01 1.624700186874353802e-01 1.102575236685604705e-02
-9.863831538574444613e-01 1.641231868697259066e-01 1.057621934358793717e-02
-9.861231328246805594e-01 1.657066398583083300e-01 1.012321643521924865e-02
-9.858722302264411042e-01 1.672199126288847482e-01 9.666932468140066251e-03
-9.856308447172958953e-01 1.686625682661816727e-01 9.207556730092405356e-03
-9.853993580046893630e-01 1.700341978329653614e-01 8.745278905592688071e-03
-9.851781343224740306e-01 1.713344202353785095e-01 8.280289013324896447e-03
-9.849675199345262477e-01 1.725628820855344414e-01 7.812777345456479311e-03
-9.847678426688653008e-01 1.737192575622671653e-01 7.342934408822164236e-03
-9.845794114826535992e-01 1.748032482708960778e-01 6.870950867914213389e-03
-9.844025160584080059e-01 1.758145831028209427e-01 6.397017489611448240e-03
-9.842374264317126364e-01 1.767530180957185282e-01 5.921325089573552421e-03
-9.840843926506791517e-01 1.776183362950647104e-01 5.444064480221715019e-03
-9.839436444673610449e-01 1.784103476176573388e-01 4.965426420221686656e-03
-9.838153910612894570e-01 1.791288887177642786e-01 4.485601565380728864e-03
-9.836998207952594164e-01 1.797738228564686735e-01 4.004780420865763566e-03
-9.835971010034588735e-01 1.803450397747302092e-01 3.523153294646337499e-03
-9.835073778119978183e-01 1.808424555706258374e-01 3.040910252062715719e-03
-9.834307759918586855e-01 1.812660125811781930e-01 2.558241071416602827e-03
-9.833673988442579450e-01 1.816156792691228650e-01 2.075335200479604906e-03
-9.833173281183735792e-01 1.818914501149087870e-01 1.592381713812622210e-03
-9.832806239613633981e-01 1.820933455141682811e-01 1.109569270787881187e-03
-9.832573249005669425e-01 1.822214116808353601e-01 6.270860742042964680e-04
-9.832474478577538646e-01 1.822757205560331939e-01 1.451198293862794673e-04
-9.832509881952514741e-01 1.822563697227933266e-01 -3.361422963440203896e-04
-9.832679197937557181e-01 1.821634823266125303e-01 -8.165137139307278432e-04
-9.832981951615995531e-01 1.819972070017951138e-01 -1.295808452693442917e-03
-9.833417455752254677e-01 1.817577178034731067e-01 -1.773841200389369120e-03
-9.833984812505801587e-01 1.814452141451403655e-01 -2.250427343334489034e-03
-9.834682915451208318e-01 1.810599207414824163e-01 -2.725383006687862996e-03
-9.835510451900947304e-01 1.806020875562301953e-01 -3.198525095000679438e-03
-9.836465905527256304e-01 1.800719897547139459e-01 -3.669671333128824223e-03
-9.837547559279120613e-01 1.794699276607422678e-01 -4.138640307604491211e-03
-9.838753498590145918e-01 1.787962267173827391e-01 -4.605251508558721486e-03
-9.840081614872802085e-01 1.780512374511727391e-01 -5.069325372282764038e-03
-9.841529609294232817e-01 1.772353354392439684e-01 -5.530683324511787013e-03
-9.843094996828527510e-01 1.763489212788003357e-01 -5.989147824509764503e-03
-9.844775110580068489e-01 1.753924205583480556e-01 -6.444542410029342229e-03
-9.846567106372253741e-01 1.743662838300375217e-01 -6.896691743215124792e-03
-9.848467967595599948e-01 1.732709865824401951e-01 -7.345421657513192745e-03
-9.850474510308917520e-01 1.721070292130497392e-01 -7.790559205643726726e-03
-9.852583388586940716e-01 1.708749369997653866e-01 -8.231932708687430753e-03
-9.854791100107475055e-01 1.695752600705871249e-01 -8.669371806329999666e-03
-9.857093991970806712e-01 1.682085733707265329e-01 -9.102707508302242123e-03
-9.859488266743788865e-01 1.667754766263147281e-01 -9.531772247046564617e-03
-9.861969988720697966e-01 1.652765943038692897e-01 -9.956399931633514583e-03
-9.864535090392614336e-01 1.637125755646658409e-01 -1.037642600294484165e-02
-9.867179379116756133e-01 1.620840942131466511e-01 -1.079168749013219644e-02
-9.869898543976851624e-01 1.603918486384892372e-01 -1.120202306835310982e-02
-9.872688162825298264e-01 1.586365617484512824e-01 -1.160727311777834565e-02
-9.875543709497534017e-01 1.568189808946056085e-01 -1.200727978385709126e-02
-9.878460561188688871e-01 1.549398777880791889e-01 -1.240188703881877144e-02
-9.881434005982268065e-01 1.530000484049144349e-01 -1.279094074438260134e-02
-9.884459250520283291e-01 1.510003128801786776e-01 -1.317428871563829616e-02
-9.887531427803919470e-01 1.489415153899587285e-01 -1.355178078605374752e-02
-9.890645605113501659e-01 1.468245240203923940e-01 -1.392326887355787267e-02
-9.893796792036223531e-01 1.446502306229066614e-01 -1.428860704763937513e-02
-9.896979948589783582e-01 1.424195506548545653e-01 -1.464765159739479274e-02
-9.900189993429789892e-01 1.401334230047673601e-01 -1.500026110045198785e-02
-9.903421812128502255e-01 1.377928098014678526e-01 -1.534629649268819118e-02
-9.906670265512214080e-01 1.353986962063223054e-01 -1.568562113865487259e-02
-9.909930198044333283e-01 1.329520901879439887e-01 -1.601810090261511499e-02
-9.913196446240960524e-01 1.304540222786996218e-01 -1.634360422009279237e-02
-9.916463847105563278e-01 1.279055453124118280e-01 -1.666200216982680060e-02
-9.919727246569134405e-01 1.253077341426950264e-01 -1.697316854601783540e-02
-9.922981507922049582e-01 1.226616853414099900e-01 -1.727697993074977026e-02
-9.926221520223679207e-01 1.199685168767719856e-01 -1.757331576646263202e-02
-9.929442206675677118e-01 1.172293677707004073e-01 -1.786205842834950874e-02
-9.932638532944779719e-01 1.144453977350527868e-01 -1.814309329654541919e-02
-9.935805515420840228e-01 1.116177867864433099e-01 -1.841630882797234969e-02
-9.938938229395812840e-01 1.087477348394053356e-01 -1.868159662770126767e-02
-9.942031817149354911e-01 1.058364612777183966e-01 -1.893885151968896507e-02
-9.945081495926739734e-01 1.028852045037829538e-01 -1.918797161674516000e-02
-9.948082565794823529e-01 9.989522146599008612e-02 -1.942885838958332417e-02
-9.951030417361874658e-01 9.686778716409867596e-02 -1.966141673480726465e-02
-9.953920539347206331e-01 9.380419413269849849e-02 -1.988555504168456126e-02
-9.956748525986695020e-01 9.070575190290453005e-02 -2.010118525755758001e-02
-9.959510084260436713e-01 8.757378644249463884e-02 -2.030822295174298034e-02
-9.962201040929050677e-01 8.440963957477036483e-02 -2.050658737777124110e-02
-9.964817349365356902e-01 8.121466837648723402e-02 -2.069620153381906968e-02
-9.967355096168482032e-01 7.799024455526791522e-02 -2.087699222118930692e-02
-9.969810507547752776e-01 7.473775380697736392e-02 -2.104889010069526875e-02
-9.972179955464119949e-01 7.145859515360424019e-02 -2.121182974680939706e-02
-9.974459963517259276e-01 6.815418026225647519e-02 -2.136574969943944718e-02
-9.976647212566914780e-01 6.482593274594146415e-02 -2.151059251319942592e-02
-9.978738546077550176e-01 6.147528744686149571e-02 -2.164630480404691748e-02
-9.980730975175857722e-01 5.810368970301395264e-02 -2.177283729316341343e-02
-9.982621683411224689e-01 5.471259459894178140e-02 -2.189014484795965068e-02
-9.984408031209826007e-01 5.130346620153369841e-02 -2.199818652009393957e-02
-9.986087560013606756e-01 4.787777678182442848e-02 -2.209692558039769161e-02
-9.987657996096054314e-01 4.443700602379350301e-02 -2.218632955060921563e-02
-9.989117254047307215e-01 4.098264022120588074e-02 -2.226637023182395300e-02
-9.990463439921833944e-01 3.751617146357925231e-02 -2.233702372957683049e-02
-9.991694854042612040e-01 3.403909681240081114e-02 -2.239827047548027805e-02
-9.992809993456459594e-01 3.055291746875052339e-02 -2.245009524534962234e-02
-9.993807554035917251e-01 2.705913793351828744e-02 -2.249248717375596646e-02
-9.994686432223830463e-01 2.355926516142872393e-02 -2.252543976495536768e-02
-9.995445726417553356e-01 2.005480771010962476e-02 -2.254895090015196848e-02
-9.996084737990472702e-01 1.654727488545807215e-02 -2.256302284106179168e-02
-9.996602971949349881e-01 1.303817588457199979e-02 -2.256766222975305908e-02
-9.997000137226756955e-01 9.529018937524362173e-03 -2.256288008474817072e-02
-9.997276146608689018e-01 6.021310449262084336e-03 -2.254869179338180041e-02
-9.997431116298240994e-01 2.516554142912575277e-03 -2.252511710041886495e-02
-9.997465365117010894e-01 -9.837497942231862580e-04 -2.249218009294545739e-02
-9.997379413346695332e-01 -4.478105560720140044e-03 -2.244990918155507706e-02
-9.997173981214130256e-01 -7.965022585862811810e-03 -2.239833707786163114e-02
-9.996849987023781470e-01 -1.144301636802149205e-02 -2.233750076837969986e-02
-9.996408544942462227e-01 -1.491060930535013755e-02 -2.226744148482140070e-02
-9.995850962441794607e-01 -1.836633151761017657e-02 -2.218820467086780532e-02
-9.995178737404655234e-01 -2.180872165795324016e-02 -2.209983994548126926e-02
-9.994393554902539778e-01 -2.523632771352860363e-02 -2.200240106283316011e-02
-9.993497283651484597e-01 -2.864770779381735355e-02 -2.189594586892923758e-02
-9.992491972154811108e-01 -3.204143090563515289e-02 -2.178053625502244725e-02
-9.991379844541610211e-01 -3.541607771378850467e-02 -2.165623810791000511e-02
-9.990163296110475821e-01 -3.877024128641554102e-02 -2.152312125721833613e-02
-9.988844888588561677e-01 -4.210252782409137917e-02 -2.138125941978574057e-02
-9.987427345116595134e-01 -4.541155737182965557e-02 -2.123073014125855321e-02
-9.985913544970953515e-01 -4.869596451316593466e-02 -2.107161473502195542e-02
-9.984306518034412603e-01 -5.195439904556477945e-02 -2.090399821859152685e-02
-9.982609439027587683e-01 -5.518552663645037715e-02 -2.072796924759608139e-02
-9.980825621513508272e-01 -5.838802945922026699e-02 -2.054362004748630510e-02
-9.978958511688101884e-01 -6.156060680866284884e-02 -2.035104634310709940e-02
-9.977011681969721879e-01 -6.470197569526150994e-02 -2.015034728627451352e-02
-9.974988824401098686e-01 -6.781087141793128159e-02 -1.994162538150048500e-02
-9.972893743877387918e-01 -7.088604811479752577e-02 -1.972498641001054279e-02
-9.970730351214155407e-01 -7.392627929169008627e-02 -1.950053935220090115e-02
-9.968502656069344603e-01 -7.693035832809046182e-02 -1.926839630868226391e-02
-9.966214759733387218e-01 -7.989709896033320158e-02 -1.902867242005790507e-02
-9.963870847801721276e-01 -8.282533574192621484e-02 -1.878148578558340442e-02
-9.961475182744038426e-01 -8.571392448091726124e-02 -1.852695738085469168e-02
-9.959032096384617949e-01 -8.856174265429571368e-02 -1.826521097466986959e-02
-9.956545982308073750e-01 -9.136768979947910985e-02 -1.799637304520853784e-02
-9.954021288204814022e-01 -9.413068788299337741e-02 -1.772057269567027180e-02
-9.951462508170439980e-01 -9.684968164651300282e-02 -1.743794156951121097e-02
-9.948874174973173501e-01 -9.952363893048339627e-02 -1.714861376541476634e-02
-9.946260852303298039e-01 -1.021515509756014128e-01 -1.685272575212894489e-02
-9.943627127018412892e-01 -1.047324327024816842e-01 -1.655041628329900413e-02
-9.940977601398101049e-01 -1.072653229698858623e-01 -1.624182631241989638e-02
-9.938316885421401015e-01 -1.097492848119385606e-01 -1.592709890802845862e-02
-9.935649589080227662e-01 -1.121834056547982711e-01 -1.560637916925042799e-02
-9.932980314741601813e-01 -1.145667975132930588e-01 -1.527981414181217058e-02
-9.930313649571288481e-01 -1.168985971680695235e-01 -1.494755273462160770e-02
-9.927654158031106180e-01 -1.191779663238394238e-01 -1.460974563701714427e-02
-9.925006374461865510e-01 -1.214040917493410809e-01 -1.426654523677748157e-02
-9.922374795763539979e-01 -1.235761853996627108e-01 -1.391810553897915304e-02
-9.919763874183925578e-01 -1.256934845216010621e-01 -1.356458208578234167e-02
-9.917178010226670448e-01 -1.277552517427527345e-01 -1.320613187721915611e-02
-9.914621545689173976e-01 -1.297607751450554348e-01 -1.284291329305206966e-02
-9.912098756840482805e-01 -1.317093683235139590e-01 -1.247508601576361072e-02
-9.909613847748882653e-01 -1.336003704308591777e-01 -1.210281095473179913e-02
-9.907170943768518478e-01 -1.354331462088997073e-01 -1.172625017163912015e-02
-9.904774085193935873e-01 -1.372070860073328347e-01 -1.134556680715618007e-02
-9.902427221091044673e-01 -1.389216057907865232e-01 -1.096092500893451442e-02
-9.900134203312574988e-01 -1.405761471348651037e-01 -1.057248986093643067e-02
-9.897898780705701727e-01 -1.421701772119701168e-01 -1.018042731412319678e-02
-9.895724593519072965e-01 -1.437031887676631370e-01 -9.784904118516452379e-03
-9.893615168016079986e-01 -1.451747000883300831e-01 -9.386087756641372376e-03
-9.891573911300786115e-01 -1.465842549608959711e-01 -8.984146378353870949e-03
-9.889604106362532843e-01 -1.479314226253269360e-01 -8.579248737048114637e-03
-9.887708907344813225e-01 -1.492157977206400310e-01 -8.171564127234683811e-03
-9.885891335043623940e-01 -1.504370002251239347e-01 -7.761262323474030222e-03
-9.884154272640099936e-01 -1.515946753914532152e-01 -7.348513520644370592e-03
-9.882500461671840375e-01 -1.526884936773558465e-01 -6.933488275517887822e-03
-9.880932498246954854e-01 -1.537181506724694113e-01 -6.516357449614044312e-03
-9.879452829504484779e-01 -1.546833670219940893e-01 -6.097292153294029196e-03
-9.878063750324467263e-01 -1.555838883477223822e-01 -5.676463691055815518e-03
-9.876767400290555887e-01 -1.564194851669944986e-01 -5.254043507985039357e-03
-9.875565760907749624e-01 -1.571899528100965671e-01 -4.830203137312931785e-03
-9.874460653077428152e-01 -1.578951113365851810e-01 -4.405114149028837786e-03
-9.873453734831550976e-01 -1.585348054509867766e-01 -3.978948099491473600e-03
-9.872546499327533587e-01 -1.591089044182839862e-01 -3.551876481979984821e-03
-9.871740273104987473e-01 -1.596173019795645021e-01 -3.124070678123095062e-03
-9.871036214605186654e-01 -1.600599162681687615e-01 -2.695701910142191647e-03
-9.870435312953799167e-01 -1.604366897266348013e-01 -2.266941193842060207e-03
-9.869938387007122227e-01 -1.607475890246982675e-01 -1.837959292281182017e-03
-9.869546084661734442e-01 -1.609926049785658786e-01 -1.408926670052027767e-03
-9.869258882427195401e-01 -1.611717524716398120e-01 -9.800134481006499663e-04
-9.869077085261123150e-01 -1.612850703768298755e-01 -5.513893590140471175e-04
-9.869000826665674797e-01 -1.613326214805495540e-01 -1.232237027033014133e-04
-9.869030069044189002e-01 -1.613144924084510545e-01 3.043146975896710059e-04
-9.869164604316456035e-01 -1.612307935529140590e-01 7.310575390337443070e-04
-9.869404054790791303e-01 -1.610816590022623451e-01 1.156837082770079605e-03
-9.869747874290839551e-01 -1.608672464716431327e-01 1.581486197364173835e-03
-9.870195349534724993e-01 -1.605877372354639621e-01 2.004838402218020715e-03
-9.870745601763928345e-01 -1.602433360612441626e-01 2.426727911010502763e-03
-9.871397588618969765e-01 -1.598342711446998632e-01 2.846989675232399798e-03
-9.872150106258730240e-01 -1.593607940458446059e-01 3.265459427880365324e-03
-9.873001791719965281e-01 -1.588231796258526007e-01 3.681973727371900401e-03
-9.873951125513296123e-01 -1.582217259843962942e-01 4.096370001740758798e-03
-9.874996434451710492e-01 -1.575567543971376494e-01 4.508486593169346024e-03
-9.876135894707319673e-01 -1.568286092530201681e-01 4.918162802911546505e-03
-9.877367535091863271e-01 -1.560376579909789063e-01 5.325238936656044759e-03
-9.878689240556195461e-01 -1.551842910356568406e-01 5.729556350376575208e-03
-9.880098755903703456e-01 -1.542689217316892680e-01 6.130957496711722347e-03
-9.881593689712344641e-01 -1.532919862760929453e-01 6.529285971912815109e-03
-9.883171518459743510e-01 -1.522539436482734376e-01 6.924386563394226493e-03
-9.884829590845496394e-01 -1.511552755371430301e-01 7.316105297915959094e-03
-9.886565132304577785e-01 -1.499964862648226482e-01 7.704289490423770620e-03
-9.888375249705485537e-01 -1.487781027063842521e-01 8.088787793567359455e-03
-9.890256936226476947e-01 -1.475006742050753439e-01 8.469450247912221896e-03
-9.892207076403001231e-01 -1.461647724824552963e-01 8.846128332855763762e-03
-9.894222451339165225e-01 -1.447709915428625205e-01 9.218675018253137676e-03
-9.896299744075809368e-01 -1.433199475716243343e-01 9.586944816753057569e-03
-9.898435545107503453e-01 -1.418122788264158385e-01 9.950793836838552758e-03
-9.900626358040544028e-01 -1.402486455211715000e-01 1.031007983656228623e-02
-9.902868605383745582e-01 -1.386297297019526975e-01 1.066466227796070143e-02
-9.905158634463602230e-01 -1.369562351141767331e-01 1.101440238212586693e-02
-9.907492723455142425e-01 -1.352288870606178084e-01 1.135916318490850542e-02
-9.909867087519560469e-01 -1.334484322495971542e-01 1.169880959322033842e-02
-9.912277885039491032e-01 -1.316156386327900496e-01 1.203320844189856992e-02
-9.914721223942547512e-01 -1.297312952320889001e-01 1.236222855109006882e-02
-9.917193168103572987e-01 -1.277962119549773679e-01 1.268574078410765471e-02
-9.919689743815802707e-01 -1.258112193978867255e-01 1.300361810570580152e-02
-9.922206946320976106e-01 -1.237771686370262025e-01 1.331573564071816818e-02
-9.924740746388249768e-01 -1.216949310062005879e-01 1.362197073299451638e-02
-9.927287096931582955e-01 -1.195653978611529861e-01 1.392220300456996872e-02
-9.929841939655119631e-01 -1.173894803299972284e-01 1.421631441499508243e-02
-9.932401211715953249e-01 -1.151681090493331672e-01 1.450418932075094557e-02
-9.934960852393532882e-01 -1.129022338856691815e-01 1.478571453466946510e-02
-9.937516809754858294e-01 -1.105928236418088906e-01 1.506077938527519179e-02
-9.940065047304520451e-01 -1.082408657478941966e-01 1.532927577596146333e-02
-9.942601550608580752e-01 -1.058473659368331099e-01 1.559109824391035834e-02
-9.945122333881220023e-01 -1.034133479038793352e-01 1.584614401866291794e-02
-9.947623446523052859e-01 -1.009398529501701475e-01 1.609431308024340118e-02
-9.950100979600010609e-01 -9.842793961007076375e-02 1.633550821673889972e-02
-9.952551072251679676e-01 -9.587868326221542226e-02 1.656963508123357118e-02
-9.954969918018039543e-01 -9.329317572417943072e-02 1.679660224799499335e-02
-9.957353771073584880e-01 -9.067252483076088110e-02 1.701632126780873097e-02
-9.959698952357908253e-01 -8.801785399589610870e-02 1.722870672235614700e-02
-9.962001855591909871e-01 -8.533030175827907571e-02 1.743367627752980334e-02
-9.964258953168954047e-01 -8.261102131080147459e-02 1.763115073558046281e-02
-9.966466801910416340e-01 -7.986118001397694843e-02 1.782105408598975288e-02
-9.968622048675274128e-01 -7.708195889355995423e-02 1.800331355496294708e-02
-9.970721435813575395e-01 -7.427455212261659112e-02 1.817785965343718044e-02
-9.972761806453869227e-01 -7.144016648835133099e-02 1.834462622350149091e-02
-9.974740109614926853e-01 -6.858002084403974630e-02 1.850355048312670933e-02
-9.976653405132359653e-01 -6.569534554646312696e-02 1.865457306910512161e-02
-9.978498868391069143e-01 -6.278738187928530057e-02 1.879763807810208576e-02
-9.980273794854755964e-01 -5.985738146285622674e-02 1.893269310572448863e-02
-9.981975604384115686e-01 -5.690660565096920809e-02 1.905968928351388716e-02
-9.983601845335678959e-01 -5.393632491514019356e-02 1.917858131377556466e-02
-9.985150198433696556e-01 -5.094781821701740987e-02 1.928932750215842790e-02
-9.986618480407861709e-01 -4.794237236956765125e-02 1.939188978790462245e-02
-9.988004647390116286e-01 -4.492128138772214646e-02 1.948623377169214632e-02
-9.989306798064251369e-01 -4.188584582919909621e-02 1.957232874099828004e-02
-9.990523176562488006e-01 -3.883737212625250346e-02 1.965014769291658150e-02
-9.991652175103720168e-01 -3.577717190912679118e-02 1.971966735436531115e-02
-9.992692336368631523e-01 -3.270656132202447858e-02 1.978086819963056908e-02
-9.993642355607395000e-01 -2.962686033241935385e-02 1.983373446519300087e-02
-9.994501082476240361e-01 -2.653939203457017504e-02 1.987825416179272997e-02
-9.995267522599697863e-01 -2.344548194810986558e-02 1.991441908369318697e-02
-9.995940838855912336e-01 -2.034645731260226534e-02 1.994222481511058812e-02
-9.996520352382970431e-01 -1.724364637897284752e-02 1.996167073378208798e-02
-9.997005543304776642e-01 -1.413837769873120889e-02 1.997276001165200834e-02
-9.997396051175589937e-01 -1.103197941191151783e-02 1.997549961266196356e-02
-9.997691675142913459e-01 -7.925778534662732133e-03 1.996990028763720101e-02
-9.997892373829020407e-01 -4.821100247422752463e-03 1.995597656626799110e-02
-9.997998264931978740e-01 -1.719267184610224260e-03 1.993374674619144762e-02
-9.998009624547624652e-01 1.378401273235786012e-03 1.990323287918562348e-02
-9.997926886214503206e-01 4.470589703944526441e-03 1.986446075449421408e-02
-9.997750639684380713e-01 7.555987343916382472e-03 1.981745987930654332e-02
-9.997481629421479665e-01 1.063328878313775025e-02 1.976226345642383142e-02
-9.997120752834151025e-01 1.370119465412106448e-02 1.969890835914886451e-02
-9.996669058243241590e-01 1.675841231390096109e-02 1.962743510344220482e-02
-9.996127742591934817e-01 1.980365651823808373e-02 1.954788781739394757e-02
-9.995498148902370872e-01 2.283565008720519693e-02 1.946031420806567172e-02
-9.994781763484843484e-01 2.585312456135585579e-02 1.936476552576263735e-02
-9.993980212905843041e-01 2.885482084770378194e-02 1.926129652580157656e-02
-9.993095260721707174e-01 3.183948985477136340e-02 1.914996542784430308e-02
-9.992128803985047547e-01 3.480589311599781993e-02 1.903083387287210146e-02
-9.991082869531568988e-01 3.775280340083192465e-02 1.890396687788027663e-02
-9.989959610055286765e-01 4.067900531287003268e-02 1.876943278837634593e-02
-9.988761299980527530e-01 4.358329587443796060e-02 1.862730322876913341e-02
-9.987490331139444733e-01 4.646448509705419089e-02 1.847765305073957934e-02
-9.986149208264122334e-01 4.932139653725251677e-02 1.832056027968714113e-02
-9.984740544302624921e-01 5.215286783728358133e-02 1.815610605934852781e-02
-9.983267055568644244e-01 5.495775125025750829e-02 1.798437459468798030e-02
-9.981731556734636523e-01 5.773491414933291238e-02 1.780545309316033248e-02
-9.980136955678567956e-01 6.048323952060174341e-02 1.761943170444995460e-02
-9.978486248194585739e-01 6.320162643936354241e-02 1.742640345878997479e-02
-9.976782512578106221e-01 6.588899052952747193e-02 1.722646420396727052e-02
-9.975028904095945004e-01 6.854426440592510661e-02 1.701971254111932924e-02
-9.973228649352241515e-01 7.116639809936149697e-02 1.680624975942946950e-02
-9.971385040561023816e-01 7.375435946427660872e-02 1.658617976982680597e-02
-9.969501429736307152e-01 7.630713456893277458e-02 1.635960903779700923e-02
-9.967581222810686370e-01 7.882372806808743415e-02 1.612664651540916469e-02
-9.965627873693365668e-01 8.130316355815292440e-02 1.588740357266295658e-02
-9.963644878278591355e-01 8.374448391488653609e-02 1.564199392825908058e-02
-9.961635768415392223e-01 8.614675161369506062e-02 1.539053357989403868e-02
-9.959604105849489963e-01 8.850904903267722834e-02 1.513314073417853026e-02
-9.957553476148162108e-01 9.083047873856558985e-02 1.486993573627632542e-02
-9.955487482618731176e-01 9.311016375576620929e-02 1.460104099935798788e-02
-9.953409740231250469e-01 9.534724781872963573e-02 1.432658093396099036e-02
-9.951323869555784851e-01 9.754089560792014724e-02 1.404668187734471087e-02
-9.949233490724564977e-01 9.969029296968194565e-02 1.376147202292550380e-02
-9.947142217429086886e-01 1.017946471203309416e-01 1.347108134987355654e-02
-9.945053650962045744e-01 1.038531868348288451e-01 1.317564155294954735e-02
-9.942971374313789301e-01 1.058651626204221152e-01 1.287528597265523607e-02
-9.940898946332744623e-01 1.078298468756524603e-01 1.257014952576812616e-02
-9.938839895959042936e-01 1.097465340351673480e-01 1.226036863632612439e-02
-9.936797716540313186e-01 1.116145407007786972e-01 1.194608116712388146e-02
-9.934775860238364009e-01 1.134332057592355725e-01 1.162742635177804913e-02
-9.932777732535189585e-01 1.152018904871919130e-01 1.130454472741426741e-02
-9.930806686846478382e-01 1.169199786438636784e-01 1.097757806802409329e-02
-9.928866019250498498e-01 1.185868765518804380e-01 1.064666931853552358e-02
-9.926958963339943542e-01 1.202020131668454367e-01 1.031196252963612406e-02
-9.925088685204037642e-01 1.217648401361244026e-01 9.973602793383117698e-03
-9.923258278547877342e-01 1.232748318473879112e-01 9.631736179630194516e-03
-9.921470759955686169e-01 1.247314854674340945e-01 9.286509673296134207e-03
-9.919729064304346755e-01 1.261343209718186753e-01 8.938071112495804896e-03
-9.918036040333265690e-01 1.274828811658169359e-01 8.586569127549540867e-03
-9.916394446376300964e-01 1.287767316972387166e-01 8.232153080882480267e-03
-9.914806946261165432e-01 1.300154610616106599e-01 7.874973007821048018e-03
-9.913276105381416681e-01 1.311986806002326256e-01 7.515179558289521687e-03
-9.911804386945808343e-01 1.323260244916048545e-01 7.152923939405460806e-03
-9.910394148409473747e-01 1.333971497367109627e-01 6.788357858968734754e-03
-9.909047638091090793e-01 1.344117361386284459e-01 6.421633469835017621e-03
-9.907766991979868321e-01 1.353694862769232732e-01 6.052903315160869727e-03
-9.906554230735882260e-01 1.362701254772686055e-01 5.682320274503941532e-03
-9.905411256886978988e-01 1.371134017767095814e-01 5.310037510758450381e-03
-9.904339852225154672e-01 1.378990858849766798e-01 4.936208417902842628e-03
-9.903341675405031852e-01 1.386269711422293549e-01 4.560986569533529225e-03
-9.902418259746729179e-01 1.392968734735898217e-01 4.184525668155748314e-03
-9.901571011245150489e-01 1.399086313408037796e-01 3.806979495199985884e-03
-9.900801206787408493e-01 1.404621056913407939e-01 3.428501861729964760e-03
-9.900109992579815277e-01 1.409571799052221908e-01 3.049246559806026435e-03
-9.899498382785588690e-01 1.413937597398386148e-01 2.669367314465747893e-03
-9.898967258374138378e-01 1.417717732729928681e-01 2.289017736281899994e-03
-9.898517366182519872e-01 1.420911708443769739e-01 1.908351274456335017e-03
-9.898149318189367607e-01 1.423519249956644028e-01 1.527521170407116369e-03
-9.897863591001345718e-01 1.425540304093711186e-01 1.146680411805153094e-03
-9.897660525551894573e-01 1.426975038466106460e-01 7.659816870158029679e-04
-9.897540327011780104e-01 1.427823840838400860e-01 3.855773399003321216e-04
-9.897503064910692094e-01 1.428087318486658819e-01 5.619324931791490080e-06
-9.897548673468882230e-01 1.427766297547495011e-01 -3.737408374202269221e-04
-9.897676952137576256e-01 1.426861822358253817e-01 -7.523521050813522255e-04
-9.897887566346644794e-01 1.425375154788151300e-01 -1.130063958585740460e-03
-9.898180048457755342e-01 1.423307773559950584e-01 -1.506726445155348029e-03
-9.898553798921000402e-01 1.420661373561460383e-01 -1.882190222688770584e-03
-9.899008087632735764e-01 1.417437865145891318e-01 -2.256306603702195462e-03
-9.899542055492120962e-01 1.413639373419834366e-01 -2.628927599263750688e-03
-9.900154716153628520e-01 1.409268237517382338e-01 -2.999905962961055272e-03
