1.000000000000000000e+00 0.000000000000000000e+00 0.000000000000000000e+00
9.999999986039723732e-01 2.288165179289814742e-05 -4.762889408831992642e-05
9.999999865507183117e-01 8.095921364045353551e-05 -1.426334964761644889e-04
9.999999420851380938e-01 1.864737151111156566e-04 -2.847063727933493802e-04
9.999998261019670265e-01 3.515789536322671887e-04 -4.734863316618450821e-04
9.999995759083255553e-01 5.883276171941363274e-04 -7.085589708496690779e-04
9.999990976592751935e-01 9.086575404322139518e-04 -9.894572749397474113e-04
9.999982575291492815e-01 1.324378098145649997e-03 -1.315662261114525179e-03
9.999968716896540100e-01 1.847156736741173248e-03 -1.686603669400645652e-03
9.999946951735870782e-01 2.488505640207420728e-03 -2.101660693547622531e-03
9.999914097104763977e-01 3.259768523113053870e-03 -2.560162748637373389e-03
9.999866106274807320e-01 4.172107538880337474e-03 -3.061390271543430741e-03
9.999797929155082032e-01 5.236490287316024166e-03 -3.604575550483664348e-03
9.999703365666869903e-01 6.463676901189490884e-03 -4.188903580140690593e-03
9.999574912950632832e-01 7.864207187642786520e-03 -4.813512939160372560e-03
9.999403607577002084e-01 9.448387796508334047e-03 -5.477496687279588376e-03
9.999178863982111087e-01 1.122627938430697386e-02 -6.179903279876629296e-03
9.998888310391793599e-01 1.320768373990947181e-02 -6.919737498376209682e-03
9.998517623538983878e-01 1.540213083567302382e-02 -7.695961395669304039e-03
9.998050363514089378e-01 1.781886576641040359e-02 -8.507495256517259158e-03
9.997467810119056164e-01 2.046683553790688143e-02 -9.353218573789545340e-03
9.996748802122354949e-01 2.335467566695504510e-02 -1.023197104232300043e-02
9.995869580833904866e-01 2.649069655610725854e-02 -1.114255357317387937e-02
9.994803639435939635e-01 2.988286960861664954e-02 -1.208372933204717066e-02
9.993521579517657960e-01 3.353881305240503929e-02 -1.305422480671389329e-02
9.991990976267841607e-01 3.746577744640207375e-02 -1.405273090924847278e-02
9.990176253780045368e-01 4.167063084827097447e-02 -1.507790411991560137e-02
9.988038571918891328e-01 4.615984362938385654e-02 -1.612836768048916264e-02
9.985535726182793725e-01 5.093947293092715434e-02 -1.720271284567371703e-02
9.982622061977410866e-01 5.601514676417974209e-02 -1.829950020210016279e-02
9.979248404684432083e-01 6.139204776826770460e-02 -1.941726106505938659e-02
9.975362006871087983e-01 6.707489664999316537e-02 -2.055449896369886814e-02
9.970906513936120819e-01 7.306793534257081946e-02 -2.170969122581544938e-02
9.965821949426881821e-01 7.937490993317206089e-02 -2.288129067361114460e-02
9.960044721188813233e-01 8.599905342293602539e-02 -2.406772744181779472e-02
9.953507649421844405e-01 9.294306839739803483e-02 -2.526741092942100600e-02
9.946140017617371987e-01 1.002091096999233460e-01 -2.647873189580724276e-02
9.937867647233676882e-01 1.077987672155085175e-01 -2.770006471150468497e-02
9.928612996836269078e-01 1.157130488869917984e-01 -2.892976977277663189e-02
9.918295286282272638e-01 1.239523641000444126e-01 -3.016619608814664205e-02
9.906830646364367388e-01 1.325165075870248232e-01 -3.140768404348249360e-02
9.894132294150045359e-01 1.414046440125804327e-01 -3.265256835054056173e-02
9.880110734056396504e-01 1.506152934154763312e-01 -3.389918118187770779e-02
9.864673984490023306e-01 1.601463176912130970e-01 -3.514585549278412269e-02
9.847727829657175747e-01 1.699949083082571977e-01 -3.639092852839251324e-02
9.829176095912270927e-01 1.801575754568459087e-01 -3.763274551139890456e-02
9.808920951765651708e-01 1.906301388330533531e-01 -3.886966350291471556e-02
9.786863230416167347e-01 2.014077202618429763e-01 -4.010005542589354516e-02
9.762902773413815183e-01 2.124847383609418661e-01 -4.132231423737853931e-02
9.736938793795540947e-01 2.238549054423439877e-01 -4.253485723254394474e-02
9.708870256777129004e-01 2.355112268399193187e-01 -4.373613046020820294e-02
9.678596275829932649e-01 2.474460028398617062e-01 -4.492461322623256259e-02
9.646016521727386328e-01 2.596508333754951048e-01 -4.609882265804816914e-02
9.611031641917342494e-01 2.721166256292915642e-01 -4.725731830053902377e-02
9.573543687367012112e-01 2.848336046629166285e-01 -4.839870671071287017e-02
9.533456543842313557e-01 2.977913271708704235e-01 -4.952164601608106953e-02
9.490676364427379497e-01 3.109786984250727526e-01 -5.062485039950558041e-02
9.445111999967208405e-01 3.243839924468641667e-01 -5.170709447151661947e-02
9.396675424030956902e-01 3.379948754097532038e-01 -5.276721748981348659e-02
9.345282148948725887e-01 3.517984322412985865e-01 -5.380412738488345170e-02
9.290851629473813045e-01 3.657811963562995206e-01 -5.481680455044968953e-02
9.233307650667448296e-01 3.799291824165649811e-01 -5.580430535782162499e-02
9.172578696695443679e-01 3.942279219755718822e-01 -5.676576535418961789e-02
9.108598297366377050e-01 4.086625018299628320e-01 -5.770040210649010626e-02
9.041305349428416793e-01 4.232176048647533495e-01 -5.860751765466280794e-02
8.970644409875169201e-01 4.378775531459938586e-01 -5.948650054091142447e-02
8.896565958787461259e-01 4.526263529841216826e-01 -6.033682738493283820e-02
8.819026629554238550e-01 4.674477416639702954e-01 -6.115806397895388880e-02
8.737989404667297899e-01 4.823252355139487912e-01 -6.194986588075355322e-02
8.653423775666110318e-01 4.972421789677734516e-01 -6.271197848758507110e-02
8.565305866214408814e-01 5.121817942577507887e-01 -6.344423657897056701e-02
8.473618517712877551e-01 5.271272313693081690e-01 -6.414656332163597152e-02
8.378351337285103728e-01 5.420616178824750886e-01 -6.481896873529592595e-02
8.279500708409438525e-01 5.569681083274511391e-01 -6.546154762349347400e-02
8.177069764900175564e-01 5.718299326882625433e-01 -6.607447697915258544e-02
8.071068329360006066e-01 5.866304437006970574e-01 -6.665801287981978906e-02
7.961512817624917249e-01 6.013531626079986481e-01 -6.721248689266363929e-02
7.848426111095904156e-01 6.159818230598684830e-01 -6.773830201408471974e-02
7.731837399192913463e-01 6.305004128667477392e-01 -6.823592817318729908e-02
7.611781994470007140e-01 6.448932133516335208e-01 -6.870589733231163843e-02
7.488301123192313558e-01 6.591448360752414359e-01 -6.914879822126747400e-02
7.361441694391350765e-01 6.732402567465424204e-01 -6.956527074480348127e-02
7.231256050583186878e-01 6.871648461689076059e-01 -6.995600010516353495e-02
7.097801703452129019e-01 7.009043981116092059e-01 -7.032171068330450581e-02
6.961141057870626758e-01 7.144451540365611697e-01 -7.066315972347823882e-02
6.821341127644334756e-01 7.277738246502648556e-01 -7.098113086642324210e-02
6.678473246341165570e-01 7.408776082903142379e-01 -7.127642757639197912e-02
6.532612776486892425e-01 7.537442061938957050e-01 -7.154986650669034609e-02
6.383838820290418381e-01 7.663618347319532953e-01 -7.180227084737005050e-02
6.232233934902794426e-01 7.787192347265761150e-01 -7.203446369724256226e-02
6.077883855019585724e-01 7.908056780002900021e-01 -7.224726150053202567e-02
5.920877225410687839e-01 8.026109713339452112e-01 -7.244146758631536676e-02
5.761305345709982761e-01 8.141254580345138603e-01 -7.261786584647465792e-02
5.599261929524163017e-01 8.253400173351395086e-01 -7.277721458527428022e-02
5.434842879630490398e-01 8.362460618670954915e-01 -7.292024057093852984e-02
5.268146080732087899e-01 8.468355334568363757e-01 -7.304763331680476368e-02
5.099271210931153320e-01 8.571008975110790962e-01 -7.316003961682264467e-02
4.928319572769666035e-01 8.670351362588732957e-01 -7.325805835741452943e-02
4.755393944377780957e-01 8.766317411220270195e-01 -7.334223562505404193e-02
4.580598450965908119e-01 8.858847044841831053e-01 -7.341306012640096135e-02
4.404038456600816165e-01 8.947885111244744394e-01 -7.347095893548578893e-02
4.225820475921905905e-01 9.033381295742224371e-01 -7.351629358029418415e-02
4.046292491429213656e-01 9.115213314686676505e-01 -7.351218753339809620e-02
3.865640405893376319e-01 9.193320994314011507e-01 -7.346252217919137240e-02
3.684043859454492753e-01 9.267658256073160183e-01 -7.337112220854714872e-02
3.501675578722318605e-01 9.338192207135700418e-01 -7.324174421597569318e-02
3.318700813931466098e-01 9.404902199899433102e-01 -7.307806661558381711e-02
3.135276863466941455e-01 9.467778871445172717e-01 -7.288368085422482212e-02
2.951552683956141232e-01 9.526823173111955700e-01 -7.266208388571952781e-02
2.767668583165933671e-01 9.582045399481712300e-01 -7.241667185760980452e-02
2.583755992147469538e-01 9.633464225137458037e-01 -7.215073495157567351e-02
2.399937312432733616e-01 9.681105756604255763e-01 -7.186745331035264417e-02
2.216325833598240258e-01 9.725002605921927445e-01 -7.156989397763292848e-02
2.033025716162698560e-01 9.765192991352229512e-01 -7.126100877289272273e-02
1.850132034565207528e-01 9.801719869807309360e-01 -7.094363302020534334e-02
1.667730874865492596e-01 9.834630104714240373e-01 -7.062048504870580001e-02
1.485899481804179301e-01 9.863973672212746902e-01 -7.029416638228748460e-02
1.304706449945143287e-01 9.889802907827709433e-01 -6.996716253715434819e-02
1.124211953779861439e-01 9.912171795070012781e-01 -6.964184434784150002e-02
9.444680118921583434e-02 9.931135296801905099e-01 -6.932046974508278281e-02
7.655187805483586183e-02 9.946748729657433064e-01 -6.900518591228124721e-02
5.874008723810730803e-02 9.959067181334357866e-01 -6.869803175117943084e-02
4.101436961642323381e-02 9.968144970169442454e-01 -6.840094059149458283e-02
2.337698140232038688e-02 9.974035146071404956e-01 -6.811574308366014074e-02
5.829531277870673295e-03 9.976789031611482672e-01 -6.784417021829397543e-02
-1.162698135202681893e-02 9.976455801856396466e-01 -6.758785642050742226e-02
-2.899212724671844377e-02 9.973082101367928276e-01 -6.734834267160330623e-02
-4.626600758221498244e-02 9.966711696682650778e-01 -6.712707961502545340e-02
-6.344921376098815180e-02 9.957385162519831745e-01 -6.692543060757115414e-02
-8.054278693987740323e-02 9.945139599940410191e-01 -6.674467468082573296e-02
-9.754817740743935983e-02 9.930008384690734990e-01 -6.658600938150217863e-02
-1.144672039147523190e-01 9.912020944007096102e-01 -6.645055346285405617e-02
-1.313020130385773865e-01 9.891202560226960427e-01 -6.633934940257051049e-02
-1.480550386329627377e-01 9.867574199646484967e-01 -6.625336572556084214e-02
-1.647289614049058659e-01 9.841152365177898709e-01 -6.619349911279931442e-02
-1.813266686315865850e-01 9.811948971491643023e-01 -6.616057627994312296e-02
-1.978512140209522929e-01 9.779971241473920385e-01 -6.615535561177394996e-02
-2.143057777040682788e-01 9.745221622987993992e-01 -6.617852854066896828e-02
-2.306936263366241580e-01 9.707697725095049135e-01 -6.623072065930350749e-02
-2.470180732782904232e-01 9.667392273065518182e-01 -6.631249255965242229e-02
-2.632824388122337322e-01 9.624293081692805174e-01 -6.642434039211854435e-02
-2.794900103630077459e-01 9.578383046606538942e-01 -6.656669614030452653e-02
-2.956440026692372380e-01 9.529640153470325670e-01 -6.673992760858998841e-02
-3.117475178680044756e-01 9.478037505137939522e-01 -6.694433812131099504e-02
-3.278035054506452384e-01 9.423543367030522422e-01 -6.718016593399518677e-02
-3.438147220547858041e-01 9.366121231184076912e-01 -6.744758335881587130e-02
-3.597836910649321873e-01 9.305729899599824995e-01 -6.774669560822337011e-02
-3.757126620037978260e-01 9.242323587708068944e-01 -6.807753936262360417e-02
-3.916035697088662282e-01 9.175852048927177762e-01 -6.844008107003150820e-02
-4.074579933034746526e-01 9.106260721461141294e-01 -6.883421498785918802e-02
-4.232771149890153795e-01 9.033490898629390475e-01 -6.925976097943217780e-02
-4.390616787047142977e-01 8.957479924158682216e-01 -6.971646208048504212e-02
-4.548061195341434604e-01 8.878208938940997941e-01 -7.018164075262217638e-02
-4.705048012185756856e-01 8.795642841023201264e-01 -7.065345606139987467e-02
-4.861514559199408558e-01 8.709749104549925347e-01 -7.112999332752269199e-02
-5.017391845185140697e-01 8.620498318854598052e-01 -7.160926439729510540e-02
-5.172604605159695224e-01 8.527864742757115257e-01 -7.208920835210454181e-02
-5.327071378217937969e-01 8.431826871876716423e-01 -7.256769270041510400e-02
-5.480704626941931279e-01 8.332368016345139683e-01 -7.304251509446306467e-02
-5.633410900943228716e-01 8.229476885867154090e-01 -7.351140561186915445e-02
-5.785091046944312865e-01 8.123148178629374661e-01 -7.397202963965374134e-02
-5.935640467559150091e-01 8.013383170111233467e-01 -7.442199139460140001e-02
-6.084949430619875921e-01 7.900190297412484908e-01 -7.485883810952320694e-02
-6.232903430514156184e-01 7.783585734289228952e-01 -7.528006490967512065e-02
-6.379383602544614895e-01 7.663593951695385487e-01 -7.568312039739115427e-02
-6.524267190798122007e-01 7.540248258270142445e-01 -7.606541295588360729e-02
-6.667428069420681114e-01 7.413591314905713103e-01 -7.642431777517347258e-02
-6.808737316537004647e-01 7.283675617285916282e-01 -7.675718459429296814e-02
-6.948063839338484149e-01 7.150563940116624329e-01 -7.706134614432533225e-02
-7.085275048097307016e-01 7.014329736685731564e-01 -7.733412726662149128e-02
-7.220237576058141649e-01 6.875057487403959389e-01 -7.757285466979282895e-02
-7.352818041324703513e-01 6.732842991098332286e-01 -7.777486727799033661e-02
-7.482883846011167961e-01 6.587793593065713882e-01 -7.793752711173387859e-02
-7.610304007084378597e-01 6.440028344250556813e-01 -7.805823063136980988e-02
-7.734950012500281247e-01 6.289678086392607170e-01 -7.813442046235047345e-02
-7.856696695456393265e-01 6.136885458597546306e-01 -7.816359741120025573e-02
-7.975423118861667549e-01 5.981804821513903025e-01 -7.814333267152787088e-02
-8.091013461486266101e-01 5.824602096147246666e-01 -7.807128011103153797e-02
-8.203357896716575448e-01 5.665454515297986271e-01 -7.794518852338794268e-02
-8.312353454424404875e-01 5.504550286658976832e-01 -7.776291372346730291e-02
-8.417904856180856710e-01 5.342088167736737114e-01 -7.752243036070204096e-02
-8.519925313919841647e-01 5.178276953945389893e-01 -7.722184332384963990e-02
-8.618337282195245308e-01 5.013334882442443963e-01 -7.685939861098443904e-02
-8.713073154387491748e-01 4.847488955504917763e-01 -7.643349354143123831e-02
-8.804075893603495739e-01 4.680974188455969687e-01 -7.594268619156326061e-02
-8.891299589578088858e-01 4.514032788318117495e-01 -7.538570394391552743e-02
-8.974709933619489099e-01 4.346913270461285617e-01 -7.476145104883431813e-02
-9.054284604535955960e-01 4.179869521504981367e-01 -7.406901510975325009e-02
-9.130013559520535615e-01 4.013159817598428991e-01 -7.330767241695324010e-02
-9.201899225136420668e-01 3.847045807917626736e-01 -7.247689207006505208e-02
-9.269956584813829892e-01 3.681791473764631228e-01 -7.157633884629654997e-02
-9.334213160614169835e-01 3.517662074016784102e-01 -7.060587478905641645e-02
-9.394708888409891712e-01 3.354923087841585327e-01 -6.956555950991441528e-02
-9.451495887038819932e-01 3.193839165561272453e-01 -6.845564921527894087e-02
-9.504638123389215210e-01 3.034673098319918827e-01 -6.727659448737004222e-02
-9.554210976726403848e-01 2.877684816780509691e-01 -6.602903686661480698e-02
-9.600300706854855148e-01 2.723130428470594278e-01 -6.471380429910192356e-02
-9.643003831894986222e-01 2.571261302618144118e-01 -6.333190552784830063e-02
-9.682426422518751741e-01 2.422323210393779180e-01 -6.188452352003693396e-02
-9.718683320413126214e-01 2.276555527424679592e-01 -6.037300803381948078e-02
-9.751897289511206601e-01 2.134190504295053747e-01 -5.879886743753283407e-02
-9.782198109136829300e-01 1.995452609525638910e-01 -5.716375990111347005e-02
-9.809736921003605614e-01 1.860337557137002606e-01 -5.551632152012053734e-02
-9.834669504501384329e-01 1.728931171669688682e-01 -5.385844374303666582e-02
-9.857150059618547955e-01 1.601309500274655795e-01 -5.219205079701338956e-02
-9.877330674287118084e-01 1.477538927446233052e-01 -5.051909285836957836e-02
-9.895360821435194021e-01 1.357676322828462179e-01 -4.884153949148205276e-02
-9.911386888448845411e-01 1.241769218733507624e-01 -4.716137338683280139e-02
-9.925551741287385044e-01 1.129856013907905021e-01 -4.548058442267075702e-02
-9.937994325042287524e-01 1.021966200040074213e-01 -4.380116406859666661e-02
-9.948849302287782193e-01 9.181206075165712632e-02 -4.212510014347881776e-02
-9.958246730146147474e-01 8.183316670000684301e-02 -4.045437193453403635e-02
-9.966311776587905014e-01 7.226036835135386804e-02 -3.879094567922861114e-02
-9.973164476110326637e-01 6.309331198667343654e-02 -3.713677040691957393e-02
-9.978919524589799916e-01 5.433088864466969342e-02 -3.549377413290755179e-02
-9.983686112786674949e-01 4.597126346076130243e-02 -3.386386039383455782e-02
-9.987567797696309535e-01 3.801190511307841330e-02 -3.224890511014833622e-02
-9.990662410687509709e-01 3.044961514769773878e-02 -3.065075375867338733e-02
-9.993062001149083384e-01 2.328055698154209846e-02 -2.907121883617121150e-02
-9.994852814175871902e-01 1.650028440810353408e-02 -2.751207759312496864e-02
-9.996115300666004178e-01 1.010376945794089210e-02 -2.597507001582449390e-02
-9.996924158069476762e-01 4.085429492326686160e-03 -2.446189703412931724e-02
-9.997348399922461049e-01 -1.560846565903720867e-03 -2.297421893201741228e-02
-9.997451452219732193e-01 -6.841672935642613765e-03 -2.151365393814991256e-02
-9.997291274617046142e-01 -1.176414266302814454e-02 -2.008177697415824275e-02
-9.996920504413762121e-01 -1.633580431560439916e-02 -1.868011853914978634e-02
-9.996386621241249992e-01 -2.056463969162633521e-02 -1.731016370999010137e-02
-9.995732130372448898e-01 -2.445904253300253822e-02 -1.597335123821240488e-02
-9.994994762570291735e-01 -2.802779821435755561e-02 -1.467107272588806521e-02
-9.994207688405677414e-01 -3.128006436674254237e-02 -1.340467186442496211e-02
-9.993399744997645273e-01 -3.422535238265379809e-02 -1.217544372200594568e-02
-9.992595673157832481e-01 -3.687350973922694231e-02 -1.098463406720023849e-02
-9.991816362957028907e-01 -3.923470306872662433e-02 -9.833438718142401350e-03
-9.991079105772585622e-01 -4.131940189968869026e-02 -8.723002908543865674e-03
-9.990397850920836875e-01 -4.313836298821348975e-02 -7.654420663651515140e-03
-9.989783465027931575e-01 -4.470261515685565457e-02 -6.628734181068870676e-03
-9.989243992345103740e-01 -4.602344455819159380e-02 -5.646933213083588782e-03
-9.988784914270250059e-01 -4.711238028134093897e-02 -4.709954448778233028e-03
-9.988409406396517864e-01 -4.798118022233054808e-02 -3.818680895720301827e-03
-9.988118591470530605e-01 -4.864181714306842902e-02 -2.973941262415774351e-03
-9.987911786707914796e-01 -4.910646484868086414e-02 -2.176509343954204610e-03
-9.987786743982107751e-01 -4.938748441889515006e-02 -1.427103414361509393e-03
-9.987739881474230197e-01 -4.949741043585413613e-02 -7.263856301007719793e-04
-9.987766505447259746e-01 -4.944893715805773193e-02 -7.496144991594034905e-05
-9.987861020887044416e-01 -4.925490459787059544e-02 5.266209232047589471e-04
-9.988017129836014307e-01 -4.892828446804625003e-02 1.077871071759885354e-03
-9.988228016332852954e-01 -4.848216597083207513e-02 1.578356858736352369e-03
-9.988486516962977735e-01 -4.792974141127739202e-02 2.027704881385522691e-03
-9.988785276120316636e-01 -4.728429162421770443e-02 2.425600877365019156e-03
-9.989116885180566729e-01 -4.655917121190850105e-02 2.771790077074573391e-03
-9.989474004889530301e-01 -4.576779359630127331e-02 3.066077496390019318e-03
-9.989849470377063501e-01 -4.492361589637212244e-02 3.308328164500787694e-03
-9.990236378317193244e-01 -4.404012364662444196e-02 3.498467282168099979e-03
-9.990628155867599114e-01 -4.313081537780106417e-02 3.636480306427098200e-03
-9.991018611136412986e-01 -4.220918708488315824e-02 3.722412958538827334e-03
-9.991401965040522803e-01 -4.128871661056664893e-02 3.756371152838756076e-03
-9.991772864536638821e-01 -4.038284797455186925e-02 3.738520845008149775e-03
-9.992126377323632402e-01 -3.950497568013829064e-02 3.669087799193491463e-03
-9.992457968231330812e-01 -3.866842902978070290e-02 3.548357274297607444e-03
-9.992763457626407941e-01 -3.788645648045226022e-02 3.376673630644678580e-03
-9.993038962279474635e-01 -3.717221006790762811e-02 3.154439859060970130e-03
-9.993280819248372415e-01 -3.653872992629757926e-02 2.882117035195706171e-03
-9.993485493440278367e-01 -3.599892892612321232e-02 2.560223702614970471e-03
-9.993649469619050318e-01 -3.556557744931732046e-02 2.189335188820060868e-03
-9.993769129723734101e-01 -3.525128831540033647e-02 1.770082858856203249e-03
-9.993840616458861126e-01 -3.506850186728957541e-02 1.303153311575513257e-03
-9.993859684206775063e-01 -3.502947121956491439e-02 7.892875238891823141e-04
-9.993821538396410187e-01 -3.514624766594280636e-02 2.292799484797264928e-04
-9.993720664541526633e-01 -3.543066623652186414e-02 -3.760224295612623734e-04
-9.993550648234230671e-01 -3.589433138918125127e-02 -1.025721071854793220e-03
-9.993303987446651160e-01 -3.654860281348473738e-02 -1.718866896597152742e-03
-9.992971898554841026e-01 -3.740458131971758499e-02 -2.454461314586895392e-03
-9.992544117554413852e-01 -3.847309478040823044e-02 -3.231457287422692063e-03
-9.992008697987150301e-01 -3.976468408700749302e-02 -4.048760404597230057e-03
-9.991351807141910513e-01 -4.128958908045642778e-02 -4.905229977057924684e-03
-9.990557522131726653e-01 -4.305773441130372747e-02 -5.799680145766870562e-03
-9.989607627482023355e-01 -4.507871528296226310e-02 -6.730881004857074135e-03
-9.988481415892468407e-01 -4.736178303073766693e-02 -7.697559740134280772e-03
-9.987155493857021726e-01 -4.991583048952490803e-02 -8.698401784896199820e-03
-9.985603593843156434e-01 -5.274937710464278062e-02 -9.732051996314314279e-03
-9.983796394741754066e-01 -5.587055374323689899e-02 -1.079711585692651882e-02
-9.981701352303546937e-01 -5.928708716808846896e-02 -1.189216070709875513e-02
-9.979282541275720231e-01 -6.300628414155899637e-02 -1.301571701560620686e-02
-9.976500510942826194e-01 -6.703501513480025764e-02 -1.416627969673391919e-02
-9.973312155758872199e-01 -7.137969762626265868e-02 -1.534230948347622102e-02
-9.969670602731413034e-01 -7.604627898391720653e-02 -1.654223436749654302e-02
-9.965525117182908454e-01 -8.104021893741683580e-02 -1.776445111746618663e-02
-9.960821028468318517e-01 -8.636647165958316608e-02 -1.900732688820407773e-02
-9.955499677169932227e-01 -9.202946749100961166e-02 -2.026920093366173931e-02
-9.949498385219468499e-01 -9.803309435708619513e-02 -2.154838643721095764e-02
-9.942750450312441979e-01 -1.043806789432097093e-01 -2.284317247287005054e-02
-9.935185165879372171e-01 -1.110749677111496220e-01 -2.415182611102333066e-02
-9.926727867761613311e-01 -1.181181078572683119e-01 -2.547259468182491715e-02
-9.917300008605237638e-01 -1.255116283312876224e-01 -2.680370820881297286e-02
-9.906819260833752416e-01 -1.332564210522656223e-01 -2.814338202427719288e-02
-9.895199648888752808e-01 -1.413527224760860457e-01 -2.948981957660928160e-02
-9.882351711236533331e-01 -1.498000956857300225e-01 -3.084121543821538927e-02
-9.868182692428175695e-01 -1.585974131915390273e-01 -3.219575852057975085e-02
-9.852596765270993373e-01 -1.677428406432150965e-01 -3.355163550074394957e-02
-9.835495282921264959e-01 -1.772338216680575118e-01 -3.490703446081742933e-02
-9.816777060443157010e-01 -1.870670640605181789e-01 -3.626014873918054215e-02
-9.796338685098463506e-01 -1.972385275561902851e-01 -3.760918098880705607e-02
-9.774204873251647330e-01 -2.076996421864782671e-01 -3.885940494166861131e-02
-9.750338633030669611e-01 -2.184219868068721093e-01 -4.001006149350759544e-02
-9.724712023670899486e-01 -2.293769689365247888e-01 -4.106057444543316504e-02
-9.697306815146979897e-01 -2.405359079499772290e-01 -4.201055277089742190e-02
-9.668115042882432508e-01 -2.518701208443896444e-01 -4.285979186256130835e-02
-9.637139454214278533e-01 -2.633510097485990964e-01 -4.360827369660615072e-02
-9.604393844549292680e-01 -2.749501502792577878e-01 -4.425616586867738705e-02
-9.569903282453293691e-01 -2.866393798069236110e-01 -4.480381947323278102e-02
-9.533704224238390701e-01 -2.983908846720479957e-01 -4.525176581620401345e-02
-9.495844519927678640e-01 -3.101772853875933711e-01 -4.560071196915255198e-02
-9.456383313754507247e-01 -3.219717188812553643e-01 -4.585153519109492343e-02
-9.415390843567112977e-01 -3.337479168651916739e-01 -4.600527626149088917e-02
-9.372948144633632683e-01 -3.454802794735264415e-01 -4.606313178415803039e-02
-9.329146664354471818e-01 -3.571439433760344451e-01 -4.602644553676449313e-02
-9.284087795269018173e-01 -3.687148436582708411e-01 -4.589669895377002096e-02
-9.237882334475985280e-01 -3.801697688516750828e-01 -4.567550084200158733e-02
-9.190649878159600217e-01 -3.914864085993013387e-01 -4.536457643729026323e-02
-9.142518160320288745e-01 -4.026433935511609663e-01 -4.496575591764917501e-02
-9.093622345045766497e-01 -4.136203271950131821e-01 -4.448096249329088619e-02
-9.044104281728246875e-01 -4.243978094411770541e-01 -4.391220019637859934e-02
-8.994111732541628657e-01 -4.349574518910580556e-01 -4.326154149384970476e-02
-8.943797581248561501e-01 -4.452818848262815044e-01 -4.253111484506383322e-02
-8.893319032023841997e-01 -4.553547560565623931e-01 -4.172309232257690598e-02
-8.842836806473054478e-01 -4.651607218579693614e-01 -4.083967740922977291e-02
-8.792514346410837955e-01 -4.746854303176539780e-01 -3.988309307819509764e-02
-8.742517029260327144e-01 -4.839154974753496763e-01 -3.885557025489745631e-02
-8.693011402163198786e-01 -4.928384767152896861e-01 -3.775933675106688675e-02
-8.644164440067764188e-01 -5.014428219142812448e-01 -3.659660675186528905e-02
-8.596142832209319184e-01 -5.097178448924604144e-01 -3.536957092729062918e-02
-8.549112300530290476e-01 -5.176536677429908195e-01 -3.408038722915613522e-02
-8.503236952724074760e-01 -5.252411706361681532e-01 -3.273117242508204877e-02
-8.458678671740548216e-01 -5.324719357027852817e-01 -3.132399441132473900e-02
-8.415596542775944933e-01 -5.393381876021134946e-01 -2.986086533707446589e-02
-8.374146317996101763e-01 -5.458327313725083174e-01 -2.834373556422344065e-02
-8.334479918518751251e-01 -5.519488881486031007e-01 -2.677448847865557258e-02
-8.296744972514628058e-01 -5.576804293095088960e-01 -2.515493616192466392e-02
-8.261084387683518271e-01 -5.630215095986175200e-01 -2.348681592582707242e-02
-8.227635955823409120e-01 -5.679665997287185464e-01 -2.177178770686960183e-02
-8.196531986740277498e-01 -5.725104189573673175e-01 -2.001143231298978600e-02
-8.167898968343201282e-01 -5.766478680878882601e-01 -1.820725051108834647e-02
-8.141857249433726018e-01 -5.803739633221097760e-01 -1.636066294094598583e-02
-8.118520741428293386e-01 -5.836837713628443280e-01 -1.447301083886553576e-02
-8.097996635045880964e-01 -5.865723461380992765e-01 -1.254555755283724879e-02
-8.080385127847418136e-01 -5.890346674957679385e-01 -1.057949083008838040e-02
-8.065779158426459317e-01 -5.910655821977348623e-01 -8.575925857456716608e-03
-8.054264143019463917e-01 -5.926597475264538950e-01 -6.535909035020975172e-03
-8.045917710326724315e-01 -5.938115778055299554e-01 -4.460422463722175587e-03
-8.040809430409627812e-01 -5.945151941289474884e-01 -2.350389128206520524e-03
-8.039000533655348280e-01 -5.947643775915335551e-01 -2.066787566953496788e-04
-8.040543615975723757e-01 -5.945525263160947871e-01 1.969885659778817296e-03
-8.045267623675773638e-01 -5.939022372113630377e-01 4.101793348572834938e-03
-8.053096216673749641e-01 -5.928221665362017889e-01 6.188343228800362132e-03
-8.063945432268819768e-01 -5.913206668964980928e-01 8.228795558051556908e-03
-8.077724102259921102e-01 -5.894058364523722116e-01 1.022236766278445882e-02
-8.094334258444300101e-01 -5.870855703472934728e-01 1.216823041763219308e-02
-8.113671529998485177e-01 -5.843676139692188798e-01 1.406550547354123645e-02
-8.135625536198246577e-01 -5.812596176604305498e-01 1.591326323368539436e-02
-8.160080277835911611e-01 -5.777691924960409731e-01 1.771052157504006408e-02
-8.186914530545076341e-01 -5.739039667515765109e-01 1.945624531226711890e-02
-8.216002243046095499e-01 -5.696716426781159859e-01 2.114934639907920660e-02
-8.247212943082314895e-01 -5.650800531997106635e-01 2.278868486046173661e-02
-8.280412153528506902e-01 -5.601372181428498909e-01 2.437307044698291264e-02
-8.315461820821348216e-01 -5.548513996022185202e-01 2.590126499988133768e-02
-8.352220757489110525e-01 -5.492311560416095473e-01 2.737198551266585567e-02
-8.390545100146877822e-01 -5.432853947243224679e-01 2.878390787158705000e-02
-8.430288783877660785e-01 -5.370234220644209966e-01 3.013567125355301121e-02
-8.471304033442847992e-01 -5.304549914895601015e-01 3.142588315588844966e-02
-8.513441871262155125e-01 -5.235903484084210024e-01 3.265312502781642090e-02
-8.556552641579195928e-01 -5.164402718817718840e-01 3.381595846873215044e-02
-8.600486549690445903e-01 -5.090161126064036701e-01 3.491293195331063998e-02
-8.645094214569867264e-01 -5.013298268361929821e-01 3.594258803832967031e-02
-8.690227232676924762e-01 -4.933940058847527954e-01 3.690347100089726162e-02
-8.735738750200835456e-01 -4.852219008798519528e-01 3.779413485265811085e-02
-8.781484040478003683e-01 -4.768274424711989590e-01 3.861315166963734391e-02
-8.827321082832382260e-01 -4.682252552303310944e-01 3.935912017278846153e-02
-8.873111138639927509e-01 -4.594306665240970311e-01 4.003067449017586044e-02
-8.918719320018235752e-01 -4.504597096912793530e-01 4.062649302817062519e-02
-8.964015146200497997e-01 -4.413291214048092326e-01 4.114530737619750272e-02
-9.008873082378039410e-01 -4.320563331591431022e-01 4.158591116755940009e-02
-9.053173055596198671e-01 -4.226594568829041831e-01 4.194716881778945416e-02
-9.096800942171039406e-01 -4.131572647398895626e-01 4.222802406193027630e-02
-9.139649021065109347e-01 -4.035691632459240674e-01 4.242750821318583276e-02
-9.181616387723053885e-01 -3.939151618936134192e-01 4.254474806758128808e-02
-9.222609323024523187e-01 -3.842158365405368703e-01 4.257897338262175979e-02
-9.262541612262564783e-01 -3.744922878775049924e-01 4.252952386245590494e-02
-9.301334809398617010e-01 -3.647660953508585768e-01 4.239585558768908802e-02
-9.338918442276199494e-01 -3.550592669650973754e-01 4.217754683468802335e-02
-9.375230154988282161e-01 -3.453941854381650245e-01 4.187430323687982292e-02
-9.410215784179956078e-01 -3.357935512203509831e-01 4.148596224905104490e-02
-9.443829366718579088e-01 -3.262803229180138431e-01 4.101249688484896044e-02
-9.476033076866579030e-01 -3.168776556843708181e-01 4.045401870740925748e-02
-9.506797091834999769e-01 -3.076088381508316205e-01 3.981078006309456824e-02
-9.536099385365250924e-01 -2.984972284733967696e-01 3.908317555852752062e-02
-9.563925449768418963e-01 -2.895661900593533011e-01 3.827174279123390921e-02
-9.590267947632070689e-01 -2.808390275199884600e-01 3.737716235406723236e-02
-9.615126295170135506e-01 -2.723389233656618447e-01 3.640025714296133558e-02
-9.638506179929411388e-01 -2.640888759209177317e-01 3.534199100625771278e-02
-9.660419016264827352e-01 -2.561116388901982788e-01 3.420346678169797205e-02
-9.680881342644651610e-01 -2.484296629501499265e-01 3.298592377399887227e-02
-9.699914165437782954e-01 -2.410650396836847564e-01 3.169073473159896709e-02
-9.717617356055995304e-01 -2.339962305669427978e-01 3.041212559508934751e-02
-9.734068548895923323e-01 -2.272207924132762236e-01 2.915150666528674300e-02
-9.749342298328130818e-01 -2.207357434364216608e-01 2.791026638195032161e-02
-9.763510056814236338e-01 -2.145375812216265554e-01 2.668976885920823147e-02
-9.776640170750764414e-01 -2.086223009282947849e-01 2.549135156698055169e-02
-9.788797893163614372e-01 -2.029854136480931937e-01 2.431632315414630416e-02
-9.800045412285186552e-01 -1.976219648509138782e-01 2.316596140868045633e-02
-9.810441894966547283e-01 -1.925265528593997910e-01 2.204151134962087366e-02
-9.820043543809326980e-01 -1.876933473007823816e-01 2.094418344550249417e-02
-9.828903666845948406e-01 -1.831161074924376186e-01 1.987515195380257227e-02
-9.837072758551940188e-01 -1.787882007247457716e-01 1.883555337596193313e-02
-9.844598590939990235e-01 -1.747026204114646986e-01 1.782648502266712121e-02
-9.851526313461589357e-01 -1.708520040838385490e-01 1.684900368428108100e-02
-9.857898560428050017e-01 -1.672286512100222278e-01 1.590412440157972646e-02
-9.863755564657850083e-01 -1.638245408260844416e-01 1.499281933227262532e-02
-9.869135276061127282e-01 -1.606313489688493690e-01 1.411601670914276567e-02
-9.874073483884152624e-01 -1.576404659041571177e-01 1.327459988601862977e-02
-9.878603941356283169e-01 -1.548430131467848081e-01 1.246940646817782175e-02
-9.882758491508676357e-01 -1.522298602703070491e-01 1.170122752416294376e-02
-9.886567192967457007e-01 -1.497916415066278539e-01 1.097080687635602729e-02
-9.890058444563588624e-01 -1.475187721358379167e-01 1.027884046799771439e-02
-9.893259107646903416e-01 -1.454014646675002576e-01 9.625975804643097100e-03
-9.896194625042196158e-01 -1.434297448145079312e-01 9.012811468310755539e-03
-9.898889135640414061e-01 -1.415934672603585409e-01 8.439896702799621134e-03
-9.901365583677478321e-01 -1.398823312201231683e-01 7.907731068815961051e-03
-9.903645821816575712e-01 -1.382858957946248302e-01 7.416764167667636021e-03
-9.905750707216486317e-01 -1.367935951164554187e-01 6.967395432343908429e-03
-9.907700189838251070e-01 -1.353947532855220015e-01 6.559973984807043398e-03
-9.909513392314698299e-01 -1.340785990908901493e-01 6.194798558278500310e-03
-9.911208680781723457e-01 -1.328342805148494676e-01 5.872117483210878043e-03
-9.912803726146227623e-01 -1.316508790144209351e-01 5.592128735501095821e-03
-9.914315555342854136e-01 -1.305174235750131417e-01 5.354980045325907594e-03
-9.915760592209760249e-01 -1.294229045306593828e-01 5.160769064773883252e-03
-9.917154687692087967e-01 -1.283562871452691989e-01 5.009543592215362669e-03
-9.918513139160255454e-01 -1.273065249496376228e-01 4.901301851101153365e-03
-9.919850698708229109e-01 -1.262625728295964089e-01 4.835992820619854950e-03
-9.921181570374203451e-01 -1.252133998616765109e-01 4.813516615380972197e-03
-9.922519396302249550e-01 -1.241480018939872532e-01 4.833724911034890069e-03
-9.923877231938197374e-01 -1.230554138717011581e-01 4.896421412499784957e-03
-9.925267510425972439e-01 -1.219247219085523859e-01 5.001362361248018126e-03
-9.926701996441567033e-01 -1.207450751080917928e-01 5.148257077918542111e-03
-9.928191729770581286e-01 -1.195056971410647095e-01 5.336768536375087121e-03
-9.929746959001614082e-01 -1.181958975881531732e-01 5.566513965229526878e-03
-9.931377065771597179e-01 -1.168050830604106249e-01 5.837065472802399450e-03
-9.933090480060335903e-01 -1.153227681129647825e-01 6.147950691503942765e-03
-9.934894587089970752e-01 -1.137385859709198060e-01 6.498653437694173508e-03
-9.936795626440816376e-01 -1.120422990897921023e-01 6.888614383223629414e-03
-9.938798584048019746e-01 -1.102238095762018560e-01 7.317231735070578620e-03
-9.940907077793800228e-01 -1.082731694978470577e-01 7.783861919777917450e-03
-9.943123237457704988e-01 -1.061805911149391879e-01 8.287820269754723329e-03
-9.945408631080274731e-01 -1.039817219552301858e-01 8.733622827026684896e-03
-9.947741652717331240e-01 -1.016915499665836525e-01 9.120956370915814931e-03
-9.950101624882654594e-01 -9.932514879651326012e-02 9.449573723543691281e-03
-9.952468948067344501e-01 -9.689766139046358806e-02 9.719294469891523111e-03
-9.954825226293568807e-01 -9.442428302992111888e-02 9.930005580528764378e-03
-9.957153368121988146e-01 -9.192024386192433616e-02 1.008166192729660626e-02
-9.959437662677134151e-01 -8.940079097974563960e-02 1.017428668370962304e-02
-9.961663830405407261e-01 -8.688117012112278603e-02 1.020797160342738069e-02
-9.963819048434993109e-01 -8.437660705534467953e-02 1.018287717181743691e-02
-9.965891950564657042e-01 -8.190228873369162499e-02 1.009923262735050453e-02
-9.967872602067699983e-01 -7.947334427917135402e-02 9.957335851305438787e-03
-9.969752449656973381e-01 -7.710482589118547447e-02 9.757553125983966721e-03
-9.971524247115365336e-01 -7.481168973874416372e-02 9.500318763310847472e-03
-9.973181957252212904e-01 -7.260877691218529939e-02 9.186134607293512666e-03
-9.974720630998376025e-01 -7.051079449814416644e-02 8.815569415306680201e-03
-9.976136264599987369e-01 -6.853229683588198118e-02 8.389258124524337154e-03
-9.977425636012084986e-01 -6.668766700516376433e-02 7.907901011018498780e-03
-9.978586121727466285e-01 -6.499109858684803953e-02 7.372262750058762582e-03
-9.979615495402380798e-01 -6.345657772740122271e-02 6.783171386959313716e-03
-9.980511709758449479e-01 -6.209786552788610497e-02 6.141517228414626606e-03
-9.981272663349017860e-01 -6.092848076681501440e-02 5.448251664629031807e-03
-9.981895953877706340e-01 -5.996168295483558786e-02 4.704385932669905013e-03
-9.982378619847108725e-01 -5.921045570776665296e-02 3.910989831354498396e-03
-9.982716872396439900e-01 -5.868749041326460497e-02 3.069190397615541906e-03
-9.982905819258585112e-01 -5.840517015561690756e-02 2.180170553683578524e-03
-9.982939182829791980e-01 -5.837555385306655853e-02 1.245167733581550905e-03
-9.982809014399475211e-01 -5.861036055290012176e-02 2.654724963600707706e-04
-9.982505406633724876e-01 -5.912095382150426431e-02 -7.575728677755237239e-04
-9.982016206444571660e-01 -5.991832615992122996e-02 -1.822575733764883812e-03
-9.981326730408245362e-01 -6.101308337030738466e-02 -2.928094537378444703e-03
-9.980419484919964557e-01 -6.241542879529928672e-02 -4.072640169036016722e-03
-9.979273893290506736e-01 -6.413514735077717466e-02 -5.254677366411618193e-03
-9.977866032001021512e-01 -6.618158927302421335e-02 -6.472626108473929912e-03
-9.976168378337352260e-01 -6.856365350392459868e-02 -7.724863015664357180e-03
-9.974149571623260879e-01 -7.128977064271346809e-02 -9.009722762989065548e-03
-9.971774190263068549e-01 -7.436788539994634850e-02 -1.032549951486072710e-02
-9.969002546787690822e-01 -7.780543849882676222e-02 -1.167044839253148988e-02
-9.965790503073030937e-01 -8.160934798081574681e-02 -1.304278698687094326e-02
-9.962089307865131804e-01 -8.578598988651124635e-02 -1.444069693102045110e-02
-9.957845458701021224e-01 -9.034117829905624619e-02 -1.586232554905656414e-02
-9.953000590256392277e-01 -9.528014475570202590e-02 -1.730578759817917589e-02
-9.947491391079366085e-01 -1.006075170534655172e-01 -1.876916712306296239e-02
-9.941249550581781058e-01 -1.063272974968839102e-01 -2.025051944183258595e-02
-9.934201738053849429e-01 -1.124428406594474433e-01 -2.174787328360350963e-02
-9.926269615342560027e-01 -1.189568307550997739e-01 -2.325923309763397798e-02
-9.917369884687059489e-01 -1.258712587419049955e-01 -2.478258155382561528e-02
-9.907414373033508470e-01 -1.331873993062174522e-01 -2.631588225355961652e-02
-9.896310153955993894e-01 -1.409057879020350346e-01 -2.785708266863769558e-02
-9.883959708087686202e-01 -1.490261980462090075e-01 -2.940411732439212819e-02
-9.870261122716533775e-01 -1.575476190953229438e-01 -3.095491124082515658e-02
-9.855214344114554548e-01 -1.664237517263656430e-01 -3.241361562783598438e-02
-9.838768284458172531e-01 -1.756285009029855126e-01 -3.377901115870311777e-02
-9.820877665299646564e-01 -1.851354083058679434e-01 -3.505003663438440581e-02
-9.801503872186740907e-01 -1.949177163660358314e-01 -3.622579308165239931e-02
-9.780615730244098804e-01 -2.049484361294653945e-01 -3.730554719449578199e-02
-9.758190195005237433e-01 -2.152004184801112052e-01 -3.828873403072415027e-02
-9.734212953635179577e-01 -2.256464281565344621e-01 -3.917495888560620226e-02
-9.708678932624504876e-01 -2.362592199168744855e-01 -3.996399827593812015e-02
-9.681592709051090040e-01 -2.470116161396187504e-01 -4.065579998092679753e-02
-9.652968823578258473e-01 -2.578765850949159000e-01 -4.125048210039378854e-02
-9.622831994467367922e-01 -2.688273190840861915e-01 -4.174833110574611289e-02
-9.591217233007353071e-01 -2.798373116241639202e-01 -4.214979887458588509e-02
-9.558169861880786433e-01 -2.908804328499958181e-01 -4.245549871540048315e-02
-9.523745439072823782e-01 -3.019310023184322844e-01 -4.266620040414820236e-02
-9.488009590963752959e-01 -3.129638584268935597e-01 -4.278282426940150512e-02
-9.451037759206859512e-01 -3.239544237010911765e-01 -4.280643437672289331e-02
-9.412914866862037711e-01 -3.348787652626030731e-01 -4.273823087584784075e-02
-9.373734910015590893e-01 -3.457136498547132009e-01 -4.257954158579368292e-02
-9.333600481754594780e-01 -3.564365928825573571e-01 -4.233181290300374461e-02
-9.292622235870028335e-01 -3.670259010091178609e-01 -4.199660012592135172e-02
-9.250918298030087472e-01 -3.774607079398220599e-01 -4.157555729586730892e-02
-9.208613632390824089e-01 -3.877210031232287135e-01 -4.107042665871674103e-02
-9.165839371696214988e-01 -3.977876531913629998e-01 -4.048302785463565173e-02
-9.122732118867971085e-01 -4.076424160586136214e-01 -3.981524694409064452e-02
-9.079433227903999093e-01 -4.172679476908093266e-01 -3.906902537757542954e-02
-9.036088071603212146e-01 -4.266478016444200105e-01 -3.824634901413126453e-02
-8.992845303225407427e-01 -4.357664215582885414e-01 -3.734923728993217590e-02
-8.949856118691953411e-01 -4.446091268556624510e-01 -3.637973263314138450e-02
-8.907273525351062649e-01 -4.531620919816112814e-01 -3.533989021512054518e-02
-8.865251622686199928e-01 -4.614123195595166704e-01 -3.423176812109685052e-02
-8.823944899653638485e-01 -4.693476078998237710e-01 -3.305741801577578159e-02
-8.783507552611057312e-01 -4.769565133345258778e-01 -3.181887637133749142e-02
-8.744092827058517203e-01 -4.842283078820484032e-01 -3.051815631697145370e-02
-8.705852385670336258e-01 -4.911529327696544378e-01 -2.915724016077297226e-02
-8.668935704364291173e-01 -4.977209483547587188e-01 -2.773807262661400277e-02
-8.633489497444822858e-01 -5.039234809933070824e-01 -2.626255484065711729e-02
-8.599657172179556719e-01 -5.097521674034899419e-01 -2.473253909462995448e-02
-8.567578312532048157e-01 -5.151990970674241721e-01 -2.314982440591890553e-02
-8.537388191185120156e-01 -5.202567532030422104e-01 -2.151615288805180590e-02
-8.509217308454036788e-01 -5.249179528242754467e-01 -1.983320693927232564e-02
-8.483190956211017486e-01 -5.291757863907200488e-01 -1.810260725169277399e-02
-8.459428804525209733e-01 -5.330235575293109651e-01 -1.632591163895451974e-02
-8.438044508366810970e-01 -5.364547232910485963e-01 -1.450461467641270437e-02
-8.419145331431571178e-01 -5.394628353863921699e-01 -1.264014814456296612e-02
-8.402831783912443342e-01 -5.420414828243581562e-01 -1.073388226369378223e-02
-8.389197270878420154e-01 -5.441842363633536683e-01 -8.787127705516116494e-03
-8.378327747815913495e-01 -5.458845951669401009e-01 -6.801138365716387704e-03
-8.370301379844613532e-01 -5.471359360455713139e-01 -4.777114879913267088e-03
-8.365188201136820600e-01 -5.479314656562818131e-01 -2.716208864277860555e-03
-8.363049771146272571e-01 -5.482641760265904995e-01 -6.195278609980462217e-04
-8.363730413074937919e-01 -5.481588182830926526e-01 1.432137145455664000e-03
-8.367167170079874428e-01 -5.476251651558140532e-01 3.437921536195118286e-03
-8.373289400245719216e-01 -5.466727765153476248e-01 5.396942471898173374e-03
-8.382019243861625890e-01 -5.453110380266683599e-01 7.308294992622304566e-03
-8.393272081026567077e-01 -5.435492020602692431e-01 9.171048806829366559e-03
-8.406956981926622108e-01 -5.413964304374351277e-01 1.098424577039376279e-02
-8.422977152116156718e-01 -5.388618385957948398e-01 1.274689805399817702e-02
-8.441230375070547520e-01 -5.359545407688687257e-01 1.445798699499332637e-02
-8.461609454164426003e-01 -5.326836957794237604e-01 1.611646262744402536e-02
-8.484002656069251636e-01 -5.290585530513937096e-01 1.772124388164628486e-02
-8.508294157360450916e-01 -5.250884984493079388e-01 1.927121944183347174e-02
-8.534364495880535362e-01 -5.207830995580359223e-01 2.076524924805889932e-02
-8.562091028123844927e-01 -5.161521500196682988e-01 2.220216662532532859e-02
-8.591348393594543387e-01 -5.112057125490087062e-01 2.358078101991815598e-02
-8.622008986746121373e-01 -5.059541602549512129e-01 2.489988131959092188e-02
-8.653943436742367323e-01 -5.004082159024528798e-01 2.615823973076374098e-02
-8.687021094891357320e-01 -4.945789887593677880e-01 2.735461618225458816e-02
-8.721110529200758466e-01 -4.884780086845236236e-01 2.848776322130884553e-02
-8.756080025090461350e-01 -4.821172571284959019e-01 2.955643136387469186e-02
-8.791798090883442551e-01 -4.755091947369027849e-01 3.055937485725133615e-02
-8.828133966284450462e-01 -4.686667852679663460e-01 3.149535780948364144e-02
-8.864958131655623630e-01 -4.616035155617371766e-01 3.236316063626765160e-02
-8.902142815515652341e-01 -4.543334113278357789e-01 3.316158677275024558e-02
-8.939562497331950963e-01 -4.468710485517937148e-01 3.388946959453934676e-02
-8.977094402350855873e-01 -4.392315603569357241e-01 3.454567948957665974e-02
-9.014618984926165979e-01 -4.314306391989686795e-01 3.512913102035013918e-02
-9.052020396568237759e-01 -4.234845343136530715e-01 3.563879011432051491e-02
-9.089186934750508318e-01 -4.154100443836334922e-01 3.607368121948176937e-02
-9.126011468383270486e-01 -4.072245054380889684e-01 3.643289436173594020e-02
-9.162391835800341999e-01 -3.989457740476333725e-01 3.671559204129240528e-02
-9.198231211106461247e-01 -3.905922059260600321e-01 3.692101590664105537e-02
-9.233438434804153161e-01 -3.821826300992327563e-01 3.704849314682066158e-02
-9.267928304759367464e-01 -3.737363188487771715e-01 3.709744254571344102e-02
-9.301621823774967046e-01 -3.652729536833020374e-01 3.706738014592973751e-02
-9.334446400318318071e-01 -3.568125876317602141e-01 3.695792447446795415e-02
-9.366335999290351655e-01 -3.483756041913547707e-01 3.676880128768993117e-02
-9.397231240123924412e-01 -3.399826732952725972e-01 3.649984779916557592e-02
-9.427079439952974482e-01 -3.316547046927326159e-01 3.615101636052024670e-02
-9.455834600093686593e-01 -3.234127991547217640e-01 3.572237757245424333e-02
-9.483457334616463008e-01 -3.152781979328337925e-01 3.521412281047212045e-02
-9.509914740353957452e-01 -3.072722309054491951e-01 3.462656615742538968e-02
-9.535180208276322622e-01 -2.994162638448766844e-01 3.396014574259258179e-02
-9.559233176760355555e-01 -2.917316452309658414e-01 3.321542449454845808e-02
-9.582058827874656570e-01 -2.842396530212137340e-01 3.239309032236134533e-02
-9.603647728388772231e-01 -2.769614417648148530e-01 3.149395574655985963e-02
-9.623995417781595618e-01 -2.699179904188956924e-01 3.051895700768976136e-02
-9.643101946064847052e-01 -2.631300511899391514e-01 2.946915268601118035e-02
-9.660971364744007639e-01 -2.566180996828860139e-01 2.834572187085217243e-02
-9.677611174705562647e-01 -2.504022865954646515e-01 2.714996192223900415e-02
-9.693031735240904556e-01 -2.445023911469128286e-01 2.588328587058740665e-02
-9.707328311773332219e-01 -2.388946540693002440e-01 2.463981779299043509e-02
-9.720568110536454975e-01 -2.335744476488087751e-01 2.342091600212957078e-02
-9.732815229941681467e-01 -2.285366555338466388e-01 2.222790644910204241e-02
-9.744130715384471397e-01 -2.237756922887878808e-01 2.106208070534756546e-02
-9.754572628408910706e-01 -2.192855229341254819e-01 1.992469407688099783e-02
-9.764196128947005837e-01 -2.150596824289222331e-01 1.881696384562696334e-02
-9.773053569302122545e-01 -2.110912950586296966e-01 1.774006763270264547e-02
-9.781194598510706273e-01 -2.073730936979008566e-01 1.669514187864443513e-02
-9.788666275692204932e-01 -2.038974389238903673e-01 1.568328043580509770e-02
-9.795513190983536900e-01 -2.006563379606806363e-01 1.470553326844308700e-02
-9.801777592650878779e-01 -1.976414634398749315e-01 1.376290525636691270e-02
-9.807499518977470521e-01 -1.948441719660575222e-01 1.285635509836870367e-02
-9.812716933541008046e-01 -1.922555224787527439e-01 1.198679431206626719e-02
-9.817465862517411601e-01 -1.898662944047479484e-01 1.115508632715742771e-02
-9.821780532678826559e-01 -1.876670055962224026e-01 1.036204566946099213e-02
-9.825693508792047171e-01 -1.856479300510992803e-01 9.608437233463214960e-03
-9.829235829168674332e-01 -1.837991154124741511e-01 8.894975641397037322e-03
-9.832437138169618507e-01 -1.821104002439404290e-01 8.222324687144863184e-03
-9.835325814523611099e-01 -1.805714310772086051e-01 7.591096863467309240e-03
-9.837929094381575590e-01 -1.791716792276799308e-01 7.001852971215079963e-03
-9.840273188095578494e-01 -1.779004573726714611e-01 6.455101809275463898e-03
-9.842383389782082270e-01 -1.767469358858799744e-01 5.951299944037099533e-03
-9.844284178803828222e-01 -1.757001589205002823e-01 5.490851557126729017e-03
-9.845999312382356372e-01 -1.747490602322585851e-01 5.074108370081081149e-03
-9.847551908633410678e-01 -1.738824787325597143e-01 4.701369644468856267e-03
-9.848964519399737716e-01 -1.730891737610487369e-01 4.372882255776477066e-03
-9.850259192339511083e-01 -1.723578400662172938e-01 4.088840839122408546e-03
-9.851457521813328233e-01 -1.716771224823003539e-01 3.849388004575244292e-03
-9.852580688197867254e-01 -1.710356302906580195e-01 3.654614619528030912e-03
-9.853649485339373015e-01 -1.704219512541605142e-01 3.504560155233984835e-03
-9.854684335944677853e-01 -1.698246653138230089e-01 3.399213094245825007e-03
-9.855705294790982895e-01 -1.692323579380917431e-01 3.338511395131979389e-03
-9.856732039717704952e-01 -1.686336331167755387e-01 3.322343010477611137e-03
-9.857783850443930795e-01 -1.680171259936485417e-01 3.350546453826603720e-03
-9.858879575333031609e-01 -1.673715151342132779e-01 3.422911410892135256e-03
-9.860037586301516610e-01 -1.666855344279899453e-01 3.539179390067746702e-03
-9.861275722141931155e-01 -1.659479846279616755e-01 3.699044407017059236e-03
-9.862611220599321049e-01 -1.651477445334221528e-01 3.902153697917132291e-03
-9.864060639607392655e-01 -1.642737818263967642e-01 4.148108455785916131e-03
-9.865639768153834366e-01 -1.633151635759926279e-01 4.436464584245574001e-03
-9.867363527304304771e-01 -1.622610664294192040e-01 4.766733463067070360e-03
-9.869245861971395195e-01 -1.611007865129458483e-01 5.138382719912861461e-03
-9.871299624068452516e-01 -1.598237490706599928e-01 5.550837002848289618e-03
-9.873536447738632260e-01 -1.584195178734859044e-01 6.003478748431865554e-03
-9.875966617397143876e-01 -1.568778044354450785e-01 6.495648940522448685e-03
-9.878598929369506454e-01 -1.551884770785059986e-01 7.026647855358662820e-03
-9.881440547950968156e-01 -1.533415698915055192e-01 7.595735788972916673e-03
-9.884496856752394978e-01 -1.513272916324426287e-01 8.202133763598103491e-03
-9.887771306236016189e-01 -1.491360346268690296e-01 8.845024210407316512e-03
-9.891265258380826930e-01 -1.467583837180468087e-01 9.523551626692390581e-03
-9.894950048341685234e-01 -1.442075283983661194e-01 1.018967751880467745e-02
-9.898807961860153215e-01 -1.414865755044849849e-01 1.084267883528171848e-02
-9.902820512459006297e-01 -1.385988153320105165e-01 1.148184581842781951e-02
-9.906968527577186823e-01 -1.355477201972554169e-01 1.210648276763853781e-02
-9.911232237729440397e-01 -1.323369427866675219e-01 1.271590882215616405e-02
-9.915591368327945077e-01 -1.289703142676917880e-01 1.330945876198058077e-02
-9.920025233786442520e-01 -1.254518421355438340e-01 1.388648382526706457e-02
-9.924512833511380805e-01 -1.217857077714015468e-01 1.444635254015814475e-02
-9.929032949369649419e-01 -1.179762636888539995e-01 1.498845156862469580e-02
-9.933564244208771266e-01 -1.140280304470752820e-01 1.551218655953604149e-02
-9.938085360993181849e-01 -1.099456932111038954e-01 1.601698300784401563e-02
-9.942575022109682026e-01 -1.057340979417921573e-01 1.650228711645552668e-02
-9.947012128386512053e-01 -1.013982472004258117e-01 1.696756665708599662e-02
-9.951375857363999877e-01 -9.694329555568223511e-02 1.741231182613553127e-02
-9.955645760350553264e-01 -9.237454458347095498e-02 1.783603609141436869e-02
-9.959801857796123370e-01 -8.769743745325687956e-02 1.823827702536664694e-02
-9.963824732516342042e-01 -8.291755309767447069e-02 1.861859712030494371e-02
-9.967695620304415360e-01 -7.804059996556854395e-02 1.897658458107417609e-02
-9.971396497474759313e-01 -7.307240936200982973e-02 1.931185409051445687e-02
-9.974910164892301090e-01 -6.801892838229568750e-02 1.962404754308947480e-02
-9.978220328054440147e-01 -6.288621245042025354e-02 1.991283474209086524e-02
-9.981311672808894642e-01 -5.768041747594687685e-02 2.017791405592004109e-02
-9.984169936310022253e-01 -5.240779164659897793e-02 2.041901302908682644e-02
-9.986781972838624233e-01 -4.707466687716641007e-02 2.063588894374799448e-02
-9.989135814135687852e-01 -4.168744993846394686e-02 2.082832932783730204e-02
-9.991220723928796454e-01 -3.625261329304069885e-02 2.099615240610934463e-02
-9.993027246360882687e-01 -3.077668566708893771e-02 2.113920749073047028e-02
-9.994547248064425959e-01 -2.526624239050493520e-02 2.125737530839766354e-02
-9.995773953659841116e-01 -1.972789553928328693e-02 2.135056826134715258e-02
-9.996701974494368592e-01 -1.416828391635295385e-02 2.141873062002471600e-02
-9.997327330476987184e-01 -8.594062908564275433e-03 2.146183864562447099e-02
-9.997647464905359271e-01 -3.011894258792923926e-03 2.147990064115785913e-02
-9.997661252222258543e-01 2.571564206976333783e-03 2.147295693018428167e-02
-9.997368998680928875e-01 8.149668857196113239e-03 2.144107976281432390e-02
-9.996772435941012613e-01 1.371580049639171267e-02 2.138437314908023246e-02
-9.995874707658685132e-01 1.926337453056885252e-02 2.130297262025090954e-02
-9.994680349176046086e-01 2.478585101667491949e-02 2.119704491914469607e-02
-9.993195260455304263e-01 3.027674455735616943e-02 2.106678762095749030e-02
-9.991426672442426105e-01 3.572963400356521380e-02 2.091242868657096007e-02
-9.989383107082455693e-01 4.113817192921800231e-02 2.073422595073109997e-02
-9.987074331244206737e-01 4.649609384405565399e-02 2.053246654788661724e-02
-9.984511304845330448e-01 5.179722711310873889e-02 2.030746627884529032e-02
-9.981706123499475281e-01 5.703549955366096769e-02 2.005956892174118322e-02
-9.978671956035246593e-01 6.220494768333474644e-02 1.978914549110275672e-02
-9.975422977261726443e-01 6.729972459583873079e-02 1.949659344906930561e-02
-9.971974296377251745e-01 7.231410744399187351e-02 1.918233587301823237e-02
-9.968341881436921792e-01 7.724250451283286301e-02 1.884682058403707242e-02
-9.964542480309751538e-01 8.207946186890101303e-02 1.849051924080096290e-02
-9.960593538568606187e-01 8.681966957509666682e-02 1.811392640349776886e-02
-9.956513114764915517e-01 9.145796746385960463e-02 1.771755857247977323e-02
-9.952349881773320250e-01 9.596668128495142169e-02 1.725456768560561932e-02
-9.948137409398993825e-01 1.003288298779053955e-01 1.672580106900978941e-02
-9.943911295413412343e-01 1.045276997873258590e-01 1.613217677488266305e-02
-9.939708842555128321e-01 1.085468614638551432e-01 1.547468093744310859e-02
-9.935568710946642845e-01 1.123701838271716769e-01 1.475436506679613825e-02
-9.931530548286485738e-01 1.159818471908281856e-01 1.397234331148998823e-02
-9.927634600234684914e-01 1.193663545765819983e-01 1.312978972076492626e-02
-9.923921303446738840e-01 1.225085414736788308e-01 1.222793553718750335e-02
-9.920430863727933701e-01 1.253935841259193329e-01 1.126806654959589329e-02
-9.917202821778667854e-01 1.280070064558756215e-01 1.025152053505768400e-02
-9.914275608985052557e-01 1.303346857609691822e-01 9.179684816879182807e-03
-9.911686095680470876e-01 1.323628573399341368e-01 8.053993963628037350e-03
-9.909469134266087886e-01 1.340781182301627461e-01 6.875927651665138078e-03
-9.907657099534886713e-01 1.354674302562821897e-01 5.647008710857122533e-03
-9.906279428497914985e-01 1.365181226077953613e-01 4.368801369989171526e-03
-9.905362161966323464e-01 1.372178941785085760e-01 3.042909714952747070e-03
-9.904927490101630427e-01 1.375548159125694059e-01 1.670976369079324843e-03
-9.904993304112219565e-01 1.375173334110742773e-01 2.546814010645527537e-04
-9.905572756249083621e-01 1.370942700592236996e-01 -1.204258538186171561e-03
-9.906673830240303458e-01 1.362748309367639299e-01 -2.704090852723424129e-03
-9.908298924303531319e-01 1.350486077738356494e-01 -4.243027420040328818e-03
-9.910444448889980107e-01 1.334055852102391526e-01 -5.819244802641791031e-03
-9.913100441342738156e-01 1.313361486084173024e-01 -7.430884268947118496e-03
-9.916250199696611256e-01 1.288310936590596756e-01 -9.076051644262249363e-03
-9.919869937905482216e-01 1.258816380030536308e-01 -1.075281701699789920e-02
-9.923928464854936404e-01 1.224794350744764920e-01 -1.245921432966021897e-02
-9.928386889600477883e-01 1.186165903463704124e-01 -1.419324088835350467e-02
-9.933198355362227172e-01 1.142856801341206319e-01 -1.595285682855922607e-02
-9.938307804901761466e-01 1.094797730803426100e-01 -1.773598457873686723e-02
-9.943651780001453444e-01 1.041924544102775796e-01 -1.954050836677031361e-02
-9.949158257856037801e-01 9.841785300784240687e-02 -2.136427381739439135e-02
-9.954746527264453082e-01 9.215067131976961701e-02 -2.320508769141063285e-02
-9.960327107570746685e-01 8.538621804885951350e-02 -2.506071781966583492e-02
-9.965801713339149659e-01 7.812044354747295360e-02 -2.692889328634399601e-02
-9.971063267752876547e-01 7.034997776933024638e-02 -2.880730491703131085e-02
-9.975995967691194677e-01 6.207217058185700992e-02 -3.069360612717284692e-02
-9.980475403357139674e-01 5.328513418324790085e-02 -3.258541418586621136e-02
-9.984368735191355704e-01 4.398778730874003395e-02 -3.448031194835212560e-02
-9.987534930608625849e-01 3.417990085006378242e-02 -3.637585010798952828e-02
-9.989825062826184210e-01 2.386214445156420103e-02 -3.826955001487648833e-02
-9.991082673711156881e-01 1.303613358709034865e-02 -4.015890710354270976e-02
-9.991144202153909859e-01 1.704476564588488716e-03 -4.204139496625407951e-02
-9.989839478971849207e-01 -1.012917914831566735e-02 -4.391447010141363849e-02
-9.986992288763101300e-01 -2.246010193322384857e-02 -4.577557735831818547e-02
-9.982420998462627759e-01 -3.528243306225837400e-02 -4.762215609016466622e-02
-9.975939251608142433e-01 -4.858914650420880638e-02 -4.945164701675443253e-02
-9.967356726505840481e-01 -6.237201225320482267e-02 -5.126149978690981018e-02
-9.956479955605408438e-01 -7.662156395194809344e-02 -5.304918121832472716e-02
-9.943113202462040556e-01 -9.132707158365353795e-02 -5.481218417958547834e-02
-9.927059391694983415e-01 -1.064765199954703784e-01 -5.654803706562242654e-02
-9.908231896745524070e-01 -1.220115770581584186e-01 -5.816006944576994353e-02
-9.886493193196849161e-01 -1.378940984646994106e-01 -5.964690394325811162e-02
-9.861723124830420462e-01 -1.540852861488977432e-01 -6.100743492175869642e-02
-9.833820260251654455e-01 -1.705458337802474855e-01 -6.224084009901483666e-02
-9.802703052931176497e-01 -1.872360837079567741e-01 -6.334659005054683878e-02
-9.768310791643268765e-01 -2.041161933580715460e-01 -6.432445538069926638e-02
-9.730604331216325953e-01 -2.211463088606332450e-01 -6.517451137998919730e-02
-9.689566596750627259e-01 -2.382867435074059459e-01 -6.589714003375356233e-02
-9.645202857921318929e-01 -2.554981585200016836e-01 -6.649302929627286252e-02
-9.597540773574576578e-01 -2.727417435465473994e-01 -6.696316959554879378e-02
-9.546630210442421660e-01 -2.899793943037786703e-01 -6.730884758534802503e-02
-9.492542843345107562e-01 -3.071738848400334398e-01 -6.753163721159617661e-02
-9.435371547620705623e-01 -3.242890320105073498e-01 -6.763338820835988752e-02
-9.375229597627732225e-01 -3.412898499249235051e-01 -6.761621218323329852e-02
-9.312249687926856812e-01 -3.581426923434293252e-01 -6.748246649183479995e-02
-9.246582796094127144e-01 -3.748153812516526462e-01 -6.723473613539231175e-02
-9.178396907998502829e-01 -3.912773201319895700e-01 -6.687581394333606821e-02
-9.107875627755956938e-01 -4.074995907562527497e-01 -6.640867932394921291e-02
-9.035216695433999634e-01 -4.234550326453883629e-01 -6.583647588021045161e-02
-8.960630435924709092e-01 -4.391183046657821665e-01 -6.516248819500214395e-02
-8.884338162248465176e-01 -4.544659285498633405e-01 -6.439011809007856579e-02
-8.806570555926523935e-01 -4.694763144331808302e-01 -6.352286065701931439e-02
-8.727566046012916745e-01 -4.841297687837706754e-01 -6.256428034643299330e-02
-8.647569206959451193e-01 -4.984084853565457496e-01 -6.151798738465874550e-02
-8.566829193763401129e-01 -5.122965200310185541e-01 -6.038761476597100802e-02
-8.485598230881543635e-01 -5.257797505816774741e-01 -5.917679604371526431e-02
-8.404130169253732907e-01 -5.388458225848826721e-01 -5.788914411679998984e-02
-8.322679123530141165e-01 -5.514840827836227088e-01 -5.652823117943952397e-02
-8.241498199301229288e-01 -5.636855013124398850e-01 -5.509756997283702523e-02
-8.160838317845759970e-01 -5.754425842308694694e-01 -5.360059644840058091e-02
-8.080947143690490053e-01 -5.867492778272803688e-01 -5.204065392379585153e-02
-8.002068118158632837e-01 -5.976008661391488674e-01 -5.042097878625251967e-02
-7.924439600107855419e-01 -6.079938630941201794e-01 -4.874468777254749308e-02
-7.848294113249182358e-01 -6.179259006125954468e-01 -4.701476683236537751e-02
-7.773857697814521295e-01 -6.273956139310399305e-01 -4.523406156155753560e-02
-7.701349362913738616e-01 -6.364025253097491674e-01 -4.340526917435626186e-02
-7.630980634696666876e-01 -6.449469271833073725e-01 -4.153093196892858330e-02
-7.562955194409387571e-01 -6.530297657000726508e-01 -3.961343222877303921e-02
-7.497468599600907169e-01 -6.606525254820638793e-01 -3.765498849330059516e-02
-7.434708081085010800e-01 -6.678171163215902428e-01 -3.565765312437060852e-02
-7.374852407778653696e-01 -6.745257624184536338e-01 -3.362331109140299229e-02
-7.318071811206515731e-01 -6.807808946537712291e-01 -3.155367989575519339e-02
-7.264527961263671507e-01 -6.865850462952284294e-01 -2.945031055511330986e-02
-7.214373984746473845e-01 -6.919407524353268224e-01 -2.731458957046471042e-02
-7.167754518177522627e-01 -6.968504533800408129e-01 -2.514774180155585417e-02
-7.124805786546336561e-01 -7.013164021310457352e-01 -2.295083418135740461e-02
-7.085655699746443714e-01 -7.053405760408585357e-01 -2.072478020573170071e-02
-7.050423958696790949e-01 -7.089245926671551290e-01 -1.847034514100887731e-02
