1.000000000000000000e+00 0.000000000000000000e+00 0.000000000000000000e+00
9.999999956076996988e-01 3.868786315829117749e-05 -8.536915777512886060e-05
9.999999583513026202e-01 1.337317085887836749e-04 -2.557605473563375051e-04
9.999998237400857803e-01 3.027205908125401961e-04 -5.107648646572863398e-04
9.999994802566183338e-01 5.631515799783047647e-04 -8.499108231175391340e-04
9.999987554613541940e-01 9.324168896007092172e-04 -1.272665563598004068e-03
9.999973992901183273e-01 1.427791029586995483e-03 -1.778435068573652050e-03
9.999950646367895546e-01 2.066417952497418692e-03 -2.366564569476722110e-03
9.999912853250758626e-01 2.865298149854244095e-03 -3.036338935054245375e-03
9.999854515847018677e-01 3.841275643054179248e-03 -3.786983027840504050e-03
9.999767831586467981e-01 5.011024800242774163e-03 -4.617662015329459732e-03
9.999643001793395714e-01 6.391036896588086005e-03 -5.527481622183347265e-03
9.999467919630249391e-01 7.997606320972803010e-03 -6.515488309848110546e-03
9.999227838829553017e-01 9.846816317452862163e-03 -7.580669370278094593e-03
9.998905024937423391e-01 1.195452413516519090e-02 -8.721952921112711976e-03
9.998478390912436398e-01 1.433634544598090532e-02 -9.938207790604943609e-03
9.997923119048804930e-01 1.700763787537998631e-02 -1.122824328188106423e-02
9.997210271324168396e-01 1.998348347906987732e-02 -1.259080880771510681e-02
9.996306390410943932e-01 2.327866998609698021e-02 -1.402459338892940444e-02
9.995173093737336201e-01 2.690767061893301754e-02 -1.552822501177952841e-02
9.993766663140797313e-01 3.088462229259589589e-02 -1.710026984223986246e-02
9.992037632823739246e-01 3.522330198863687228e-02 -1.873923129796252474e-02
9.989930378499251029e-01 3.993710109615208892e-02 -2.044354898182057512e-02
9.987382710803611729e-01 4.503899751122568407e-02 -2.221159748434460568e-02
9.984325476252368103e-01 5.054152528875779926e-02 -2.404168506599285368e-02
9.980682169226866574e-01 5.645674164685190316e-02 -2.593205223402570217e-02
9.976368558697226163e-01 6.279619113420749354e-02 -2.788087023274630344e-02
9.971292333613749337e-01 6.957086678565606308e-02 -2.988623946997333650e-02
9.965352771129116771e-01 7.679116811044503499e-02 -3.194618790677532238e-02
9.958440432044881607e-01 8.446685578244959858e-02 -3.405866944165602400e-02
9.950436888103534327e-01 9.260700293147565432e-02 -3.622156232446602925e-02
9.941214485966505254e-01 1.012199429704645215e-01 -3.843266763924739482e-02
9.930636152922899251e-01 1.103132139349191077e-01 -4.068970789890666295e-02
9.918555249556476605e-01 1.198934993583662123e-01 -4.299032579796047138e-02
9.904815474751614834e-01 1.299665657611843439e-01 -4.533208317250073810e-02
9.889250828534051907e-01 1.405371968895872126e-01 -4.771246021887130123e-02
9.871685638309742883e-01 1.516091249067600399e-01 -5.012885502421601108e-02
9.851934654075338305e-01 1.631849588087534442e-01 -5.257858346292733354e-02
9.829803218116239805e-01 1.752661104132403058e-01 -5.505887951297076116e-02
9.805087514572639051e-01 1.878527183489482888e-01 -5.756689604496185303e-02
9.777574904030007508e-01 2.009435705566138819e-01 -6.009970613461235178e-02
9.747044347968560896e-01 2.145360258975805567e-01 -6.265430494563301034e-02
9.713266927477275381e-01 2.286259355523939663e-01 -6.522761222529079028e-02
9.676006460094513928e-01 2.432075649774325110e-01 -6.781647544849446485e-02
9.635020217973314649e-01 2.582735172710572402e-01 -7.041767363847881156e-02
9.590059749781213450e-01 2.738146588800947634e-01 -7.302792188285825437e-02
9.540871807830941798e-01 2.898200486506498641e-01 -7.564387655304814773e-02
9.487199380901557566e-01 3.062768712921349890e-01 -7.826214122287190877e-02
9.428782832054859453e-01 3.231703763777858396e-01 -8.087927326869805145e-02
9.365361139488554976e-01 3.404838240465788979e-01 -8.349179111884873217e-02
9.296673237108825649e-01 3.581984385982112662e-01 -8.609618210451200349e-02
9.222459450067925779e-01 3.762933711826060845e-01 -8.868891084824942483e-02
9.142680754826051359e-01 3.947131104672921831e-01 -9.118911216323270785e-02
9.057174258322040483e-01 4.134197464789118870e-01 -9.359522299335254480e-02
8.965792953234765772e-01 4.323744111246063948e-01 -9.590591324447231281e-02
8.868406964851172081e-01 4.515374120869788954e-01 -9.812009638472862783e-02
8.764904657483520989e-01 4.708683773238913628e-01 -1.002369384102829580e-01
8.655193587836955693e-01 4.903264087552826611e-01 -1.022558649988996871e-01
8.539201294702836176e-01 5.098702435352531204e-01 -1.041765666995885381e-01
8.416875916584929396e-01 5.294584211539521412e-01 -1.059990020359793256e-01
8.288186631305233254e-01 5.490494544946508126e-01 -1.077233984334274447e-01
8.153123914227090596e-01 5.686020028901538348e-01 -1.093502509143147311e-01
8.011699614412908232e-01 5.880750451816801894e-01 -1.108803185417734510e-01
7.863946850736236449e-01 6.074280507836088416e-01 -1.123146186282397846e-01
7.709919732626362432e-01 6.266211467988933581e-01 -1.136544187609431350e-01
7.549692912672294476e-01 6.456152793111216148e-01 -1.149012267307838453e-01
7.383360980690386599e-01 6.643723670975772988e-01 -1.160567784832223087e-01
7.211037711009999907e-01 6.828554461596328951e-01 -1.171230242390521592e-01
7.032855176606603864e-01 7.010288036478317109e-01 -1.181021129586215523e-01
6.848962745272924035e-01 7.188580999638352065e-01 -1.189963753446831723e-01
6.659525974237918700e-01 7.363104780442231156e-01 -1.198083055962203963e-01
6.464725420503374398e-01 7.533546590658524167e-01 -1.205405421380824765e-01
6.264755384662563653e-01 7.699610240529297656e-01 -1.211958475589830359e-01
6.059822606099531939e-01 7.861016811061033449e-01 -1.217770879934322176e-01
5.850144927255769289e-01 8.017505182080378878e-01 -1.222872121816761387e-01
5.635949944116982469e-01 8.168832417829139381e-01 -1.227292304360154129e-01
5.417473659247461493e-01 8.314774013945489539e-01 -1.231061937323759958e-01
5.194959152620234333e-01 8.455124011555844588e-01 -1.234211731331950890e-01
4.968655284199041122e-01 8.589694985854424703e-01 -1.236772397321028588e-01
4.738815440767054077e-01 8.718317917953968266e-01 -1.238774452930998388e-01
4.505696337911853644e-01 8.840841959938244843e-01 -1.240248037375338980e-01
4.269556886410694196e-01 8.957134103930095570e-01 -1.241222736117437442e-01
4.030657130556714041e-01 9.067078766609883989e-01 -1.241727416473051432e-01
3.789257264264693781e-01 9.170577300987378111e-01 -1.241790075048973263e-01
3.545616729129551503e-01 9.267547447359506529e-01 -1.241437697723521694e-01
3.299993397012783158e-01 9.357922735295882699e-01 -1.240696132678486829e-01
3.052642838227414002e-01 9.441651848205677711e-01 -1.239589976807937144e-01
2.803817675001579746e-01 9.518697961577726741e-01 -1.238142475659425590e-01
2.553767018640445419e-01 9.589038065376481734e-01 -1.236375436909461362e-01
2.302735987686863883e-01 9.652662280345665202e-01 -1.234309157238877852e-01
2.050965303409523488e-01 9.709573177145066625e-01 -1.231962362355523838e-01
1.798690958125960804e-01 9.759785106348514150e-01 -1.229352159811606671e-01
1.546143951195752819e-01 9.803323546385880327e-01 -1.226494004180608000e-01
1.293550086992593662e-01 9.840224475540224613e-01 -1.223401674093165525e-01
1.041129828776494737e-01 9.870533773131908717e-01 -1.220087260581528416e-01
7.890982021308730332e-02 9.894306654051415739e-01 -1.216561166146772482e-01
5.376647414942895692e-02 9.911607139856031257e-01 -1.212832113940339601e-01
2.870334732926279123e-02 9.922507568734454386e-01 -1.208907166439978920e-01
3.740292925365294036e-03 9.927088145777632766e-01 -1.204791752998101428e-01
-2.110338163489470370e-02 9.925436534181375503e-01 -1.200489705646201888e-01
-4.580890915317148426e-02 9.917647487252472249e-01 -1.196003302550690123e-01
-7.035805592168335731e-02 9.903822520399399032e-01 -1.191333318531634378e-01
-9.473311429579689413e-02 9.884069621664063332e-01 -1.186479082075095476e-01
-1.189168950692141291e-01 9.858502998794089756e-01 -1.181438538290597862e-01
-1.428927200978850898e-01 9.827242860366575128e-01 -1.176208317286687871e-01
-1.666444155702746510e-01 9.790415228053922503e-01 -1.170783807458463804e-01
-1.901563062708220286e-01 9.748151776769651278e-01 -1.165159233200614014e-01
-2.134132111310403646e-01 9.700589699145756306e-01 -1.159327736577213108e-01
-2.364004403093533935e-01 9.647871590571746037e-01 -1.153281462494823162e-01
-2.591037939870487472e-01 9.590145350867183005e-01 -1.147011646938026486e-01
-2.815095630141931649e-01 9.527564098562313344e-01 -1.140508707836217772e-01
-3.036045314865184475e-01 9.460286093723138112e-01 -1.133762338137308812e-01
-3.253759812826359510e-01 9.388474665275674536e-01 -1.126761600668087226e-01
-3.468116985409344655e-01 9.312298138856742735e-01 -1.119495024362573699e-01
-3.678999820076060412e-01 9.231929761342763108e-01 -1.111950701439208683e-01
-3.886296531418553801e-01 9.147547618380845735e-01 -1.104116385105531756e-01
-4.089900678218904573e-01 9.059334541464915125e-01 -1.095979587365721597e-01
-4.289711294561659449e-01 8.967478001360217332e-01 -1.087527676502534069e-01
-4.485633032689271271e-01 8.872169984978768298e-01 -1.078747973801437027e-01
-4.677576314977426319e-01 8.773606853141934225e-01 -1.069627849081737359e-01
-4.865457492137386097e-01 8.671989177030077212e-01 -1.060154814597876194e-01
-5.049199004529560941e-01 8.567521551508238131e-01 -1.050316616874449743e-01
-5.228729543298905602e-01 8.460412383925982605e-01 -1.040101326041494578e-01
-5.403984207920502492e-01 8.350873657413370177e-01 -1.029497422242677124e-01
-5.574904656674277703e-01 8.239120668127660752e-01 -1.018493878698714383e-01
-5.741439246552108022e-01 8.125371736340853968e-01 -1.007080241021999223e-01
-5.903543159138713303e-01 8.009847891690244914e-01 -9.952467023962797976e-02
-6.061178509099167666e-01 7.892772533336577245e-01 -9.829841742575190500e-02
-6.214314432049233838e-01 7.774371066180881806e-01 -9.702843521387857773e-02
-6.362927148777877129e-01 7.654870514675553572e-01 -9.571397763731318009e-02
-6.507000003031309099e-01 7.534499116121826656e-01 -9.435438873837058427e-02
-6.646523470351086704e-01 7.413485895669169601e-01 -9.294910753295271277e-02
-6.781495135780633010e-01 7.292060225517198457e-01 -9.149767239179813771e-02
-6.911919638610085626e-01 7.170451371063333301e-01 -8.999972482406752572e-02
-7.037808582712837824e-01 7.048888026935944406e-01 -8.845501265371875921e-02
-7.159180411432533031e-01 6.927597846000453918e-01 -8.686339258407892172e-02
-7.276060246400013476e-01 6.806806964522934544e-01 -8.522483215106284316e-02
-7.388479690089265750e-01 6.686739526721279248e-01 -8.353941107053980408e-02
-7.496476592352911972e-01 6.567617211928086229e-01 -8.180732199033138863e-02
-7.600094781604680438e-01 6.449658767533064108e-01 -8.002887066215261247e-02
-7.699383761732041531e-01 6.333079550768017096e-01 -7.820447555340739876e-02
-7.794398376220786906e-01 6.218091082247245716e-01 -7.633466692304310963e-02
-7.885198441349072773e-01 6.104900613984193258e-01 -7.442008538958802544e-02
-7.971848350656375315e-01 5.993710714375916071e-01 -7.246148002298016810e-02
-8.054416653208531507e-01 5.884718872385532595e-01 -7.045970599479138563e-02
-8.132975608459964700e-01 5.778117122864819821e-01 -6.841572182391657264e-02
-8.207600720755564572e-01 5.674091694650628126e-01 -6.633058625670126829e-02
-8.278370256715462672e-01 5.572822682745937062e-01 -6.420545482180210761e-02
-8.345364748905086394e-01 5.474483745565521531e-01 -6.204157610080463653e-02
-8.408666489309953862e-01 5.379241827893649353e-01 -5.984028775576474835e-02
-8.468359016210217360e-01 5.287256909873031541e-01 -5.760301235440735967e-02
-8.524526598085091500e-01 5.198681782026269849e-01 -5.533125303273282725e-02
-8.577377896179899652e-01 5.113376961094420192e-01 -5.310039698464436020e-02
-8.627073516544407905e-01 5.031341250940474241e-01 -5.091252118723650633e-02
-8.673769222818761282e-01 4.952563020113674441e-01 -4.876963348938664899e-02
-8.717615862127759963e-01 4.877020731956589472e-01 -4.667367186765025711e-02
-8.758759330698361323e-01 4.804683464894020650e-01 -4.462650379355939667e-02
-8.797340575806646967e-01 4.735511421508921126e-01 -4.262992571419662452e-02
-8.833495630674149668e-01 4.669456425246217290e-01 -4.068566264657094006e-02
-8.867355678966259980e-01 4.606462403800533068e-01 -3.879536788526253416e-02
-8.899047145595779806e-01 4.546465858438161201e-01 -3.696062282199604615e-02
-8.928691810600762890e-01 4.489396318677211228e-01 -3.518293687521359403e-02
-8.956406942945936978e-01 4.435176781903009680e-01 -3.346374752731463148e-02
-8.982305451189540602e-01 4.383724137629136930e-01 -3.180442046697553454e-02
-9.006496048060823600e-01 4.334949576228728785e-01 -3.020624983382501003e-02
-9.029083426106102594e-01 4.288758982056878333e-01 -2.867045856270068749e-02
-9.050168441681819553e-01 4.245053310964316262e-01 -2.719819882471867165e-02
-9.069848304700044439e-01 4.203728952266367336e-01 -2.579055256242496902e-02
-9.088216771664068272e-01 4.164678075280922043e-01 -2.444853211634189644e-02
-9.105364339667904039e-01 4.127788960586369349e-01 -2.317308094025310669e-02
-9.121378439172517227e-01 4.092946316176703236e-01 -2.196507440257021090e-02
-9.136343623512376277e-01 4.060031578707989364e-01 -2.082532067107762189e-02
-9.150341753227456687e-01 4.028923200039685182e-01 -1.975456167824872836e-02
-9.163452173457191652e-01 3.999496919277573115e-01 -1.875347416415746454e-02
-9.175751882773175439e-01 3.971626020523899014e-01 -1.782267079376914296e-02
-9.187315691965857178e-01 3.945181576536204715e-01 -1.696270134508031865e-02
-9.198216371436265248e-01 3.920032678490784628e-01 -1.617405396418891347e-02
-9.208524785976207605e-01 3.896046652041027514e-01 -1.545715648291501321e-02
-9.218310015848822925e-01 3.873089259856408728e-01 -1.481237779406332014e-02
-9.227639463205098425e-01 3.851024890825720526e-01 -1.424002927882634523e-02
-9.236578942990546492e-01 3.829716736109302633e-01 -1.374036628018000632e-02
-9.245192757609118628e-01 3.809026952230496477e-01 -1.331358961542924470e-02
-9.253543754718204228e-01 3.788816811407079155e-01 -1.295984712033016774e-02
-9.261693367628828222e-01 3.768946839339720190e-01 -1.267923521645747051e-02
-9.269701637878720035e-01 3.749276940697099936e-01 -1.247180049271277846e-02
-9.277627219632451627e-01 3.729666512566680026e-01 -1.233754129109236423e-02
-9.285527365642366471e-01 3.709974546176554311e-01 -1.227640928606331047e-02
-9.293457894576389045e-01 3.690059717237571535e-01 -1.228831104614734257e-02
-9.301473139584238714e-01 3.669780465306136108e-01 -1.237310956559296328e-02
-9.309625878032155022e-01 3.648995062626831931e-01 -1.253062575334087415e-02
-9.317967242388389693e-01 3.627561672980226248e-01 -1.276063986586628909e-02
-9.326546612287806015e-01 3.605338401134815518e-01 -1.306289286992577681e-02
-9.335411487844569312e-01 3.582183333582917295e-01 -1.343708772075669425e-02
-9.344607344317760189e-01 3.557954571328150184e-01 -1.388289054088465146e-02
-9.354177468266706708e-01 3.532510255586731041e-01 -1.439993168439934398e-02
-9.364162775361810631e-01 3.505708587365829465e-01 -1.498780667137180299e-02
-9.374601610043777900e-01 3.477407841989271775e-01 -1.564607697701707670e-02
-9.385529527250764392e-01 3.447466379753565957e-01 -1.637427066026582098e-02
-9.396979056460256219e-01 3.415742654015058166e-01 -1.717188281660701407e-02
-9.408979448322225547e-01 3.382095218131463410e-01 -1.803837584041268621e-02
-9.421556404193689449e-01 3.346382732807435811e-01 -1.897317948246563316e-02
-9.434731788924178852e-01 3.308463975523549538e-01 -1.997569068909410550e-02
-9.448421816693319819e-01 3.268543246041701877e-01 -2.096445876064148214e-02
-9.462592709800281554e-01 3.226640436471979734e-01 -2.193885483682829485e-02
-9.477209528649810366e-01 3.182776649809175851e-01 -2.289824950445002241e-02
-9.492236250539483056e-01 3.136974249651816038e-01 -2.384201315086754633e-02
-9.507635852017400913e-01 3.089256909365091230e-01 -2.476951638197029404e-02
-9.523370394766527136e-01 3.039649660295137279e-01 -2.568013050478730117e-02
-9.539401114951795435e-01 2.988178938636583681e-01 -2.657322807454233840e-02
-9.555688515944381622e-01 2.934872630551744743e-01 -2.744818350555643452e-02
-9.572192464314253080e-01 2.879760115138442766e-01 -2.830437374499639516e-02
-9.588872288957480672e-01 2.822872304844356584e-01 -2.914117900805295730e-02
-9.605686883198970571e-01 2.764241682929164945e-01 -2.995798357270949494e-02
-9.622594809684531514e-01 2.703902337581712834e-01 -3.075417663183402719e-02
-9.639554407848702766e-01 2.641889992308120716e-01 -3.152915319989674919e-02
-9.656523903716851542e-01 2.578242032218254765e-01 -3.228231507118538290e-02
-9.673461521771968830e-01 2.512997525852396774e-01 -3.301307182596478068e-02
-9.690325598588627187e-01 2.446197242207320821e-01 -3.372084188060916338e-02
-9.707074697909077177e-01 2.377883662641358808e-01 -3.440505357732889791e-02
-9.723667726809762657e-01 2.308100987361387801e-01 -3.506514630872271249e-02
-9.740064052580925669e-01 2.236895136220983793e-01 -3.570057167201532572e-02
-9.756223619917873124e-01 2.164313743588171801e-01 -3.631079464749323998e-02
-9.772107068000164265e-01 2.090406147073160248e-01 -3.689529479533257272e-02
-9.787675847014812858e-01 2.015223369941019638e-01 -3.745356746472636861e-02
-9.802892333661924473e-01 1.938818097071277335e-01 -3.798512500896879945e-02
-9.817719945166292206e-01 1.861244644365600276e-01 -3.848949799994397236e-02
-9.832123251306678080e-01 1.782558921545889519e-01 -3.896623643530140735e-02
-9.846068083966065254e-01 1.702818388327881349e-01 -3.941491093148186131e-02
-9.859521643701301130e-01 1.622082003999427424e-01 -3.983511389568899358e-02
-9.872452602829524526e-01 1.540410170477626295e-01 -4.022646066988683211e-02
-9.884831204531664417e-01 1.457864668964505284e-01 -4.058859063994220417e-02
-9.896629357480331013e-01 1.374508590366599337e-01 -4.092116830312642062e-02
-9.907820725510554372e-01 1.290406259689089452e-01 -4.122388428734255483e-02
-9.918380811867210101e-01 1.205623154659698354e-01 -4.149645631565353904e-02
-9.928287037582476104e-01 1.120225818880861424e-01 -4.173863010995170625e-02
-9.937518813560246578e-01 1.034281769850304289e-01 -4.195018022793093465e-02
-9.946057605972012938e-01 9.478594022296535360e-02 -4.213091082789620356e-02
-9.953886994599981941e-01 8.610278867776222089e-02 -4.228065635636982234e-02
-9.960992723798066661e-01 7.738570653982472514e-02 -4.239928215392514688e-02
-9.967362745779434485e-01 6.864173427852207632e-02 -4.248668497519346443e-02
-9.972987255980275689e-01 5.987795751701953384e-02 -4.254279341954360361e-02
-9.977858720292955841e-01 5.110149567057481468e-02 -4.256756826952099587e-02
-9.981971894007336532e-01 4.231949040321821010e-02 -4.256100273474849177e-02
-9.985323832346352235e-01 3.353909395913114155e-02 -4.252312259962880148e-02
-9.987913892530438931e-01 2.476745742596550906e-02 -4.245398627384160822e-02
-9.989743727354650771e-01 1.601171898779311584e-02 -4.235368474529115773e-02
-9.990817270311780351e-01 7.278992225336034308e-03 -4.222234143582516419e-02
-9.991140712344001029e-01 -1.423645479395005756e-03 -4.206011196070685160e-02
-9.990722470354004292e-01 -1.008916437792919778e-02 -4.186718379347210278e-02
-9.989573147653824092e-01 -1.871059357497476677e-02 -4.164377583843654335e-02
-9.987705486575039204e-01 -2.728103198012897523e-02 -4.139013791372649076e-02
-9.985134313507423309e-01 -3.579365894126154690e-02 -4.110655014828748510e-02
-9.981876476673934295e-01 -4.424174451191352497e-02 -4.079332229686868927e-02
-9.977950776987843939e-01 -5.261865930815790710e-02 -4.045079297748605668e-02
-9.973377892372464748e-01 -6.091788391380137391e-02 -4.007932883632728260e-02
-9.968180295955089143e-01 -6.913301779652848700e-02 -3.967932364547317736e-02
-9.962382168574137609e-01 -7.725778770155880548e-02 -3.925119733917045023e-02
-9.956009306061953668e-01 -8.528605549355898485e-02 -3.879539499469679409e-02
-9.949089021785109122e-01 -9.321182542188130582e-02 -3.831238576410963409e-02
-9.941650044939299713e-01 -1.010292507886401264e-01 -3.780266176336288808e-02
-9.933722415107044679e-01 -1.087326400036438545e-01 -3.726673692541223465e-02
-9.925337373593368095e-01 -1.163164620147255218e-01 -3.670514582400780795e-02
-9.916527252057562025e-01 -1.237753511065169953e-01 -3.611844247489600507e-02
-9.907325358958152250e-01 -1.311041110651475772e-01 -3.550719912111965915e-02
-9.897765864323421203e-01 -1.382977187106776418e-01 -3.487200500902126743e-02
-9.887883683351565978e-01 -1.453513268032651795e-01 -3.421346516141897387e-02
-9.877714359332950833e-01 -1.522602663330740735e-01 -3.353219915424336672e-02
-9.867293946372268643e-01 -1.590200482077363531e-01 -3.282883990269781088e-02
-9.856658892371040759e-01 -1.656263643547520314e-01 -3.210403246273998284e-02
-9.845845922711045084e-01 -1.720750882595239728e-01 -3.135843285338149600e-02
-9.834891925057315243e-01 -1.783622749627655490e-01 -3.059270690496998513e-02
-9.823833835675636061e-01 -1.844841605437686494e-01 -2.980752913825833808e-02
-9.812708527634276257e-01 -1.904371611184692004e-01 -2.900358167868311715e-02
-9.801552701233405829e-01 -1.962178713833890864e-01 -2.818155320987284287e-02
-9.790402776978588406e-01 -2.018230627383639231e-01 -2.734213796999126339e-02
-9.779294791387164176e-01 -2.072496810224850605e-01 -2.648603479409485095e-02
-9.768264295888658966e-01 -2.124948438988951693e-01 -2.561394620525179328e-02
-9.757346259052732673e-01 -2.175558379249847296e-01 -2.472657755673533450e-02
-9.746574972350997568e-01 -2.224301153451510582e-01 -2.382463622717102131e-02
-9.735983959632454887e-01 -2.271152906436127161e-01 -2.290883087008865546e-02
-9.725605890466592074e-01 -2.316091368948322293e-01 -2.197987071890837932e-02
-9.715472497483504943e-01 -2.359095819489042400e-01 -2.103846494797920186e-02
-9.705614497816991149e-01 -2.400147044888294168e-01 -2.008532208988969558e-02
-9.696061518734482298e-01 -2.439227299959333961e-01 -1.912114950888683940e-02
-9.686842027517108544e-01 -2.476320266588214192e-01 -1.814665292987169970e-02
-9.677983265634203525e-01 -2.511411012602017268e-01 -1.716253602209146661e-02
-9.669511187239216987e-01 -2.544485950746800951e-01 -1.616950003631750440e-02
-9.661450401998378235e-01 -2.575532798092438069e-01 -1.516824349398948092e-02
-9.653824122249523576e-01 -2.604540536166305431e-01 -1.415946192651709908e-02
-9.646654114476325148e-01 -2.631499372101350764e-01 -1.314384766266391870e-02
-9.639960655072657980e-01 -2.656400701066591319e-01 -1.212208966169252104e-02
-9.633762490363021458e-01 -2.679237070229716355e-01 -1.109487338972697801e-02
-9.628076800837710447e-01 -2.700002144482351318e-01 -1.006288073658716253e-02
-9.622919169555729235e-01 -2.718690674138785068e-01 -9.026789970169660227e-03
-9.618303554664227040e-01 -2.735298464798728291e-01 -7.987275725291760956e-03
-9.614242265980311730e-01 -2.749822349544049915e-01 -6.945009023777581718e-03
-9.610745945579476368e-01 -2.762260163618537878e-01 -5.900657322448635625e-03
-9.607823552334316952e-01 -2.772610721718647420e-01 -4.854884585584373809e-03
-9.605482350347707143e-01 -2.780873798002031494e-01 -3.808351378341017120e-03
-9.603727901225909136e-01 -2.787050108899431500e-01 -2.761714977558726858e-03
-9.602564060139167079e-01 -2.791141298794367342e-01 -1.715629496347346235e-03
-9.601992975619976223e-01 -2.793149928614017119e-01 -6.707460188190542301e-04
-9.602015093052298500e-01 -2.793079467353795087e-01 3.722872586682088227e-04
-9.602629161808413638e-01 -2.790934286537473663e-01 1.412824883380193672e-03
-9.603832245993634276e-01 -2.786719657594295407e-01 2.450224002783286600e-03
-9.605619738762702919e-01 -2.780441752114426457e-01 3.483844225378357300e-03
-9.607985380175155798e-01 -2.772107644924352021e-01 4.513047489279871892e-03
-9.610921278560150549e-01 -2.761725319904458353e-01 5.537197941952023972e-03
-9.614417935364097945e-01 -2.749303678452132971e-01 6.555661834421718306e-03
-9.618464273456769353e-01 -2.734852550475249666e-01 7.567807433181208965e-03
-9.623047668873289107e-01 -2.718382707782995289e-01 8.573004952871226755e-03
-9.628153985970383522e-01 -2.699905879723637492e-01 9.570626512698698213e-03
-9.633767615975471488e-01 -2.679434770902092144e-01 1.056004611939179681e-02
-9.639871518906381054e-01 -2.656983080794116381e-01 1.154063967932923707e-02
-9.646447268837778921e-01 -2.632565525058623845e-01 1.251178504230057546e-02
-9.653475102487546478e-01 -2.606197858335134732e-01 1.347286207916003481e-02
-9.660933971092426908e-01 -2.577896898299742445e-01 1.442325279542826591e-02
-9.668801595537149796e-01 -2.547680550740311634e-01 1.536234148267478367e-02
-9.677054524694947979e-01 -2.515567835399992180e-01 1.628951490927893486e-02
-9.685668196929860807e-01 -2.481578912327626063e-01 1.720416255191971680e-02
-9.694617004702500429e-01 -2.445735108464314189e-01 1.810567686888503794e-02
-9.703874362211024618e-01 -2.408058944187412842e-01 1.899345361601984319e-02
-9.713412775987989578e-01 -2.368574159526615486e-01 1.986689220585078838e-02
-9.723203918361528197e-01 -2.327305739761644232e-01 2.072539611013372168e-02
-9.733218703676068673e-01 -2.284279940107526441e-01 2.156837330577031017e-02
-9.743427367153560947e-01 -2.239524309191542328e-01 2.239523676373295427e-02
-9.753799546261109343e-01 -2.193067711025789290e-01 2.320540498032427207e-02
-9.764304364435051342e-01 -2.144940345180997576e-01 2.399830254978024824e-02
-9.774910516995052312e-01 -2.095173764870824906e-01 2.477336077690671379e-02
-9.785586359064865070e-01 -2.043800892661401802e-01 2.553001832811894328e-02
-9.796299995299148078e-01 -1.990856033528467794e-01 2.626772191893585878e-02
-9.807019371198344437e-01 -1.936374884994042367e-01 2.698592703566610532e-02
-9.817712365776306571e-01 -1.880394544086258224e-01 2.768409868871515855e-02
-9.828346885328276272e-01 -1.822953510879736783e-01 2.836171219464346874e-02
-9.838890958030176437e-01 -1.764091688389698986e-01 2.901825398381768437e-02
-9.849312829084254650e-01 -1.703850378610845817e-01 2.965322243022306542e-02
-9.859581056111000885e-01 -1.642272274511851760e-01 3.026612869974794340e-02
-9.869664604473310510e-01 -1.579401447818021553e-01 3.085649761301300503e-02
-9.879532942206177282e-01 -1.515283332438153996e-01 3.142386851860213409e-02
-9.889156134214049931e-01 -1.449964703416828649e-01 3.196779617235986914e-02
-9.898504935388557913e-01 -1.383493651320019113e-01 3.248785161825586826e-02
-9.907550882291782379e-01 -1.315919551989984670e-01 3.298362306618118217e-02
-9.916266383044809452e-01 -1.247293031634597316e-01 3.345471676193702282e-02
-9.924624805058098742e-01 -1.177665927246427657e-01 3.390075784460566677e-02
-9.932600560239387422e-01 -1.107091242377791912e-01 3.432139118645698150e-02
-9.940169187316535426e-01 -1.035623098329319369e-01 3.471628221054399999e-02
-9.947307430916960680e-01 -9.633166808411683379e-02 3.508511768117808516e-02
-9.953993317052262091e-01 -8.902281824075237993e-02 3.542760646254911050e-02
-9.960206224666198205e-01 -8.164147403661707603e-02 3.574348024086893699e-02
-9.965926952916509540e-01 -7.419343709454648272e-02 3.603249420556727672e-02
-9.971137783876002914e-01 -6.668458994806282514e-02 3.629442768525703578e-02
-9.975822540355877566e-01 -5.912088870396940699e-02 3.652908473441080633e-02
-9.979966638574335747e-01 -5.150835537263254160e-02 3.673629466694934564e-02
-9.983557135415968009e-01 -4.385306989518786974e-02 3.691591253323545790e-02
-9.986582770052065960e-01 -3.616116189921985552e-02 3.706781953729004070e-02
-9.989033999718759382e-01 -2.843880221654918744e-02 3.719192339139869297e-02
-9.990903029478418462e-01 -2.069219419860061915e-02 3.728815860565427853e-02
-9.992183835819914428e-01 -1.292756486639410826e-02 3.735648671037990198e-02
-9.992872183984845558e-01 -5.151155933488192271e-03 3.739689640979436402e-02
-9.992965638939389494e-01 2.630785258807339343e-03 3.740940366571431780e-02
-9.992463569944790569e-01 1.041201485395282927e-02 3.739405171053038213e-02
-9.991367148713290458e-01 1.818630160007344079e-02 3.735091098914399693e-02
-9.989679341170312199e-01 2.594743593682154181e-02 3.728007903000368078e-02
-9.987404892877524976e-01 3.368923900907565272e-02 3.718168024582932385e-02
-9.984550308204797053e-01 4.140557156793486793e-02 3.705586566505709306e-02
-9.981123823371680359e-01 4.909034272036665730e-02 3.690281259547107534e-02
-9.977135373510631622e-01 5.673751849006308801e-02 3.672272422190724778e-02
-9.972596553934426344e-01 6.434113015354250842e-02 3.651582914031663990e-02
-9.967520575818878958e-01 7.189528231728355145e-02 3.628238083085431193e-02
-9.961922216538809938e-01 7.939416070367710798e-02 3.602265707301548908e-02
-9.955817764919988599e-01 8.683203961580687746e-02 3.573695930616722222e-02
-9.949224961692340052e-01 9.420328905349732718e-02 3.542561193912029116e-02
-9.942162935449867511e-01 1.015023814556728216e-01 3.508896161264991181e-02
-9.934652134440382643e-01 1.087238980468259453e-01 3.472737641910292328e-02
-9.926714254523171244e-01 1.158625347682697149e-01 3.434124508342252524e-02
-9.918372163645060580e-01 1.229131077778166103e-01 3.393097611007797609e-02
-9.909649823194989215e-01 1.298705585045604738e-01 3.349699690050558787e-02
-9.900572206604068004e-01 1.367299582485040910e-01 3.303975284574877519e-02
-9.891165215562364166e-01 1.434865123178492852e-01 3.255970639902878300e-02
-9.881455594225186934e-01 1.501355636998190635e-01 3.205733613298521190e-02
-9.871470841780702887e-01 1.566725962638867153e-01 3.153313578629705211e-02
-9.861239123747282953e-01 1.630932374992197786e-01 3.098761330433241062e-02
-9.850789182363264285e-01 1.693932607909849342e-01 3.042128987837975848e-02
-9.840150246423911007e-01 1.755685872428815464e-01 2.983469898788772626e-02
-9.829351940910505681e-01 1.816152870558569721e-01 2.922838544998580812e-02
-9.818424196744804933e-01 1.875295804753908391e-01 2.860290448037773603e-02
-9.807397160988812201e-01 1.933078383220021013e-01 2.795882076949482431e-02
-9.796301107795107876e-01 1.989465821217200336e-01 2.729670757757106728e-02
-9.785166350397082047e-01 2.044424838551590629e-01 2.661714585205795375e-02
-9.774023154411518588e-01 2.097923653455400217e-01 2.592072337053736436e-02
-9.762901652708296796e-01 2.149931973075009661e-01 2.520803391201848279e-02
-9.751831762083719157e-01 2.200420980798375725e-01 2.447967645922198565e-02
-9.740843101955353189e-01 2.249363320664041488e-01 2.373625443416453248e-02
-9.729964915277445892e-01 2.296733079102940001e-01 2.297837496906128887e-02
-9.719225991857169955e-01 2.342505764271033131e-01 2.220664821426645771e-02
-9.708654594233313562e-01 2.386658283235727762e-01 2.142168668467364645e-02
-9.698278386260710260e-01 2.429168917281991635e-01 2.062410464570181221e-02
-9.688124364525890764e-01 2.470017295605254071e-01 1.981451753970021185e-02
-9.678218792702208972e-01 2.509184367657568693e-01 1.899354145331936736e-02
-9.668587138936197700e-01 2.546652374411272901e-01 1.816179262611594333e-02
-9.659254016341246585e-01 2.582404818800549950e-01 1.731988700038923981e-02
-9.650243126659939774e-01 2.616426435596048705e-01 1.646843981198701373e-02
-9.641689307440729495e-01 2.648343404439065796e-01 1.552583558011022200e-02
-9.633660590224633058e-01 2.677980433876192001e-01 1.449312694047289601e-02
-9.626224881740940154e-01 2.705164642398408259e-01 1.337139749447645125e-02
-9.619449498251757547e-01 2.729725472639014106e-01 1.216175845041833972e-02
-9.613400678458409176e-01 2.751494587189152741e-01 1.086534551663915875e-02
-9.608143076307150698e-01 2.770305747967952148e-01 9.483316090089295713e-03
-9.603739234894419496e-01 2.785994681394750594e-01 8.016846782671362831e-03
-9.600249042531799892e-01 2.798398931917339683e-01 6.467131326241787152e-03
-9.597729171893035760e-01 2.807357706751832938e-01 4.835378895347563870e-03
-9.596232503034941574e-01 2.812711714986014799e-01 3.122812884643209365e-03
-9.595807530966523613e-01 2.814303004488490356e-01 1.330670175485320446e-03
-9.596497758341462347e-01 2.811974800350265924e-01 -5.397990765599162705e-04
-9.598341073774233623e-01 2.805571348863289960e-01 -2.487331104640359489e-03
-9.601369116235227708e-01 2.794937771311525876e-01 -4.510647618722675098e-03
-9.605606625971210288e-01 2.779919932113723013e-01 -6.608454297375519759e-03
-9.611070782430198856e-01 2.760364326112217381e-01 -8.779438665838447398e-03
-9.617770529750074848e-01 2.736117990047403081e-01 -1.102226734748385471e-02
-9.625705890503742923e-01 2.707028443490909764e-01 -1.333558268070183205e-02
-9.634867268585842748e-01 2.672943664729217073e-01 -1.571799869862017945e-02
-9.645234742382183812e-01 2.633712107289702398e-01 -1.816809647495465363e-02
-9.656777349687943879e-01 2.589182762978264329e-01 -2.068441884570990791e-02
-9.669452366238628915e-01 2.539205277445748532e-01 -2.326546452346166249e-02
-9.683204580192324995e-01 2.483630124412307127e-01 -2.590968162858427182e-02
-9.697965565455608505e-01 2.422308844745968970e-01 -2.861546067007845334e-02
-9.713652957380166653e-01 2.355094356604134909e-01 -3.138112701762522938e-02
-9.730169735072772275e-01 2.281841342792991778e-01 -3.420493291615479131e-02
-9.747403515356277692e-01 2.202406721367092535e-01 -3.708504910456546927e-02
-9.765225864289942548e-01 2.116650205265317441e-01 -4.001955611122896828e-02
-9.783491633097775031e-01 2.024434956444677580e-01 -4.300643531051464435e-02
-9.802038326354559628e-01 1.925628339513502374e-01 -4.604355983666751084e-02
-9.820685511328878237e-01 1.820102779263405024e-01 -4.912868546385056739e-02
-9.839234278464823458e-01 1.707736725737785954e-01 -5.225944157383786981e-02
-9.857466764079609867e-01 1.588415729536641896e-01 -5.543332234549510490e-02
-9.875145747438751620e-01 1.462033628927293938e-01 -5.864767831253228647e-02
-9.892014335415394433e-01 1.328493848994465598e-01 -6.189970844772206549e-02
-9.907795748912521239e-01 1.187710811509956610e-01 -6.518645294245481447e-02
-9.922193226088269480e-01 1.039611452424973187e-01 -6.850478685969609016e-02
-9.934890058133476476e-01 8.841368418851859590e-02 -7.185141484561827219e-02
-9.945549773860830056e-01 7.212438994444551887e-02 -7.522286708984356196e-02
-9.953816489627790309e-01 5.509071947202897473e-02 -7.861549672576999270e-02
-9.959315441080019982e-01 3.731208211139214886e-02 -8.202547886024481871e-02
-9.961653712817264417e-01 1.879003274419708061e-02 -8.544881141528624935e-02
-9.960421181299861093e-01 -4.715310562218646973e-04 -8.888131795304445026e-02
-9.955191685085372777e-01 -2.046616998668964252e-02 -9.231865263819544198e-02
-9.945524434771588762e-01 -4.118470448085694013e-02 -9.575630746902270840e-02
-9.930965672793719001e-01 -6.261501935888053039e-02 -9.918962187922845952e-02
-9.911050590461416565e-01 -8.474187460607179867e-02 -1.026137947768584885e-01
-9.885305506321854230e-01 -1.075467254668821954e-01 -1.060238990446514679e-01
-9.853250306112832924e-01 -1.310075552431519130e-01 -1.094148984779049344e-01
-9.814401140259754186e-01 -1.550987243394035819e-01 -1.127816670821281952e-01
-9.768607555793650254e-01 -1.797163714877065555e-01 -1.159530370412797801e-01
-9.715528461678978323e-01 -2.047962840279766716e-01 -1.189267275466692336e-01
-9.654861590138831273e-01 -2.302723502157026092e-01 -1.217010247396229095e-01
-9.586346545474688785e-01 -2.560769142309149426e-01 -1.242748227764868679e-01
-9.509767353224674036e-01 -2.821411675032678423e-01 -1.266476586669904036e-01
-9.424954463728741905e-01 -3.083955699004951589e-01 -1.288197401489554472e-01
-9.331786174268118517e-01 -3.347702935268596081e-01 -1.307919660097753012e-01
-9.230189445388670144e-01 -3.611956812725136134e-01 -1.325659384305205857e-01
-9.120140099412850088e-01 -3.876027118680728800e-01 -1.341439671066256278e-01
-9.001662402054325662e-01 -4.139234630463785591e-01 -1.355290650839015565e-01
-8.874828041010203172e-01 -4.400915645007486554e-01 -1.367249364338061768e-01
-8.739754527953529362e-01 -4.660426326511615258e-01 -1.377359560711622632e-01
-8.596603062041713317e-01 -4.917146797720470253e-01 -1.385671421848407581e-01
-8.445575903497829495e-01 -5.170484907739357761e-01 -1.392241219019083598e-01
-8.286913314678351350e-01 -5.419879618347830386e-01 -1.397130909338391291e-01
-8.120890133058396021e-01 -5.664803961081928962e-01 -1.400407680561205348e-01
-7.947812045577342666e-01 -5.904767528541726707e-01 -1.402143453476547008e-01
-7.768011636719148738e-01 -6.139318475010974163e-01 -1.402414351627097600e-01
-7.581844283567823473e-01 -6.368045013135571475e-01 -1.401300148259784772e-01
-7.389683969977931532e-01 -6.590576404706439684e-01 -1.398883700318444834e-01
-7.191919089103088192e-01 -6.806583454182472126e-01 -1.395250378945124825e-01
-6.988948299060968594e-01 -7.015778523179171389e-01 -1.390487505392933032e-01
-6.781176490751975594e-01 -7.217915092511348885e-01 -1.384683800506872065e-01
-6.569010920086532090e-01 -7.412786905355733813e-01 -1.377928855039736444e-01
-6.352857549418085004e-01 -7.600226730602244185e-01 -1.370312627079170731e-01
-6.133117635124798461e-01 -7.780104789466766313e-01 -1.361924971809957141e-01
-5.910184590313638520e-01 -7.952326890977985396e-01 -1.352855207760703116e-01
-5.684441143788652173e-01 -8.116832323110114711e-01 -1.343191722620772077e-01
-5.456256808947593795e-01 -8.273591546235914418e-01 -1.333021620691190456e-01
-5.225985669324514360e-01 -8.422603734372690054e-01 -1.322430413076699507e-01
-4.993964481215481532e-01 -8.563894207558927496e-01 -1.311501750853774906e-01
-4.760511088304074101e-01 -8.697511795810349833e-01 -1.300317200674464269e-01
-4.525923138497788267e-01 -8.823526171641118410e-01 -1.288956061596182867e-01
-4.290477089316280801e-01 -8.942025184270928628e-01 -1.277495221366334865e-01
-4.054427485127778952e-01 -9.053112224531716379e-01 -1.266009049936871744e-01
-3.818006487276753291e-01 -9.156903645281344595e-01 -1.254569327633359710e-01
-3.581423636630740592e-01 -9.253526257949729050e-01 -1.243245205148863358e-01
-3.344865827230039668e-01 -9.343114921788424621e-01 -1.232103192366088701e-01
-3.108497469474997832e-01 -9.425810238550257347e-01 -1.221207172921613127e-01
-2.872460821551616750e-01 -9.501756361753983526e-01 -1.210618441402846468e-01
-2.636876468496226478e-01 -9.571098926434613574e-01 -1.200395760100584769e-01
-2.401843929355373941e-01 -9.633983102371287410e-01 -1.190595432316860491e-01
-2.167442374233735924e-01 -9.690551771235634826e-01 -1.181271389338995476e-01
-1.933731434572931451e-01 -9.740943825916935639e-01 -1.172475288326842030e-01
-1.700752091706924374e-01 -9.785292588449486795e-01 -1.164256618512592850e-01
-1.468527630542525997e-01 -9.823724341478550226e-01 -1.156662813273679896e-01
-1.237064647071438456e-01 -9.856356967035422301e-01 -1.149739365802661673e-01
-1.006354100296219523e-01 -9.883298685527673877e-01 -1.143529946258112218e-01
-7.763724010166517253e-02 -9.904646887264068056e-01 -1.138076518432879769e-01
-5.470825317519947828e-02 -9.920487048501496208e-01 -1.133419454117090830e-01
-3.183248762640118051e-02 -9.930894839734238921e-01 -1.129601343767476507e-01
-9.005622743302823391e-03 -9.935925563547088890e-01 -1.126621194739784587e-01
1.377689341709327150e-02 -9.935621459443084724e-01 -1.124476848779520088e-01
3.651973484195752961e-02 -9.930011757521467475e-01 -1.123165011084010512e-01
5.922759023708480675e-02 -9.919112776557656996e-01 -1.122681269133125465e-01
8.190505730461511424e-02 -9.902928065010601077e-01 -1.123020101439997642e-01
1.045565383693097816e-01 -9.881448584305695393e-01 -1.124174876422612546e-01
1.271861371118710171e-01 -9.854652934538333797e-01 -1.126137841645508675e-01
1.497975561905652009e-01 -9.822507623509036945e-01 -1.128900103729826160e-01
1.723939955645392152e-01 -9.784967380731081077e-01 -1.132451599281219246e-01
1.949780513735690779e-01 -9.741975518739962592e-01 -1.136781057240263682e-01
2.175516152794707836e-01 -9.693464344674751487e-01 -1.141875953120378012e-01
2.401157742339964929e-01 -9.639355625686980567e-01 -1.147722455665226293e-01
2.626707107066972302e-01 -9.579561112254852961e-01 -1.154305366532206584e-01
2.852156034839020138e-01 -9.513983123929243835e-01 -1.161608053691883524e-01
3.077485292365211289e-01 -9.442515202401896568e-01 -1.169612379325805640e-01
3.302663651496097197e-01 -9.365042837052357516e-01 -1.178298623107491006e-01
3.527646930101561162e-01 -9.281444268284023691e-01 -1.187645401863594991e-01
3.752377052608186214e-01 -9.191591373985049662e-01 -1.197629586734157009e-01
3.976781136455116439e-01 -9.095350644329417422e-01 -1.208226219081678238e-01
4.200770611967066803e-01 -8.992584249848695199e-01 -1.219408426537481882e-01
4.424240384425885964e-01 -8.883151207236756886e-01 -1.231147340718639765e-01
4.647068048428897868e-01 -8.766908646678849282e-01 -1.243412018297422456e-01
4.869113165929592202e-01 -8.643713183604223582e-01 -1.256169367254774127e-01
5.090216620635433786e-01 -8.513422396631057376e-01 -1.269384080296064032e-01
5.310200062654714115e-01 -8.375896412088966736e-01 -1.283018577546895245e-01
5.528865458400077371e-01 -8.230999593857333263e-01 -1.297032960773913945e-01
5.745994761725926603e-01 -8.078602335341179552e-01 -1.311384981484447210e-01
5.961349723050677341e-01 -7.918582948221341011e-01 -1.326030025342844754e-01
6.174671853738843419e-01 -7.750829640171265078e-01 -1.340921115393441110e-01
6.385682563235017817e-01 -7.575242571047584583e-01 -1.356008936592515146e-01
6.594083486293204066e-01 -7.391735974165685175e-01 -1.371241884116652932e-01
6.799557017071919951e-01 -7.200240326207251185e-01 -1.386566137824737088e-01
7.001767065812117830e-01 -7.000704546130352979e-01 -1.401925765097901955e-01
7.200360052230690977e-01 -6.793098200234377604e-01 -1.417262854059488375e-01
7.394966147605284146e-01 -6.577413687356689076e-01 -1.432517678879695056e-01
7.585200774766639453e-01 -6.353668375143769476e-01 -1.447628898493279470e-01
7.770666371838996778e-01 -6.121906655557465271e-01 -1.462533789601430378e-01
7.950954421582794307e-01 -5.882201885367608352e-01 -1.477168514291524737e-01
8.125647743625731279e-01 -5.634658175472956332e-01 -1.491468421994644467e-01
8.294323041772563299e-01 -5.379411991612698118e-01 -1.505368384817619420e-01
8.456553693043151743e-01 -5.116633528507114059e-01 -1.518803164544873796e-01
8.611912759213558033e-01 -4.846527819815519833e-01 -1.531707808820172156e-01
8.759976195566190338e-01 -4.569335547623419869e-01 -1.544018073208000275e-01
8.900326225458669027e-01 -4.285333517546738302e-01 -1.555670865020804539e-01
9.032554843386600973e-01 -3.994834769016715192e-01 -1.566604704006714088e-01
9.156267403649456238e-01 -3.698188294895631834e-01 -1.576760194250064473e-01
9.271086246748084791e-01 -3.395778350239900267e-01 -1.586080500972716356e-01
9.376654311464660552e-01 -3.088023336696359422e-01 -1.594511825366652924e-01
9.472638677409721542e-01 -2.775374256565398268e-01 -1.602003870165270294e-01
9.558687288988243491e-01 -2.457954300214535426e-01 -1.609335315350521323e-01
9.634526511647844016e-01 -2.136099162932756923e-01 -1.616471917924384716e-01
9.699893350646539014e-01 -1.810167392257660268e-01 -1.623380795783579966e-01
9.754537600051332857e-01 -1.480539897481012168e-01 -1.630030687457281469e-01
9.798223967104116028e-01 -1.147619221619565893e-01 -1.636392203624271180e-01
9.830734143473041087e-01 -8.118285771173640308e-02 -1.642438066795993690e-01
9.851868794719214062e-01 -4.736106505145078888e-02 -1.648143335508649443e-01
9.861449439729783606e-01 -1.334261853813672322e-02 -1.653485609404452550e-01
9.859320192926601667e-01 2.082476431300658154e-02 -1.658445211703156452e-01
9.845349343761901073e-01 5.509190448378559896e-02 -1.663005345770977028e-01
9.819430750344462222e-01 8.940836012175407133e-02 -1.667152222783369886e-01
9.781485026964717999e-01 1.237226397925280802e-01 -1.670875157846123671e-01
9.731460508746273552e-01 1.579824275986263238e-01 -1.674166632378414898e-01
9.669333980564834841e-01 1.921348172165687485e-01 -1.677022321061703014e-01
9.595111161645686337e-01 2.261265517366126965e-01 -1.679441082207153713e-01
9.508826941764934038e-01 2.599042660921039305e-01 -1.681424910977289411e-01
9.410545369614461420e-01 2.934147288418166299e-01 -1.682978855499114856e-01
9.300359398516703235e-01 3.266050801202677323e-01 -1.684110896509639077e-01
9.178390399163040003e-01 3.594230626967201414e-01 -1.684831791764118958e-01
9.044787453273412936e-01 3.918172432798734950e-01 -1.685154886996684809e-01
8.899726445918453299e-01 4.237372214661977443e-01 -1.685095895737802885e-01
8.743408977606813570e-01 4.551338240475607533e-01 -1.684672650750640710e-01
8.576061120034463858e-01 4.859592827585975661e-01 -1.683904830238523720e-01
8.397932041554965199e-01 5.161673939452406934e-01 -1.682813662290681134e-01
8.209292529917432413e-01 5.457136590612284843e-01 -1.681421611268637539e-01
8.010433440612019229e-01 5.745554053371261238e-01 -1.679752049989128859e-01
7.801664099263556640e-01 6.026518864044484447e-01 -1.677828921632410486e-01
7.583310685945535701e-01 6.299643630844183884e-01 -1.675676395301059773e-01
7.355714628090778140e-01 6.564561649562046242e-01 -1.673318519079984024e-01
7.119231026909621507e-01 6.820927336938610308e-01 -1.670778874311424633e-01
6.874227139961618382e-01 7.068416494967812991e-01 -1.668080234608887435e-01
6.621080939842176605e-01 7.306726422290278355e-01 -1.665244232901691712e-01
6.360179765926384787e-01 7.535575891237717983e-01 -1.662291039538283943e-01
6.091919082846136702e-01 7.754705010973079737e-01 -1.659239054192673535e-01
5.816701355950333330e-01 7.963874998512328052e-01 -1.656104614024937471e-01
5.534935050495208841e-01 8.162867880213545702e-01 -1.652901720253484863e-01
5.247033757810932730e-01 8.351486146589290893e-01 -1.649641785012322948e-01
4.953415448263294163e-01 8.529552383060919896e-01 -1.646333400098131117e-01
4.654501847539362913e-01 8.696908898559242429e-01 -1.642982128965195521e-01
4.350717929689238428e-01 8.853417372720919776e-01 -1.639590323105152847e-01
4.042491517500120812e-01 8.998958540875185985e-01 -1.636156963755317495e-01
3.730252978203801861e-01 9.133431934104286887e-01 -1.632677529714734732e-01
3.414435000257290964e-01 9.256755689438224133e-01 -1.629143891910021791e-01
3.095472435015342860e-01 9.368866442755234836e-01 -1.625544235241132285e-01
2.773802185554662958e-01 9.469719314248867814e-01 -1.621863008146692819e-01
2.449863123729609793e-01 9.559287993435023889e-01 -1.618080900254755816e-01
2.124096015751886224e-01 9.637564927652018110e-01 -1.614174848422075259e-01
1.796943436202510236e-01 9.704561614897372346e-01 -1.610118071407108387e-01
1.468849650411308827e-01 9.760308998690894189e-01 -1.605880133362332651e-01
1.140260445582642335e-01 9.804857959499576614e-01 -1.601427036263465276e-01
8.116228919087795091e-02 9.838279894152424099e-01 -1.596721341310348430e-01
4.833850161937074813e-02 9.860667371660772895e-01 -1.591722319230600702e-01
1.559953722056000441e-02 9.872134850992581034e-01 -1.586386129287385149e-01
-1.700975059239227122e-02 9.872819443680420637e-01 -1.580666026632543686e-01
-4.944457784470451117e-02 9.862881701727458372e-01 -1.574512597452865925e-01
-8.166031112328069053e-02 9.842506409170042048e-01 -1.567874021128890794e-01
-1.136125628637660867e-01 9.811903353916491266e-01 -1.560696358362481106e-01
-1.452573009685657057e-01 9.771308055165354167e-01 -1.552923863933446669e-01
-1.765509725510920613e-01 9.720982420865753593e-01 -1.544499322420601062e-01
-2.074506412118885257e-01 9.661215309365746018e-01 -1.535364404874660638e-01
-2.379141368523886024e-01 9.592322969642389507e-01 -1.525460044067098175e-01
-2.679002166303644517e-01 9.514649335349998349e-01 -1.514726825569999158e-01
-2.973687352669453499e-01 9.428566149378471151e-01 -1.503105391558258452e-01
-3.262808225385182004e-01 9.334472897684001902e-01 -1.490536853879471102e-01
-3.545990654383798235e-01 9.232796533824634277e-01 -1.476963212621828780e-01
-3.822876921833440744e-01 9.123990978868600221e-01 -1.462327776139825120e-01
-4.093127549800095188e-01 9.008536385089405130e-01 -1.446575578284953478e-01
-4.356423082637966848e-01 8.886938156043212578e-01 -1.429653788446441087e-01
-4.612465789897894353e-01 8.759725720146425143e-01 -1.411512109946520266e-01
-4.860981254949600094e-01 8.627451059622220919e-01 -1.392103162364904390e-01
-5.101719814716919599e-01 8.490687001536960654e-01 -1.371382843494492743e-01
-5.334457816955450182e-01 8.350025282462810727e-01 -1.349310666858273555e-01
-5.558998663363219350e-01 8.206074402937568735e-01 -1.325850071045870382e-01
-5.775173609484254289e-01 8.059457292201709366e-01 -1.300968697553455122e-01
-5.982842295792634157e-01 7.910808807536511278e-01 -1.274638634325349074e-01
-6.181892988455215399e-01 7.760773095777311337e-01 -1.246836622788481674e-01
-6.372242512965656802e-01 7.610000847120719225e-01 -1.217544226827591280e-01
-6.553835869001657377e-01 7.459146473094281360e-01 -1.186747962852405108e-01
-6.726645520347316332e-01 7.308865241447998207e-01 -1.154439390838623569e-01
-6.890670359399360123e-01 7.159810400724955226e-01 -1.120615166961448500e-01
-7.045934351492186831e-01 7.012630326369988509e-01 -1.085277059162113172e-01
-7.192484869887453280e-01 6.867965718469059011e-01 -1.048431927673055680e-01
-7.330390737643170951e-01 6.726446878636683779e-01 -1.010091673155734393e-01
-7.459739997583143545e-01 6.588691090271217021e-01 -9.702731556581480066e-02
-7.580637436127271034e-01 6.455300122489361359e-01 -9.289980880609093050e-02
-7.693201890736437454e-01 6.326857873663424003e-01 -8.862929080383025182e-02
-7.797563374117112422e-01 6.203928165763588076e-01 -8.421886328046265802e-02
-7.893860051090771934e-01 6.087052695808360392e-01 -7.967207010404489531e-02
-7.982235106157619109e-01 5.976749145808429864e-01 -7.499288063960385387e-02
-8.062833541292051542e-01 5.873509447809946993e-01 -7.018567268517240942e-02
-8.135798944438609182e-01 5.777798196153767218e-01 -6.525521539821180217e-02
-8.201270269587931372e-01 5.690051195007942431e-01 -6.020665258310346074e-02
-8.259378669270381890e-01 5.610674125728213335e-01 -5.504548666671200269e-02
-8.310244419884895706e-01 5.540041315765608099e-01 -4.977756363695280684e-02
-8.353973979557566265e-01 5.478494588763374029e-01 -4.440905916029865008e-02
-8.390657217269770207e-01 5.426342174240337268e-01 -3.894646602981746697e-02
-8.420364850870952766e-01 5.383857654897614697e-01 -3.339658302732376877e-02
-8.443146130344673095e-01 5.351278930144320878e-01 -2.776650521328164617e-02
-8.459026801358677794e-01 5.328807175929932693e-01 -2.206361558797442085e-02
-8.468007382710964759e-01 5.316605783391699092e-01 -1.629557799891407158e-02
-8.470391995606640911e-01 5.314244248652425506e-01 -1.061518121128186137e-02
-8.466316272559907263e-01 5.321556183080922153e-01 -5.029209887086285267e-03
-8.455890487775207243e-01 5.338342069355086483e-01 4.558295786786957168e-04
-8.439201440471457705e-01 5.364371038131428016e-01 5.833715132621032813e-03
-8.416314561243322112e-01 5.399382590391595960e-01 1.109851628824821274e-02
-8.387276205434315290e-01 5.443088282519982224e-01 1.624460248914284116e-02
-8.352116097429541641e-01 5.495173391908380056e-01 2.126665254926672632e-02
-8.310849889790208334e-01 5.555298580866875335e-01 2.615966506241674400e-02
-8.263481801276928440e-01 5.623101575885534054e-01 3.091896962773550001e-02
-8.210007298082762084e-01 5.698198877893172476e-01 3.554023869651852519e-02
-8.150415783064943742e-01 5.780187517164488975e-01 4.001949980861606998e-02
-8.084693258473957256e-01 5.868646864014355202e-01 4.435314795563505275e-02
-8.012824928676723912e-01 5.963140503478450150e-01 4.853795778388308307e-02
-7.934797710699206252e-01 6.063218178912800349e-01 5.257109533335342644e-02
-7.850602622106590545e-01 6.168417805958867906e-01 5.645012900060399075e-02
-7.760237017819107130e-01 6.278267554728622635e-01 6.017303941347352386e-02
-7.663706649937517268e-01 6.392287994480693181e-01 6.373822791428726542e-02
-7.561027527517840685e-01 6.509994291598342198e-01 6.714452336534917909e-02
-7.452227556467142522e-01 6.630898448452160476e-01 7.039118701565090508e-02
-7.337347943291642194e-01 6.754511567836378738e-01 7.347791520014368416e-02
-7.216444350259934026e-01 6.880346125197124296e-01 7.640483968168113038e-02
-7.089587793578516761e-01 7.007918228898684099e-01 7.917252548970354908e-02
-6.956865280333569546e-01 7.136749847357130028e-01 8.178196615759389387e-02
-6.818380184142923683e-01 7.266370981047405309e-01 8.423457631096849252e-02
-6.674252363591939297e-01 7.396321757177261036e-01 8.653218161048989443e-02
-6.524618031502047444e-01 7.526154425215453303e-01 8.867700610361443914e-02
-6.369629386809867455e-01 7.655435232438014825e-01 9.067165708857520545e-02
-6.209454024233853620e-01 7.783746160171988171e-01 9.251910763951584626e-02
-6.044274139900497333e-01 7.910686503410678805e-01 9.422267698284804427e-02
-5.874285553632632162e-01 8.035874278874453047e-01 9.578600895061059606e-02
-5.699696570623011826e-01 8.158947449312139444e-01 9.721304876608732881e-02
-5.520726706698569908e-01 8.279564954789265796e-01 9.850801843965796556e-02
-5.337605302313214173e-01 8.397407544796854362e-01 9.967539106852128794e-02
-5.150570050795216792e-01 8.512178408145444353e-01 1.007198643424962042e-01
-4.959865466240775955e-01 8.623603600694762505e-01 1.016463335597530826e-01
-4.765741315823665558e-01 8.731432273928756427e-01 1.024598644514418816e-01
-4.568451040229846716e-01 8.835436710147085426e-01 1.031656661033254624e-01
-4.368250184482542209e-01 8.935412172547821941e-01 1.037690642463968554e-01
-4.165394859661425975e-01 9.031176580675072119e-01 1.042754751678635072e-01
-3.960140254006996319e-01 9.122570023565880204e-01 1.046903804696865808e-01
-3.752739209706894563e-01 9.209454124432847610e-01 1.050193028749657059e-01
-3.543440879352607320e-01 9.291711271854720122e-01 1.052677832537476793e-01
-3.332489473696990667e-01 9.369243733220764536e-01 1.054413590101622999e-01
-3.120123109994524246e-01 9.441972666600231268e-01 1.055455439429398429e-01
-2.906572767919706757e-01 9.509837047308298263e-01 1.055858096620492376e-01
-2.692061357879602101e-01 9.572792525244070427e-01 1.055675686160262444e-01
-2.476802904501264058e-01 9.630810228618940094e-01 1.054961587580446891e-01
-2.261001846212377375e-01 9.683875529012512251e-01 1.053768298543220072e-01
-2.044852450164722779e-01 9.731986781827602906e-01 1.052147314163387748e-01
-1.828538340288122510e-01 9.775154055204879899e-01 1.050149022187849279e-01
-1.612079946044000511e-01 9.813410452587122412e-01 1.047938819161179091e-01
-1.395631344785174810e-01 9.846780615716266283e-01 1.045527085210493229e-01
-1.179343077930407463e-01 9.875295614008453571e-01 1.042923136870133466e-01
-9.633621038165474104e-02 9.898992595021542940e-01 1.040135225839694810e-01
-7.478317745924369098e-02 9.917914454521029599e-01 1.037170543154099928e-01
-5.328918340209274490e-02 9.932109527382785297e-01 1.034035228451930244e-01
-3.186784330785233377e-02 9.941631300182275366e-01 1.030734384027419959e-01
-1.053241603021894818e-02 9.946538145952545928e-01 1.027272093354135163e-01
1.070419160744747605e-02 9.946893081249619240e-01 1.023651443773756775e-01
3.182941970322904907e-02 9.942763545345575382e-01 1.019874553050965638e-01
5.283104954155673494e-02 9.934221201077796382e-01 1.015942599504609245e-01
7.369719748432843054e-02 9.921341756618181629e-01 1.011855855435601498e-01
9.441630872224221482e-02 9.904204807189068704e-01 1.007613723582878457e-01
1.149771511005298757e-01 9.882893695543002455e-01 1.003214776349788673e-01
1.353688092123449815e-01 9.857495389841232081e-01 9.986567975541683906e-02
1.555806789312925986e-01 9.828100377410392552e-01 9.939368264657268137e-02
1.756024625322367416e-01 9.794802572727685508e-01 9.890512039039975334e-02
1.954241645268193217e-01 9.757699237881289900e-01 9.839956201787980472e-02
2.150360883172822146e-01 9.716890913673932317e-01 9.787651646627493207e-02
2.344288337493984908e-01 9.672481359482700825e-01 9.733543767918420575e-02
2.535932956227711088e-01 9.624577499956391557e-01 9.677572982952727110e-02
2.725206631946157643e-01 9.573289376622021729e-01 9.619675264598059883e-02
2.912024206915695412e-01 9.518730102483708988e-01 9.559782682368146711e-02
3.096303488232064471e-01 9.461015817728889443e-01 9.497823950019813888e-02
3.277965272709417177e-01 9.400265644707849200e-01 9.433724977785562515e-02
3.456933381070032008e-01 9.336601640421711146e-01 9.367409427351858220e-02
3.633134700802738148e-01 9.270148744840235322e-01 9.298799267688558079e-02
3.806499236891913163e-01 9.201034723472905075e-01 9.227815329826027924e-02
3.976960169466500772e-01 9.129390102733546675e-01 9.154377858665696532e-02
4.144453917280993549e-01 9.055348096768767174e-01 9.078407059899110121e-02
4.308920205818838056e-01 8.979044524562489471e-01 8.999823640102305733e-02
4.470302138704175254e-01 8.900617716281191694e-01 8.918549338068579302e-02
4.628546271021187208e-01 8.820208407985536958e-01 8.834507445445680118e-02
4.783602683072267769e-01 8.737959624002213932e-01 8.747623314755019475e-02
4.935425053057429512e-01 8.654016546423153322e-01 8.657824852892484491e-02
5.083970727128254152e-01 8.568526371375986272e-01 8.565042998244482009e-02
5.229200785260547102e-01 8.481638151887644916e-01 8.469212179600218993e-02
5.371080101400740325e-01 8.393502627340478917e-01 8.370270755103000060e-02
5.509577396371916347e-01 8.304272039695028695e-01 8.268161429560257070e-02
5.644665282075643775e-01 8.214099936823684445e-01 8.162831648524440653e-02
5.776320295595148702e-01 8.123140963462917030e-01 8.054233967664886640e-02
5.904522921892756404e-01 8.031550640446526446e-01 7.942326396074005090e-02
6.029257603899046414e-01 7.939485133026743524e-01 7.827072712288883627e-02
6.150512738911458888e-01 7.847101009222158252e-01 7.708442751960686845e-02
6.268280660354644818e-01 7.754554989249937691e-01 7.586412666267693117e-02
6.382557604102053750e-01 7.662003687203131630e-01 7.460965150341745955e-02
6.493343658716121958e-01 7.569603346220995510e-01 7.332089641160435822e-02
6.600642699131081814e-01 7.477509568470239731e-01 7.199782484546245198e-02
6.704462303475610119e-01 7.385877041307308266e-01 7.064047071106899223e-02
6.804813652910143285e-01 7.294859261025802288e-01 6.924893941145723875e-02
6.901577435390038318e-01 7.204793028216038842e-01 6.776343888460505116e-02
6.994681632394547099e-01 7.115926663304833477e-01 6.618297481194289344e-02
7.084060095262783019e-01 7.028512094042932423e-01 6.450676958168483077e-02
7.169652439558158452e-01 6.942803978709880530e-01 6.273426657571425091e-02
7.251403859324855317e-01 6.859058799844764964e-01 6.086513365856290741e-02
7.329264861590923941e-01 6.777533933944037692e-01 5.889926587199801472e-02
7.403190922509111926e-01 6.698486702461386999e-01 5.683678734900533130e-02
7.473142067572418057e-01 6.622173409238159003e-01 5.467805247073261737e-02
7.539082379382083809e-01 6.548848369192654673e-01 5.242364629900748974e-02
7.600979437467508815e-01 6.478762932712048839e-01 5.007438432515234211e-02
7.658803695647485865e-01 6.412164509733618845e-01 4.763131158279056143e-02
7.712527803368470769e-01 6.349295596986727075e-01 4.509570117800396072e-02
7.762125878348057340e-01 6.290392811309841736e-01 4.246905229442085594e-02
7.807572738681640701e-01 6.235685931375783975e-01 3.975308773348298214e-02
7.848843103330156445e-01 6.185396949572541381e-01 3.694975105118869507e-02
7.885910770591050278e-01 6.139739135216292221e-01 3.406120335201107824e-02
7.918747784758926045e-01 6.098916109738052871e-01 3.108981979845415120e-02
7.947323601703426554e-01 6.063120934005593599e-01 2.803818589089042065e-02
7.971604264527536454e-01 6.032535207537479405e-01 2.490909356701083086e-02
7.991551600818045387e-01 6.007328179054477468e-01 2.170553716354445967e-02
8.007122453259909456e-01 5.987655867611993976e-01 1.843070927503698275e-02
8.018267955556244164e-01 5.973660193480275771e-01 1.508799653561464227e-02
8.024932865673697346e-01 5.965468117999329634e-01 1.168097534003444821e-02
8.027054968416360570e-01 5.963190791842294392e-01 8.213407510188341920e-03
8.024564559216375015e-01 5.966922711480919794e-01 4.689235902866503714e-03
8.017384020811061385e-01 5.976740884162721201e-01 1.112579944287588052e-03
8.005427504148469042e-01 5.992704002380561112e-01 -2.512268933023753103e-03
7.988600724417938004e-01 6.014851629636991381e-01 -6.180851984678865582e-03
7.966800882530806760e-01 6.043203400268583048e-01 -9.888548022112171945e-03
7.939916721668734967e-01 6.077758237186091650e-01 -1.363057850240973097e-02
7.907828727662725710e-01 6.118493592586570218e-01 -1.740201289457577946e-02
7.870409480954104753e-01 6.165364717980581499e-01 -2.119777438010530049e-02
7.827524166709221021e-01 6.218303971224211635e-01 -2.501264594724946985e-02
7.779031248303518442e-01 6.277220169619717183e-01 -2.884127693764585235e-02
7.724783307851019742e-01 6.341997999514425999e-01 -3.267819010090757675e-02
7.664628055728339717e-01 6.412497494145199539e-01 -3.651778920725843453e-02
7.598409509128180028e-01 6.488553592702499540e-01 -4.035436726036732702e-02
7.525969337580957763e-01 6.569975794678691861e-01 -4.418211534225771620e-02
7.447148371115510646e-01 6.656547924473142919e-01 -4.799513210971269317e-02
7.361788264308145591e-01 6.748028021905195795e-01 -5.178743394722019194e-02
7.269733306918149118e-01 6.844148374689764669e-01 -5.555296576555360244e-02
7.170832369159279018e-01 6.944615709016178640e-01 -5.928561241799717302e-02
7.064940966950332690e-01 7.049111554100638832e-01 -6.297921068852511961e-02
6.951923429770645591e-01 7.157292795923629880e-01 -6.662756178852312361e-02
6.831655151071995835e-01 7.268792434291083682e-01 -7.022444428155689977e-02
6.704024898626356199e-01 7.383220555856478962e-01 -7.376362733994012988e-02
6.568937159783173607e-01 7.500165533805460694e-01 -7.723888422314657831e-02
6.426314494436784486e-01 7.619195462541924480e-01 -8.064400585714920355e-02
