1.000000000000000000e+00 0.000000000000000000e+00 0.000000000000000000e+00
9.999999956076996988e-01 3.868786315829117749e-05 -8.536915777512886060e-05
9.999999583513026202e-01 1.337317085887836749e-04 -2.557605473563375051e-04
9.999998237400857803e-01 3.027205908125401961e-04 -5.107648646572863398e-04
9.999994802566183338e-01 5.631515799783047647e-04 -8.499108231175391340e-04
9.999987554613541940e-01 9.324168896007092172e-04 -1.272665563598004068e-03
9.999973992901183273e-01 1.427791029586995483e-03 -1.778435068573652050e-03
9.999950646367895546e-01 2.066417952497418692e-03 -2.366564569476722110e-03
9.999912853250758626e-01 2.865298149854244095e-03 -3.036338935054245375e-03
9.999854515847018677e-01 3.841275643054179248e-03 -3.786983027840504050e-03
9.999767831586467981e-01 5.011024800242774163e-03 -4.617662015329459732e-03
9.999643001793395714e-01 6.391036896588086005e-03 -5.527481622183347265e-03
9.999467919630249391e-01 7.997606320972803010e-03 -6.515488309848110546e-03
9.999227838829553017e-01 9.846816317452862163e-03 -7.580669370278094593e-03
9.998905024937423391e-01 1.195452413516519090e-02 -8.721952921112711976e-03
9.998478390912436398e-01 1.433634544598090532e-02 -9.938207790604943609e-03
9.997923119048804930e-01 1.700763787537998631e-02 -1.122824328188106423e-02
9.997210271324168396e-01 1.998348347906987732e-02 -1.259080880771510681e-02
9.996306390410943932e-01 2.327866998609698021e-02 -1.402459338892940444e-02
9.995173093737336201e-01 2.690767061893301754e-02 -1.552822501177952841e-02
9.993766663140797313e-01 3.088462229259589589e-02 -1.710026984223986246e-02
9.992037632823739246e-01 3.522330198863687228e-02 -1.873923129796252474e-02
9.989930378499251029e-01 3.993710109615208892e-02 -2.044354898182057512e-02
9.987382710803611729e-01 4.503899751122568407e-02 -2.221159748434460568e-02
9.984325476252368103e-01 5.054152528875779926e-02 -2.404168506599285368e-02
9.980682169226866574e-01 5.645674164685190316e-02 -2.593205223402570217e-02
9.976368558697226163e-01 6.279619113420749354e-02 -2.788087023274630344e-02
9.971292333613749337e-01 6.957086678565606308e-02 -2.988623946997333650e-02
9.965352771129116771e-01 7.679116811044503499e-02 -3.194618790677532238e-02
9.958440432044881607e-01 8.446685578244959858e-02 -3.405866944165602400e-02
9.950436888103534327e-01 9.260700293147565432e-02 -3.622156232446602925e-02
9.941214485966505254e-01 1.012199429704645215e-01 -3.843266763924739482e-02
9.930636152922899251e-01 1.103132139349191077e-01 -4.068970789890666295e-02
9.918555249556476605e-01 1.198934993583662123e-01 -4.299032579796047138e-02
9.904815474751614834e-01 1.299665657611843439e-01 -4.533208317250073810e-02
9.889250828534051907e-01 1.405371968895872126e-01 -4.771246021887130123e-02
9.871685638309742883e-01 1.516091249067600399e-01 -5.012885502421601108e-02
9.851934654075338305e-01 1.631849588087534442e-01 -5.257858346292733354e-02
9.829803218116239805e-01 1.752661104132403058e-01 -5.505887951297076116e-02
9.805087514572639051e-01 1.878527183489482888e-01 -5.756689604496185303e-02
9.777574904030007508e-01 2.009435705566138819e-01 -6.009970613461235178e-02
9.747044347968560896e-01 2.145360258975805567e-01 -6.265430494563301034e-02
9.713266927477275381e-01 2.286259355523939663e-01 -6.522761222529079028e-02
9.676006460094513928e-01 2.432075649774325110e-01 -6.781647544849446485e-02
9.635020217973314649e-01 2.582735172710572402e-01 -7.041767363847881156e-02
9.590059749781213450e-01 2.738146588800947634e-01 -7.302792188285825437e-02
9.540871807830941798e-01 2.898200486506498641e-01 -7.564387655304814773e-02
9.487199380901557566e-01 3.062768712921349890e-01 -7.826214122287190877e-02
9.428782832054859453e-01 3.231703763777858396e-01 -8.087927326869805145e-02
9.365361139488554976e-01 3.404838240465788979e-01 -8.349179111884873217e-02
9.296673237108825649e-01 3.581984385982112662e-01 -8.609618210451200349e-02
9.222459450067925779e-01 3.762933711826060845e-01 -8.868891084824942483e-02
9.142463019018700621e-01 3.947456727764493967e-01 -9.126642810975230113e-02
9.056431705312560920e-01 4.135302786100232275e-01 -9.382517999214673443e-02
8.964119467839299915e-01 4.326200051569366045e-01 -9.636161739631102230e-02
8.865288200707598376e-01 4.519855607265980124e-01 -9.887220559581712254e-02
8.759709519527923982e-01 4.715955706042778139e-01 -1.013534337917365857e-01
8.647166582719482131e-01 4.914166175668312486e-01 -1.038018244951698088e-01
8.527455933054826076e-01 5.114132984646698743e-01 -1.062139425764725142e-01
8.400389343613253734e-01 5.315482974041131348e-01 -1.085864038142525245e-01
8.265795651468481609e-01 5.517824758911834548e-01 -1.109158827747412229e-01
8.123522561814549015e-01 5.720749801111845168e-01 -1.131991198534980092e-01
7.973438404858895767e-01 5.923833653215215822e-01 -1.154329273168962500e-01
7.815433827699208580e-01 6.126637371320909908e-01 -1.176141941906840294e-01
7.649423403559988399e-01 6.328709092424219529e-01 -1.197398898572200471e-01
7.475347141197178358e-01 6.529585770019742386e-01 -1.218070662417398975e-01
7.293171877977701056e-01 6.728795059639660625e-01 -1.238128584910638402e-01
7.102892541090460865e-01 6.925857344180287312e-01 -1.257544840752301551e-01
6.904533262523526727e-01 7.120287887167120466e-01 -1.276292402732117082e-01
6.698148334819172822e-01 7.311599100587284905e-01 -1.294345000375970445e-01
6.483822996158863372e-01 7.499302912605018134e-01 -1.311677062692265527e-01
6.261674034994340055e-01 7.682913219389599924e-01 -1.328263645704956808e-01
6.031850206186576413e-01 7.861948404436056581e-01 -1.344080345845183322e-01
5.794532452398757361e-01 8.035933908148240601e-01 -1.359103200656668897e-01
5.549933926271291007e-01 8.204404830073483978e-01 -1.373308578642191691e-01
5.298299810648452457e-01 8.366908546011601056e-01 -1.386673060429862159e-01
5.039906935795093190e-01 8.523007322244436912e-01 -1.399173313759224380e-01
4.775063194112499909e-01 8.672280909315512876e-01 -1.410785965069321635e-01
4.504106754317651617e-01 8.814329098098030446e-01 -1.421487470705490308e-01
4.227405078381604175e-01 8.948774221287144615e-01 -1.431253990941350474e-01
3.945353745731658979e-01 9.075263583902328790e-01 -1.440061270130887916e-01
3.658375090318628509e-01 9.193471806853718009e-01 -1.447884526357574309e-01
3.366916657153511405e-01 9.303103068082961835e-01 -1.454698353929440580e-01
3.071449485853018357e-01 9.403893226211417211e-01 -1.460476641978635803e-01
2.772466229631611045e-01 9.495611812001969465e-01 -1.465192512260578284e-01
2.470479119073269170e-01 9.578063873260534988e-01 -1.468818279012202022e-01
2.166017780943886306e-01 9.651091659074928497e-01 -1.471325433423500695e-01
1.859626923297926226e-01 9.714576129528542658e-01 -1.472684654905636881e-01
1.551863899218922649e-01 9.768438277260446112e-01 -1.472865850907981167e-01
1.243296162733576460e-01 9.812640247507569136e-01 -1.471838226552740492e-01
9.344986317649608965e-02 9.847186243601274702e-01 -1.469570384828004506e-01
6.260509744415393429e-02 9.872123205347610453e-01 -1.466030457518111285e-01
3.185348366422726535e-02 9.887541248348028500e-01 -1.461186266465496486e-01
1.253103030721989392e-03 9.893573853164513432e-01 -1.455005514163053015e-01
-2.913832962628409157e-02 9.890397794345083815e-01 -1.447456002083746529e-01
-5.926374832087433209e-02 9.878232800740037733e-01 -1.438505874578734078e-01
-8.906701544964262807e-02 9.857340940283163544e-01 -1.428123885630732948e-01
-1.184931957897120969e-01 9.828025724498652416e-01 -1.416279685250084741e-01
-1.474888222344693522e-01 9.790630930421232447e-01 -1.402944121860592308e-01
-1.760021504527319314e-01 9.745539140363995712e-01 -1.388089556653618883e-01
-2.039833996040916475e-01 9.693170002997253398e-01 -1.371690185603609002e-01
-2.313849762371704144e-01 9.633978222456099916e-01 -1.353722364645760790e-01
-2.581616785451134599e-01 9.568451285600984013e-01 -1.334164933424400734e-01
-2.842708782590707139e-01 9.497106941026530746e-01 -1.312999533033319122e-01
-3.096726776291814920e-01 9.420490446849858479e-01 -1.290210913288549754e-01
-3.343300391751708456e-01 9.339171607603943270e-01 -1.265787225298132535e-01
-3.582088861843678584e-01 9.253741623604823108e-01 -1.239720295417248708e-01
-3.812781722907601645e-01 9.164809778846615407e-01 -1.212005877092314360e-01
-4.035099188793429548e-01 9.072999995706217957e-01 -1.182643877592544912e-01
-4.248792195181279596e-01 8.978947286423635266e-01 -1.151638557187626699e-01
-4.453642111165219131e-01 8.883294132395304077e-01 -1.118998698938501318e-01
-4.649460120326331936e-01 8.786686822728947410e-01 -1.084737747906085320e-01
-4.836086278916178482e-01 8.689771783236487357e-01 -1.048873919230040863e-01
-5.013388264200338007e-01 8.593191926089607247e-01 -1.011430275166090437e-01
-5.181259831348428158e-01 8.497583048761041535e-01 -9.724347717758048681e-02
-5.339619002380912027e-01 8.403570308680102796e-01 -9.319202765183740023e-02
-5.488406015481641642e-01 8.311764797324304732e-01 -8.899245584825477007e-02
-5.627581067358409239e-01 8.222760234352505249e-01 -8.464902534041354731e-02
-5.757121885196971878e-01 8.137129798978354200e-01 -8.016648059286356209e-02
-5.877021168039732180e-01 8.055423112218199622e-01 -7.555003917915954770e-02
-5.987283940079185518e-01 7.978163380064505761e-01 -7.080538226967333926e-02
-6.087924860357016854e-01 7.905844704175684079e-01 -6.593864366729881854e-02
-6.178965534687632655e-01 7.838929563473806539e-01 -6.095639765895610740e-02
-6.260431876279609620e-01 7.777846467232011340e-01 -5.586564593092794434e-02
-6.332351561521228911e-01 7.722987777928763675e-01 -5.067380376751116910e-02
-6.394751626746458806e-01 7.674707700444023395e-01 -4.538868571651340222e-02
-6.447656250529639754e-01 7.633320433148607087e-01 -4.001849086328383015e-02
-6.491084764196357604e-01 7.599098476144069414e-01 -3.457178780893981757e-02
-6.525049930808547449e-01 7.572271092371023471e-01 -2.905749940007281221e-02
-6.549556529903882707e-01 7.553022918515468476e-01 -2.348488720839796845e-02
-6.564600281757586586e-01 7.541492724572997908e-01 -1.786353571147903177e-02
-6.570167140897630320e-01 7.537772323517976103e-01 -1.220333608169928488e-02
-6.566232984045290433e-01 7.541905635678576303e-01 -6.514469451848575211e-03
-6.552763712571952892e-01 7.553887916021052584e-01 -8.073894936896919283e-04
-6.529715783958949249e-01 7.573665156454152392e-01 4.907195877919766011e-03
-6.497037180622308172e-01 7.601133679310616564e-01 1.061834387717536590e-02
-6.454668817828415062e-01 7.636139942161039862e-01 1.631489750172833084e-02
-6.402546385302563259e-01 7.678480577864766898e-01 2.198550766874050877e-02
-6.340602609561200032e-01 7.727902697051974856e-01 2.761865701454527255e-02
-6.268769916044734103e-01 7.784104482846473383e-01 3.320268551187366413e-02
-6.186983461883224233e-01 7.846736109370029411e-01 3.872581802080826696e-02
-6.095184501715602554e-01 7.915401016218902575e-01 4.417619384321503501e-02
-5.993324040560709109e-01 7.989657570496118133e-01 4.954189829698790737e-02
-5.881366719494767192e-01 8.069021145974404341e-01 5.481099626802337504e-02
-5.759294872044860014e-01 8.152966645451095173e-01 5.997156763675032254e-02
-5.627112682006929489e-01 8.240931487283708057e-01 6.501174441484762478e-02
-5.484850367103319968e-01 8.332319070466974731e-01 6.991974936919680139e-02
-5.332568307780658490e-01 8.426502724496207630e-01 7.468393585685909053e-02
-5.170361036781652153e-01 8.522830140792595488e-01 7.929282854952057757e-02
-4.998361003154712101e-01 8.620628271846055846e-01 8.373516469071987101e-02
-4.816742024311650439e-01 8.719208672728713250e-01 8.799993550613280369e-02
-4.625722341778393809e-01 8.817873247573921880e-01 9.207642737754670459e-02
-4.425567200519402999e-01 8.915920351378240349e-01 9.595426239554581682e-02
-4.216590878194903524e-01 9.012651185478527394e-01 9.962343792423176969e-02
-3.999158099393199661e-01 9.107376413714525221e-01 1.030743648426195452e-01
-3.773684780646052173e-01 9.199422916040964626e-01 1.062979041700204824e-01
-3.540638064676145946e-01 9.288140587615892896e-01 1.092854018344029815e-01
-3.300535616553962881e-01 9.372909084539279290e-01 1.120287214005037807e-01
-3.053944169896229965e-01 9.453144412767410243e-01 1.145202746350571649e-01
-2.801477327498782532e-01 9.528305254531658219e-01 1.167530498464497135e-01
-2.543792637398268330e-01 9.597898927007769698e-01 1.187206379919811539e-01
-2.281587981808873844e-01 9.661486871083768690e-01 1.204172565945921675e-01
-2.015597332185496138e-01 9.718689573833837470e-01 1.218377715497890035e-01
-1.746585938340780852e-01 9.769190836598873329e-01 1.229777169306240786e-01
-1.475345032640832665e-01 9.812741311187772597e-01 1.238333129128823401e-01
-1.202686141424331584e-01 9.849161239351249542e-01 1.244014819438785807e-01
-9.294351045987912785e-02 9.878342344977965039e-01 1.246798632672058010e-01
-6.564259106090455931e-02 9.900248844003378679e-01 1.246668258939533508e-01
-3.844944574746261834e-02 9.914917553351472179e-01 1.243614800806227827e-01
-1.144723512711416646e-02 9.922457096876361460e-01 1.237636873380410091e-01
1.528191487079944705e-02 9.923046222762664792e-01 1.228740689571578559e-01
4.165749337367480321e-02 9.916931262724913987e-01 1.216940129999572739e-01
6.760115014312617632e-02 9.904422778194386101e-01 1.202256796698864816e-01
9.303719762789190717e-02 9.885891452120223466e-01 1.184720049489075139e-01
1.178930619407594915e-01 9.861763296722297900e-01 1.164367023696194631e-01
1.420996765444434429e-01 9.832514257265149160e-01 1.141242627822830480e-01
1.655918138925017713e-01 9.798664299498449637e-01 1.115399519785984783e-01
1.883083518156050684e-01 9.760771073730367675e-01 1.086898060465097543e-01
2.101924730280870235e-01 9.719423251544958564e-01 1.055806243521168614e-01
2.311917977124081092e-01 9.675233631998877426e-01 1.022199600742638992e-01
2.512584506793005823e-01 9.628832112863777715e-01 9.861610825228253607e-02
2.703490660610693430e-01 9.580858619310883562e-01 9.477809134508309585e-02
2.884247338407027739e-01 9.531956077610850286e-01 9.071564233750759043e-02
3.054508937205555608e-01 9.482763515236215524e-01 8.643918546482849685e-02
3.213971828669796582e-01 9.433909361527340609e-01 8.195981465596000048e-02
3.362372449124338969e-01 9.386005015154406106e-01 7.728926981820771758e-02
3.499485082408953507e-01 9.339638736318495171e-01 7.243991109961964159e-02
3.625119420178735119e-01 9.295369913312915289e-01 6.742469126825317849e-02
3.739117986501823143e-01 9.253723745014736934e-01 6.225712634067342294e-02
3.841353513747322590e-01 9.215186373361087258e-01 5.695126457518295132e-02
3.931726354859643724e-01 9.180200493101466908e-01 5.152165391976529230e-02
4.010162013276650783e-01 9.149161460265625712e-01 4.598330797221852201e-02
4.076608866091823158e-01 9.122413915942795271e-01 4.035167047267808338e-02
4.131036148732496471e-01 9.100248938162515122e-01 3.464257830926762566e-02
4.173432260593529786e-01 9.082901731863696204e-01 2.887222297878666230e-02
4.203803440910247047e-01 9.070549865036462434e-01 2.305711040902486825e-02
4.222172852871920457e-01 9.063312057961618873e-01 1.721401902027299216e-02
4.228580101776355793e-01 9.061247531845271208e-01 1.135995588341997403e-02
4.223081200130485713e-01 9.064355922800920728e-01 5.512110822833276094e-03
4.205748979250247821e-01 9.072577766790284048e-01 -3.121916843541964331e-04
4.176673933362229363e-01 9.085795560506043644e-01 -6.095542943870348868e-03
4.135965468735712247e-01 9.103835401976513308e-01 -1.182050291515720011e-02
4.083753517273000511e-01 9.126469212625183403e-01 -1.746965557322409726e-02
4.020190461573138196e-01 9.153417539395257707e-01 -2.302566676034823942e-02
3.945453307089449302e-01 9.184352931171790857e-01 -2.847134445901114419e-02
3.859746026963856158e-01 9.218903877990799467e-01 -3.378970134194623359e-02
3.763301996779261915e-01 9.256659294385444214e-01 -3.896401937459685605e-02
3.656386430151302713e-01 9.297173519743340275e-01 -4.397791616300848055e-02
3.539298722080681525e-01 9.339971798890147614e-01 -4.881541265976226118e-02
3.412374605560767882e-01 9.384556195521461808e-01 -5.346100176556458500e-02
3.275988028273779107e-01 9.430411879914883944e-01 -5.789971729791341254e-02
3.130552660424817391e-01 9.477013720981970479e-01 -6.211720274385928997e-02
2.976522951873875056e-01 9.523833101640544196e-01 -6.609977917370636613e-02
2.814394666642407450e-01 9.570344866214921531e-01 -6.983451166830489942e-02
2.644704835390126463e-01 9.616034299630196180e-01 -7.330927360533341652e-02
2.468031081260946002e-01 9.660404031065217278e-01 -7.651280815979112637e-02
2.284990291156203390e-01 9.702980749929294157e-01 -7.943478640013933167e-02
2.096236622482499645e-01 9.743321619916907039e-01 -8.206586140272162377e-02
1.902458854136163391e-01 9.781020277759508996e-01 -8.439771786120696395e-02
1.704377109268016000e-01 9.815712307299686579e-01 -8.642311673232110081e-02
1.502738995537909183e-01 9.847080086691946121e-01 -8.813593453125692645e-02
1.298315225443087695e-01 9.874856916776821869e-01 -8.953119696698670638e-02
1.091894794252899203e-01 9.898830351733258759e-01 -9.060510668642499099e-02
8.842798055415655722e-02 9.918844668612606386e-01 -9.135506497444308149e-02
6.762800438171104322e-02 9.934802429810674074e-01 -9.177968733190532136e-02
4.687073999567531457e-02 9.946665111371354451e-01 -9.187881292441650583e-02
2.623702578737981475e-02 9.954452789609439245e-01 -9.165350795903250136e-02
5.806795000124011924e-03 9.958242898240451391e-01 -9.110606310393723484e-02
-1.434146151274737213e-02 9.958168087368984844e-01 -9.023998511656423915e-02
-3.413120574610027658e-02 9.954413233711201237e-01 -8.905998288868864632e-02
-5.348832768597709675e-02 9.947211667776022503e-01 -8.757194815270308297e-02
-7.234157789035108865e-02 9.936840697957590729e-01 -8.578293112180973568e-02
-9.062295173389796343e-02 9.923616523259932709e-01 -8.370111135844597594e-02
-1.082680211453275615e-01 9.907888635461381543e-01 -8.133576418013337139e-02
-1.252162113354382822e-01 9.890033817828743912e-01 -7.869722292027499233e-02
-1.414110216892678351e-01 9.870449851023007648e-01 -7.579683736335145194e-02
-1.568001916174569521e-01 9.849549037719013134e-01 -7.264692866959321371e-02
-1.713358136760013140e-01 9.827751655901745265e-01 -6.926074109367284792e-02
-1.849743976223569564e-01 9.805479447084818334e-01 -6.565239078549735263e-02
-1.976768902397699756e-01 9.783149240156699955e-01 -6.183681193917541646e-02
-2.094086566999525389e-01 9.761166804560432730e-01 -5.782970052929445326e-02
-2.201394299253394971e-01 9.739921018423296495e-01 -5.364745584263821976e-02
-2.298432348439647943e-01 9.719778428430347894e-01 -4.930711997956645914e-02
-2.384982945993445458e-01 9.701078269005112276e-01 -4.482631546390540567e-02
-2.460869256899387569e-01 9.684127999000532450e-01 -4.022318106505744922e-02
-2.525954286807673976e-01 9.669199404835756573e-01 -3.551630590301416840e-02
-2.580139805733622227e-01 9.656525309998773565e-01 -3.072466187804082094e-02
-2.623365341650856220e-01 9.646296922166147647e-01 -2.586753444398079069e-02
-2.655607288054897541e-01 9.638661840902346123e-01 -2.096445172927674516e-02
-2.676878159003335256e-01 9.633722740970570575e-01 -1.603511200454923319e-02
-2.687226013606887065e-01 9.631536738648204254e-01 -1.109930950118111909e-02
-2.686734059849809619e-01 9.632115440994902800e-01 -6.176858602629323527e-03
-2.675520435368515249e-01 9.635425670655495267e-01 -1.287516459374395128e-03
-2.653738150828060527e-01 9.641390851378345284e-01 3.549095880832843670e-03
-2.621575170216094985e-01 9.649893031893520545e-01 8.313573684447610884e-03
-2.579254592116071443e-01 9.660775518055884081e-01 1.298680988206233136e-02
-2.527034887192806667e-01 9.673846075191802063e-01 1.755007728644024378e-02
-2.465210140052620513e-01 9.688880654424418815e-01 2.198511133706818749e-02
-2.394110238606010632e-01 9.705627588481496870e-01 2.627419295727605880e-02
-2.314100951279612906e-01 9.723812194263656838e-01 3.040023103968274298e-02
-2.225583832038852961e-01 9.743141711480443057e-01 3.434684401078966220e-02
-2.128995895252224491e-01 9.763310499208518456e-01 3.809843986909625113e-02
-2.024809006920131049e-01 9.784005405590072701e-01 4.164029404600604750e-02
-1.913528945577531171e-01 9.804911220390969406e-01 4.495862440742950938e-02
-1.795694095036027282e-01 9.825716116099367792e-01 4.804066269819476376e-02
-1.671873741741935204e-01 9.846116980968486754e-01 5.087472173230259131e-02
-1.542665961494802951e-01 9.865824547151829105e-01 5.345025765013118602e-02
-1.408695093131275278e-01 9.884568219042999537e-01 5.575792659859329231e-02
-1.270608810019640822e-01 9.902100511233006275e-01 5.778963524094682391e-02
-1.129074813293510365e-01 9.918201012160247076e-01 5.953858456779419217e-02
-9.847771831419283028e-02 9.932679798476493627e-01 6.099930655757267867e-02
-8.384124356577671300e-02 9.945380236208481994e-01 6.216769332092686451e-02
-6.906853422688523370e-02 9.956181117684874682e-01 6.304101845588605535e-02
-5.423045762549379839e-02 9.964998097562960400e-01 6.361795043674588201e-02
-3.939782560012868723e-02 9.971784406700531234e-01 6.389855795599459765e-02
-2.464094572779483572e-02 9.976530838600824458e-01 6.388430723270002720e-02
-1.002917669013267919e-02 9.979265019213604537e-01 6.357805138990584026e-02
4.369505231228787076e-03 9.980049986506358550e-01 6.298401208554045561e-02
1.848892201837796373e-02 9.978982120954648094e-01 6.210775365428380934e-02
3.226508631484339279e-02 9.976188481516029549e-01 6.095615008037250787e-02
4.563656539092689896e-02 9.971823613389221297e-01 5.953734517251375868e-02
5.854481269880188604e-02 9.966065903639969026e-01 5.786070635144358737e-02
7.093446411183104705e-02 9.959113568404959205e-01 5.593677248816660702e-02
8.275359705061571813e-02 9.951180360761959776e-01 5.377719624693420158e-02
9.395395179467788682e-02 9.942491091461548303e-01 5.139468139232101357e-02
1.044911153186952324e-01 9.933277055615489237e-01 4.880291551545738737e-02
1.143246689357916568e-01 9.923771457258665496e-01 4.601649862197808305e-02
1.234183018436478402e-01 9.914204920628596485e-01 4.305086800521297496e-02
1.317398933255998217e-01 9.904801172260012665e-01 3.992221980442027529e-02
1.392615668399885265e-01 9.895772971814931207e-01 3.664742762141730975e-02
1.459597195267824665e-01 9.887318362212056400e-01 3.324395854182148058e-02
1.518150307692787138e-01 9.879617301328240675e-01 2.972978688127296543e-02
1.568124533768542883e-01 9.872828728548743715e-01 2.612330595436357372e-02
1.609411907159947197e-01 9.867088109948395358e-01 2.244323814624752528e-02
1.641946627313155549e-01 9.862505496071816147e-01 1.870854355549497056e-02
1.665704632915338823e-01 9.859164116299068414e-01 1.493832747276039458e-02
1.680703106970249938e-01 9.857119523759252377e-01 1.115174696396196638e-02
1.686999925282749724e-01 9.856399294793415367e-01 7.367916839135724844e-03
1.684693053323147449e-01 9.857003277159686050e-01 3.605815308689332838e-03
1.673919889713796627e-01 9.858904371600255567e-01 -1.158103433059384096e-04
1.654856548277178485e-01 9.862049822134201227e-01 -3.778537705087888030e-03
1.627717065013667419e-01 9.866362981591246806e-01 -7.364362400173072795e-03
1.592752511808810389e-01 9.871745510560326897e-01 -1.085579002395884243e-02
1.550249995327384889e-01 9.878079960209401600e-01 -1.423592636921623515e-02
1.500531517601149112e-01 9.885232682471197796e-01 -1.748856541647291277e-02
1.443952674361419497e-01 9.893057005029013418e-01 -2.059827453056898433e-02
1.380901168239798971e-01 9.901396603532055529e-01 -2.355047627682208683e-02
1.311795116522847526e-01 9.910088999677311161e-01 -2.633152625136424285e-02
1.237081137091445709e-01 9.918969111363642455e-01 -2.892878631207697337e-02
1.157232201329512489e-01 9.927872780184724411e-01 -3.133069260048274018e-02
1.072745248917866961e-01 9.936640202183097959e-01 -3.352681776177200701e-02
9.841385662581780824e-02 9.945119190101285866e-01 -3.550792680012495456e-02
8.919489374859262965e-02 9.953168199353180645e-01 -3.726602604932743867e-02
7.967285842983357069e-02 9.960659055560682207e-01 -3.879440479353456206e-02
6.990419178098183917e-02 9.967479328659596405e-01 -4.008766913855397324e-02
5.994621320353715754e-02 9.973534307119545916e-01 -4.114176780842739023e-02
4.985676741050527883e-02 9.978748535534409658e-01 -4.195400962327338473e-02
3.969386306899413269e-02 9.983066889463799720e-01 -4.252307249998370925e-02
2.951530731900610036e-02 9.986455172645305467e-01 -4.284900390499975925e-02
1.937834058828184769e-02 9.988900233228786840e-01 -4.293321277560740307e-02
9.339276141360387459e-03 9.990409607173182938e-01 -4.277845301067269984e-02
-5.468513242317916967e-04 9.991010708061071055e-01 -4.238879871141681271e-02
-1.022662398074037325e-02 9.990749593011594154e-01 -4.176961142592224702e-02
-1.964856239472413668e-02 9.989689343823265899e-01 -4.092749971617141991e-02
-2.876342706965608759e-02 9.987908110710347342e-01 -3.987027142255408774e-02
-3.752449734813515653e-02 9.985496872814796365e-01 -3.860687904738753506e-02
-4.588782560515478059e-02 9.982556974939293948e-01 -3.714735871595133826e-02
-5.381246527038666821e-02 9.979197503570956806e-01 -3.550276320113659317e-02
-6.126067181324658384e-02 9.975532567220818381e-01 -3.368508951670930868e-02
-6.819807638436957420e-02 9.971678546413558220e-01 -3.170720159536839083e-02
-7.459383230906474482e-02 9.967751377393976320e-01 -2.958274857246779091e-02
-8.042073505461444505e-02 9.963863930878942288e-01 -2.732607919587288006e-02
-8.565531663112457839e-02 9.960123543114458577e-01 -2.495215287842607321e-02
-9.027791562754061694e-02 9.956629751258362360e-01 -2.247644790340936477e-02
-9.427272422835843158e-02 9.953472278876165369e-01 -1.991486728664085964e-02
-9.762781360567042432e-02 9.950729310294944563e-01 -1.728364279270858117e-02
-1.003351390435013174e-01 9.948466084894633799e-01 -1.459923759839056208e-02
-1.023905260390843008e-01 9.946733834312297962e-01 -1.187824809432507997e-02
-1.037936384543409890e-01 9.945569077172834449e-01 -9.137305316954067239e-03
-1.045479295783005580e-01 9.944993277512226282e-01 -6.392976506802784502e-03
-1.046605767268537213e-01 9.945012864692835963e-01 -3.661667296071189227e-03
-1.041423997697490944e-01 9.945619604482720533e-01 -9.595250377562162571e-04
-1.030077637550643604e-01 9.946791303233598613e-01 1.697656200742269673e-03
-1.012744656158126866e-01 9.948492819888923311e-01 4.294528445449849463e-03
-9.896360480662960701e-02 9.950677354020861509e-01 6.816279880756292292e-03
-9.609943764212161565e-02 9.953287972360796987e-01 9.248721619182696113e-03
-9.270921510013628575e-02 9.956259331469869966e-01 1.157837061944914578e-02
-8.882300391647827975e-02 9.959519550398759913e-01 1.379252819715566514e-02
-8.447349093171772905e-02 9.962992184497893033e-01 1.587935357955406676e-02
-7.969577085081540335e-02 9.966598250028885220e-01 1.782793197040305824e-02
-7.452711783357478248e-02 9.970258248939610768e-01 1.962833661351316011e-02
-6.900674163635490965e-02 9.973894144115131866e-01 2.127168437472737664e-02
-6.317552935836108496e-02 9.977431237589873270e-01 2.275018440182031282e-02
-5.707577419273122954e-02 9.980799907554548378e-01 2.405717946984247194e-02
-5.075089292628964105e-02 9.983937164431571087e-01 2.518717967514639416e-02
-4.424513425513920684e-02 9.986787991708342416e-01 2.613588820374599525e-02
-3.760328027021038466e-02 9.989306443460815865e-01 2.690021896754757683e-02
-3.087034370347264273e-02 9.991456477394436986e-01 2.747830597390902782e-02
-2.409126370046857368e-02 9.993212509578347502e-01 2.786950436835520378e-02
-1.731060299018292309e-02 9.994559684639106045e-01 2.807438316546622889e-02
-1.057224935470434113e-02 9.995493862791912099e-01 2.809470975734475184e-02
-3.919124258170913859e-03 9.996021332501393575e-01 2.793342636113521280e-02
2.607098619691198930e-03 9.996158264570056406e-01 2.759461863544914600e-02
8.966262378936482036e-03 9.995929929856975926e-01 2.708347675909503552e-02
1.511998109114051289e-02 9.995369708461905311e-01 2.640624932332151856e-02
2.103187713238958978e-02 9.994517922929335718e-01 2.557019044023743290e-02
2.666779991008204342e-02 9.993420531724546141e-01 2.458350051483354157e-02
3.199602456022496155e-02 9.992127721835959431e-01 2.345526116603580125e-02
3.698742951878550983e-02 9.990692440827743104e-01 2.219536481365668237e-02
4.161565218752054374e-02 9.989168909001354679e-01 2.081443947338285777e-02
4.585722221038290164e-02 9.987611151555525479e-01 1.932376932161624164e-02
4.969167214203400879e-02 9.986071588821986422e-01 1.773521160675948019e-02
5.310162551863627928e-02 9.984599719886096958e-01 1.606111049415400588e-02
5.607286252913661062e-02 9.983240931286371245e-01 1.431420843908967448e-02
5.859436363163098016e-02 9.982035458150786411e-01 1.250755568681010711e-02
6.065833156570986373e-02 9.981017520209548577e-01 1.065441850084013729e-02
6.226019228188232890e-02 9.980214649771043112e-01 8.768186721727905600e-03
6.339857534918839910e-02 9.979647223111730581e-01 6.862281257727064106e-03
6.407527441933003054e-02 9.979328200964544537e-01 4.950062107167601047e-03
6.429518832838464204e-02 9.979263078044263713e-01 3.044737509218147301e-03
6.406624341403600875e-02 9.979450035967593058e-01 1.159274815196850413e-03
6.339929762562634963e-02 9.979880288647812181e-01 -6.936863338397900123e-04
6.230802701375559582e-02 9.980538604396064217e-01 -2.501917946310685831e-03
6.080879521190765691e-02 9.981403984658433481e-01 -4.253684170977510559e-03
5.892050656929030683e-02 9.982450475660072930e-01 -5.937817789657831059e-03
5.666444366444134406e-02 9.983648086298071433e-01 -7.543792181481901241e-03
5.406409002383134182e-02 9.984963783488086664e-01 -9.061788252590310955e-03
5.114493898727930782e-02 9.986362534869980268e-01 -1.048275585448292524e-02
4.793428979915907023e-02 9.987808368336763554e-01 -1.179846924893009769e-02
4.446103215609110981e-02 9.989265418267894159e-01 -1.300157621754265309e-02
4.075542060172553105e-02 9.990698929597621181e-01 -1.408564045967091762e-02
3.684884032004527576e-02 9.992076192883392327e-01 -1.504517697296751423e-02
3.277356603262276957e-02 9.993367386287702603e-01 -1.587568016621044090e-02
2.856251584475420074e-02 9.994546303757732009e-01 -1.657364451316966497e-02
2.424900200319183782e-02 9.995590952571199450e-01 -1.713657761858766379e-02
1.986648061805647986e-02 9.996484007689862006e-01 -1.756300563179027246e-02
1.544830245850010303e-02 9.997213114889043073e-01 -1.785247100903097558e-02
1.102746695243173383e-02 9.997771039271373672e-01 -1.800552269134950492e-02
6.636381503473535656e-03 9.998155660383102328e-01 -1.802369882945609181e-02
2.306628183408166062e-03 9.998369819592900498e-01 -1.790950224995215348e-02
-1.931260232450999169e-03 9.998421029535331517e-01 -1.766636891717322105e-02
-6.048013042916500735e-03 9.998321059145949263e-01 -1.729862970131828062e-02
-1.001582151884436445e-02 9.998085411020513069e-01 -1.681146581568095794e-02
-1.380852440213532067e-02 9.997732710434656944e-01 -1.621085833324653266e-02
-1.740177767635578063e-02 9.997284027301626130e-01 -1.550353223534584567e-02
-2.077320747897809169e-02 9.996762153586394861e-01 -1.469689548229445412e-02
-2.390254522825851352e-02 9.996190859219743485e-01 -1.379897362796082307e-02
-2.677174423867236322e-02 9.995594149373729920e-01 -1.281834052708353579e-02
-2.936507729274260778e-02 9.994995545099869538e-01 -1.176404570606565114e-02
-3.166921482018602435e-02 9.994417407842411949e-01 -1.064553898514578045e-02
-3.367328350487058808e-02 9.993880326287765126e-01 -9.472592952541786931e-03
-3.536890529464266353e-02 9.993402581478147972e-01 -8.255223899648361785e-03
-3.675021692832435710e-02 9.992999703195177830e-01 -7.003611830885787988e-03
-3.781387021883615696e-02 9.992684127407701622e-01 -5.728020162543407887e-03
-3.855901344308308720e-02 9.992464961183115113e-01 -4.438715722081166756e-03
-3.898725429022023570e-02 9.992347857989816173e-01 -3.145889652926120959e-03
-3.910260491284808099e-02 9.992335002876161498e-01 -1.859579819844928367e-03
-3.891140971336661675e-02 9.992425203700110448e-01 -5.895952964480801091e-04
-3.842225658279080358e-02 9.992614081498446543e-01 6.545565007970797350e-04
-3.764587239407547054e-02 9.992894350310790319e-01 1.863739488610538855e-03
-3.659500363812021040e-02 9.993256174385681812e-01 3.029254884391030349e-03
-3.528428317911255774e-02 9.993687588754867068e-01 4.142902975349575800e-03
-3.373008419690576298e-02 9.994174967713740365e-01 5.197040232326075038e-03
-3.195036247707626342e-02 9.994703524821122453e-01 6.184631348216589573e-03
-2.996448830274173539e-02 9.995257827643978521e-01 7.099295821787488144e-03
-2.779306929403402293e-02 9.995822310619517648e-01 7.935348752292036012e-03
-2.545776562866442633e-02 9.996381770068890615e-01 8.687835558464449687e-03
-2.298109915728961325e-02 9.996921826538491818e-01 9.352560386773327988e-03
-2.038625799723550042e-02 9.997429341217053400e-01 9.926108027800273695e-03
-1.769689824448055296e-02 9.997892775117224184e-01 1.040585921571242356e-02
-1.493694448382950658e-02 9.998302481946487186e-01 1.078999924338876724e-02
-1.213039079857058770e-02 9.998650928043459896e-01 1.107751988415520833e-02
-9.301103981858007894e-03 9.998932835336238334e-01 1.126821466956624829e-02
-6.472630631564622698e-03 9.999145245901609469e-01 1.136266763051735525e-02
-3.668009768144794153e-03 9.999287509280848640e-01 1.136223566547126841e-02
-9.095925516491862664e-04 9.999361196156464349e-01 1.126902475405929145e-02
1.781129409312200672e-03 9.999369944238328811e-01 1.108586028615530725e-02
4.383685765263389128e-03 9.999319244180017163e-01 1.081625182516542105e-02
6.878777875861200389e-03 9.999216174990921413e-01 1.046435266925928656e-02
9.248416857752506798e-03 9.999069099683648432e-01 1.003491461520583314e-02
1.147604822561444117e-02 9.998887332770166614e-01 9.533238366068062450e-03
1.354666226830461041e-02 9.998680791679304125e-01 8.965120056044618632e-03
1.544688945255667974e-02 9.998459644212127628e-01 8.336794393081657303e-03
1.716508029839023536e-02 9.998233963794068702e-01 7.654874942445778416e-03
1.869136932103340754e-02 9.998013403549854683e-01 6.926292092230678515e-03
2.001772278177627734e-02 9.997806899157440919e-01 6.158229254792203268e-03
2.113797013333508501e-02 9.997622409078181782e-01 5.358057866424413389e-03
2.204781918302170865e-02 9.997466699168200410e-01 4.533271751277707755e-03
2.274485512871237194e-02 9.997345176911892617e-01 3.691421414663840876e-03
2.322852374808532724e-02 9.997261778647795749e-01 2.840048825580481114e-03
2.350009914091483881e-02 9.997218911245954187e-01 1.986623238608858227e-03
2.356263653760848342e-02 9.997217447809728652e-01 1.138478591381244381e-03
2.342091079496941633e-02 9.997256775175976662e-01 3.027529956724790260e-04
2.308134130263973099e-02 9.997334889332903929e-01 -5.136691820589636259e-04
2.255190412100605349e-02 9.997448533415098648e-01 -1.304212181055561942e-03
2.184203226350975996e-02 9.997593371712644172e-01 -2.062660207982177068e-03
2.096250512305741429e-02 9.997764192178711928e-01 -2.783204894099342800e-03
1.992532812307640580e-02 9.997955129260400753e-01 -3.460488479169039795e-03
1.874360374796535042e-02 9.998159898522955835e-01 -4.089642393749950283e-03
1.743139517429347432e-02 9.998372034489203530e-01 -4.666320954825715732e-03
1.600358378199078987e-02 9.998585123364843730e-01 -5.186729935554208054e-03
1.447572187273166514e-02 9.998793022847007883e-01 -5.647649817925056055e-03
1.286388195952656126e-02 9.998990061990015166e-01 -6.046453586815903405e-03
1.118450401605002378e-02 9.999171215092556020e-01 -6.381118974852995930e-03
9.454242085451128666e-03 9.999332244732264119e-01 -6.650235119083701234e-03
7.689811645546324251e-03 9.999469810359786770e-01 -6.853003642210039360e-03
5.907839109900920628e-03 9.999581540225230825e-01 -6.989234222454999285e-03
4.124714812209176462e-03 9.999666065794341474e-01 -7.059334766480724818e-03
2.356450774777489078e-03 9.999723019170050353e-01 -7.064296348606546698e-03
6.185445013426446505e-04 9.999752995319788340e-01 -7.005673126367615612e-03
-1.074150039212531937e-03 9.999757482077183957e-01 -6.885557486729030827e-03
-2.707543157290995955e-03 9.999738761901213469e-01 -6.706550718587060873e-03
-4.268420930354218344e-03 9.999699790206120209e-01 -6.471729545159364549e-03
-5.744546554349366438e-03 9.999644055698898581e-01 -6.184608884155100121e-03
-7.124750791520086460e-03 9.999575428563559631e-01 -5.849101233944258710e-03
-8.399010865326994243e-03 9.999498002507041239e-01 -5.469473110089961322e-03
-9.558517275092711513e-03 9.999415936633209157e-01 -5.050298978398032670e-03
-1.059572812715597716e-02 9.999333302849686689e-01 -4.596413147955666530e-03
-1.150441070428058141e-02 9.999253944055372934e-01 -4.112860100402781875e-03
-1.227967011947772580e-02 9.999181347728912650e-01 -3.604843739874974591e-03
-1.291796502308942794e-02 9.999118538769888875e-01 -3.077676051682916303e-03
-1.341711045193461592e-02 9.999067994568839879e-01 -2.536725656890258859e-03
-1.377626802568021266e-02 9.999031584335695833e-01 -1.987366744591810910e-03
-1.399592380763978010e-02 9.999010533736392148e-01 -1.434928853975341208e-03
-1.407785425429799141e-02 9.999005414911552592e-01 -8.846479643000921579e-04
-1.402508077945813399e-02 9.999016161014885329e-01 -3.416193328958126241e-04
-1.384181355450039147e-02 9.999042103545160431e-01 1.892475006423292687e-04
-1.353338525532238323e-02 9.999082029983230591e-01 7.032711515072832776e-04
-1.310617554860379723e-02 9.999134258608589620e-01 1.196037904500115486e-03
-1.256752718456553321e-02 9.999196726876877772e-01 1.663437975394239368e-03
-1.192565462982675926e-02 9.999267089402974484e-01 2.101698222768133735e-03
-1.118954623172620233e-02 9.999342821420020844e-01 2.507411051932993684e-03
-1.036886095398613893e-02 9.999421323572638132e-01 2.877559292477759045e-03
-9.473820762293321332e-03 9.999500024046555913e-01 3.209536872652915453e-03
-8.515099766726715036e-03 9.999576474324891606e-01 3.501165156899564181e-03
-7.503711245525564871e-03 9.999648435276566882e-01 3.750704856863111385e-03
-6.450893681112550120e-03 9.999713950803751361e-01 3.956863470756856807e-03
-5.367996934345361376e-03 9.999771406878542601e-01 4.118798250495057760e-03
-4.266369666598178456e-03 9.999819574457823323e-01 4.236114740129968623e-03
-3.157249091574935128e-03 9.999857635451953053e-01 4.308860972339268423e-03
-2.051654100010528482e-03 9.999885191610036195e-01 4.337517451567193295e-03
-9.602827510861756954e-04 9.999902256845656368e-01 4.322983092491077158e-03
1.065849348942666652e-04 9.999909234137744907e-01 4.266557320356557936e-03
1.139178016456609101e-03 9.999906878680304700e-01 4.169918575022061105e-03
2.128318714091180855e-03 9.999896249404284232e-01 4.035099492934538998e-03
3.065498830977299825e-03 9.999878651341442826e-01 3.864459070421697763e-03
3.942947895626036474e-03 9.999855571534652654e-01 3.660652137370994270e-03
4.753692505588574813e-03 9.999828611317521654e-01 3.426596492356348903e-03
5.491606449899686521e-03 9.999799417789031475e-01 3.165438068398033350e-03
6.151451288962618211e-03 9.999769617201100802e-01 2.880514512672249089e-03
6.728907172971188705e-03 9.999740752767788399e-01 2.575317573540739351e-03
7.220593782589967632e-03 9.999714229106994035e-01 2.253454694206020147e-03
7.624081377414719703e-03 9.999691265154749820e-01 1.918610214113964253e-03
7.937892037718507349e-03 9.999672856966423939e-01 1.574506576961250516e-03
8.161491282228041169e-03 9.999659751357693471e-01 1.224865937896839948e-03
8.295270338311677705e-03 9.999652430860983543e-01 8.733725523464501254e-04
8.340519430201016535e-03 9.999651109999746490e-01 5.236363149836644349e-04
8.299392534978005526e-03 9.999655742432298489e-01 1.791577999007267570e-04
8.174864134359638435e-03 9.999666038105766708e-01 -1.567048677921732669e-04
7.970678562174045301e-03 9.999681489203741114e-01 -4.807670026461823183e-04
7.691292612265388309e-03 9.999701403380291120e-01 -7.900459323152685684e-04
7.341812128859342111e-03 9.999724942556730278e-01 -1.081786903562785302e-03
6.927923350686684446e-03 9.999751165421201238e-01 -1.353486102174789344e-03
6.455819820977207017e-03 9.999779071716615730e-01 -1.602910601534531312e-03
5.932125707441799484e-03 9.999807646428131580e-01 -1.828115089534075415e-03
5.363816399273059476e-03 9.999835902082401251e-01 -2.027455259548198961e-03
4.758137261813591597e-03 9.999862917539726892e-01 -2.199597787979444899e-03
4.122521433759385699e-03 9.999887871886825597e-01 -2.343526858000771415e-03
3.464507546578753962e-03 9.999910072310291831e-01 -2.458547226170281451e-03
2.791658231339794356e-03 9.999928975135631282e-01 -2.544283865169944849e-03
2.111480254569439961e-03 9.999944199539887446e-01 -2.600678251633463563e-03
1.431347092447405765e-03 9.999955533773228211e-01 -2.627981402496518907e-03
7.584247120137743844e-04 9.999962934042632146e-01 -2.626743796162119698e-03
9.960127969108317075e-05 9.999966516506327840e-01 -2.597802345683423476e-03
-5.385785380601987781e-04 9.999966543089702231e-01 -2.542264619811298882e-03
-1.149974078984622883e-03 9.999963402052669537e-01 -2.461490533849171238e-03
-1.728903458616811578e-03 9.999957584407954680e-01 -2.357071755551573642e-03
-2.270192149760443933e-03 9.999949657404636483e-01 -2.230809091579067944e-03
-2.769214980311406147e-03 9.999940236349547096e-01 -2.084688137101970741e-03
-3.221931240632303940e-03 9.999929956040986001e-01 -1.920853484888367666e-03
-3.624912672358954636e-03 9.999919443037353917e-01 -1.741581800517257375e-03
-3.975364192170571451e-03 9.999909289882616958e-01 -1.549254077163785036e-03
-4.271137285760947394e-03 9.999900032267587946e-01 -1.346327386688017137e-03
-4.510736088110901820e-03 9.999892129928993345e-01 -1.135306443537643668e-03
-4.693316245320065805e-03 9.999885951886422486e-01 -9.187152943019700167e-04
-4.818676729887939186e-03 9.999881766400313676e-01 -6.990694387193997555e-04
-4.887244854666228204e-03 9.999879735812136072e-01 -4.788486776679089100e-04
-4.900054800014562451e-03 9.999879916210612230e-01 -2.604709703153832768e-04
-4.858720033312525881e-03 9.999882261664276850e-01 -4.626756636290542271e-05
-4.765400059303600590e-03 9.999886632578909307e-01 1.615403396031319945e-04
-4.622761993223489102e-03 9.999892807585150090e-01 3.608632059804452695e-04
-4.433937495813095216e-03 9.999900498242113578e-01 5.497627920790158470e-04
-4.202927054251858613e-03 9.999909351765962073e-01 7.257842390967887431e-04
-3.933820404389359003e-03 9.999918995822110190e-01 8.874832027187319920e-04
-3.630966351797168881e-03 9.999929047214064504e-01 1.033631839504157730e-03
-3.298914235861242876e-03 9.999939129244994618e-01 1.163223112476318094e-03
-2.942355723086072586e-03 9.999948887499232608e-01 1.275472457388246135e-03
-2.566067558178586252e-03 9.999958003488300662e-01 1.369816915363240113e-03
-2.174855861039467868e-03 9.999966205741441794e-01 1.445911860695969602e-03
-1.773502512788034408e-03 9.999973278063034599e-01 1.503625473064347431e-03
-1.366714125109317213e-03 9.999979064822031027e-01 1.543031121149945808e-03
-9.590740352732683282e-04 9.999983473275573242e-01 1.564397839638698336e-03
-5.549977148715872725e-04 9.999986473054762737e-01 1.568179093751500977e-03
-1.586919243755169156e-04 9.999988093050828919e-01 1.555000034846939312e-03
2.258821112501501003e-04 9.999988416031215799e-01 1.525643457287865264e-03
5.950412877481649600e-04 9.999987571385109408e-01 1.481034670741142529e-03
9.454088061457886988e-04 9.999985726445432821e-01 1.422225503483470028e-03
1.273937850924109546e-03 9.999983076859217945e-01 1.350377651237561318e-03
1.577930710046385144e-03 9.999979836481334150e-01 1.266745582705031906e-03
1.855053337034921193e-03 9.999976227249446348e-01 1.172659207456175226e-03
2.103345404613468118e-03 9.999972469463234148e-01 1.069506504358627577e-03
2.321225945752778286e-03 9.999968772841174580e-01 9.587162994651567474e-04
2.507494720917638822e-03 9.999965328666912123e-01 8.417413714331206057e-04
2.661329489620040730e-03 9.999962303267911912e-01 7.200420503186363581e-04
2.782279399799319868e-03 9.999959832995203302e-01 5.950704621849884756e-04
2.870254739897575968e-03 9.999958020798082048e-01 4.682555575962407679e-04
2.925513325654327101e-03 9.999956934414772070e-01 3.409890469411371592e-04
2.948643816538038497e-03 9.999956606132102133e-01 2.146123498534717791e-04
2.940546275343818971e-03 9.999957034006642376e-01 9.040464996201859728e-05
2.902410298843020875e-03 9.999958184388341165e-01 -3.042786999257576818e-05
2.835691057542025825e-03 9.999959995546842118e-01 -1.467615538121207013e-04
2.742083588704419175e-03 9.999962382171213582e-01 -2.575635153877051022e-04
2.623495688959635863e-03 9.999965240495979346e-01 -3.618985728900156289e-04
2.482019751241348882e-03 9.999968453799955581e-01 -4.589348614822231034e-04
2.319903885678769803e-03 9.999971898028763295e-01 -5.479481269260726584e-04
2.139522655637507431e-03 9.999975447305958776e-01 -6.283247161861080145e-04
1.943347748629409982e-03 9.999978979120166533e-01 -6.995632940078332128e-04
1.733918887556883115e-03 9.999982379004794808e-01 -7.612753263618410402e-04
1.513815271015190277e-03 9.999985544561205142e-01 -8.131843825313615120e-04
1.285627812445963927e-03 9.999988388713726417e-01 -8.551243174142342945e-04
1.051932427123989386e-03 9.999990842123973600e-01 -8.870364042658099649e-04
8.152645935787217711e-04 9.999992854730802572e-01 -9.089654955951551605e-04
5.780953924141873403e-04 9.999994396419417120e-01 -9.210552962257312782e-04
3.428092009054798783e-04 9.999995456857275755e-01 -9.235428376395331089e-04
1.116831965208570229e-04 9.999996044564423148e-01 -9.167522466494639356e-04
-1.131312030594375218e-04 9.999996185310868757e-01 -9.010879042094664844e-04
-3.296248614994706522e-04 9.999995919953009738e-01 -8.770270918077515635e-04
-5.359453304493964898e-04 9.999995301834601058e-01 -8.451122234376507282e-04
-7.304090897638842658e-04 9.999994393885304200e-01 -8.059427606545953304e-04
-9.115115940764317599e-04 9.999993265551603283e-01 -7.601669067659670535e-04
-1.077935121888915545e-03 9.999991989691253691e-01 -7.084731738295254721e-04
-1.228554445613790850e-03 9.999990639553978378e-01 -6.515819129280825579e-04
-1.362437769702683297e-03 9.999989287510160363e-01 -5.899799468680789766e-04
-1.478750401073986986e-03 9.999988000593548199e-01 -5.243976540874518586e-04
-1.576852260198378366e-03 9.999986838957471980e-01 -4.555866957931868589e-04
-1.656299565903708408e-03 9.999985853946415926e-01 -3.843121352590517237e-04
-1.716844541850219130e-03 9.999985086612342977e-01 -3.113445783173835303e-04
-1.758433185032840396e-03 9.999984566710580225e-01 -2.374524130157032919e-04
-1.781201155377903737e-03 9.999984312189681424e-01 -1.633942242631949569e-04
-1.785467863351296704e-03 9.999984329169663289e-01 -8.991145640645702099e-05
-1.771728849313967871e-03 9.999984612384190674e-01 -1.772139308528085291e-05
-1.740646563990928602e-03 9.999985146045274886e-01 5.248948052868478717e-05
-1.693039673717207372e-03 9.999985905074474379e-01 1.200716728644382354e-04
-1.629871026959186803e-03 9.999986856632938625e-01 1.844183836191792239e-04
-1.552234429869050070e-03 9.999987961874172715e-01 2.449706550261459073e-04
-1.461340388217463593e-03 9.999989177838406462e-01 3.012219341148479265e-04
-1.358500980886896128e-03 9.999990459405873056e-01 3.527220100383154228e-04
-1.245114036135613889e-03 9.999991761228133047e-01 3.990802975070704191e-04
-1.122646786020138013e-03 9.999993039561528851e-01 4.399684445417768159e-04
-9.926191766711260026e-04 9.999994253934602062e-01 4.751222500589772366e-04
-8.565870125532999962e-04 9.999995368591433342e-01 5.043428841592869803e-04
-7.161251114228885670e-04 9.999996353664826199e-01 5.274974113173056629e-04
-5.728106434641226825e-04 9.999997186046479802e-01 5.445186239006835236e-04
-4.282068230965300473e-04 9.999997849935229333e-01 5.554042004973551655e-04
-2.838471152721170959e-04 9.999998337058433329e-01 5.602152103325982102e-04
-1.412201098181970773e-04 9.999998646575108951e-01 5.590739915422675548e-04
-1.755207635865084492e-06 9.999998784681914943e-01 5.521614371703296824e-04
1.331907485411076147e-04 9.999998763954126568e-01 5.397137284174130176e-04
2.623457784506631253e-04 9.999998602462890629e-01 5.220185598275779194e-04
3.845338966977268668e-04 9.999998322717094101e-01 4.994109057138599672e-04
4.986849805895504206e-04 9.999997950482851783e-01 4.722683811466971289e-04
6.038432958338795951e-04 9.999997513535888727e-01 4.410062542272388418e-04
6.991746181763596000e-04 9.999997040401983339e-01 4.060721691110145775e-04
7.839719051113331651e-04 9.999996559138213392e-01 3.679406413151278246e-04
8.576594880838071854e-04 9.999996096203296325e-01 3.271073882202138808e-04
9.197957719314645486e-04 9.999995675459056876e-01 2.840835583606555331e-04
9.700744445175013900e-04 9.999995317337374567e-01 2.393899230844189689e-04
1.008324215404781147e-03 9.999995038198229436e-01 1.935510934663334454e-04
1.034507117851767239e-03 9.999994849895106341e-01 1.470898239920591149e-04
1.048715423210652914e-03 9.999994759554461377e-01 1.005214625178718298e-04
1.051167230826645762e-03 9.999994769566582509e-01 5.434860338407093353e-05
1.042200809633540837e-03 9.999994877776426927e-01 9.055997354041443335e-06
1.022267779685435019e-03 9.999995077855173831e-01 -3.489423169050096744e-05
9.919252327417291560e-04 9.999995359826625574e-01 -7.706701759661950036e-05
9.518269006307547792e-04 9.999995710717415331e-01 -1.170583892917582156e-04
9.027134883699667288e-04 9.999996115296390098e-01 -1.544990786428519140e-04
8.454022958472523844e-04 9.999996556866614927e-01 -1.890576681833041131e-04
7.807762572147271176e-04 9.999997018073198962e-01 -2.204432536783516167e-04
7.097725309767339424e-04 9.999997481691442758e-01 -2.484076022965502214e-04
6.333707760482783352e-04 9.999997931362624159e-01 -2.727467930722942313e-04
5.525812498168320569e-04 9.999998352248756772e-01 -2.933023323137497109e-04
4.684328634745872047e-04 9.999998731582731004e-01 -3.099617425648673792e-04
3.819613276319853415e-04 9.999999059096078557e-01 -3.226586296027385151e-04
2.941975175251932751e-04 9.999999327312851793e-01 -3.313722376776682076e-04
2.061561820542914380e-04 9.999999531704586442e-01 -3.361265087206069947e-04
1.188251145141669900e-04 9.999999670707622190e-01 -3.369886664917647523e-04
3.315489529901617237e-05 9.999999745609986501e-01 -3.340673515698703417e-04
-4.995069182103163588e-05 9.999999760320347209e-01 -3.275103376325419740e-04
-1.296434779202418526e-04 9.999999721036013645e-01 -3.175018636084239038e-04
-2.051388802306762711e-04 9.999999635830425504e-01 -3.042596199503391405e-04
-2.757229563975096913e-04 9.999999514182986715e-01 -2.880314304507401095e-04
-3.407584833633075291e-04 9.999999366475343932e-01 -2.690916736673830021e-04
-3.996900148471150909e-04 9.999999203478335819e-01 -2.477374901260112183e-04
-4.520478839557801184e-04 9.999999035852887852e-01 -2.242848230021103595e-04
-4.974511301802388673e-04 9.999998873686181122e-01 -1.990643409464190096e-04
-5.356093427400660792e-04 9.999998726081652523e-01 -1.724172921065176439e-04
-5.663234247992204092e-04 9.999998600817923133e-01 -1.446913382138439357e-04
-5.894852953423472021e-04 9.999998504087816986e-01 -1.162364168628436179e-04
-6.050765573375238614e-04 9.999998440324390225e-01 -8.740067882397695241e-05
-6.131661720883008074e-04 9.999998412116619662e-01 -5.852654542837007327e-05
-6.139071902741431372e-04 9.999998420213184191e-01 -2.994692876818958854e-05
-6.075325999825448037e-04 9.999998463608914534e-01 -1.981654707826015666e-06
-5.943503609477477105e-04 9.999998539705051703e-01 2.506587446393189741e-05
-5.747377021417286258e-04 9.999998644531638003e-01 5.091174444764291572e-05
-5.491347667373700512e-04 9.999998773018209386e-01 7.529429098157095217e-05
-5.180376942195300070e-04 9.999998919297578004e-01 9.797653422914068700e-05
-4.819912340092644132e-04 9.999999077026856531e-01 1.187482645665774493e-04
-4.415809883564235155e-04 9.999999239710031240e-01 1.374277633541495282e-04
-3.974253844276711442e-04 9.999999401007226840e-01 1.538631469062328523e-04
-3.501674764668452232e-04 9.999999555017282660e-01 1.679333265599296438e-04
-3.004666786432625639e-04 9.999999696522289261e-01 1.795485824226222523e-04
-2.489905277561297995e-04 9.999999821185134863e-01 1.886507529999306156e-04
-1.964065723684917575e-04 9.999999925693826563e-01 1.952130474128880579e-04
-1.433744812540892189e-04 1.000000000784916576e+00 1.992394912547506994e-04
-9.053845931939085074e-05 1.000000006659520047e+00 2.007640212644655345e-04
-3.852005348655020795e-05 1.000000010199455502e+00 1.998492478595304434e-04
1.208857552294824461e-05 1.000000011515320031e+00 1.965849081337196183e-04
6.073084688462903707e-05 1.000000010810127904e+00 1.910860351471610941e-04
1.068913582200887140e-04 1.000000008363830739e+00 1.834908721844941354e-04
1.501008369259471814e-04 1.000000004515219088e+00 1.739585631033113656e-04
1.899404012123886033e-04 9.999999996422214155e-01 1.626666519171418557e-04
2.260450971138556076e-04 9.999999941416239935e-01 1.498084263377335895e-04
2.581066872778459880e-04 9.999999884092075630e-01 1.355901411288910115e-04
2.858756769713444840e-04 9.999999828212112751e-01 1.202281577929015493e-04
3.091625723488533486e-04 9.999999777179200411e-01 1.039460373206502430e-04
3.278383754843369291e-04 9.999999733900200027e-01 8.697162249353499472e-05
3.418343298685815675e-04 9.999999700681975190e-01 6.953414554040995312e-05
3.511409389055777453e-04 9.999999679162726585e-01 5.186139584244303582e-05
3.558062883050711837e-04 9.999999670279718922e-01 3.417698086441936934e-05
3.559337110695129586e-04 9.999999674272640471e-01 1.669771159876641930e-05
3.516788409270069191e-04 9.999999690720177137e-01 -3.688584311963596625e-07
3.432461064918127230e-04 9.999999718605929733e-01 -1.682671411535296947e-05
3.308847240751790859e-04 9.999999756408636253e-01 -3.249345598360755042e-05
3.148842518674209922e-04 9.999999802210787214e-01 -4.720215311494535071e-05
2.955697721244088727e-04 9.999999853819215856e-01 -6.080295438507577518e-05
2.732967709870531923e-04 9.999999908891048506e-01 -7.316444411410044125e-05
2.484457876220710492e-04 9.999999965058552487e-01 -8.417473168354405906e-05
2.214169054895377567e-04 1.000000002004688415e+00 -9.374226825674499464e-05
1.926241587226934808e-04 1.000000007177944905e+00 -1.017963873120626158e-04
1.624899258651585029e-04 1.000000011846652992e+00 -1.082875692393058404e-04
1.314393815784167720e-04 1.000000015867393177e+00 -1.131874337121243599e-04
9.989507444724244310e-05 1.000000019136955132e+00 -1.164884668904916411e-04
6.827169572186385144e-05 1.000000021594704691e+00 -1.182034936877871635e-04
3.697109980158893818e-05 1.000000023222690659e+00 -1.183649083190446472e-04
6.377632552267391427e-06 1.000000024043635083e+00 -1.170236790965576952e-04
-2.314618176635096188e-05 1.000000024117044362e+00 -1.142481459256873132e-04
-5.126355002694885955e-05 1.000000023533756499e+00 -1.101226311507778411e-04
-7.766687755542415941e-05 1.000000022409298861e+00 -1.047458862861409546e-04
-1.020807612117932906e-04 1.000000020876464557e+00 -9.822939872211577364e-05
-1.242644830770134648e-04 1.000000019077529778e+00 -9.069558370784743591e-05
-1.440139866328368637e-04 1.000000017156523091e+00 -8.227588777192453061e-05
-1.611633244300420778e-04 1.000000015251933272e+00 -7.310883024537904377e-05
-1.755855733222432165e-04 1.000000013490189854e+00 -6.333800969948266777e-05
-1.871932203068448104e-04 1.000000011980193726e+00 -5.311010190858511139e-05
-1.959380287738102320e-04 1.000000010809105166e+00 -4.257287540571772817e-05
-2.018104014333822977e-04 1.000000010039515885e+00 -3.187324982987743916e-05
-2.048382622978088996e-04 1.000000009708057247e+00 -2.115542108687273063e-05
-2.050854857579144754e-04 1.000000009825419367e+00 -1.055907588212007096e-05
-2.026499059586311707e-04 1.000000010377684490e+00 -2.177164589485971037e-07
-1.976609442818775457e-04 1.000000011328820770e+00 9.742885582107663745e-06
-1.902768967424631555e-04 1.000000012624128853e+00 1.920608966824097750e-05
-1.806819264540007557e-04 1.000000014194403208e+00 2.806562645930670789e-05
-1.690828089974547250e-04 1.000000015960545996e+00 3.622666595464399820e-05
-1.557054805048272935e-04 1.000000017838366340e+00 4.360670414978420526e-05
-1.407914395441093626e-04 1.000000019743306323e+00 5.013626152106574437e-05
-1.245940544581318856e-04 1.000000021594855015e+00 5.575938927378511450e-05
-1.073748276779117413e-04 1.000000023320443576e+00 6.043398193876753610e-05
-8.939966771820139792e-05 1.000000024858656245e+00 6.413189750799587398e-05
-7.093521809566777098e-05 1.000000026161637745e+00 6.683888882832612487e-05
-5.224529032309302532e-05 1.000000027196624952e+00 6.855435239118005996e-05
-3.358744546845212654e-05 1.000000027946586600e+00 6.929090293538929491e-05
-1.520976557479135271e-05 1.000000028409995911e+00 6.907378439249768545e-05
2.652147429301318822e-06 1.000000028599808743e+00 6.794012962404568571e-05
1.977791177777791658e-05 1.000000028541755404e+00 6.593808310698946165e-05
3.596481574995477831e-05 1.000000028272083341e+00 6.312580219810938855e-05
5.102995297141186122e-05 1.000000027834906158e+00 5.957035383621771160e-05
6.481202363318612210e-05 1.000000027279326575e+00 5.534652451102300871e-05
7.717278718443200381e-05 1.000000026656500784e+00 5.053556203223181999e-05
8.799815717474350984e-05 1.000000026016802490e+00 4.522386806822418565e-05
9.719893403809376357e-05 1.000000025407230764e+00 3.950166059054292643e-05
1.047111766511589454e-04 1.000000024869181159e+00 3.346162526228329133e-05
1.104962183975252102e-04 1.000000024436674906e+00 2.719757445261877148e-05
1.145403381622360717e-04 1.000000024135106580e+00 2.080313195690142031e-05
1.168541011088763607e-04 1.000000023980541775e+00 1.437046066596244778e-05
1.174713881994365590e-04 1.000000023979563002e+00 7.989049376267591730e-06
1.164481371567240009e-04 1.000000024129634957e+00 1.744573683945036912e-06
1.138608208974418979e-04 1.000000024419931854e+00 -4.282155517791787501e-06
1.098046923452638776e-04 1.000000024832549572e+00 -1.001614399288613711e-05
1.043918269383307967e-04 1.000000025344010890e+00 -1.538905632370475495e-05
9.774899605291390882e-05 1.000000025926962355e+00 -2.033993983413171208e-05
9.001540596027944217e-05 1.000000026551955523e+00 -2.481582370048438221e-05
8.134033781028955146e-05 1.000000027189212437e+00 -2.877218859138685965e-05
7.188072449363259054e-05 1.000000027810279191e+00 -3.217330410900660464e-05
6.179870008269130186e-05 1.000000028389486095e+00 -3.499243322402209231e-05
5.125915690381561529e-05 1.000000028905148719e+00 -3.721190477866265635e-05
4.042734417267875095e-05 1.000000029340462948e+00 -3.882305695058652382e-05
2.946654055715455505e-05 1.000000029684067426e+00 -3.982605630114008182e-05
1.853583105211012194e-05 1.000000029930264489e+00 -4.022959865234321686e-05
7.788016196073103712e-06 1.000000030078914914e+00 -4.005049952750017227e-05
-2.632321026274383636e-06 1.000000030135034246e+00 -3.931318323267115006e-05
-1.259056822288331679e-05 1.000000030108133542e+00 -3.804908083489633386e-05
-2.196363740815123036e-05 1.000000030011361396e+00 -3.629594829526120846e-05
-3.064130381605719875e-05 1.000000029860507400e+00 -3.409711683065729958e-05
-3.852731745832158538e-05 1.000000029672933888e+00 -3.150068820034681444e-05
-4.554027877189442463e-05 1.000000029466498797e+00 -2.855868803803866606e-05
-5.161427332238681560e-05 1.000000029258531153e+00 -2.532619057591486259e-05
-5.669926412354242106e-05 1.000000029064912699e+00 -2.186042813558839064e-05
-6.076124364664721997e-05 1.000000028899308058e+00 -1.821989859680718621e-05
-6.378215097942101599e-05 1.000000028772577210e+00 -1.446348370500502562e-05
-6.575956280597931598e-05 1.000000028692388021e+00 -1.064959055321922356e-05
-6.670616987607376014e-05 1.000000028663037943e+00 -6.835327884451409636e-06
-6.664905337533513557e-05 1.000000028685477771e+00 -3.075728021346400418e-06
-6.562877806557570245e-05 1.000000028757522141e+00 5.769757429407864001e-07
-6.369832120725782583e-05 1.000000028874221014e+00 4.074007548098068776e-06
-6.092185808217813573e-05 1.000000029028359272e+00 7.370635606373679582e-06
-5.737342638591363828e-05 1.000000029211046915e+00 1.042668078519774293e-05
-5.313549284490828151e-05 1.000000029412358771e+00 1.320694216083698477e-05
-4.829744612618325228e-05 1.000000029621984643e+00 1.568153592917334859e-05
-4.295404044808719704e-05 1.000000029829851922e+00 1.782614543317285766e-05
-3.720381427331199514e-05 1.000000030026686249e+00 1.962218143501162344e-05
-3.114750808092390968e-05 1.000000030204484469e+00 2.105685310413140453e-05
-2.488650448775142447e-05 1.000000030356877900e+00 2.212315149154094881e-05
-1.852131294114956427e-05 1.000000030479374136e+00 2.281974849741305337e-05
-1.215011985920780691e-05 1.000000030569471177e+00 2.315081549676485700e-05
-5.867423478964065554e-06 1.000000030626650105e+00 2.312576685164444710e-05
2.372291804987207214e-07 1.000000030652250960e+00 2.275893449444422377e-05
6.080387890950769240e-06 1.000000030649253357e+00 2.206918060431422373e-05
1.158571420032662071e-05 1.000000030621976732e+00 2.107945610780654526e-05
1.668485506234196070e-05 1.000000030575727061e+00 1.981631330864467159e-05
2.131816678889806297e-05 1.000000030516413174e+00 1.830938138488739979e-05
