1.000000000000000000e+00 0.000000000000000000e+00 0.000000000000000000e+00
9.999999956076996988e-01 3.868786315829117749e-05 -8.536915777512886060e-05
9.999999583513026202e-01 1.337317085887836749e-04 -2.557605473563375051e-04
9.999998237400857803e-01 3.027205908125401961e-04 -5.107648646572863398e-04
9.999994802566183338e-01 5.631515799783047647e-04 -8.499108231175391340e-04
9.999987554613541940e-01 9.324168896007092172e-04 -1.272665563598004068e-03
9.999973992901183273e-01 1.427791029586995483e-03 -1.778435068573652050e-03
9.999950646367895546e-01 2.066417952497418692e-03 -2.366564569476722110e-03
9.999912853250758626e-01 2.865298149854244095e-03 -3.036338935054245375e-03
9.999854515847018677e-01 3.841275643054179248e-03 -3.786983027840504050e-03
9.999767831586467981e-01 5.011024800242774163e-03 -4.617662015329459732e-03
9.999643001793395714e-01 6.391036896588086005e-03 -5.527481622183347265e-03
9.999467919630249391e-01 7.997606320972803010e-03 -6.515488309848110546e-03
9.999227838829553017e-01 9.846816317452862163e-03 -7.580669370278094593e-03
9.998905024937423391e-01 1.195452413516519090e-02 -8.721952921112711976e-03
9.998478390912436398e-01 1.433634544598090532e-02 -9.938207790604943609e-03
9.997923119048804930e-01 1.700763787537998631e-02 -1.122824328188106423e-02
9.997210271324168396e-01 1.998348347906987732e-02 -1.259080880771510681e-02
9.996306390410943932e-01 2.327866998609698021e-02 -1.402459338892940444e-02
9.995173093737336201e-01 2.690767061893301754e-02 -1.552822501177952841e-02
9.993766663140797313e-01 3.088462229259589589e-02 -1.710026984223986246e-02
9.992037632823739246e-01 3.522330198863687228e-02 -1.873923129796252474e-02
9.989930378499251029e-01 3.993710109615208892e-02 -2.044354898182057512e-02
9.987382710803611729e-01 4.503899751122568407e-02 -2.221159748434460568e-02
9.984325476252368103e-01 5.054152528875779926e-02 -2.404168506599285368e-02
9.980682169226866574e-01 5.645674164685190316e-02 -2.593205223402570217e-02
9.976368558697226163e-01 6.279619113420749354e-02 -2.788087023274630344e-02
9.971292333613749337e-01 6.957086678565606308e-02 -2.988623946997333650e-02
9.965352771129116771e-01 7.679116811044503499e-02 -3.194618790677532238e-02
9.958440432044881607e-01 8.446685578244959858e-02 -3.405866944165602400e-02
9.950436888103534327e-01 9.260700293147565432e-02 -3.622156232446602925e-02
9.941214485966505254e-01 1.012199429704645215e-01 -3.843266763924739482e-02
9.930636152922899251e-01 1.103132139349191077e-01 -4.068970789890666295e-02
9.918555249556476605e-01 1.198934993583662123e-01 -4.299032579796047138e-02
9.904815474751614834e-01 1.299665657611843439e-01 -4.533208317250073810e-02
9.889250828534051907e-01 1.405371968895872126e-01 -4.771246021887130123e-02
9.871685638309742883e-01 1.516091249067600399e-01 -5.012885502421601108e-02
9.851934654075338305e-01 1.631849588087534442e-01 -5.257858346292733354e-02
9.829803218116239805e-01 1.752661104132403058e-01 -5.505887951297076116e-02
9.805087514572639051e-01 1.878527183489482888e-01 -5.756689604496185303e-02
9.777574904030007508e-01 2.009435705566138819e-01 -6.009970613461235178e-02
9.747044347968560896e-01 2.145360258975805567e-01 -6.265430494563301034e-02
9.713266927477275381e-01 2.286259355523939663e-01 -6.522761222529079028e-02
9.676006460094513928e-01 2.432075649774325110e-01 -6.781647544849446485e-02
9.635020217973314649e-01 2.582735172710572402e-01 -7.041767363847881156e-02
9.590059749781213450e-01 2.738146588800947634e-01 -7.302792188285825437e-02
9.540871807830941798e-01 2.898200486506498641e-01 -7.564387655304814773e-02
9.487199380901557566e-01 3.062768712921349890e-01 -7.826214122287190877e-02
9.428782832054859453e-01 3.231703763777858396e-01 -8.087927326869805145e-02
9.365361139488554976e-01 3.404838240465788979e-01 -8.349179111884873217e-02
9.296673237108825649e-01 3.581984385982112662e-01 -8.609618210451200349e-02
9.222459450067925779e-01 3.762933711826060845e-01 -8.868891084824942483e-02
9.142898416101714609e-01 3.946805470215312139e-01 -9.111179348362020980e-02
9.057916123713959378e-01 4.133092002809837240e-01 -9.336523908181258713e-02
8.967463616769741908e-01 4.321287435286348955e-01 -9.545009230721018811e-02
8.871517686685499449e-01 4.510890058577529671e-01 -9.736763700420682233e-02
8.770081243207071831e-01 4.701404730787002162e-01 -9.911959603504537364e-02
8.663183365677704639e-01 4.892345265136652244e-01 -1.007081273161116730e-01
8.550879041762242672e-01 5.083236769363557173e-01 -1.021358160750548000e-01
8.433248605517091878e-01 5.273617902907293820e-01 -1.034056634242774830e-01
8.310396891336928604e-01 5.463043019970210690e-01 -1.045210714157413096e-01
8.182452124539051352e-01 5.651084169022011494e-01 -1.054858248058234554e-01
8.049564573051684047e-01 5.837332922460898299e-01 -1.063040698155411912e-01
7.911904987761585462e-01 6.021402013822858557e-01 -1.069802902195178540e-01
7.769662861481134719e-01 6.202926764021016171e-01 -1.075192811356247696e-01
7.623044538173865403e-01 6.381566282462760586e-01 -1.079261209156807677e-01
7.472271205014785478e-01 6.557004433396005361e-01 -1.082061415556761080e-01
7.317576800068135157e-01 6.728950562342923547e-01 -1.083648980518132771e-01
7.159205867874381957e-01 6.897139981863977809e-01 -1.084081371266569643e-01
6.997411394105087501e-01 7.061334220043734566e-01 -1.083417657385782884e-01
6.832452648740567902e-01 7.221321038905794687e-01 -1.081718197684222310e-01
6.664593065035779862e-01 7.376914233368661034e-01 -1.079044332510618598e-01
6.494098178957991019e-01 7.527953224288811418e-01 -1.075458084874890974e-01
6.321233650903006485e-01 7.674302461563340394e-01 -1.071021873366559685e-01
6.146263388422962270e-01 7.815850655163334437e-01 -1.065798239467543596e-01
5.969447785522100647e-01 7.952509853340202772e-01 -1.059849591442992289e-01
5.791042090885549776e-01 8.084214388106062410e-01 -1.053237966574672169e-01
5.611294914278669443e-01 8.210919708465476141e-01 -1.046024813087315791e-01
5.430446877359429436e-01 8.332601121809815048e-01 -1.038270792718747060e-01
5.248729412339956379e-01 8.449252463426024651e-01 -1.030035604507448521e-01
5.066363709360339751e-01 8.560884713272870483e-01 -1.021377830022847932e-01
4.883559811130254724e-01 8.667524578096881260e-01 -1.012354799948637085e-01
4.700515851372880083e-01 8.769213055654961897e-01 -1.003022481651031361e-01
4.517417431881259327e-01 8.866003996337151749e-01 -9.934353871237068534e-02
4.334437131570641477e-01 8.957962675894547422e-01 -9.836465004996335082e-02
4.151734139774501120e-01 9.045164391322726427e-01 -9.737072241564539987e-02
3.969454005173305711e-01 9.127693090273794052e-01 -9.636673423148411910e-02
3.787728491145107568e-01 9.205640042708264081e-01 -9.535750009360836887e-02
3.606675527963352224e-01 9.279102561883181277e-01 -9.434767026631345199e-02
3.426399252115208682e-01 9.348182780231087952e-01 -9.334173155153085988e-02
3.246990123047234222e-01 9.412986484235581486e-01 -9.234400940372949895e-02
3.068525107837996035e-01 9.473622011067991400e-01 -9.135867116146605127e-02
2.891067924623640373e-01 9.530199208525824695e-01 -9.038973026970953395e-02
2.714669336037744407e-01 9.582828458712430164e-01 -8.944105137139418682e-02
2.539367484448233347e-01 9.631619764920463789e-01 -8.851635615208955365e-02
2.365188261360851862e-01 9.676681900327730457e-01 -8.761922982792613723e-02
2.192145703992041672e-01 9.718121616378792016e-01 -8.675312817371362561e-02
2.020242412677941690e-01 9.756042908103460531e-01 -8.592138499530023454e-02
1.849469983466736911e-01 9.790546333106494581e-01 -8.512721995743903480e-02
1.679809450927354231e-01 9.821728380543207626e-01 -8.437374668557053037e-02
1.511231736889315780e-01 9.849680886064313690e-01 -8.366398106684735936e-02
1.343698101499368469e-01 9.874490488461102888e-01 -8.300084968229015647e-02
1.176927399256537388e-01 9.896251953845608407e-01 -8.240389968822900424e-02
1.010855895931899451e-01 9.915033864908203709e-01 -8.187031978464912041e-02
8.454225020988551109e-02 9.930896744538525445e-01 -8.139728236524822191e-02
6.805692299334777096e-02 9.943893559994488873e-01 -8.098194305713590779e-02
5.162416157258042926e-02 9.954070225739023448e-01 -8.062143995315280975e-02
3.523891105669683943e-02 9.961466105384291225e-01 -8.031289259326626628e-02
1.889654413114639359e-02 9.966114513333240721e-01 -8.005340074898321945e-02
2.592894356113251836e-03 9.968043216813129437e-01 -7.984004306243462634e-02
-1.367571319207660716e-02 9.967274939058465844e-01 -7.966987558971799777e-02
-2.991243382794272349e-02 9.963827864424742442e-01 -7.953993029622201394e-02
-4.611987763416103281e-02 9.957716146202030272e-01 -7.944721354997644203e-02
-6.230008625981552084e-02 9.948950417851277761e-01 -7.938870465754790939e-02
-7.845451211692930360e-02 9.937538308308178081e-01 -7.936135448560559247e-02
-9.458399997723329622e-02 9.923484961891706480e-01 -7.936208420997882540e-02
-1.106887709935038822e-01 9.906793563218686538e-01 -7.938778423278330942e-02
-1.267684091897720022e-01 9.887465867363921523e-01 -7.943531330696633475e-02
-1.428218504821090473e-01 9.865502735319349181e-01 -7.950149790637295322e-02
-1.588473743063527344e-01 9.840904674597312773e-01 -7.958313187812333933e-02
-1.748425979408636532e-01 9.813672384594538389e-01 -7.967697641267368347e-02
-1.908044736210125214e-01 9.783807306087096700e-01 -7.977976036536732485e-02
-2.067292885473976383e-01 9.751312173965128727e-01 -7.988818096152761061e-02
-2.226126678915987533e-01 9.716191572042355284e-01 -7.999890491516024882e-02
-2.384495809014128553e-01 9.678452488492643724e-01 -8.010856998908282012e-02
-2.542343502018361567e-01 9.638104870177799377e-01 -8.021378702175006870e-02
-2.699606643784261961e-01 9.595162173841341735e-01 -8.031114244316669981e-02
-2.856215939160067219e-01 9.549641911856628917e-01 -8.039720129905085499e-02
-3.012096105479188379e-01 9.501566189939149032e-01 -8.046851079881646440e-02
-3.167166100491785596e-01 9.450962233967074022e-01 -8.052160439897138033e-02
-3.321339384810438333e-01 9.397862902806625174e-01 -8.055300642918283849e-02
-3.474524218647619955e-01 9.342307183814919647e-01 -8.055923726355142256e-02
-3.626623992288757203e-01 9.284340667498319766e-01 -8.053681903458233260e-02
-3.777537589377206184e-01 9.224015997644470222e-01 -8.048228188197979749e-02
-3.927159781690343632e-01 9.161393293126547377e-01 -8.039217072276283460e-02
-4.075381653664056913e-01 9.096540537503884361e-01 -8.026305252336429774e-02
-4.222091054481945105e-01 9.029533932518746253e-01 -8.009152404839922634e-02
-4.367173075092164458e-01 8.960458211618556046e-01 -7.987422005475311448e-02
-4.510510547056608699e-01 8.889406909719688166e-01 -7.960782189363604933e-02
-4.651984559682198483e-01 8.816482585575244890e-01 -7.928906647737432589e-02
-4.791474991441423970e-01 8.741796993316321984e-01 -7.891475556207441788e-02
-4.928861051268279003e-01 8.665471200004079000e-01 -7.848176529200644180e-02
-5.064021824926051574e-01 8.587635646357174579e-01 -7.798705594673090158e-02
-5.196836821294888997e-01 8.508430148202993371e-01 -7.742768182774685537e-02
-5.327186513129276157e-01 8.428003836637406598e-01 -7.680080121788357417e-02
-5.454952866597860828e-01 8.346515035360849710e-01 -7.610368634389373665e-02
-5.580019853749068615e-01 8.264131074181221281e-01 -7.533373327082915072e-02
-5.702273941953464043e-01 8.181028038228029819e-01 -7.448847165586774954e-02
-5.821604554364459005e-01 8.097390452997763610e-01 -7.356557428937743337e-02
-5.937904495518052661e-01 8.013410905937075057e-01 -7.256286635218894832e-02
-6.051070336363572055e-01 7.929289605856646439e-01 -7.147833432032711654e-02
-6.161002753282847078e-01 7.845233882042833562e-01 -7.031013445181155674e-02
-6.267606816015177662e-01 7.761457625484322609e-01 -6.905660079455390454e-02
-6.370792219858115724e-01 7.678180675145387379e-01 -6.771625265978963026e-02
-6.470473458055919780e-01 7.595628152684651413e-01 -6.628780151180523050e-02
-6.566569930913138675e-01 7.514029749428191574e-01 -6.477015723184492701e-02
-6.659005988873004656e-01 7.433618969749288263e-01 -6.316243372187160809e-02
-6.747710907570407812e-01 7.354632335276626298e-01 -6.146395382215992520e-02
-6.832618793697126103e-01 7.277308554542483154e-01 -5.967425352534296012e-02
-6.913668421391523378e-01 7.201887662788928335e-01 -5.779308547833210408e-02
-6.990802999774057280e-01 7.128610136671800213e-01 -5.582042177228911661e-02
-7.063969873181158432e-01 7.057715988540355090e-01 -5.375645602935148065e-02
-7.133120156590646577e-01 6.989443844828375774e-01 -5.160160480290208740e-02
-7.198208309669119620e-01 6.924030012876072337e-01 -4.935650831564265123e-02
-7.259191653793556354e-01 6.861707540219460499e-01 -4.702203056640143208e-02
-7.316029837293941407e-01 6.802705270045422692e-01 -4.459925884232066734e-02
-7.368684255020361284e-01 6.747246896128523685e-01 -4.208950267769111242e-02
-7.417117429146868890e-01 6.695550020153863136e-01 -3.949429230411938968e-02
-7.461292358876741027e-01 6.647825213903942876e-01 -3.681537663884722200e-02
-7.501171847401925108e-01 6.604275088362945301e-01 -3.405472085884061334e-02
-7.536717815087005112e-01 6.565093371385609666e-01 -3.121450360771627075e-02
-7.567890608389271634e-01 6.530463995206994277e-01 -2.829711388069105354e-02
-7.594648314486893703e-01 6.500560194750317766e-01 -2.530514762958259792e-02
-7.616946091962616405e-01 6.475543617438640487e-01 -2.224140412554374835e-02
-7.634735528177422070e-01 6.455563445047044491e-01 -1.910888211180201621e-02
-7.647964034163740044e-01 6.440755528058318413e-01 -1.591077577235019622e-02
-7.656574287967844450e-01 6.431241533018060563e-01 -1.265047053547623153e-02
-7.660503737372347244e-01 6.427128103533403802e-01 -9.331538723434602486e-03
-7.659684172828289395e-01 6.428506035829321119e-01 -5.957735051673762085e-03
-7.654041381217607798e-01 6.435449470170794273e-01 -2.532991973086420098e-03
-7.643494890745513581e-01 6.448015099977790765e-01 9.385851450054707654e-04
-7.627957816822733550e-01 6.466241401099260822e-01 4.452723030723065162e-03
-7.607336818233172426e-01 6.490147884464707584e-01 8.004985730547913014e-03
-7.581532172186538077e-01 6.519734376185924996e-01 1.159078007710901380e-02
-7.550437976020978326e-01 6.554980330121845666e-01 1.520536143810771734e-02
-7.513942482341133822e-01 6.595844178926776324e-01 1.884383978568394957e-02
-7.471928573246426897e-01 6.642262730653276659e-01 2.250118612697026010e-02
-7.424274378018348441e-01 6.694150619048708784e-01 2.617223933628327198e-02
-7.370854037191489905e-01 6.751399816738511417e-01 2.985171342726257102e-02
-7.311538614331243302e-01 6.813879221496227379e-01 3.353420529923415577e-02
-7.246197155084969088e-01 6.881434326724382711e-01 3.721420298615739364e-02
-7.174697891170626063e-01 6.953886988073912923e-01 4.088609442878361061e-02
-7.096909584929649295e-01 7.031035298774627185e-01 4.454417678125224822e-02
-7.012703007916735176e-01 7.112653586696856545e-01 4.818266625248995849e-02
-6.921952544751321934e-01 7.198492546378082446e-01 5.179570847074296824e-02
-6.824537911142912749e-01 7.288279519193432421e-01 5.537738934671698060e-02
-6.720345972659763634e-01 7.381718934494897466e-01 5.892174639753828408e-02
-6.609272648478317080e-01 7.478492923865470710e-01 6.242278048055541206e-02
-6.491224882074455582e-01 7.578262119612065861e-01 6.587446787338546716e-02
-6.366122658646945487e-01 7.680666647243761247e-01 6.927077262511162348e-02
-6.233901047051023658e-01 7.785327319947037417e-01 7.260565909370336746e-02
-6.094512242220599951e-01 7.891847040984264483e-01 7.587310457708802691e-02
-5.947927582525627255e-01 7.999812417522994545e-01 7.906711194034114765e-02
-5.794139515300011922e-01 8.108795586679403700e-01 8.218172213960892036e-02
-5.633163482934655519e-01 8.218356251567507931e-01 8.521102654496218176e-02
-5.465039701504138536e-01 8.328043921934507043e-01 8.814917896962930211e-02
-5.289834803921439343e-01 8.437400350588661890e-01 9.099040732204925763e-02
-5.107643320121272312e-01 8.545962153353900970e-01 9.372902480985896567e-02
-4.918588967777358656e-01 8.653263596785452094e-01 9.635944064105030071e-02
-4.722825728569214898e-01 8.758839534427702578e-01 9.887617018670434577e-02
-4.520538687024774904e-01 8.862228469065736025e-01 1.012738445913704821e-01
-4.311944611459222476e-01 8.962975715291831014e-01 1.035472198405929245e-01
-4.097292259478530485e-01 9.060636633851335553e-01 1.056911853194501261e-01
-3.876862393877720248e-01 9.154779906717844806e-01 1.077007719203159491e-01
-3.650967498487718843e-01 9.244990819738061472e-01 1.095711597813579935e-01
-3.419951187550707705e-01 9.330874518036300636e-01 1.112976857585190049e-01
-3.184187306464311695e-01 9.412059198222156864e-01 1.128758507518604071e-01
-2.944078726156429404e-01 9.488199200836479053e-01 1.143013270212326349e-01
-2.700055837857409657e-01 9.558977966423730654e-01 1.155699656354407384e-01
-2.452574759544964844e-01 9.624110819144862106e-01 1.166778042027223766e-01
-2.202115269769380212e-01 9.683347542944670261e-01 1.176210750279775424e-01
-1.949178488842930879e-01 9.736474716951146746e-01 1.183962138335442754e-01
-1.694284331420923828e-01 9.783317778991122982e-01 1.189998691654178958e-01
-1.437968758238824529e-01 9.823742788826611561e-01 1.194289125859409606e-01
-1.180780858131292577e-01 9.857657865910803840e-01 1.196804497276913043e-01
-9.232797943805876040e-02 9.885014280084687410e-01 1.197518322523567769e-01
-6.660316518656381191e-02 9.905807177630276961e-01 1.196406707238227562e-01
-4.096062233576127504e-02 9.920075929403314730e-01 1.193448483677107819e-01
-1.545737745890004428e-02 9.927904092319609353e-01 1.188625356515287945e-01
9.849817162496454087e-03 9.929418980192235011e-01 1.181922055818416112e-01
3.490479919381649088e-02 9.924790844734152628e-01 1.173326495788784840e-01
5.965230201021450018e-02 9.914231672371254245e-01 1.162829937561546262e-01
8.403824674318900734e-02 9.897993607270720862e-01 1.150427154042770045e-01
1.080100169900150286e-01 9.876367015593878751e-01 1.136116594552489950e-01
1.315167128337469127e-01 9.849678210347143636e-01 1.119900546871798741e-01
1.545093811524139160e-01 9.818286860247228409e-01 1.101785294199793958e-01
1.769412195846967462e-01 9.782583109660470955e-01 1.081781264507169216e-01
1.987677519598708142e-01 9.742984439850995715e-01 1.059903169828809583e-01
2.199469734848865932e-01 9.699932304418305007e-01 1.036170133165081469e-01
2.404394645026720068e-01 9.653888573873781187e-01 1.010605800854791347e-01
2.602084721835745684e-01 9.605331825763887554e-01 9.832384385334883015e-02
2.792199600759512901e-01 9.554753517578369326e-01 9.541010090879997740e-02
2.974426260113052223e-01 9.502654079884897964e-01 9.232312313491221334e-02
3.148478894227877967e-01 9.449538966726295230e-01 8.906716186152796588e-02
3.314098496820523376e-01 9.395914699340024434e-01 8.564694964561916923e-02
3.471052175773735593e-01 9.342284937767050268e-01 8.206769995927057360e-02
3.619132225352415522e-01 9.289146612979376494e-01 7.833510479732719300e-02
3.758154986187599023e-01 9.236986149857242534e-01 7.445533024567159430e-02
3.887959527106665258e-01 9.186275808783169738e-01 7.043501007545924231e-02
4.008406185994526916e-01 9.137470170892849630e-01 6.628123744763814162e-02
4.119375009280420996e-01 9.091002789237020432e-01 6.200155482517305527e-02
4.220764131314028722e-01 9.047283025367250930e-01 5.760394219733113580e-02
4.312488135793141608e-01 9.006693088259279945e-01 5.309680372120643976e-02
4.394476441516826370e-01 8.969585290117420007e-01 4.848895288069428322e-02
4.466671754059740596e-01 8.936279531535646914e-01 4.378959625297048491e-02
4.529028623503340567e-01 8.907061026780976887e-01 3.900831595802101148e-02
4.581512146137112773e-01 8.882178278647857583e-01 3.415505084893935561e-02
4.624096845085877705e-01 8.861841311421486678e-01 2.924007648074728252e-02
4.656765761164331496e-01 8.846220169972536240e-01 2.427398387468276270e-02
4.679509780951670028e-01 8.835443692851122632e-01 1.926765707456047638e-02
4.692327224169389743e-01 8.829598567396029773e-01 1.423224947325079856e-02
4.695223706993868484e-01 8.828728675246679813e-01 9.179158871772213207e-03
4.688212292010282556e-01 8.832834737141275205e-01 4.120001222048247716e-03
4.671313929193296466e-01 8.841874266390545856e-01 -9.334170020403745674e-04
4.644558185670840111e-01 8.855761840806843921e-01 -5.969127861383776226e-03
4.607984255189976897e-01 8.874369703011049104e-01 -1.097503248678905960e-02
4.561642231270904291e-01 8.897528698802616987e-01 -1.593893313145887392e-02
4.505594621132407163e-01 8.925029562534847472e-01 -2.084856676186491037e-02
4.439918070738746447e-01 8.956624557074416293e-01 -2.569164018455774579e-02
4.364705264905370807e-01 8.992029473847050758e-01 -3.045586667801056246e-02
4.280066960470583215e-01 9.030925995611319701e-01 -3.512900406623423177e-02
4.186134105260818639e-01 9.072964420922879913e-01 -3.969889413584961474e-02
4.083059991119387111e-01 9.117766744751859553e-01 -4.415350326194801556e-02
3.971022385799878318e-01 9.164930084436229141e-01 -4.848096407189785712e-02
3.850225586203313011e-01 9.214030434176474493e-01 -5.266961794177434791e-02
3.720902334402338973e-01 9.264626724726550133e-01 -5.670805808875340609e-02
3.583315538260525845e-01 9.316265157978596001e-01 -6.058517299594244621e-02
3.437759740300971312e-01 9.368483778976511855e-01 -6.429018988483355124e-02
3.284562281846318821e-01 9.420817240758468936e-01 -6.781271793570409212e-02
3.124084114335462514e-01 9.472801710575047274e-01 -7.114279094838295292e-02
2.956720216063214446e-01 9.523979859723507024e-01 -7.427090913502759628e-02
2.782899580277092277e-01 9.573905873745636175e-01 -7.718807974274469186e-02
2.603084749435932155e-01 9.622150415310171123e-01 -7.988585621652295743e-02
2.417770880273632794e-01 9.668305468970190830e-01 -8.235637563122190363e-02
2.227484334858344517e-01 9.711988995343875386e-01 -8.459239414422456416e-02
2.032780803796472024e-01 9.752849322259917741e-01 -8.658732024660405202e-02
1.834242978779054845e-01 9.790569202127635817e-01 -8.833524561898374594e-02
1.632477802468130790e-01 9.824869468266383965e-01 -8.983097342741193370e-02
1.428113333934197260e-01 9.855512228124948537e-01 -9.107004392334584753e-02
1.221795277156998705e-01 9.882303538140682075e-01 -9.204875723924232922e-02
1.014183228190734670e-01 9.905095513270710805e-01 -9.276419329650818779e-02
8.059467032099043582e-02 9.923787833759314392e-01 -9.321422876516546885e-02
5.977610145810435122e-02 9.938328622226089148e-01 -9.339755103430438798e-02
3.903030651938525081e-02 9.948714675373382388e-01 -9.331366916926406296e-02
1.842471324415782818e-02 9.954991046200587501e-01 -9.296292184575924433e-02
-1.973928755944130004e-03 9.957249984250068353e-01 -9.234648226329360277e-02
-2.209995076350545692e-02 9.955629252771700521e-01 -9.146636005070547804e-02
-4.188914857487184562e-02 9.950309852474648054e-01 -9.032540018614908239e-02
-6.127914125358755598e-02 9.941513191459481202e-01 -8.892727896275187671e-02
-8.020970005751769383e-02 9.929497749753648517e-01 -8.727649704002962694e-02
-9.862304345506348047e-02 9.914555294418451181e-01 -8.537836963015442426e-02
-1.164640951092311694e-01 9.897006707318433127e-01 -8.323901387744178648e-02
-1.336807027284221683e-01 9.877197492262396183e-01 -8.086533349884084121e-02
-1.502238167278475700e-01 9.855493031312841934e-01 -7.826500076248608939e-02
-1.660476286838743210e-01 9.832273661644747031e-01 -7.544643589005814444e-02
-1.811096705651275840e-01 9.807929644491303334e-01 -7.241878397626257124e-02
-1.953708766607670233e-01 9.782856096561978188e-01 -6.919188952458794895e-02
-2.087956109729827425e-01 9.757447952009551395e-01 -6.577626870208826138e-02
-2.213516635759757434e-01 9.732095019734793295e-01 -6.218307941678644785e-02
-2.330102200500899223e-01 9.707177196742275971e-01 -5.842408931910110514e-02
-2.437458085642369987e-01 9.683059893595074019e-01 -5.451164182334546082e-02
-2.535362294935948890e-01 9.660089722951326063e-01 -5.045862023696116166e-02
-2.623624726184204947e-01 9.638590496879214653e-01 -4.627841007410445767e-02
-2.702086269535683982e-01 9.618859573294371579e-01 -4.198485961712486447e-02
-2.770617881107833580e-01 9.601164586572421555e-01 -3.759223877521780666e-02
-2.829119678045317055e-01 9.585740592254158310e-01 -3.311519627513224290e-02
-2.877520096878632416e-01 9.572787650841467766e-01 -2.856871520544131474e-02
-2.915775151613163585e-01 9.562468871003015902e-01 -2.396806692477359765e-02
-2.943867821515486205e-01 9.554908928060439344e-01 -1.932876333677763930e-02
-2.961807591257880068e-01 9.550193069368866361e-01 -1.466650753158894177e-02
-2.969630158138433229e-01 9.548366614075686210e-01 -9.997142796157296868e-03
-2.967397312733249248e-01 9.549434950656583432e-01 -5.336600004711422596e-03
-2.955196990791468248e-01 9.553364031496011100e-01 -7.008434163319546273e-04
-2.933143485693676111e-01 9.560081359507953680e-01 3.894185070817386338e-03
-2.901377802604406253e-01 9.569477457297651535e-01 8.432623129841191820e-03
-2.860068127803629401e-01 9.581407804579087362e-01 1.289874656606939014e-02
-2.809410379817829928e-01 9.595695224445254246e-01 1.727702907439458702e-02
-2.749628803113348119e-01 9.612132693630209834e-01 2.155220299478231849e-02
-2.680976560468308345e-01 9.630486546133343317e-01 2.570932082159294724e-02
-2.603736276882784306e-01 9.650500033568317759e-01 2.973381717578369582e-02
-2.518220486162978666e-01 9.671897199464691841e-01 3.361157090393726565e-02
-2.424771931224752874e-01 9.694387018642153242e-01 3.732896692627048901e-02
-2.323763670755909505e-01 9.717667746883246194e-01 4.087295741911416147e-02
-2.215598948151006331e-01 9.741431420665320751e-01 4.423112188745444845e-02
-2.100710783523729308e-01 9.765368441908103270e-01 4.739172566136293924e-02
-1.979561255985507751e-01 9.789172178786850198e-01 5.034377633757023546e-02
-1.852640451070784455e-01 9.812543510881347464e-01 5.307707768473673982e-02
-1.720465056948842775e-01 9.835195245484936732e-01 5.558228053842426131e-02
-1.583576602600303418e-01 9.856856331956964645e-01 5.785093022924680389e-02
-1.442539341125512187e-01 9.877275802690834716e-01 5.987551011466546447e-02
-1.297937791438222299e-01 9.896226372655438919e-01 6.164948082052899847e-02
-1.150373961415998292e-01 9.913507634553209158e-01 6.316731484159397725e-02
-1.000464284767948603e-01 9.928948793358944869e-01 6.442452619950819748e-02
-8.488363121008885015e-02 9.942410892228263908e-01 6.541769491058002650e-02
-6.961252036134875365e-02 9.953788491298215524e-01 6.614448607248296641e-02
-5.429700762716672957e-02 9.963010771495354190e-01 6.660366343725640514e-02
-3.900102620271299336e-02 9.970042046824064697e-01 6.679509739601856289e-02
-2.378815355150517424e-02 9.974881680404965589e-01 6.671976735728057939e-02
-8.721236966326362944e-03 9.977563411428841400e-01 6.637975855436820116e-02
6.137972420260933912e-03 9.978154111844360630e-01 6.577825336712936344e-02
2.072917187574731257e-02 9.976752002681714693e-01 6.491951728793532439e-02
3.499384077217528727e-02 9.973484370131948662e-01 6.380887970127699371e-02
4.887555161651795099e-02 9.968504830596945920e-01 6.245270967952146202e-02
6.232025501942910217e-02 9.961990201691476310e-01 6.085838702432621455e-02
7.527653603910039459e-02 9.954137042466353336e-01 5.903426880369615215e-02
8.769584020092852095e-02 9.945157930839046978e-01 5.698965164877446005e-02
9.953266836379584537e-02 9.935277549331885671e-01 5.473473008241782484e-02
1.107447404474727337e-01 9.924728651749210595e-01 5.228055115381800150e-02
1.212931288227741544e-01 9.913747983442997569e-01 4.963896565045271964e-02
1.311423628699099064e-01 9.902572226430661484e-01 4.682257615118610994e-02
1.402605068085520656e-01 9.891434037978710236e-01 4.384468217323814893e-02
1.486192133780892266e-01 9.880558247511302961e-01 4.071922265197373825e-02
1.561937562863261464e-01 9.870158272013468403e-01 3.746071597709471623e-02
1.629630445430839958e-01 9.860432804645014038e-01 3.408419779299425717e-02
1.689096218508708003e-01 9.851562825225969044e-01 3.060515675592880361e-02
1.740196541424581245e-01 9.843708974746487872e-01 2.703946842744390372e-02
1.782829081441899277e-01 9.837009329223939114e-01 2.340332747326450205e-02
1.816927235179570110e-01 9.831577601186960447e-01 1.971317833062192701e-02
1.842459807115796322e-01 9.827501789899067974e-01 1.598564450556905908e-02
1.859430661475329205e-01 9.824843294212233236e-01 1.223745666584588263e-02
1.867878358265277761e-01 9.823636494716962986e-01 8.485379704655149694e-03
1.867875778399496201e-01 9.823888804671996322e-01 4.746138966353966038e-03
1.859529736987674819e-01 9.825581182090341592e-01 1.036345846309356510e-03
1.842980578213063436e-01 9.828669088365757922e-01 -2.627576996567859875e-03
1.818401740022604907e-01 9.833083871987716718e-01 -6.229470545687768382e-03
1.785999272327093712e-01 9.838734549266894280e-01 -9.753514148732265673e-03
1.746011288752286617e-01 9.845509947645457727e-01 -1.318429971840802753e-02
1.698707329356367313e-01 9.853281171181588194e-01 -1.650690503973690354e-02
1.644387610256051180e-01 9.861904342277498792e-01 -1.970696577830772719e-02
1.583382135858434347e-01 9.871223568781377633e-01 -2.277074575397295547e-02
1.516049650404176496e-01 9.881074081364302764e-01 -2.568520501954499671e-02
1.442776407763707303e-01 9.891285482686908992e-01 -2.843806526562939543e-02
1.363974741813828162e-01 9.901685047459769518e-01 -3.101787206210353254e-02
1.280081424129597412e-01 9.912101011188623190e-01 -3.341405344490381429e-02
1.191555800982711799e-01 9.922365785285226503e-01 -3.561697436437754466e-02
1.098877707531286524e-01 9.932319037394344852e-01 -3.761798652877468285e-02
1.002545163375985759e-01 9.941810578280687594e-01 -3.940947320340174725e-02
9.030718600839476862e-02 9.950703000439381496e-01 -4.098488856206161657e-02
8.009844575779252740e-02 9.958874018698403718e-01 -4.233879123183269949e-02
6.968197121920584325e-02 9.966218469383374412e-01 -4.346687172386572151e-02
5.911214644641624161e-02 9.972649931981231175e-01 -4.436597350031211417e-02
4.844375191534533442e-02 9.978101945494621816e-01 -4.503410748917755640e-02
3.773164533681802602e-02 9.982528800612798792e-01 -4.547045992314212304e-02
2.703043909336388939e-02 9.985905898199334274e-01 -4.567539344349638708e-02
1.639417821550502585e-02 9.988229674156215987e-01 -4.565044147464268620e-02
5.876022791563609640e-03 9.989517100205163036e-01 -4.539829593654427786e-02
-4.472061436222560943e-03 9.989804779271520552e-01 -4.492278842068087030e-02
-1.459960078830115256e-02 9.989147662719952692e-01 -4.422886500831368917e-02
-2.445789652458189856e-02 9.987617424454452442e-01 -4.332255495725530203e-02
-3.400029015609208616e-02 9.985300533670365963e-01 -4.221093352423551520e-02
-4.318240895158660664e-02 9.982296073683426529e-01 -4.090207922399845264e-02
-5.196238992023782116e-02 9.978713358652310239e-01 -3.940502585338882813e-02
-6.029917052604966826e-02 9.974666068408116759e-01 -3.774157731700216595e-02
-6.816104043546288016e-02 9.970273417143180605e-01 -3.592492531982183213e-02
-7.551977956150068838e-02 9.965655733603553390e-01 -3.396863501048043299e-02
-8.235067298798169622e-02 9.960931988466383835e-01 -3.188655895920206040e-02
-8.863250196790084523e-02 9.956217486083412949e-01 -2.969275346333572624e-02
-9.434751338498396922e-02 9.951621757508487542e-01 -2.740139751882942828e-02
-9.948137013144364715e-02 9.947246684977125719e-01 -2.502671474532521326e-02
-1.040230848355367249e-01 9.943184881179361057e-01 -2.258289850641584037e-02
-1.079649392803904012e-01 9.939518339922863710e-01 -2.008404042541653278e-02
-1.113023917033382909e-01 9.936317368257491234e-01 -1.754406246093156985e-02
-1.140339739664191498e-01 9.933639803936996637e-01 -1.497665267546045495e-02
-1.161611803578748575e-01 9.931530516317963464e-01 -1.239520480401477137e-02
-1.176883495353403808e-01 9.930021183508306315e-01 -9.812761707761888733e-03
-1.186225408670561199e-01 9.929130333827409505e-01 -7.241962779506821296e-03
-1.189734061797108888e-01 9.928863635460583037e-01 -4.694995352714198544e-03
-1.187530576906953433e-01 9.929214414601813532e-01 -2.183550153058075576e-03
-1.179759326970032801e-01 9.930164379389491147e-01 2.812191795409264838e-04
-1.166586554191434144e-01 9.931684524549659887e-01 2.688732480456713144e-03
-1.148198962605241347e-01 9.933736189862699684e-01 5.029015353191058392e-03
-1.124802286431116211e-01 9.936272244348645089e-01 7.292727367029792560e-03
-1.096619835190584119e-01 9.939238367404686914e-01 9.471186171480586169e-03
-1.063891016340013651e-01 9.942574398002409497e-01 1.155638755081955099e-02
-1.026869836278317266e-01 9.946215723433962097e-01 1.354102145458949483e-02
-9.858233809865339647e-02 9.950094679953351839e-01 1.541848405363952304e-02
-9.410302782008121703e-02 9.954141938954473856e-01 1.718288588624016303e-02
-8.927791438501479770e-02 9.958287854020050345e-01 1.882905617480915353e-02
-8.413670164420242181e-02 9.962463746219409888e-01 2.035254341060662581e-02
-7.870977840885708121e-02 9.966603107378010362e-01 2.174961232109611647e-02
-7.302806098708193583e-02 9.970642703633882942e-01 2.301723735215695926e-02
-6.712283621814044143e-02 9.974523564378791063e-01 2.415309281457878390e-02
-6.102560575157546519e-02 9.978191844595706295e-01 2.515553986086381186e-02
-5.476793238558526344e-02 9.981599551588973274e-01 2.602361047391041002e-02
-4.838128932760696332e-02 9.984705130099156278e-01 2.675698866328297607e-02
-4.189691326747137928e-02 9.987473902742620702e-01 2.735598907716305442e-02
-3.534566215855632076e-02 9.989878365560707074e-01 2.782153324845540801e-02
-2.875787858487943716e-02 9.991898341153681029e-01 2.815512370168527650e-02
-2.216325955279003015e-02 9.993520994364575305e-01 2.835881615313439255e-02
-1.559073348644333251e-02 9.994740717728258783e-01 2.843519004005923972e-02
-9.068345128889026413e-03 9.995558895879538275e-01 2.838731761582060503e-02
-2.623148958260960659e-03 9.995983559796609574e-01 2.821873184639833373e-02
3.718888375497553245e-03 9.996028943126678001e-01 2.793339334019634412e-02
9.932976200177195611e-03 9.995714953891059462e-01 2.753565653743588956e-02
1.599557828074581189e-02 9.995066575597371106e-01 2.703023537800404441e-02
2.188448143021174547e-02 9.994113212203692420e-01 2.642216865761183933e-02
2.757885422905955591e-02 9.992887991497424460e-01 2.571678527178234558e-02
3.305929592077994777e-02 9.991427041289446809e-01 2.491966953580108599e-02
3.830787565352160307e-02 9.989768752406116281e-01 2.403662675658537265e-02
4.330816233039887220e-02 9.987953041815371691e-01 2.307364921972192284e-02
4.804524541186300235e-02 9.986020628379098651e-01 2.203688274192317983e-02
5.250574708166932253e-02 9.984012332713858573e-01 2.093259392607977470e-02
5.667688567483167988e-02 9.981971024319109542e-01 1.975663807151741697e-02
6.054499910951889607e-02 9.979937731740426976e-01 1.851434789157195213e-02
6.409778400523280517e-02 9.977952162876587705e-01 1.721132210367555190e-02
6.732433973197429755e-02 9.976052084816219301e-01 1.585340197739660770e-02
7.021520632840279330e-02 9.974272746298475933e-01 1.444664667930468938e-02
7.276239631094322258e-02 9.972646351824332456e-01 1.299730751129907561e-02
7.495942041313219395e-02 9.971201595493773828e-01 1.151180114413564472e-02
7.680130730370063330e-02 9.969963261567348356e-01 9.996681952855634989e-03
7.828461733371717968e-02 9.968951897566757925e-01 8.458613565685670424e-03
7.940745035862542545e-02 9.968183564457757662e-01 6.904339742754183468e-03
8.016944767152187068e-02 9.967669667120371280e-01 5.340654705653031034e-03
8.057178807106528395e-02 9.967416866927603092e-01 3.774373043446808355e-03
8.061717807264735802e-02 9.967427076846465672e-01 2.212299325161169294e-03
8.030983625662424519e-02 9.967697538066587759e-01 6.611975530133379006e-04
7.965547173423956351e-02 9.968220975774471082e-01 -8.722394053855019903e-04
7.866125670201953857e-02 9.968985830348063848e-01 -2.381420264008438786e-03
7.733579305040115537e-02 9.969976558968919322e-01 -3.859885499550932270e-03
7.568907299346837314e-02 9.971174001459326419e-01 -5.301337119084689742e-03
7.373243369495788291e-02 9.972555803070233260e-01 -6.699667864620980143e-03
7.147850588188310594e-02 9.974096885991829975e-01 -8.048989703788696909e-03
6.894115646159576505e-02 9.975769960550325832e-01 -9.343661455528182516e-03
6.613542519087899085e-02 9.977546066407423364e-01 -1.057831540038431557e-02
6.307745548639429045e-02 9.979395133606765445e-01 -1.174788272674275394e-02
5.978441951377638092e-02 9.981286553024747432e-01 -1.284761766726685503e-02
5.627443774684242478e-02 9.983189745688954009e-01 -1.387312018391536998e-02
5.256649324741367868e-02 9.985074720529892867e-01 -1.482035706528617505e-02
4.868034097855584996e-02 9.986912610430727089e-01 -1.568568130664782512e-02
4.463641252786282321e-02 9.988676176931302608e-01 -1.646584965087195124e-02
4.045571668086070383e-02 9.990340274618864091e-01 -1.715803817752260471e-02
3.615973634578205365e-02 9.991882267086251712e-01 -1.775985583752555386e-02
3.177032238798251779e-02 9.993282387342935502e-01 -1.826935584203958837e-02
2.730958498338820206e-02 9.994524036705174641e-01 -1.868504482627032781e-02
2.279978314400447903e-02 9.995594017445835755e-01 -1.900588972187450265e-02
1.826321310336550402e-02 9.996482695826027776e-01 -1.923132228515456177e-02
1.372209627483972003e-02 9.997184093531746862e-01 -1.936124124228623053e-02
9.198467510247882242e-03 9.997695906969609192e-01 -1.939601202719608633e-02
4.714064389974803766e-03 9.998019455306168535e-01 -1.933646410225347417e-02
2.902182687089752827e-04 9.998159559535034768e-01 -1.918388586650601746e-02
-4.052252216472766039e-03 9.998124356195462470e-01 -1.894001717062374773e-02
-8.293144496011130296e-03 9.997925050617346709e-01 -1.860703947188904056e-02
-1.241297163175797760e-02 9.997575615704739072e-01 -1.818756367635784160e-02
-1.639305749385599684e-02 9.997092443270214623e-01 -1.768461572861991862e-02
-2.021562699849335787e-02 9.996493955775930251e-01 -1.710162002231774975e-02
-2.386389090763749166e-02 9.995800187008132554e-01 -1.644238071668063794e-02
-2.732212474778341477e-02 9.995032340698346562e-01 -1.571106105574681180e-02
-3.057574146181714358e-02 9.994212336398772267e-01 -1.491216079765359144e-02
-3.361135746480427983e-02 9.993362352018229089e-01 -1.405049187136201902e-02
-3.641685182953224853e-02 9.992504372329116258e-01 -1.313115238744909027e-02
-3.898141837983115643e-02 9.991659752470268829e-01 -1.215949913815917056e-02
-4.129561051818744083e-02 9.990848805004127753e-01 -1.114111872977504442e-02
-4.335137865833402909e-02 9.990090418451634813e-01 -1.008179749756989846e-02
-4.514210017302425909e-02 9.989401714440370172e-01 -8.987490360155784425e-03
-4.666260180203559566e-02 9.988797749679055871e-01 -7.864288775969249454e-03
-4.790917449583589199e-02 9.988291267935468509e-01 -6.718387969941502259e-03
-4.887958069675902434e-02 9.987892506067732601e-01 -5.556053603089698874e-03
-4.957305408266602514e-02 9.987609056965204291e-01 -4.383588061827399865e-03
-4.999029181876107897e-02 9.987445791019824437e-01 -3.207296547202824824e-03
-5.013343938244572973e-02 9.987404836497739691e-01 -2.033453146997324205e-03
-5.000606804483567064e-02 9.987485617939989568e-01 -8.682670756049726268e-04
-4.961314511182953607e-02 9.987684950515565152e-01 2.821507321920228330e-04
-4.896099704833716676e-02 9.987997187104761254e-01 1.411820487106666029e-03
-4.805726563225461156e-02 9.988414413828768934e-01 2.514925685050317574e-03
-4.691085731065489789e-02 9.988926688784464103e-01 3.585844336437014456e-03
-4.553188595988177240e-02 9.989522317910658478e-01 4.619179103579606864e-03
-4.393160928398961301e-02 9.990188161220615592e-01 5.609786168536100293e-03
-4.212235912221933692e-02 9.990909962099165931e-01 6.552802658850531356e-03
-4.011746597563844302e-02 9.991672691991915212e-01 7.443672464982936839e-03
-3.793117810516385968e-02 9.992460902615906138e-01 8.278170290866361872e-03
-3.557857559716900986e-02 9.993259077798808399e-01 9.052423787974044067e-03
-3.307547983780620426e-02 9.994051977206769299e-01 9.762933633513279710e-03
-3.043835888196181477e-02 9.994824964544691825e-01 1.040659142484654139e-02
-2.768422924622013573e-02 9.995564313298481718e-01 1.098069527491365820e-02
-2.483055469611638102e-02 9.996257483724354520e-01 1.148296300720596727e-02
-2.189514263509943770e-02 9.996893365559771372e-01 1.191154286361702057e-02
-1.889603873485913577e-02 9.997462481815019286e-01 1.226502165413727308e-02
-1.585142047298011142e-02 9.997957149982077407e-01 1.254243029372824683e-02
-1.277949026340932312e-02 9.998371598044363262e-01 1.274324668864765253e-02
-9.698368877312478487e-03 9.998702033761720509e-01 1.286739595183472758e-02
-6.625989856119143123e-03 9.998946666813196549e-01 1.291524794453355156e-02
-3.579995614732205990e-03 9.999105684479107081e-01 1.288761215896001497e-02
-5.776359210644117607e-04 9.999181182607501661e-01 1.278572997433783873e-02
2.364330581441396323e-03 9.999177054613295201e-01 1.261126433588057906e-02
5.229731168339442696e-03 9.999098842177921442e-01 1.236628692313064895e-02
8.003069538958330897e-03 9.998953552132434641e-01 1.205326289034743675e-02
1.066961146344020533e-02 9.998749444699686073e-01 1.167503327724419768e-02
1.321546504754765768e-02 9.998495798826827485e-01 1.123479520320368533e-02
1.562765513791228300e-02 9.998202660746976500e-01 1.073607997206827216e-02
1.789419144021716854e-02 9.997880582161280394e-01 1.018272922763074212e-02
2.000412997428388517e-02 9.997540354526603945e-01 9.578869311991158875e-03
2.194762754225644888e-02 9.997192745870469022e-01 8.928883989950743214e-03
2.371598893823326573e-02 9.996848246338198019e-01 8.237385712554187375e-03
2.530170667912212679e-02 9.996516828315838987e-01 7.509185601744571524e-03
2.669849308666637569e-02 9.996207726477872590e-01 6.749262345843254872e-03
2.790130459915852318e-02 9.995929242495658062e-01 5.962730202197710251e-03
2.890635823812864880e-02 9.995688578428202353e-01 5.154806308841013152e-03
2.971114020022786253e-02 9.995491702020509184e-01 4.330777511364801262e-03
3.031440658771338698e-02 9.995343246277470506e-01 3.495966914407636506e-03
3.071617633257949648e-02 9.995246444784989803e-01 2.655700369184499365e-03
3.091771640974186677e-02 9.995203103337462203e-01 1.815273109308612352e-03
3.092151947408717377e-02 9.995213607524475741e-01 9.799167467590191513e-04
3.073127409496705792e-02 9.995276965051725915e-01 1.547668381993322914e-04
3.035182780013915074e-02 9.995390880742830442e-01 -6.551687710726117114e-04
2.978914317947107399e-02 9.995551861409419647e-01 -1.445040622493431234e-03
2.905024733707244067e-02 9.995755347104285926e-01 -2.210187141424297362e-03
2.814317501894311041e-02 9.995995864701621159e-01 -2.946162765558899693e-03
2.707690578164002881e-02 9.996267199292007133e-01 -3.648764522183751621e-03
2.586129560565894603e-02 9.996562578547263378e-01 -4.314056881500918407e-03
2.450700339486597615e-02 9.996874865007787658e-01 -4.938394724114905654e-03
2.302541283994675309e-02 9.997196751175475571e-01 -5.518444272955167103e-03
2.142855015892109957e-02 9.997520952358074364e-01 -6.051201853297685958e-03
1.972899826067788659e-02 9.997840392402007614e-01 -6.534010359089076868e-03
1.793980790755262192e-02 9.998148377762940964e-01 -6.964573319371759018e-03
1.607440647951968032e-02 9.998438755786380749e-01 -7.340966475148123956e-03
1.414650496494131160e-02 9.998706053591260856e-01 -7.661646794377975980e-03
1.217000382039587145e-02 9.998945594552206551e-01 -7.925458870834796443e-03
1.015889835436732322e-02 9.999153590043534656e-01 -8.131638671098635057e-03
8.127184296090727428e-03 9.999327204821023551e-01 -8.279814612873423810e-03
6.088764211312580263e-03 9.999464595156123403e-01 -8.370005976915194379e-03
4.057355420976896040e-03 9.999564919581396261e-01 -8.402618673973386368e-03
2.046400066868532715e-03 9.999628322835311112e-01 -8.378438407109225008e-03
6.897795015911199409e-05 9.999655894289909419e-01 -8.298621288396094281e-03
-1.862277255131445991e-03 9.999649602788104330e-01 -8.164681987166560323e-03
-3.735257841140081705e-03 9.999612210392325728e-01 -7.978479504498347738e-03
-5.538457419386540355e-03 9.999547168038708245e-01 -7.742200685387005260e-03
-7.261041288755254279e-03 9.999458496489639359e-01 -7.458341595909102721e-03
-8.892911361336448481e-03 9.999350656273489069e-01 -7.129686907522475234e-03
-1.042476523493369653e-02 9.999228410488136820e-01 -6.759287444379087455e-03
-1.184814904923062531e-02 9.999096684421988623e-01 -6.350436062054832728e-03
-1.315550381264254422e-02 9.998960425913108185e-01 -5.906642037355144294e-03
-1.434020493816633851e-02 9.998824470227528627e-01 -5.431604158773900744e-03
-1.539659477854766166e-02 9.998693412998311825e-01 -4.929182715714632360e-03
-1.632000800333979415e-02 9.998571494436540030e-01 -4.403370591686124776e-03
-1.710678971253846645e-02 9.998462497615698830e-01 -3.858263672325965964e-03
-1.775430623312024281e-02 9.998369663155114440e-01 -3.298030783259482852e-03
-1.826094859573683046e-02 9.998295622101215363e-01 -2.726883375448318093e-03
-1.862612873883207759e-02 9.998242348243375766e-01 -2.149045176808641548e-03
-1.885026853640833083e-02 9.998211130520466838e-01 -1.568722028475301802e-03
-1.893478179346311935e-02 9.998202565591828295e-01 -9.900721221520923047e-04
-1.888204939965129961e-02 9.998216570078476417e-01 -4.171768515227817619e-04
-1.869538787690790821e-02 9.998252411442636323e-01 1.459875142877203576e-04
-1.837901160048542246e-02 9.998308755980527263e-01 6.955771337003735380e-04
-1.793798901498067783e-02 9.998383731967562804e-01 1.227906678579456477e-03
-1.737819320728056088e-02 9.998475005627673884e-01 1.739474018906732051e-03
-1.670624723672810980e-02 9.998579867308071689e-01 2.226983332895217556e-03
-1.592946465894484395e-02 9.998695325033727377e-01 2.687366481334840101e-03
-1.505578571334242194e-02 9.998818202496038143e-01 3.117802498351415069e-03
-1.409370967508373831e-02 9.998945238498698762e-01 3.515735065322494243e-03
-1.305222389975253111e-02 9.999073184939399894e-01 3.878887850327986109e-03
-1.194073011289168394e-02 9.999198900544693513e-01 4.205277612105592228e-03
-1.076896851650750025e-02 9.999319437790996634e-01 4.493224984903632264e-03
-9.546940300263165313e-03 9.999432120728884987e-01 4.741362878737381305e-03
-8.284829156088096072e-03 9.999534611770420911e-01 4.948642448209992183e-03
-6.992922401049806586e-03 9.999624965888480599e-01 5.114336602097275392e-03
-5.681532314374316064e-03 9.999701671100237332e-01 5.238041045152698992e-03
-4.360918290337280345e-03 9.999763674550484760e-01 5.319672862896609317e-03
-3.041210399340099103e-03 9.999810393960629762e-01 5.359466679342227667e-03
-1.732334934877841027e-03 9.999841714652255575e-01 5.357968436511772320e-03
-4.439425044292864397e-04 9.999857972777067561e-01 5.316026863043962422e-03
8.146608022342172444e-04 9.999859925775611558e-01 5.234782717029818656e-03
2.034578662927656340e-03 9.999848711434548010e-01 5.115655905285294847e-03
3.207385720045895401e-03 9.999825797207182454e-01 4.960330597434690902e-03
4.325184290729764194e-03 9.999792921697018278e-01 4.770738468306423216e-03
5.380656196757433417e-03 9.999752030373882938e-01 4.549040216112972858e-03
6.367109364098756490e-03 9.999705207693484477e-01 4.297605516592487018e-03
7.278518887857943730e-03 9.999654607823010855e-01 4.018991584636377908e-03
8.109562306031849882e-03 9.999602386138755072e-01 3.715920524834075665e-03
8.855648874648269428e-03 9.999550633559897150e-01 3.391255660764582510e-03
9.512942686960033922e-03 9.999501315620700215e-01 3.047977039699052530e-03
1.007837953001975394e-02 9.999456217968271110e-01 2.689156314606013821e-03
1.054967742273822846e-02 9.999416899713035045e-01 2.317931208939825148e-03
1.092534083005745893e-02 9.999384655763651208e-01 1.937479771623930097e-03
1.120465859779594051e-02 9.999360488957514947e-01 1.550994629905193744e-03
1.138769570172399985e-02 9.999345092463102214e-01 1.161657446357101204e-03
1.147527895219640874e-02 9.999338842592050414e-01 7.726137832619725445e-04
1.146897684192103514e-02 9.999341801827844600e-01 3.869485729309002820e-04
1.137107376890006925e-02 9.999353731564419867e-01 7.662386261454755612e-06
1.118453890897555883e-02 9.999374113761223537e-01 -3.623513159645891965e-04
1.091299005247785281e-02 9.999402180469584289e-01 -7.203277738183813238e-04
1.056065275694929514e-02 9.999436949975382127e-01 -1.063651196455672352e-03
1.013231520253085084e-02 9.999477268140448682e-01 -1.389873555311588182e-03
9.633279168092201417e-03 9.999521853413425587e-01 -1.696731762964399058e-03
9.069307574295254123e-03 9.999569343921969056e-01 -1.982163112732713683e-03
8.446569064253905273e-03 9.999618345052383450e-01 -2.244318869431678916e-03
7.771580113049541237e-03 9.999667475968412322e-01 -2.481575917948296555e-03
7.051145173862418368e-03 9.999715413614941317e-01 -2.692546393264989239e-03
6.292295380691198883e-03 9.999760932890060516e-01 -2.876085233116589413e-03
5.502226335398549897e-03 9.999802941844411208e-01 -3.031295612454420335e-03
4.688235510023158054e-03 9.999840510973061480e-01 -3.157532237152046919e-03
3.857659793868551019e-03 9.999872895894452718e-01 -3.254402492756807135e-03
3.017813708799650316e-03 9.999899552955038295e-01 -3.321765462403849112e-03
2.175928805487338004e-03 9.999920147548476690e-01 -3.359728846099711320e-03
1.339094738134712081e-03 9.999934555186262841e-01 -3.368643831287282658e-03
5.142024956477394930e-04 9.999942855594248226e-01 -3.349097981764180901e-03
-2.921097565162044220e-04 9.999945320329188814e-01 -3.301906228488982360e-03
-1.073507797219469713e-03 9.999942394604479645e-01 -3.228100061428860936e-03
-1.824009037863532755e-03 9.999934674179017380e-01 -3.128915036241631132e-03
-2.538026417075637566e-03 9.999922878293152628e-01 -3.005776723119076704e-03
-3.210408178358803953e-03 9.999907819727859026e-01 -2.860285237432461016e-03
-3.836473247068422979e-03 9.999890373115751796e-01 -2.694198502813432029e-03
-4.412041965021797074e-03 9.999871442645127395e-01 -2.509414406885440447e-03
-4.933461984642504780e-03 9.999851930271707046e-01 -2.307952017957274390e-03
-5.397629169362239653e-03 9.999832705489588580e-01 -2.091932037540265507e-03
-5.802003392623792874e-03 9.999814577616524813e-01 -1.863556668507256216e-03
-6.144619173831939764e-03 9.999798271423480100e-01 -1.625089082041804908e-03
-6.424091135576179452e-03 9.999784406789858915e-01 -1.378832668211852144e-03
-6.639614312005560556e-03 9.999773482899729782e-01 -1.127110255038815331e-03
-6.790959382990715588e-03 9.999765867317180756e-01 -8.722434793303814613e-04
-6.878462952296778010e-03 9.999761790097102532e-01 -6.165324893265591291e-04
-6.903013030064216252e-03 9.999761342907653727e-01 -3.622361544108181628e-04
-6.866029920120070469e-03 9.999764482968622747e-01 -1.115529508117158244e-04
-6.769442750703459112e-03 9.999771041451466225e-01 1.333973155713256325e-04
-6.615661922787086438e-03 9.999780735847009216e-01 3.705907972654282241e-04
-6.407547783028909490e-03 9.999793185689860309e-01 5.981157627741858027e-04
-6.148375858231865977e-03 9.999807930937631983e-01 8.141874937924800659e-04
-5.841799014781810274e-03 9.999824452240430039e-01 1.017161805071695440e-03
-5.491806929654272085e-03 9.999842192302781374e-01 1.205547083662934175e-03
-5.102683279034435533e-03 9.999860577536345829e-01 1.378014758846479683e-03
-4.678961066215248273e-03 9.999879039226389210e-01 1.533408129336424159e-03
-4.225376522090726859e-03 9.999897033486143672e-01 1.670749490184594973e-03
-3.746822019144994964e-03 9.999914059347945194e-01 1.789245518046742945e-03
-3.248298443289714989e-03 9.999929674434959725e-01 1.888290889961388372e-03
-2.734867467200895793e-03 9.999943507768093154e-01 1.967470127370379678e-03
-2.211604163970276420e-03 9.999955269384821488e-01 2.026557673621958138e-03
-1.683550390979585750e-03 9.999964756575312474e-01 2.065516229484796497e-03
-1.155669361034534961e-03 9.999971856671471260e-01 2.084493387110610690e-03
-6.328018011089227984e-04 9.999976546451616599e-01 2.083816618263427487e-03
-1.196240787386496389e-04 9.999978888342980765e-01 2.063986687341358602e-03
3.793913475994937579e-04 9.999979023712005644e-01 2.025669573615166124e-03
8.600128246231894535e-04 9.999977163625097809e-01 1.969687000069426149e-03
1.318283447058519499e-03 9.999973577537267788e-01 1.897005678139249184e-03
1.750551779469564995e-03 9.999968580420948161e-01 1.808725388382251883e-03
2.153499123773689773e-03 9.999962518881028162e-01 1.706066026618001863e-03
2.524163135241007036e-03 9.999955756814363772e-01 1.590353753224808776e-03
2.859957627323306793e-03 9.999948661163194918e-01 1.463006390039560314e-03
3.158688444237585727e-03 9.999941588283149940e-01 1.325518214607573388e-03
3.418565319453685872e-03 9.999934871399779324e-01 1.179444305337945011e-03
3.638209677716574587e-03 9.999928809565272747e-01 1.026384593412174411e-03
3.816658377588256351e-03 9.999923658452155584e-01 8.679677780611954208e-04
3.953363430346859379e-03 9.999919623236652733e-01 7.058352610744255675e-04
4.048187769066697445e-03 9.999916853734565070e-01 5.416252541545485411e-04
4.101397178472326877e-03 9.999915441860527388e-01 3.769572090183094721e-04
4.113648531376942578e-03 9.999915421390994652e-01 2.134167150152413146e-04
4.085974510864320494e-03 9.999916769925529803e-01 5.254100255495182566e-05
4.019765028557468686e-03 9.999919412863023105e-01 -1.041948171258922577e-04
3.916745578061961268e-03 9.999923229141954861e-01 -2.553906542766857602e-04
3.778952788727511607e-03 9.999928058438871670e-01 -3.997333734903268715e-04
3.608707468013581943e-03 9.999933709478368016e-01 -5.360076565988360856e-04
3.408585440777650490e-03 9.999939969082117797e-01 -6.631057069983684743e-04
3.181386510561877521e-03 9.999946611574103139e-01 -7.800357194343248259e-04
2.930101881300745548e-03 9.999953408163955171e-01 -8.859290525264074123e-04
2.657880387707541037e-03 9.999960135949411688e-01 -9.800460550342929202e-04
2.367993888854849627e-03 9.999966586210879971e-01 -1.061780510915003679e-03
2.063802182113080690e-03 9.999972571714295100e-01 -1.130662682458354528e-03
1.748717793657788904e-03 9.999977932790603541e-01 -1.186360945061222874e-03
1.426170997244662108e-03 9.999982542018939213e-01 -1.228682021369522509e-03
1.099575404961066838e-03 9.999986307403285757e-01 -1.257569836435332069e-03
7.722944623118545727e-04 9.999989173996526315e-01 -1.273103029065932425e-03
4.476091654367752985e-04 9.999991123988696273e-01 -1.275491167546866263e-03
1.286873006727602860e-04 9.999992175335540301e-01 -1.265069730274423140e-03
-1.814455137169363624e-04 9.999992379057024428e-01 -1.242293923413880299e-03
-4.799327267783142599e-04 9.999991815381330529e-01 -1.207731418397228404e-03
-7.641114634442253140e-04 9.999990588946682246e-01 -1.162054101787060156e-03
-1.031534638077349821e-03 9.999988823299980067e-01 -1.106028938672096217e-03
-1.279990397538385621e-03 9.999986654947160547e-01 -1.040508058246894171e-03
-1.507518748642167582e-03 9.999984227215197308e-01 -9.664181764988268681e-04
-1.712425256199437591e-03 9.999981684180087038e-01 -8.847494759280289701e-04
-1.893291729868560192e-03 9.999979164899707174e-01 -7.965440659230330327e-04
-2.048983850416592496e-03 9.999976798166138048e-01 -7.028841497826475221e-04
-2.178655718371051275e-03 9.999974697960326564e-01 -6.048800254037924821e-04
-2.281751340095580002e-03 9.999972959754430679e-01 -5.036580463501296075e-04
-2.358003097715837167e-03 9.999971657765611699e-01 -4.003486683959671237e-04
-2.407427279739022055e-03 9.999970843221289707e-01 -2.960747037362456129e-04
-2.430316778348613500e-03 9.999970543651854893e-01 -1.919399009117662698e-04
-2.427231086929292937e-03 9.999970763184298228e-01 -8.901796317713594055e-05
-2.398983757119528028e-03 9.999971483770867531e-01 1.165788839298217202e-05
-2.346627498356762976e-03 9.999972667252122749e-01 1.091047082248710736e-04
-2.271437124252686981e-03 9.999974258124886273e-01 2.023988855588695977e-04
-2.174890569019820048e-03 9.999976186863405170e-01 2.906843885566162277e-04
-2.058648213399781515e-03 9.999978373627239625e-01 3.731801219711916389e-04
-1.924530772981635982e-03 9.999980732182151000e-01 4.491863377300823090e-04
-1.774496012339862394e-03 9.999983173860570451e-01 5.180900488557574606e-04
-1.610614555991736387e-03 9.999985611395700857e-01 5.793694085923056488e-04
-1.435045071731612864e-03 9.999987962477265846e-01 6.325970282912644471e-04
-1.250009103435910287e-03 9.999990152896505169e-01 6.774422194063217748e-04
-1.057765828971492369e-03 9.999992119172136373e-01 7.136721567258413369e-04
-8.605870144380614291e-04 9.999993810576398579e-01 7.411519716064833172e-04
-6.607324287202168004e-04 9.999995190509710641e-01 7.598437953357654092e-04
-4.604259723357035814e-04 9.999996237202529725e-01 7.698047837256941691e-04
-2.618327619907748769e-04 9.999996943752431644e-01 7.711841645086361594e-04
-6.703739726636261695e-05 9.999997317532013374e-01 7.642193589622583647e-04
1.219763813403985074e-04 9.999997379027875111e-01 7.492312383324990777e-04
3.033444529837900057e-04 9.999997160191782530e-01 7.266185839610412537e-04
4.753393265481857598e-04 9.999996702401428017e-01 6.968518274755295706e-04
6.363852535675264049e-04 9.999996054139541624e-01 6.604661538964939254e-04
7.850713209623683695e-04 9.999995268506202128e-01 6.180540559957910544e-04
9.201624251564055005e-04 9.999994400680086715e-01 5.702574326605590847e-04
1.040608054369915846e-03 9.999993505440264441e-01 5.177593273398278925e-04
1.145548831482778385e-03 9.999992634851457840e-01 4.612754048563617371e-04
1.234320795523954776e-03 9.999991836203006024e-01 4.015452659451309398e-04
1.306457425290575560e-03 9.999991150275887586e-01 3.393236988358774484e-04
1.361689433547600943e-03 9.999990609993886226e-01 2.753719660469777135e-04
1.399942384437777559e-03 9.999990239495255562e-01 2.104492223299021868e-04
1.421332209883182643e-03 9.999990053640970267e-01 1.453041564385018180e-04
1.426158722641209745e-03 9.999990057955779887e-01 8.066694514682037616e-05
1.414897244064324119e-03 9.999990248979609975e-01 1.724160276536663820e-05
1.388188483299229248e-03 9.999990614990182936e-01 -4.430119661928755075e-05
1.346826821464180285e-03 9.999991137043658940e-01 -1.033307537523559021e-04
1.291747169103803217e-03 9.999991790269110448e-01 -1.592623727145952650e-04
1.224010577804964884e-03 9.999992545345091077e-01 -2.115627284349611318e-04
1.144788797157560980e-03 9.999993370082551625e-01 -2.597545268757553254e-04
1.055347976180571372e-03 9.999994231037939718e-01 -3.034204204854659909e-04
9.570317138544849698e-04 9.999995095083281660e-01 -3.422061507189634155e-04
8.512436664827369550e-04 9.999995930866092397e-01 -3.758228987921113690e-04
7.394299202520381985e-04 9.999996710100692576e-01 -4.040488352577889367e-04
6.230613356073606444e-04 9.999997408643328534e-01 -4.267298683532012881e-04
5.036160659622147730e-04 9.999998007315881177e-01 -4.437796002667139875e-04
3.825624469154459764e-04 9.999998492456210197e-01 -4.551785094021172607e-04
2.613424436538807965e-04 9.999998856186713692e-01 -4.609723852796053425e-04
1.413558337210553731e-04 9.999999096405834953e-01 -4.612700508118832451e-04
2.394528998280693395e-05 9.999999216519454004e-01 -4.562404142434431592e-04
-8.961748540300256154e-05 9.999999224939888354e-01 -4.461088999616080763e-04
-1.981444407095566632e-04 9.999999134389141453e-01 -4.311533136083691830e-04
-3.005425495308615132e-04 9.999998961049776369e-01 -4.116992023805601353e-04
-3.958237801421968368e-04 9.999998723611229767e-01 -3.881147760506227485e-04
-4.831135772895973316e-04 9.999998442261327503e-01 -3.608054580296243862e-04
-5.616577936105837362e-04 9.999998137672395648e-01 -3.302081386975364951e-04
-6.308280274836303332e-04 9.999997830028689583e-01 -2.967852052233177084e-04
-6.901253438121555950e-04 9.999997538137245234e-01 -2.610184231803849538e-04
-7.391823738343495558e-04 9.999997278657951627e-01 -2.234027454339717245e-04
-7.777638092824662366e-04 9.999997065481028846e-01 -1.844401230489059332e-04
-8.057653248718969156e-04 9.999996909271645640e-01 -1.446333913633100006e-04
-8.232109809695766205e-04 9.999996817192499110e-01 -1.044803019296028498e-04
-8.302491751741929941e-04 9.999996792806294943e-01 -6.446776778254781673e-05
-8.271472272535273845e-04 9.999996836151594515e-01 -2.506638550748198916e-05
-8.142846962604671128e-04 9.999996943977803587e-01 1.327470708897058162e-05
-7.921455415410273660e-04 9.999997110118512555e-01 5.013258419034703756e-05
-7.613092506277508104e-04 9.999997325977166840e-01 8.511484837711194129e-05
-7.224410665743320834e-04 9.999997581095343424e-01 1.178634688319762588e-04
-6.762814550490570684e-04 9.999997863771814544e-01 1.480581066142525938e-04
-6.236349574057153348e-04 9.999998161700109911e-01 1.754188992304496443e-04
-5.653585799547674413e-04 9.999998462593354676e-01 1.997086838846116126e-04
-5.023498717522204568e-04 9.999998754767657205e-01 2.207346460568605881e-04
-4.355348434199592610e-04 9.999999027659026707e-01 2.383493873413540640e-04
-3.658558778433837586e-04 9.999999272253453642e-01 2.524514136857928148e-04
-2.942597801166474446e-04 9.999999481415182689e-01 2.629850522263777672e-04
-2.216861089004488442e-04 9.999999650103950088e-01 2.699398117207557342e-04
-1.490559245200983240e-04 9.999999775477826924e-01 2.733492080674112157e-04
-7.726108077890295319e-05 9.999999856884003169e-01 2.732890824888483988e-04
