-3.576330742613570379e+01
-3.571813183242159795e+01
-3.239382065615402695e+01
-3.578903031764114928e+01
-3.383563171742657261e+01
-3.427073475578387018e+01
-3.515122514936169296e+01
-3.555045033607353133e+01
-3.554449248928482064e+01
-3.320071764780917078e+01
-3.163519269934704070e+01
-3.588038277098153372e+01
-3.510944957409758871e+01
-3.544930439958184110e+01
-3.420598717662896604e+01
-3.257401923876654593e+01
-3.284520742484902200e+01
-3.414002001544976395e+01
-3.413146575840770680e+01
-3.578781518125003913e+01
-3.009124688519654001e+01
-3.475160890688651705e+01
-3.491966186011205053e+01
-3.448797221170231353e+01
-3.572024471796867573e+01
-2.810724939931431621e+01
-3.464341836057651847e+01
-3.433710547400848156e+01
-3.457146447791998156e+01
-3.639467573738643580e+01
-3.123171733601434852e+01
-3.693122730620154925e+01
-3.195836249313043709e+01
-3.505799698024124922e+01
-3.288411883933584789e+01
-3.250419907878433889e+01
-3.410453614271117573e+01
-3.483886521584589246e+01
-3.146500013476142499e+01
-3.513533875284407060e+01
-3.156227722776036870e+01
-3.295741566914322362e+01
-3.409740042049149622e+01
-3.553316453826332832e+01
-3.261660053545028148e+01
-3.511600515421602609e+01
-3.537151031247481114e+01
-3.391179908990559255e+01
-3.414563532266027579e+01
-3.585882663100127843e+01
-3.477233655660923972e+01
-3.387758057475009110e+01
-3.584096338311659480e+01
-3.480239595671568509e+01
-3.405972051989630245e+01
-3.371308908199829091e+01
-3.484863578142204688e+01
-3.517007875931956562e+01
-3.485288861890595769e+01
-3.485598889525476096e+01
-3.504091394458942688e+01
-3.343035695922443296e+01
-3.173415418441891234e+01
-3.337344022774777130e+01
-3.566693565538503918e+01
-3.499487186605921352e+01
-3.410279231674995515e+01
-3.329416099857972711e+01
-3.261487582187653089e+01
-3.109114108390916087e+01
-3.440983201265756009e+01
-3.436208731571078800e+01
-3.328660579089850557e+01
-3.180689008016842223e+01
-3.615307265919025070e+01
-3.324117471963675285e+01
-3.337830793428543785e+01
-3.209205689471506417e+01
-3.379127418872862165e+01
-3.381855609450092004e+01
-3.519189054218923474e+01
-3.357662728282399200e+01
-3.493730384364768327e+01
-3.530081255787457195e+01
-3.468253500822792290e+01
-3.394720843211036510e+01
-3.233702136101589275e+01
-3.566519193027396994e+01
-3.511889529546287037e+01
-3.424756479329368375e+01
-3.157655217152407090e+01
-3.493673893444353240e+01
-3.328325769301719106e+01
-3.538480207497079988e+01
-3.444048252294105339e+01
-2.951516981979633059e+01
-3.500603202602878383e+01
-3.524441049777864521e+01
-3.498060249694037083e+01
-3.326361789353087062e+01
-3.075382500916642670e+01
-3.415373598484696060e+01
-3.294963325496014050e+01
-3.191187837119314352e+01
-3.306607226634906027e+01
-3.411901253368971254e+01
-3.514882556095513166e+01
-2.991729870364957478e+01
-2.907800907208508079e+01
-3.005731671660312543e+01
-3.067428239300622295e+01
-3.500244374549588144e+01
-2.752187615050762304e+01
-2.985981409095712280e+01
-2.614519801926863707e+01
-3.412518203690849106e+01
-3.056009512118396643e+01
-3.160308194699906892e+01
-3.261294215592948831e+01
-3.300161486321452742e+01
-3.436316175522750171e+01
-3.311064556365001721e+01
-2.866931066909662107e+01
-3.237952574696971197e+01
-3.498829606357782041e+01
-3.567075351389760840e+01
-3.181843346204840728e+01
-2.771644716591974245e+01
-3.350601475468472756e+01
-2.880521071956904677e+01
-3.280382263400643694e+01
-3.320380738747620342e+01
-3.111413023686100487e+01
-3.271130999639752446e+01
-2.796954383289869028e+01
-3.348713231418041403e+01
-3.578672629984131248e+01
-2.933227545896827593e+01
-3.026449651277871311e+01
-3.460054998500233836e+01
-3.332389912008449784e+01
-3.103415116653071237e+01
-3.397343361930078487e+01
-3.102804739596930617e+01
-3.039555613590905736e+01
-3.229429553651115725e+01
-3.163886382911350736e+01
-3.438078150425045720e+01
-3.224201689808424476e+01
-3.227971956300238787e+01
-3.320208688782570050e+01
-2.877215410750212143e+01
-3.410857532488191168e+01
-3.525557830709918505e+01
-3.034135620657038501e+01
-3.069800843254656897e+01
-3.229181492354005911e+01
-2.798438819340641004e+01
-2.846767562752200220e+01
-3.558819038151352743e+01
-3.074368692204640396e+01
-3.194456200978254401e+01
-2.855867401048299570e+01
-3.263557520075335816e+01
-3.298137928694062992e+01
-3.527228908468185864e+01
-3.372568716926177501e+01
-3.167123715118402671e+01
-3.105078880495477023e+01
-3.281246898348092600e+01
-3.283222052708381256e+01
-3.173997890674040079e+01
-3.283026884574472604e+01
-3.423160164094630176e+01
-3.279432608136561100e+01
-3.454209842612542758e+01
-3.504495976065827278e+01
-3.361476632822164845e+01
-3.248912524685075454e+01
-3.363775792547448873e+01
-3.351710572944800504e+01
-3.037300148532959909e+01
-2.964409737843561743e+01
-3.226003014628266641e+01
-3.252294274535757523e+01
-3.181775032610003962e+01
-2.847930780476383461e+01
-3.047335184459950241e+01
-3.318257585631901918e+01
-3.088836386983948401e+01
-3.065999685767829774e+01
-3.348542436450403414e+01
-3.042087246408287626e+01
-3.338036420747193489e+01
-3.123970942927858729e+01
-3.294315419389427291e+01
-3.192216995944778191e+01
-3.513323343302309354e+01
-3.013503618904769255e+01
-2.897790597989297012e+01
-3.488871648819434768e+01
-3.295881267288736183e+01
-3.479888609111333153e+01
-3.071682625233919950e+01
-3.251766970171190252e+01
-3.123129670069523200e+01
-3.194696813585493800e+01
-3.303498299012468919e+01
-2.722864522067235171e+01
-3.267192222383344813e+01
-3.099978866029924518e+01
-3.371269401923822073e+01
-3.379358998655735746e+01
-2.836727242875912225e+01
-3.424175613007696484e+01
-2.824696939751867220e+01
-2.872356941154043142e+01
-2.919417314929287244e+01
-2.826157848088667990e+01
-3.412031969444272761e+01
-3.043050865398197402e+01
-2.869084307347771912e+01
-3.425614039116990028e+01
-3.118830225788446597e+01
-3.419210417976630367e+01
-2.485586671543490311e+01
-3.311132903023874263e+01
-3.435201265128428361e+01
-2.649728375752272669e+01
-3.127049050058333179e+01
-3.069295687501915282e+01
-2.964666263416387082e+01
-2.684384601822367244e+01
-3.208666419977016204e+01
-3.472880373750250982e+01
-2.677760104710682043e+01
-3.165998474261323281e+01
-3.189469537570790791e+01
-3.383744578487527122e+01
-2.737170819867690952e+01
-2.620579072730520309e+01
-3.114011586273596421e+01
-3.080943197579854242e+01
-3.394266407463506852e+01
-2.833034769968990929e+01
-3.018322807136161856e+01
-3.186874958736213514e+01
-3.136721683480718781e+01
-3.346186381668875498e+01
-3.310971966546831169e+01
-2.674553252615481469e+01
-3.190357633936727311e+01
-3.064709662144666424e+01
-3.088682609028361270e+01
-3.333958948975634939e+01
-2.975058316841846207e+01
-2.834119571090268863e+01
-3.256349453499196756e+01
-3.151391840938203615e+01
-3.315607789113663983e+01
-2.860879519876936072e+01
-3.043450299576717200e+01
-3.127630756228353448e+01
-2.688728359324904815e+01
-2.725020786315982591e+01
-3.376153227310572191e+01
-2.692227459064212169e+01
-2.861635946804345210e+01
-3.155495333015290882e+01
-2.912754907539568805e+01
-2.935566090290748420e+01
-3.299748989445956227e+01
-3.003458733902096967e+01
-2.697575438264396297e+01
-2.742490634944670802e+01
-3.041911881113150429e+01
-2.698407023224620360e+01
-3.032774347326657249e+01
-2.789013152782281679e+01
-2.880495864216917212e+01
-2.701101635336729245e+01
-2.576716030647798306e+01
-3.141921258349027823e+01
-3.008984562856620926e+01
-3.182627476790500509e+01
-3.040645266892165566e+01
-2.941559024227466068e+01
-2.780728484862350669e+01
-2.744297979050223546e+01
-2.767206594437410772e+01
-2.844321252061964600e+01
-3.200924886352439813e+01
-3.102047727597386384e+01
-2.587274401585487738e+01
-2.685558610713547623e+01
-2.979666793132304292e+01
-2.966097202670358257e+01
-3.197210961646586114e+01
-2.574137781417669046e+01
-2.693514029191500825e+01
-2.817049739938720876e+01
-2.825402036023498553e+01
-2.679565208772071117e+01
-3.206760844391747156e+01
-3.215056170438943184e+01
-2.640460324906347367e+01
-2.810060392344554359e+01
-2.313563375184228832e+01
-3.095899532732997272e+01
-2.810459094468704677e+01
-3.065307698051070062e+01
-3.009505101072364042e+01
-2.947126375415057353e+01
-2.456484908491063024e+01
-3.023573669518088991e+01
-2.901465527360795704e+01
-2.736985902864401154e+01
-2.882981883514636579e+01
-2.912204251014868817e+01
-2.936084925603158524e+01
-3.084043662156230425e+01
-2.439862773681148767e+01
-2.348658071688902638e+01
-2.566025516418354968e+01
-2.917157899266607757e+01
-2.518914662291552276e+01
-2.786092487303728760e+01
-2.848608866140715179e+01
-2.951400520080027334e+01
-3.044884426276179923e+01
-2.619576645778335333e+01
-3.318083923976489302e+01
-2.862108245604472856e+01
-2.223133710623657322e+01
-2.667024133565167077e+01
-3.221326255259285887e+01
-2.823387739977320265e+01
-2.390501082093970808e+01
-2.842862387151117431e+01
-3.044718891409440076e+01
-2.768097578535880388e+01
-2.587218279902907625e+01
-3.160593132571746722e+01
-2.640095251053537595e+01
-2.998107028185915723e+01
-2.944479999693140471e+01
-3.337182303468410538e+01
-2.839098031800648769e+01
-3.232048277166077099e+01
-2.886177849596204936e+01
-3.182985085448229157e+01
-2.580088630941013861e+01
-3.230484675053423160e+01
-2.652900639213418543e+01
-3.039328573513451914e+01
-2.859125622727139771e+01
-2.528209069189310654e+01
-2.804683896882694683e+01
-2.522565429556719963e+01
-3.147896887485490680e+01
-3.122351238712671773e+01
-3.070937857731549769e+01
-2.605944803606782401e+01
-2.612595116897238867e+01
-2.921527811188185808e+01
-2.271563383933186842e+01
-3.046327464579689348e+01
-2.687414951402566743e+01
-2.420597316283133438e+01
-2.799858892420144230e+01
-3.183997224845331786e+01
-2.989075567745149087e+01
-2.311075864889588161e+01
-2.851131444614497568e+01
-2.802987373125389681e+01
-2.331646072308785733e+01
-2.423469276789746729e+01
-2.419531778728614668e+01
-2.392337179250915113e+01
-2.845308076362936944e+01
-2.548690829389141044e+01
-2.912622456283900618e+01
-2.659025386016598702e+01
-2.596955460043434627e+01
-2.126827495538070778e+01
-2.291805044806919867e+01
-2.717586858494208002e+01
-3.356195419698151028e+01
-2.156885370510108757e+01
-2.511588429766775477e+01
-2.438735181928406703e+01
-2.645691404760444598e+01
-2.474627513717501870e+01
-2.408948663147015878e+01
-2.783021269172920498e+01
-2.456406368503219895e+01
-2.288905209332443391e+01
-2.557004410732803734e+01
-2.663012824352370700e+01
-2.797574438406330799e+01
-2.609589534826146817e+01
-2.955567533176102302e+01
-2.601629181826588066e+01
-3.108547990735443989e+01
-2.437683761587094722e+01
-2.662615724367583425e+01
-2.236779686662419309e+01
-3.076409365411081609e+01
-2.276192744071763130e+01
-2.265241492827290415e+01
-2.714028670196930193e+01
-2.722830784970692974e+01
-2.798088851329217519e+01
-2.110638578142242849e+01
-2.543372339684714944e+01
-2.478426823182638472e+01
-2.217112352959752997e+01
-2.712129943378469932e+01
-2.112237468040060762e+01
-2.887922370180854159e+01
-2.420471926370420235e+01
-2.106784396779935875e+01
-2.513313197448083613e+01
-2.564487841685804526e+01
-2.636629643177953142e+01
-2.564754508518505816e+01
-2.528353577373604111e+01
-2.515912835873942655e+01
-2.919426517113873842e+01
-2.106055731080889259e+01
-2.778835903800591822e+01
-3.038090002459696493e+01
-2.696145796847363485e+01
-2.473355387428322061e+01
-2.477228942477774254e+01
-2.467771376030667341e+01
-2.372757152492085808e+01
-2.468685067232612340e+01
-2.236680584776578939e+01
-2.240918027915852662e+01
-2.793998827868800205e+01
-2.683541552974862299e+01
-2.733130801847593006e+01
-2.528948716531060015e+01
-2.511200194686872678e+01
-2.418033844568885016e+01
-2.146420507959305368e+01
-2.143150998470419211e+01
-2.198816309832976756e+01
-2.540035157655365694e+01
-2.182656942980006320e+01
-2.777428110308829545e+01
-2.337264503040692176e+01
-2.514231451225888136e+01
-2.037017404932722897e+01
-2.446155134881250959e+01
-2.425337921423697551e+01
-2.224298849141527512e+01
-2.354231759106339084e+01
-2.566835945926749929e+01
-2.241737379074223568e+01
-2.090199563206642708e+01
-2.766482934989478082e+01
-2.537950380985281740e+01
-2.470416631020194842e+01
-2.552350605789704119e+01
-1.993566647904084732e+01
-2.443166310811199793e+01
-2.336483542133709435e+01
-2.613535708999270213e+01
-2.549414069873383326e+01
-2.184310953772988384e+01
-2.415696354944122604e+01
-2.609487370125153660e+01
-2.330232102299017072e+01
-2.226841273393028686e+01
-2.246168204673107738e+01
-2.940976938116897443e+01
-2.141174084816804779e+01
-2.595816916106191030e+01
-2.416079939672719235e+01
-2.313255597197409941e+01
-2.090032620158004306e+01
-2.455309329486901504e+01
-2.069297460522871290e+01
-2.450142497624378635e+01
-2.251718388625265277e+01
-2.829653982488273556e+01
-2.511056700720314083e+01
-2.328461668161871856e+01
-2.243903290094540992e+01
-1.977649247517500797e+01
-2.453525362986432512e+01
-2.359289220400072296e+01
-2.044670533277916746e+01
-2.430024518751500295e+01
-2.414085773845900462e+01
-2.399209456984903355e+01
-2.293262512158368338e+01
-2.147604753747874184e+01
-2.009449767444370138e+01
-2.315422400768013489e+01
-2.283922969206630071e+01
-2.720087246457586971e+01
-2.315844205870615369e+01
-2.400925323948057866e+01
-2.423927029552015000e+01
-2.270565135397811218e+01
-2.379761827191596524e+01
-1.998160876394063834e+01
-1.977649247517500797e+01
-2.465951479919973721e+01
-2.150897786899597364e+01
-2.251869759705999741e+01
-2.185725168155126497e+01
-1.988963946746256184e+01
-2.138330440410249622e+01
-1.992508216303744817e+01
-2.504455151643312050e+01
-2.369380234299548960e+01
-2.488101511697125545e+01
-2.590081745302002858e+01
-2.240674965543286845e+01
-1.985778550745475712e+01
-1.969412106529881967e+01
-2.018431990377239416e+01
-2.553412939292671524e+01
-2.155202144726359847e+01
-2.357876244821832756e+01
-2.100671404287936284e+01
-1.985778550745475712e+01
-2.308965462984049566e+01
-2.595869950456427233e+01
-1.985778550745475712e+01
-2.258918397301486536e+01
-2.164075946811919593e+01
-2.280858567194307085e+01
-2.440085982218140259e+01
-2.195448925521544226e+01
-2.435323695466050253e+01
-2.379874664051150646e+01
-2.046969944060958468e+01
-2.157328344659639185e+01
-2.250709242150158929e+01
-2.542553771875239832e+01
-2.275538463886621443e+01
-2.462904694803470562e+01
-2.343333609210867863e+01
-2.222385348285305184e+01
-2.154297796535319875e+01
-2.398944266854391572e+01
-2.470560903645270656e+01
-2.581800732507035079e+01
-2.010904968567856699e+01
-2.022360246796938910e+01
-2.177875137393073146e+01
-2.422562406290868253e+01
-2.120347658079494124e+01
-2.256460661629706266e+01
-2.010608305265785134e+01
-2.086614142931428617e+01
-2.366605139603254671e+01
-2.417177708161070271e+01
-2.342270320560117725e+01
-2.470702835232814110e+01
-2.342505954740225960e+01
-2.532802340200940350e+01
-2.302747733909593464e+01
-2.218762522656608382e+01
-2.084013221063090882e+01
-2.007571427489078530e+01
-2.566390282883168794e+01
-2.007571427489078530e+01
-2.258410570381701632e+01
-2.408499743064571064e+01
-2.072795163194321688e+01
-2.596683672731254333e+01
-2.007571427489078530e+01
-2.268439286303917157e+01
-2.455985687760665215e+01
-2.007571427489078530e+01
-2.221352344813091051e+01
-2.324855249802704549e+01
-2.593233699195222997e+01
-2.140562815315729495e+01
-2.007571427489078530e+01
-2.521904174356046013e+01
-2.140562815315729495e+01
-2.526090157631017163e+01
-2.039860606771425111e+01
-2.137098730726683726e+01
-2.639195160206927682e+01
-2.542012148642334779e+01
-2.007571427489078530e+01
-2.057999102773951350e+01
-2.485775377542310949e+01
-2.441069238420910992e+01
-2.118284500106564749e+01
-2.154357189524429472e+01
-2.162921699310302159e+01
-2.272335054874599791e+01
-2.047448578763443550e+01
-2.913207347879997400e+01
-2.215159130658399889e+01
-2.369380234299548960e+01
-2.000128201315907717e+01
-2.444944063118632727e+01
-2.343426180192111730e+01
-2.146759334811062558e+01
-2.135427978922337644e+01
-2.141333889157382231e+01
-2.265350990692415678e+01
-2.061823341690130462e+01
-2.432360888755334472e+01
-2.050174297058702066e+01
-2.311220426012853579e+01
-2.431544541622805866e+01
-1.977649247517500797e+01
-1.977649247517500797e+01
-2.187578307937691235e+01
-2.000128201315907717e+01
-2.477466266014991447e+01
-1.977649247517500797e+01
-2.422713847304527945e+01
-2.367606865286936113e+01
-2.213244217413349801e+01
-2.399607070742885995e+01
-2.416079939672719235e+01
-1.977649247517500797e+01
-1.977649247517500797e+01
-2.129922619389068572e+01
-1.977649247517500797e+01
-2.684826711583993486e+01
-2.099044758794809340e+01
-1.977649247517500797e+01
-2.419863592629569027e+01
-2.190220846667017085e+01
-2.313496456528828915e+01
-2.105284565495564308e+01
-2.318898339633481598e+01
-2.457828237455969855e+01
-2.154163433891719137e+01
-2.299991887559204429e+01
-2.472787798164432616e+01
-2.468131290472369699e+01
-2.366723582814196902e+01
-2.486630738335981405e+01
-2.243319795530030447e+01
-2.549947503415616978e+01
-1.977649247517500797e+01
-2.391041480127971752e+01
-1.977649247517500797e+01
-2.497368799366453374e+01
-2.540308767872832973e+01
-2.175112246969417029e+01
-2.184572793455782502e+01
-1.977649247517500797e+01
-2.481482277501223876e+01
-2.584932384652946169e+01
-2.557007404197932843e+01
-2.190909453310978705e+01
-2.024924461117046803e+01
-2.365419492197687035e+01
-2.321584061140385202e+01
-2.191727643868593134e+01
-2.132965855459432447e+01
-2.367033857365290928e+01
-2.442959049939309324e+01
-2.367366236896730314e+01
-2.467910522205552581e+01
-2.022360246796938910e+01
-2.337584900355248863e+01
-2.392806366344256830e+01
-2.105077009824584167e+01
-2.351820951063493936e+01
-2.126416583284174422e+01
-2.415833993663137846e+01
-2.379333652300568147e+01
-2.369380234299548960e+01
-2.366723582814196902e+01
-2.406423524427411209e+01
-2.346195827672938705e+01
-2.018431990377239416e+01
-2.134770814587153254e+01
-2.311383344071482426e+01
-2.438215405587244433e+01
-2.269782893231997534e+01
-2.610082249311642144e+01
-2.625653781641689122e+01
-2.178662906942178523e+01
-2.370207906373297746e+01
-2.072269171843457514e+01
-2.112237468040060762e+01
-2.181317152032340090e+01
-2.630732976187427496e+01
-2.179962031678101653e+01
-2.580386598357127781e+01
-2.585158224539492977e+01
-2.371516093070870923e+01
-2.447311982977772615e+01
-2.492468663496443426e+01
-2.366417397774587172e+01
-2.417407688610987293e+01
-2.043211385766760912e+01
-2.043211385766760912e+01
-2.519448119314532519e+01
-2.146308036464662905e+01
-2.043211385766760912e+01
-2.043211385766760912e+01
-2.420899423428482322e+01
-2.412680933910311154e+01
-2.152275066281824678e+01
-2.498925462160481459e+01
-2.243825621334222475e+01
-2.418172245907680917e+01
-2.043211385766760912e+01
-2.007571427489078530e+01
-2.663244581409879075e+01
-2.308067799367944772e+01
-2.518077175690088865e+01
-2.254436025098811669e+01
-2.145245574305959479e+01
-2.299623143142622794e+01
-2.489582360176321529e+01
-2.611399627129025802e+01
-2.300421332412117792e+01
-2.148205740302036304e+01
-2.039860606771425111e+01
-2.549881232737148196e+01
-2.101142153572463656e+01
-2.359041305725672188e+01
-2.265093875931644618e+01
-2.224659764709672771e+01
-2.059078638756690438e+01
-2.303060063372434030e+01
-2.442649569585078240e+01
-2.020943700814180133e+01
-1.993501520824529649e+01
-1.993501520824529649e+01
-2.418906324298825439e+01
-1.988123602205078200e+01
-2.406879435714083115e+01
-2.271345682276705347e+01
-2.231449371128636372e+01
-2.664905121914197395e+01
-2.057999102773951350e+01
-2.354312249426707737e+01
-1.992508216303744817e+01
-2.421653671487779746e+01
-2.329259876983008581e+01
-1.992508216303744817e+01
-2.193917671798534741e+01
-2.095900377478109178e+01
-2.391386389373419163e+01
-2.132561484136670416e+01
-2.454943369896592387e+01
-1.992508216303744817e+01
-2.534533743620509227e+01
-2.233195461178326013e+01
-2.050174297058702066e+01
-2.132361117592787636e+01
-2.348507870305409284e+01
-3.106184217909746437e+01
-2.402422291050211101e+01
-1.977649247517500797e+01
-2.096495488525586737e+01
-2.342301215224112809e+01
-2.318898339633481598e+01
-2.154831201575644073e+01
-1.977649247517500797e+01
-2.640300720088389141e+01
-2.024864680340042611e+01
-2.121316138796840178e+01
-2.141333889157382231e+01
-1.957762309102310638e+01
-2.221393779545250524e+01
-2.109484283840926366e+01
-2.463887564407529140e+01
-2.109484283840926366e+01
-2.009449767444370138e+01
-2.635700564965372905e+01
-2.155597934289828643e+01
-2.411555299625891280e+01
-2.150329779819917420e+01
-2.779800827955914500e+01
-2.437200036999721320e+01
-1.977649247517500797e+01
-2.359041305725672188e+01
-2.263885123174862102e+01
-2.161723221930479610e+01
-1.978898284539902264e+01
-2.388031263780213465e+01
-2.449986281903316865e+01
-2.563248317762950279e+01
-2.483571355290219884e+01
-2.562279048514718127e+01
-2.146095976816157602e+01
-2.243704233377381030e+01
-2.617037647925758392e+01
-2.496998827071877969e+01
-2.278494981006025810e+01
-2.419738083361573544e+01
-1.972660687215289599e+01
-1.972660687215289599e+01
-2.000128201315907717e+01
-2.358357049144884598e+01
-1.972660687215289599e+01
-2.506899762086062822e+01
-1.972660687215289599e+01
-2.514796734270190726e+01
-2.109484283840926366e+01
-1.972660687215289599e+01
-2.369380234299548960e+01
-2.380038722838759213e+01
-1.972660687215289599e+01
-2.435939421913062830e+01
-2.444439138861372740e+01
-2.129627410454110148e+01
-2.161029141115702856e+01
-2.134527609884405663e+01
-2.484792911449281405e+01
-2.196026891336495979e+01
-2.354566206654281046e+01
-2.585713820174405342e+01
-2.395867515008329462e+01
-2.389077094542717816e+01
-2.166163286480422911e+01
-2.414373949913962036e+01
-1.989182688770107532e+01
-2.466277783312887806e+01
-2.096957607860731798e+01
-2.627739664675909737e+01
-1.982272524853827989e+01
-1.992508216303744817e+01
-2.118070576922983150e+01
-2.324613823492297726e+01
-2.396114183762315264e+01
-2.114822018402806236e+01
-2.528103219418238723e+01
-2.642381634310638461e+01
-1.982272524853827989e+01
-2.231280538642327471e+01
-2.397061886807190589e+01
-2.151282980281530754e+01
-2.197814136763543402e+01
-2.252274308855570339e+01
-2.164742292517482980e+01
-2.471117308717944283e+01
-2.667514586828635714e+01
-2.244343590392672994e+01
-2.590577965494362900e+01
-2.215159130658399889e+01
-2.099702840912940616e+01
-1.992508216303744817e+01
-2.242277532888087777e+01
-2.687893732733629548e+01
-2.238016479524587155e+01
-2.050174297058702066e+01
-2.486317318310721447e+01
-2.129107720226879152e+01
-1.989182688770107532e+01
-2.172220178166767823e+01
-2.704084107143989613e+01
-2.236254551106353716e+01
-2.065557064264692855e+01
-2.410269014657158948e+01
-2.177855470461686238e+01
-2.050174297058702066e+01
-2.693956309066190613e+01
-2.065557064264692855e+01
-2.444059482383823578e+01
-2.564444550511015919e+01
-2.437511609537566315e+01
-2.219006130234224017e+01
-2.120629708063252750e+01
-2.157134436740825123e+01
-2.346025019665351508e+01
-2.158456225227359937e+01
-2.050174297058702066e+01
-2.478577344365911728e+01
-2.274348087726113832e+01
-2.297927250058316417e+01
-2.510604243590584872e+01
-2.630487830717277831e+01
-2.394028783267366123e+01
-2.469295027961868172e+01
-2.007571427489078530e+01
-2.007571427489078530e+01
-2.731470334379803333e+01
-2.254436025098811669e+01
-2.400066067724178254e+01
-2.007571427489078530e+01
-2.218450219346076935e+01
-2.470393251149626579e+01
-2.458388263689983688e+01
-2.256720682361795483e+01
-2.254782638306891940e+01
-2.462517865136686979e+01
-2.280616791972783375e+01
-2.216034390238232277e+01
-2.452840499401327179e+01
-1.993501520824529649e+01
-2.141333889157382231e+01
-2.134800472583631148e+01
-2.414641868868821462e+01
-2.429607972609924360e+01
-2.168709533770232412e+01
-2.174439500747599752e+01
-2.076001413450185851e+01
-2.354772273262652860e+01
-2.072269171843457514e+01
-2.384851708723815378e+01
-2.566525513974197636e+01
-1.993501520824529649e+01
-2.234975244213005752e+01
-2.015739795886443630e+01
-2.070019931540046088e+01
-2.461444472791722049e+01
-2.000128201315907717e+01
-2.152987889190146831e+01
-2.454525668883916723e+01
-2.146095976816157602e+01
-2.181276016493164605e+01
-2.415688735664030418e+01
-2.383535399218643747e+01
-2.146095976816157602e+01
-1.977649247517500797e+01
-2.036226177826918970e+01
-2.426027849068670861e+01
-2.084141831865172634e+01
-1.972660687215289599e+01
-1.961272076588488034e+01
-2.607057840060559073e+01
-2.263885123174862102e+01
-2.304854691141591161e+01
-2.009449767444370138e+01
-2.129086835564964630e+01
-2.141333889157382231e+01
-1.977649247517500797e+01
-1.977649247517500797e+01
-2.146095976816157602e+01
-2.258642122817751030e+01
-2.259557572436256834e+01
-1.977649247517500797e+01
-2.384569984945063226e+01
-2.605770486175367751e+01
-2.128669639959591464e+01
-2.435825223668165762e+01
-2.400608270714433701e+01
-2.137305197381571631e+01
-1.977649247517500797e+01
-1.977649247517500797e+01
-2.129086835564964630e+01
-1.977649247517500797e+01
-2.227890872812693601e+01
-2.351820951063493936e+01
-2.438215405587244433e+01
-2.369380234299548960e+01
-2.187212742569666801e+01
-1.967671717686567945e+01
-2.531874240870068249e+01
-2.479044713355974849e+01
-2.090615186198616726e+01
-2.319587808201916346e+01
-2.184546336183853299e+01
-2.491976372894787062e+01
-2.238013304664844938e+01
-2.052430385877805108e+01
-2.433630096150437083e+01
-2.321191832734374927e+01
-2.007900619298327527e+01
-1.977649247517500797e+01
-2.466402421872615136e+01
-2.346658717866425548e+01
-1.967671717686567945e+01
-2.095900377478109178e+01
-1.972660687215289599e+01
-1.977649247517500797e+01
-1.972660687215289599e+01
-1.971544959648933926e+01
-1.972660687215289599e+01
-1.972660687215289599e+01
-1.977649247517500797e+01
-1.971544959648933926e+01
-1.977649247517500797e+01
-1.977649247517500797e+01
-1.977649247517500797e+01
-1.992508216303744817e+01
-1.992508216303744817e+01
-1.992508216303744817e+01
-1.992508216303744817e+01
-1.992508216303744817e+01
-1.992508216303744817e+01
-1.992508216303744817e+01
-1.992508216303744817e+01
-1.992508216303744817e+01
-1.992508216303744817e+01
-1.989182688770107532e+01
-1.972660687215289599e+01
-1.992508216303744817e+01
