1.000000000000000000e+00 0.000000000000000000e+00 0.000000000000000000e+00
9.999999979933454908e-01 2.867767976672029603e-05 -5.648861567018396133e-05
9.999999803434886925e-01 1.035476670434492879e-04 -1.690895136094991218e-04
9.999999138233645057e-01 2.419921714952224655e-04 -3.373339168545680064e-04
9.999997364628707697e-01 4.612323824986219734e-04 -5.606616650166853328e-04
9.999993456507245693e-01 7.783001991198586211e-04 -8.384224108814136538e-04
9.999985836351209523e-01 1.210010317673771481e-03 -1.169876946111255128e-03
9.999972205918857826e-01 1.772932693696783893e-03 -1.554198647944733799e-03
9.999949354517416733e-01 2.483365385624857966e-03 -1.990475038283007203e-03
9.999912946997741026e-01 3.357307777251370383e-03 -2.477709446323446765e-03
9.999857293801054370e-01 4.410434165485615197e-03 -3.014822765957533412e-03
9.999775105570819500e-01 5.658067689397069076e-03 -3.600655299509984003e-03
9.999657235008944101e-01 7.115154566383894916e-03 -4.233968680061999182e-03
9.999492408804472321e-01 8.796238591922703187e-03 -4.913447865571103981e-03
9.999266952594372260e-01 1.071543585111515810e-02 -5.637703199262811098e-03
9.998964512029752116e-01 1.288640958351129628e-02 -6.405272532307232196e-03
9.998565773116681044e-01 1.532234513780878979e-02 -7.214623406581291074e-03
9.998048185078552974e-01 1.803592495032714516e-02 -8.064155297321637730e-03
9.997385689046315305e-01 2.103930348093064479e-02 -8.952201917655040406e-03
9.996548455923525145e-01 2.434408204258021319e-02 -9.877033589305967212e-03
9.995502636794556528e-01 2.796128346614451532e-02 -1.083685968617317114e-02
9.994210129245552077e-01 3.190132655065555656e-02 -1.182983115988112989e-02
9.992628362947963971e-01 3.617400026095792670e-02 -1.285404315878636676e-02
9.990710107812453833e-01 4.078843764971436942e-02 -1.390753775418723283e-02
9.988403307955081578e-01 4.575308949896696870e-02 -1.498830678958050153e-02
9.985650944626307535e-01 5.107569769781132585e-02 -1.609429487065875894e-02
9.982390931134434986e-01 5.676326839704352867e-02 -1.722340251527841939e-02
9.978556042646625768e-01 6.282204500862598184e-02 -1.837348948377927338e-02
9.974073883570236942e-01 6.925748114714601333e-02 -1.954237831073490916e-02
9.968866895002860273e-01 7.607421364168109879e-02 -2.072785805939501499e-02
9.962852404488851121e-01 8.327603577912429111e-02 -2.192768831968690962e-02
9.955942720031520921e-01 9.086587097346512931e-02 -2.313960346962328982e-02
9.948045269981989902e-01 9.884574708909003860e-02 -2.436131721827384036e-02
9.939062790056977237e-01 1.072167716791137537e-01 -2.559052744606908625e-02
9.928893558328261149e-01 1.159791084312671444e-01 -2.682492135509769934e-02
9.917431678576698051e-01 1.251319551430854216e-01 -2.806218093823043339e-02
9.904567411915143893e-01 1.346735235741641779e-01 -2.929998877136876650e-02
9.890187556060028307e-01 1.446010215451639935e-01 -3.053603412790635921e-02
9.874175871074679645e-01 1.549106376701358534e-01 -3.176801940865835172e-02
9.856413549824107889e-01 1.655975291197255839e-01 -3.299366687412926685e-02
9.836779730777522879e-01 1.766558128170711839e-01 -3.421072565914795582e-02
9.815152050179566379e-01 1.880785604649884701e-01 -3.541697904271059322e-02
9.791407229993543959e-01 1.998577977917216641e-01 -3.661025193847329551e-02
9.765421697410623381e-01 2.119845083826339405e-01 -3.778841856387445824e-02
9.737072231129866307e-01 2.244486424364193489e-01 -3.894941023850969491e-02
9.706236629057779508e-01 2.372391307466229227e-01 -4.009122325530604936e-02
9.672794391566068573e-01 2.503439041625740713e-01 -4.121192676143299594e-02
9.636627413995909608e-01 2.637499187286231339e-01 -4.230967057993294256e-02
9.597620681719604141e-01 2.774431866374262867e-01 -4.338269289793989653e-02
9.555662960778571469e-01 2.914088130628078588e-01 -4.442932774325796669e-02
9.510647476921841870e-01 3.056310388615477436e-01 -4.544801216815480549e-02
9.462472575781490924e-01 3.200932890526334562e-01 -4.643729305763012738e-02
9.411042356948874366e-01 3.347782268986284060e-01 -4.739583347926179524e-02
9.356267274863623307e-01 3.496678133285595624e-01 -4.832241849309472370e-02
9.298064699699056801e-01 3.647433713569700475e-01 -4.921596034296770589e-02
9.236359431822751542e-01 3.799856550714463266e-01 -5.007550295517688987e-02
9.171084163926183086e-01 3.953749226829653129e-01 -5.090022567641640239e-02
9.102179885545973459e-01 4.108910130617349221e-01 -5.168944619043755462e-02
9.029596225431592016e-01 4.265134251176300739e-01 -5.244262256170714731e-02
8.953291728037546804e-01 4.422213993305170732e-01 -5.315935436436147049e-02
8.873234061316606081e-01 4.579940006931426666e-01 -5.383938286574876941e-02
8.789400153946695937e-01 4.738102022990095530e-01 -5.448259024560156427e-02
8.701776261118066014e-01 4.896489687906256938e-01 -5.508899784413033573e-02
8.610357959018408724e-01 5.054893388802106369e-01 -5.565876344481415078e-02
8.515150069160402069e-01 5.213105061655248784e-01 -5.619217761010746742e-02
8.416166514677333454e-01 5.370918974877467722e-01 -5.668965910041164069e-02
8.313430111647530651e-01 5.528132481156788902e-01 -5.715174941821130755e-02
8.206972299378131330e-01 5.684546730901250955e-01 -5.757910653000428841e-02
8.096832814366045072e-01 5.839967341228186060e-01 -5.797249782833901327e-02
7.983059313344098573e-01 5.994205015143421189e-01 -5.833279240472889066e-02
7.865706951401356672e-01 6.147076106333760892e-01 -5.866095271128743405e-02
7.744837921629729172e-01 6.298403125835200234e-01 -5.895802569451279868e-02
7.620520963088633914e-01 6.448015187719416952e-01 -5.922513348867829847e-02
7.492830844093433251e-01 6.595748391842694014e-01 -5.946346375873371587e-02
7.361847827922599619e-01 6.741446142605626024e-01 -5.967425978350908433e-02
7.227657128006972354e-01 6.884959403560385605e-01 -5.985881036939575545e-02
7.090348359518749977e-01 7.026146888558346681e-01 -6.001843968265280216e-02
6.950014994026967319e-01 7.164875190939281602e-01 -6.015449708517356386e-02
6.806753823541069615e-01 7.301018853011387311e-01 -6.026834705409639392e-02
6.660664439837152839e-01 7.434460378748281029e-01 -6.036135926022331843e-02
6.511848734465836008e-01 7.565090193226811088e-01 -6.043489887400067123e-02
6.360410424290408038e-01 7.692806552842177403e-01 -6.049031716100380929e-02
6.206454606812831232e-01 7.817515410761267658e-01 -6.052894242164175154e-02
6.050087348926952435e-01 7.939130242410143978e-01 -6.055207132233995926e-02
5.891415312105851010e-01 8.057571836038329716e-01 -6.056096065794477901e-02
5.730545416395635971e-01 8.172768053563799207e-01 -6.055681957768187240e-02
5.567584544961978743e-01 8.284653566982708162e-01 -6.054080229983831857e-02
5.402639290327694299e-01 8.393169575632644097e-01 -6.051400133354998406e-02
5.235815742857766741e-01 8.498263509533980908e-01 -6.047744121976883491e-02
5.067219321498915852e-01 8.599888723908137855e-01 -6.043207279774467922e-02
4.896954646269069400e-01 8.698004189791638252e-01 -6.037876799824783147e-02
4.725125451521698938e-01 8.792574185438545298e-01 -6.031831516032843538e-02
4.551834538583102718e-01 8.883567992938681268e-01 -6.025141486468101742e-02
4.377183765978562291e-01 8.970959604182163760e-01 -6.017867627366761674e-02
4.201274075125945306e-01 9.054727439978984549e-01 -6.010061396574276765e-02
4.024205549081967259e-01 9.134854085801711321e-01 -6.001764525039671866e-02
3.846077501675492227e-01 9.211326047265311345e-01 -5.993008794875659406e-02
3.666988594151910918e-01 9.284133528095336318e-01 -5.983815862461442509e-02
3.487036976280398215e-01 9.353270232968056153e-01 -5.974197125083420545e-02
3.306320448739106244e-01 9.418733197236945909e-01 -5.964153629676798019e-02
3.124936643489416022e-01 9.480522645191498121e-01 -5.953676022341954088e-02
2.942983218776633603e-01 9.538641878128593099e-01 -5.942744537456542964e-02
2.760779265279726946e-01 9.593052060040336837e-01 -5.928332407278814886e-02
2.578494312958650725e-01 9.643753895952377198e-01 -5.910829891068666853e-02
2.396286334889046743e-01 9.690759493637627342e-01 -5.890615109445751507e-02
2.214301545086656553e-01 9.734091091841833299e-01 -5.868053405502868247e-02
2.032674294768615775e-01 9.773779815370883250e-01 -5.843496859251297998e-02
1.851527059619731685e-01 9.809864466204319955e-01 -5.817283943383041306e-02
1.670970510197621883e-01 9.842390358221603242e-01 -5.789739307799838391e-02
1.491103657387843340e-01 9.871408201625615497e-01 -5.761173680098689159e-02
1.312014064782840717e-01 9.896973041742861410e-01 -5.731883869183503066e-02
1.133778119980093230e-01 9.919143255587316022e-01 -5.702152859356963976e-02
9.564613570488596228e-02 9.937979608405074217e-01 -5.672249982600587048e-02
7.801188227761571281e-02 9.953544371375548927e-01 -5.642431157240707096e-02
6.047954797473452382e-02 9.965900500733630984e-01 -5.612939181792291760e-02
4.305266398232571179e-02 9.975110877794364228e-01 -5.584004073442401517e-02
2.573384221247970380e-02 9.981237608703116271e-01 -5.555843441355159257e-02
8.524823021025092207e-03 9.984341382193718806e-01 -5.528662885727860660e-02
-8.573475628441473012e-03 9.984480883206964252e-01 -5.502656414284207848e-02
-2.556090796886001729e-02 9.981712259893473771e-01 -5.478006868639655885e-02
-4.243804955981793359e-02 9.976088641289226899e-01 -5.454886353702528834e-02
-5.920614604576469875e-02 9.967659702799518406e-01 -5.433456663972819484e-02
-7.586706179207301781e-02 9.956471276548584104e-01 -5.413869701260825423e-02
-9.242322859922127987e-02 9.942565003638637045e-01 -5.396267878964685488e-02
-1.088775946493244634e-01 9.925978025405214344e-01 -5.380784508616227174e-02
-1.252335737968292839e-01 9.906742710847655786e-01 -5.367544164926715128e-02
-1.414949952765387209e-01 9.884886417547128490e-01 -5.356663026038076258e-02
-1.576660538672879641e-01 9.860431283553470205e-01 -5.348249186112103565e-02
-1.737512605185537184e-01 9.833394047920537284e-01 -5.342402937772301047e-02
-1.897553934199928682e-01 9.803785897792759441e-01 -5.339217022253370942e-02
-2.056834494703057847e-01 9.771612340188950974e-01 -5.338776845415740824e-02
-2.215405960818200570e-01 9.736873096889375745e-01 -5.341160658051168075e-02
-2.373321232407071546e-01 9.699562021105547771e-01 -5.346439699145160568e-02
-2.530633957297031555e-01 9.659667034896589621e-01 -5.354678300977748495e-02
-2.687398054105425427e-01 9.617170086588923139e-01 -5.365933955141417855e-02
-2.843667234569934865e-01 9.572047127755709539e-01 -5.380257338739312389e-02
-2.999494524263909279e-01 9.524268109617050060e-01 -5.397692300203910803e-02
-3.154931780579159351e-01 9.473796999029878707e-01 -5.418275804352099684e-02
-3.310029206896140108e-01 9.420591814546198650e-01 -5.442037836472925216e-02
-3.464834861933603349e-01 9.364604683328150436e-01 -5.469001265435288750e-02
-3.619394163377753770e-01 9.305781920016505948e-01 -5.499181666010580227e-02
-3.773749385036062054e-01 9.244064128953514148e-01 -5.532587100835743149e-02
-3.927939146944800508e-01 9.179386331459046255e-01 -5.569217862701555943e-02
-4.081997898083851717e-01 9.111678120147779225e-01 -5.609066178144879455e-02
-4.235955391619285471e-01 9.040863842551186691e-01 -5.652115873657930639e-02
-4.389836152905555733e-01 8.966862816567129357e-01 -5.698342006207644111e-02
-4.543658940836672322e-01 8.889589580496989329e-01 -5.747710460188821396e-02
-4.697436203540965027e-01 8.808954180639678722e-01 -5.800177513420286951e-02
-4.851173529868164636e-01 8.724862499586880649e-01 -5.855689375337224528e-02
-5.004869098621028689e-01 8.637216628496889870e-01 -5.914181701137655178e-02
-5.158513128036313899e-01 8.545915286706882164e-01 -5.975579086307826471e-02
-5.312087328620157534e-01 8.450854292065829165e-01 -6.039794546679640858e-02
-5.465468794232176686e-01 8.352012633081509207e-01 -6.103581501151492117e-02
-5.618538827102292910e-01 8.249348136715700663e-01 -6.166668505167147152e-02
-5.771169572193241004e-01 8.142826711044904853e-01 -6.228773250310444543e-02
-5.923224289797194286e-01 8.032423308435887588e-01 -6.289602919421388716e-02
-6.074557714769172057e-01 7.918122900041000278e-01 -6.348854661898295504e-02
-6.225016507419856016e-01 7.799921452946261269e-01 -6.406216196425490450e-02
-6.374439800295814695e-01 7.677826900208754024e-01 -6.461366547318617148e-02
-6.522659844088086745e-01 7.551860092972852989e-01 -6.513976919380293218e-02
-6.669502754727145710e-01 7.422055722889913110e-01 -6.563711714602844804e-02
-6.814789362345394785e-01 7.288463202218680159e-01 -6.610229692244527777e-02
-6.958336161225714411e-01 7.151147488291008658e-01 -6.653185271751677066e-02
-7.099956358121334299e-01 7.010189838527385309e-01 -6.692229975721455948e-02
-7.239461014451211707e-01 6.865688481916542019e-01 -6.727014007628255576e-02
-7.376660275876687489e-01 6.717759192868242302e-01 -6.757187956411546403e-02
-7.511364680687983020e-01 6.566535753639445305e-01 -6.782404617294843230e-02
-7.643386536319072277e-01 6.412170292147214568e-01 -6.802320915434974247e-02
-7.772541351219399708e-01 6.254833482935294731e-01 -6.816599916257701230e-02
-7.898649307299226985e-01 6.094714600364418144e-01 -6.824912903696718491e-02
-8.021536756294427306e-01 5.932021414747719046e-01 -6.826941505100397878e-02
-8.141037721730740584e-01 5.766979924138911917e-01 -6.822379839388892364e-02
-8.256995386770811240e-01 5.599833916776068010e-01 -6.810936663217552478e-02
-8.369263547160779027e-01 5.430844361749112004e-01 -6.792337488510857835e-02
-8.477708007812020385e-01 5.260288628242802966e-01 -6.766326643846480582e-02
-8.582207901304543807e-01 5.088459536645643100e-01 -6.732669251852306525e-02
-8.682656906816983433e-01 4.915664247835219713e-01 -6.691153095075914881e-02
-8.778964348696169928e-01 4.742222999970495123e-01 -6.641590343723736967e-02
-8.871056155083446582e-01 4.568467705054758410e-01 -6.583819120252887291e-02
-8.958875658705330869e-01 4.394740420290864646e-01 -6.517704878017360759e-02
-9.042384224085727729e-01 4.221391711746163566e-01 -6.443141573983815484e-02
-9.121561688001855739e-01 4.048778929996694753e-01 -6.360052618880099318e-02
-9.196406602926926466e-01 3.877264419156412623e-01 -6.268391591940630780e-02
-9.266936276406302353e-01 3.707213681957305385e-01 -6.168142711567010938e-02
-9.333186602716344593e-01 3.538993524285402592e-01 -6.059321057615545819e-02
-9.395211686664775019e-01 3.372970202768329484e-01 -5.941972545530928990e-02
-9.453083262912477247e-01 3.209507598643435156e-01 -5.816173657037335132e-02
-9.506889917633779552e-01 3.048965440222093370e-01 -5.682030936444519564e-02
-9.556736122593781912e-01 2.891697594834710117e-01 -5.539680265702494333e-02
-9.602741094723342696e-01 2.738050449238972339e-01 -5.389285935029408670e-02
-9.645037496942096000e-01 2.588361395162945833e-01 -5.231039529143571842e-02
-9.683769998258036082e-01 2.442957434009239703e-01 -5.065158651770509252e-02
-9.719093713015201086e-01 2.302153911850388646e-01 -4.891885513108984451e-02
-9.751172540541793721e-01 2.166253392788213550e-01 -4.711485406287957423e-02
-9.780177427359759701e-01 2.035544675622549260e-01 -4.524245099514542096e-02
-9.806284574559686051e-01 1.910301955667149110e-01 -4.330471170608590076e-02
-9.829673612943428118e-01 1.790784130547700970e-01 -4.130488309970990757e-02
-9.850525768125599768e-01 1.677234245995986028e-01 -3.924637616787090416e-02
-9.869022037009395065e-01 1.569879075082665221e-01 -3.713274911486351415e-02
-9.885341395965334677e-01 1.468928822064846929e-01 -3.496769085239254116e-02
-9.899659059701960695e-01 1.374576940106810030e-01 -3.275500504655914219e-02
-9.912144808285835440e-01 1.287000050593559985e-01 -3.049859486946433079e-02
-9.922961398104611641e-01 1.206357950615089408e-01 -2.820244857700857782e-02
-9.932263070828681872e-01 1.132793694460230705e-01 -2.587062600235724361e-02
-9.940194172666154682e-01 1.066433734617809187e-01 -2.350724602219576853e-02
-9.946887894468149360e-01 1.007388107824925827e-01 -2.111647502110766683e-02
-9.952465141564280637e-01 9.557506521050518344e-02 -1.870251634888955156e-02
-9.957033540620511269e-01 9.115992414731632909e-02 -1.626960073700390100e-02
-9.960686589333357377e-01 8.749960260173758608e-02 -1.382197761420558661e-02
-9.963502953416601970e-01 8.459876663588752899e-02 -1.136390723811560484e-02
-9.965545914101916480e-01 8.246055530044560378e-02 -8.899653539520392329e-03
-9.966862968257943489e-01 8.108660027974401441e-02 -6.433477559729119770e-03
-9.967485582221744522e-01 8.047704265013913560e-02 -3.969631348629143290e-03
-9.967429099514883983e-01 8.063054634751959382e-02 -1.512352182275130113e-03
-9.966692801762528919e-01 8.154430813765640995e-02 9.341430460001647409e-04
-9.965260121323902265e-01 8.321406408233540664e-02 3.365663407845001769e-03
-9.963099003351161276e-01 8.563409269087356168e-02 5.778049639364318812e-03
-9.960162414196563896e-01 8.879721513684454837e-02 8.167180094784898259e-03
-9.956388992261701043e-01 9.269479309985644011e-02 1.052897708072691833e-02
-9.951703836507752587e-01 9.731672495838096515e-02 1.285941368345829526e-02
-9.946019426906849148e-01 1.026514412083995714e-01 1.515452118423489709e-02
-9.939236670101631033e-01 1.086859001106372097e-01 1.741039713763072386e-02
-9.931246062449582412e-01 1.154055846732341822e-01 1.962321416500379875e-02
-9.921928961464056007e-01 1.227945021539595533e-01 2.178922949035274129e-02
-9.911158955436127904e-01 1.308351873139388666e-01 2.390479521928469755e-02
-9.898803319749001073e-01 1.395087106712288860e-01 2.596636933418719831e-02
-9.884724547105430137e-01 1.487946929858328660e-01 2.797052735058108697e-02
-9.868781937611103006e-01 1.586713271569588912e-01 2.991397455168529756e-02
-9.850833233431477431e-01 1.691154086282725677e-01 3.179355869114219857e-02
-9.830736281609023797e-01 1.801023752782113518e-01 3.360628302835400039e-02
-9.808350707637968346e-01 1.916063576216527620e-01 3.534931953769180485e-02
-9.783539581591192968e-01 2.036002399688657261e-01 3.702002211266853388e-02
-9.756171058024585285e-01 2.160557329812102245e-01 3.861593956968455144e-02
-9.726119970590209052e-01 2.289434578349227589e-01 4.013482824376250757e-02
-9.693269362307949111e-01 2.422330419598651141e-01 4.157466396129595038e-02
-9.657511932804856425e-01 2.558932260654186441e-01 4.293365317263613673e-02
-9.618751384551743611e-01 2.698919819074872550e-01 4.421024303058377486e-02
-9.576903651215803448e-01 2.841966399959419687e-01 4.540313020962927909e-02
-9.531897992702111910e-01 2.987740261980817991e-01 4.651126827501564365e-02
-9.483677943258577159e-01 3.135906059679801627e-01 4.753387343012448196e-02
-9.432202101138220662e-01 3.286126347307448681e-01 4.847042849487358251e-02
-9.377444750707207843e-01 3.438063127809007913e-01 4.932068499616356488e-02
-9.319396310503249570e-01 3.591379429205664997e-01 5.008466328317347921e-02
-9.258063603524314678e-01 3.745740889699665788e-01 5.076265061461007755e-02
-9.193469948892366572e-01 3.900817332329190590e-01 5.135519720090162693e-02
-9.125655076917424946e-01 4.056284309946576183e-01 5.186311022077910726e-02
-9.054674872408703390e-01 4.211824601685940084e-01 5.228744586767591213e-02
-8.980600953768743677e-01 4.367129642908305631e-01 5.262949951589723091e-02
-8.903520097894935814e-01 4.521900871834292346e-01 5.289079412862263130e-02
-8.823533523139517332e-01 4.675850977654132379e-01 5.307306705867027852e-02
-8.740756044492583587e-01 4.828705036789390781e-01 5.317825541785866500e-02
-8.655315116712851697e-01 4.980201526109300780e-01 5.320848021119526511e-02
-8.567506144569448923e-01 5.129881910663737221e-01 5.311791497441616106e-02
-8.477565110938843906e-01 5.277399050920150714e-01 5.291032834824405812e-02
-8.385742552511290526e-01 5.422430777616173980e-01 5.258968848764890291e-02
-8.292301514350611802e-01 5.564680485943322985e-01 5.216012863762706231e-02
-8.197515457769268821e-01 5.703877456641521793e-01 5.162591247983570192e-02
-8.101666157895492937e-01 5.839776911167197104e-01 5.099139970624741447e-02
-8.005041624749259510e-01 5.972159812534760803e-01 5.026101224559206826e-02
-7.907934078493116248e-01 6.100832427265870939e-01 4.943920152992009598e-02
-7.810638005923558058e-01 6.225625667046787992e-01 4.853041714402175216e-02
-7.713448321362019744e-01 6.346394231156140542e-01 4.753907715157552200e-02
-7.616658651030500105e-01 6.463015572476989989e-01 4.646954034063408706e-02
-7.520559755884769215e-01 6.575388710967776662e-01 4.532608057912728555e-02
-7.425438103843654547e-01 6.683432918877723061e-01 4.411286342003265665e-02
-7.331574598495079753e-01 6.787086301812285116e-01 4.283392504708286724e-02
-7.239243467758913475e-01 6.886304299054673006e-01 4.149315360645274009e-02
-7.148711312704827403e-01 6.981058125409809190e-01 4.009427292865315462e-02
-7.060236313802884522e-01 7.071333175340910326e-01 3.864082860846358713e-02
-6.974067589350708696e-01 7.157127408399666102e-01 3.713617637953515321e-02
-6.890444698682763880e-01 7.238449732989511443e-01 3.558347269445565064e-02
-6.809597281019910131e-01 7.315318403422815807e-01 3.398566740056721547e-02
-6.731744819444615002e-01 7.387759443104926493e-01 3.234549838649325437e-02
-6.657096518463823109e-01 7.455805104560246921e-01 3.066548806387005277e-02
-6.585851282915363702e-01 7.519492374958347547e-01 2.894794154280618328e-02
-6.518197785548515144e-01 7.578861533842680132e-01 2.719494635766485716e-02
-6.454314610425864185e-01 7.633954767943081920e-01 2.540837360140167991e-02
-6.394370459312151977e-01 7.684814846290078938e-01 2.358988033140156648e-02
-6.338524408397216980e-01 7.731483857360565981e-01 2.174091311705904708e-02
-6.286926203007056069e-01 7.774002008681065723e-01 1.986271260877210329e-02
-6.239716578354719267e-01 7.812406488201160126e-01 1.795631901913854328e-02
-6.197027594839756848e-01 7.846730385826411469e-01 1.602257841956237702e-02
-6.158982976893412342e-01 7.877001672764240015e-01 1.406214976884454654e-02
-6.125698444862793801e-01 7.903242235782755865e-01 1.207551260434060539e-02
-6.097282029910866541e-01 7.925466963104786933e-01 1.006297534065304228e-02
-6.073834362364249895e-01 7.943682878450079032e-01 8.024684135363113757e-03
-6.055448924355301132e-01 7.957888319690636925e-01 5.960632295806761460e-03
-6.042212257970381861e-01 7.968072158690630014e-01 3.870670215201523802e-03
-6.034204120427694162e-01 7.974213059157548855e-01 1.754515840399305596e-03
-6.031497578064299869e-01 7.976278769730836826e-01 -3.882343129474937621e-04
-6.034159031114991745e-01 7.974225450075126398e-01 -2.558093569074693183e-03
-6.042248161421014396e-01 7.967997028426166972e-01 -4.755672883654897369e-03
-6.055817795323152897e-01 7.957524589858707698e-01 -6.981667965750112254e-03
-6.074913674083783910e-01 7.942725795508849274e-01 -9.236845667192020853e-03
-6.099574124262210351e-01 7.923504334091571177e-01 -1.152202956699695940e-02
-6.129829620556949132e-01 7.899749408311254051e-01 -1.383808467030786180e-02
-6.165702233751733097e-01 7.871335260173166759e-01 -1.618590113478361389e-02
-6.207204956587456524e-01 7.838120740771175043e-01 -1.856637693261980332e-02
-6.254340900663625247e-01 7.799948931854037149e-01 -2.098039935383599550e-02
-6.307102357888582089e-01 7.756646828360376222e-01 -2.342882525652210945e-02
-6.365469720591916403e-01 7.708025093157873098e-01 -2.591245997289157860e-02
-6.429410255234456750e-01 7.653877897417699083e-01 -2.843203478680947013e-02
-6.498876725756143058e-01 7.593982862386234878e-01 -3.098818290959452423e-02
-6.573805864049946379e-01 7.528101120759302933e-01 -3.358141389705448371e-02
-6.654116686905480194e-01 7.455977518385111802e-01 -3.621208647268936431e-02
-6.739708661096914799e-01 7.377340979572627466e-01 -3.888037975062377805e-02
-6.830459721165453857e-01 7.291905061797553378e-01 -4.158626288797034193e-02
-6.926224147935106101e-01 7.199368727994526207e-01 -4.432946324083784917e-02
-7.026830319964981753e-01 7.099417366795542916e-01 -4.710943315188185349e-02
-7.132078355035634809e-01 6.991724092890410081e-01 -4.992531556083770750e-02
-7.241737664429439558e-01 6.875951360988129535e-01 -5.277590870336779788e-02
-7.355544449211256497e-01 6.751752927464127474e-01 -5.565963024799767261e-02
-7.473199174930245103e-01 6.618776193475669478e-01 -5.857448131570710398e-02
-7.594364069090013825e-01 6.476664961880651550e-01 -6.151801093114685204e-02
-7.718660694264039002e-01 6.325062637447664837e-01 -6.448728156705801906e-02
-7.845667658695133495e-01 6.163615895330825101e-01 -6.747883656204156644e-02
-7.974918535366332106e-01 5.991978836335107861e-01 -7.048867031315124432e-02
-8.105900069536801089e-01 5.809817638867772471e-01 -7.351220226455297546e-02
-8.238050763180293501e-01 5.616815706448282652e-01 -7.654425582619556190e-02
-8.370759932131431880e-01 5.412679296086690961e-01 -7.957904345532251789e-02
-8.503367337432439221e-01 5.197143596687254785e-01 -8.261015921077168034e-02
-8.635163495696409619e-01 4.969979207966613299e-01 -8.563058013635753418e-02
-8.765390773522235834e-01 4.730998949433468104e-01 -8.863267783544309664e-02
-8.893245367346559460e-01 4.480064906194413110e-01 -9.160824155399002744e-02
-9.017880261858566282e-01 4.217095594386583990e-01 -9.454851398412321417e-02
-9.138409246575921463e-01 3.942073104791284921e-01 -9.744424082583021118e-02
-9.253912050880631623e-01 3.655050059795804662e-01 -1.002857348941204874e-01
-9.363440632471482505e-01 3.356156197710034039e-01 -1.030629552291378453e-01
-9.466026622849463834e-01 3.045604381058104049e-01 -1.057656012578319926e-01
-9.560689896549967592e-01 2.723695813509509622e-01 -1.083832215734769761e-01
-9.646448189258585160e-01 2.390824245252574365e-01 -1.109053363551548849e-01
-9.722327645071432434e-01 2.047478950387405239e-01 -1.133215718612994583e-01
-9.787374126846399847e-01 1.694246273596899943e-01 -1.156218048239107815e-01
-9.840665078135532040e-01 1.331809567785957327e-01 -1.177963139732629144e-01
-9.881321683223497354e-01 9.609473798241391362e-02 -1.198359353714237019e-01
-9.908521036137323268e-01 5.825297875430793249e-02 -1.217322177636957908e-01
-9.921508002934230630e-01 1.975128464964711478e-02 -1.234775738069519430e-01
-9.919606446661261012e-01 -1.930688323501381781e-02 -1.250654228362519105e-01
-9.902229483158004886e-01 -5.881112856582225434e-02 -1.264903208130266354e-01
-9.868888449657360340e-01 -9.864520248528721447e-02 -1.277480732768252192e-01
-9.819200297324414128e-01 -1.386882265116567980e-01 -1.288358275033662514e-01
-9.752893162816057560e-01 -1.788160274980694631e-01 -1.297521406459615778e-01
-9.669809930931874131e-01 -2.189025516536879379e-01 -1.304970213827757186e-01
-9.569909667754636917e-01 -2.588213211059102181e-01 -1.310719434732642297e-01
-9.453266877823996994e-01 -2.984468945457935396e-01 -1.314798305971735248e-01
-9.320068615774497189e-01 -3.376562932818523710e-01 -1.317250128550985222e-01
-9.170609558196187727e-01 -3.763303555477747198e-01 -1.318131562942296553e-01
-9.005285211063420725e-01 -4.143549850664908218e-01 -1.317511677316797747e-01
-8.824583488206197979e-01 -4.516222644569380384e-01 -1.315470779318712036e-01
-8.629074943997220304e-01 -4.880314097823541530e-01 -1.312099068149659986e-01
-8.419401976678420052e-01 -5.234895490199780177e-01 -1.307495148039086452e-01
-8.196267336595068898e-01 -5.579123140917110479e-01 -1.301764446459767188e-01
-7.960631392701040809e-01 -5.912057596252189295e-01 -1.294575876453244179e-01
-7.713379144371488305e-01 -6.232960577141470893e-01 -1.286074823560565683e-01
-7.455426540837496452e-01 -6.541207501398560442e-01 -1.276410314926182676e-01
-7.187705912957790266e-01 -6.836286068097335855e-01 -1.265733076971099214e-01
-6.911152334748484893e-01 -7.117792860658896936e-01 -1.254193711169018788e-01
-6.626691169157150618e-01 -7.385428238736074791e-01 -1.241941021027479913e-01
-6.335226986058939413e-01 -7.638989813939551787e-01 -1.229120514542629272e-01
-6.037633975049301327e-01 -7.878364814084563017e-01 -1.215873097709548878e-01
-5.734747914435668337e-01 -8.103521636760887548e-01 -1.202333966544514021e-01
-5.427359703242056188e-01 -8.314500877961708003e-01 -1.188631697823403222e-01
-5.116210416590073473e-01 -8.511406097826629269e-01 -1.174887532568316406e-01
-4.801987807309046064e-01 -8.694394555868627528e-01 -1.161214841329331060e-01
-4.485324148201367267e-01 -8.863668114819721611e-01 -1.147718756530442807e-01
-4.166795289660718549e-01 -9.019464477619002496e-01 -1.134495954528268735e-01
-3.846920795531388326e-01 -9.162048887890331672e-01 -1.121634568467418380e-01
-3.526165015169925310e-01 -9.291706391930308895e-01 -1.109214212372141017e-01
-3.204938950452542734e-01 -9.408734730771102228e-01 -1.097306097036775119e-01
-2.883602781754621702e-01 -9.513437904954701319e-01 -1.085973219010176877e-01
-2.562468925546589338e-01 -9.606120432595991465e-01 -1.075270605160284360e-01
-2.241805507135672115e-01 -9.687082303202371181e-01 -1.065245596816203066e-01
-1.921840144300017705e-01 -9.756614615436708382e-01 -1.055938159196540549e-01
-1.602763950323904674e-01 -9.814995876291443544e-01 -1.047381203644092290e-01
-1.284735677615650995e-01 -9.862488931621711252e-01 -1.039600912018777967e-01
-9.678859351836222036e-02 -9.899338493246792048e-01 -1.032617054392773737e-01
-6.523214244020715535e-02 -9.925769225432786724e-01 -1.026443292901451504e-01
-3.381291474731053237e-02 -9.941984353079189596e-01 -1.021087466203564886e-01
-2.538055163521360513e-03 -9.948164754932347087e-01 -1.016551850479128632e-01
2.858644205886905904e-02 -9.944468507255381784e-01 -1.012833394238577128e-01
5.955533989802994782e-02 -9.931030846249849775e-01 -1.009923925434366709e-01
9.036377904740748590e-02 -9.907964520840817357e-01 -1.007810330463706633e-01
1.210069137537459899e-01 -9.875360510933879343e-01 -1.006474705639217870e-01
1.514795644416239706e-01 -9.833289089694999818e-01 -1.005894482595168227e-01
1.817758884733028379e-01 -9.781801211588694311e-01 -1.006042529902726884e-01
2.118890704047542706e-01 -9.720930210662123150e-01 -1.006887233899499412e-01
2.418110331933285839e-01 -9.650693795731689617e-01 -1.008392562405460019e-01
2.715321719745286688e-01 -9.571096330586665868e-01 -1.010518115605464895e-01
3.010411122385728278e-01 -9.482131387963569358e-01 -1.013219168930558217e-01
3.303244944845240560e-01 -9.383784565778227060e-01 -1.016446713265164725e-01
3.593667876921595727e-01 -9.276036552863929918e-01 -1.020147498239794837e-01
3.881501342095716733e-01 -9.158866429211908189e-01 -1.024264084729668983e-01
4.166542288865681121e-01 -9.032255182430508622e-01 -1.028734912955218822e-01
4.448562354679512776e-01 -8.896189417850504100e-01 -1.033494392753536162e-01
4.727307433735316589e-01 -8.750665234462771114e-01 -1.038473022640164223e-01
5.002497680097440780e-01 -8.595692232782217168e-01 -1.043597544185555642e-01
5.273827976578560062e-01 -8.431297613939257030e-01 -1.048791137966396253e-01
5.540968897442190011e-01 -8.257530322012515134e-01 -1.053973666895611089e-01
5.803568188996652832e-01 -8.074465174096189246e-01 -1.059061972065318269e-01
6.061252786428662498e-01 -7.882206915161715788e-01 -1.063970225337745185e-01
6.313631377667846545e-01 -7.680894127798294502e-01 -1.068610341780306533e-01
6.560297515660856726e-01 -7.470702920817318127e-01 -1.072892453661803830e-01
6.800753814565339006e-01 -7.251983211368649984e-01 -1.076332152261239156e-01
7.034493515163041666e-01 -7.025102546928873037e-01 -1.078813718694045243e-01
7.261015822732009850e-01 -6.790491205133746266e-01 -1.080223247987484175e-01
7.479833081912342641e-01 -6.548643336640556090e-01 -1.080449612236346613e-01
7.690478193032771470e-01 -6.300117145050716516e-01 -1.079385456202354848e-01
7.892512123879527053e-01 -6.045534041101529033e-01 -1.076928206601548005e-01
8.085531355484290028e-01 -5.785576732240556019e-01 -1.072981074292966019e-01
8.269175089554479108e-01 -5.520986236366476341e-01 -1.067454027164325275e-01
8.443132039632044172e-01 -5.252557839006022355e-01 -1.060264710833486862e-01
8.607146628693989054e-01 -4.981136045282316682e-01 -1.051339294446487493e-01
8.761024423153653817e-01 -4.707608610292680629e-01 -1.040613219912587678e-01
8.904636647188767240e-01 -4.432899762402435218e-01 -1.028031834885858448e-01
9.037923641725006396e-01 -4.157962761894378745e-01 -1.013550892641004869e-01
9.160897158562888443e-01 -3.883771960888737773e-01 -9.971369056053330793e-02
9.273641411003610280e-01 -3.611314548150782455e-01 -9.787673435565823199e-02
9.376312836548329477e-01 -3.341582173305640557e-01 -9.584306721936407258e-02
9.469138563233440165e-01 -3.075562648422292544e-01 -9.361262327195549182e-02
9.552413607222445258e-01 -2.814231920670727249e-01 -9.118639680132194225e-02
9.626496863704346874e-01 -2.558546497994875213e-01 -8.856640056766844349e-02
9.691805984368950799e-01 -2.309436491096763244e-01 -8.575561125132911966e-02
9.748811261386588489e-01 -2.067799410481867273e-01 -8.275790386312573133e-02
9.798028658870946428e-01 -1.834494828150562973e-01 -7.957797722319981393e-02
9.840012147576955304e-01 -1.610339981207723203e-01 -7.622127281348685390e-02
9.875345506806343376e-01 -1.396106360758892218e-01 -7.269388941644247537e-02
9.904633759278661520e-01 -1.192517295502500962e-01 -6.900249596880368708e-02
9.928494400549795484e-01 -1.000246506830642645e-01 -6.515424498923055863e-02
9.947548575196548670e-01 -8.199175822372173350e-02 -6.115668879163277394e-02
9.962412338432558023e-01 -6.521042873720696298e-02 -5.701770048370662092e-02
9.973688125216959577e-01 -4.973316148632740685e-02 -5.274540148632135550e-02
9.981956530460867061e-01 -3.560774504630853654e-02 -4.834809700821118827e-02
9.987768484807588720e-01 -2.287747242964695976e-02 -4.383422058595585341e-02
9.991637891756773859e-01 -1.158139069148213240e-02 -3.921228846435260984e-02
9.994034774581785907e-01 -1.754570620983539331e-03 -3.449086425815718615e-02
9.995378966344847793e-01 6.571617837540448537e-03 -2.967853401187165591e-02
9.996034363946204593e-01 1.336923839600024852e-02 -2.478389146662852982e-02
9.996303757953530766e-01 1.861354272760795334e-02 -1.981553305695341743e-02
9.996424244152084526e-01 2.228275856580250180e-02 -1.478206189806552384e-02
9.996563220354706125e-01 2.435792271646138041e-02 -9.692099787649399723e-03
9.996814972862001492e-01 2.482276873505577866e-02 -4.554306034892170903e-03
9.997197860759740040e-01 2.366367748852448230e-02 6.225982563331016947e-04
9.997652112535432289e-01 2.086969713935366705e-02 5.829801984342260386e-03
9.998038257717499766e-01 1.643263726220891424e-02 1.105837359698217705e-02
9.998136225705481772e-01 1.034723983112720291e-02 1.629923017025557141e-02
9.997645153888025105e-01 2.611427694634346069e-03 2.154310788154450984e-02
9.996183956673871940e-01 -6.773371114786552044e-03 2.678053579184849070e-02
9.993292715261992143e-01 -1.780182730816933651e-02 3.200181486622079297e-02
9.988434953882132650e-01 -3.046424912657878098e-02 3.719700413378054793e-02
9.981000870869790598e-01 -4.474606526417182484e-02 4.235591581106221831e-02
9.970311591357670089e-01 -6.062726391792774838e-02 4.746812107733375252e-02
9.955624501715227836e-01 -7.808180265444189527e-02 5.252296799042106834e-02
9.936259963039338894e-01 -9.702027882124231173e-02 5.739747094165152663e-02
9.911459656642708227e-01 -1.173691281051053303e-01 6.208212099595934730e-02
9.880457122150873017e-01 -1.390483004145558754e-01 6.656778910141998573e-02
9.842490685356831692e-01 -1.619712033258696171e-01 7.084583841262231951e-02
9.796816476333204404e-01 -1.860447778016920406e-01 7.490824390190227444e-02
9.742721307208742632e-01 -2.111697189438708766e-01 7.874771586050957617e-02
9.679535155885304887e-01 -2.372408496476387241e-01 8.235782353959225643e-02
9.606642987418719803e-01 -2.641476495039432049e-01 8.573311495921084879e-02
9.523495640725144762e-01 -2.917749353653898425e-01 8.886922884508575982e-02
9.429619516058233009e-01 -3.200036839152223256e-01 9.176299475298607677e-02
9.324624818967452988e-01 -3.487119806603600214e-01 9.441251771588213271e-02
9.208212149000287727e-01 -3.777760743264724219e-01 9.681724419474568855e-02
9.080177265183708712e-01 -4.070715109742125137e-01 9.897800671437312348e-02
8.940413913409106517e-01 -4.364743185554925686e-01 1.008970452940972790e-01
8.788914660624791431e-01 -4.658622103032163397e-01 1.025780046036183224e-01
8.625769744055313826e-01 -4.951157744355151880e-01 1.040259066434056079e-01
8.451164007074736251e-01 -5.241196182039279394e-01 1.052470996205161768e-01
8.265372053407320507e-01 -5.527634362765703191e-01 1.062491845175270039e-01
8.068751804822524853e-01 -5.809429766837010956e-01 1.070409215914831097e-01
7.861736691749107164e-01 -6.085608818475101156e-01 1.076321196550855397e-01
7.644826739272599925e-01 -6.355273872948834502e-01 1.080335114569472704e-01
7.418578831637103743e-01 -6.617608662008450660e-01 1.082566187757724729e-01
7.183596446338356145e-01 -6.871882136114424444e-01 1.083136109703813077e-01
6.940519144678192198e-01 -7.117450697432948781e-01 1.082171606901565913e-01
6.690012090466046502e-01 -7.353758868843283114e-01 1.079803002647627547e-01
6.432755844165122250e-01 -7.580338489099232024e-01 1.076162819812843119e-01
6.169436648315060889e-01 -7.796806561260793966e-01 1.071384450495333762e-01
5.900737383813270398e-01 -8.002861909665974771e-01 1.065600915827556450e-01
5.627329337884033889e-01 -8.198280819776385675e-01 1.058943734117691743e-01
5.349864885422276339e-01 -8.382911845488281166e-01 1.051541910339707092e-01
5.068971147698811963e-01 -8.556669970689081417e-01 1.043521054991835562e-01
4.785244657630524645e-01 -8.719530307024796478e-01 1.035002635718103164e-01
4.499247030035046779e-01 -8.871521499298227198e-01 1.026103360978090767e-01
4.211501609197844664e-01 -9.012718995002840794e-01 1.016934691550610281e-01
3.922491045012073685e-01 -9.143238316562836143e-01 1.007602472813651645e-01
3.632655732928286030e-01 -9.263228455155777530e-01 9.982066785605216153e-02
3.342393041741270610e-01 -9.372865484653172263e-01 9.888412555617344391e-02
3.052057246427549719e-01 -9.472346474158690466e-01 9.795940571101936778e-02
2.761960080288159425e-01 -9.561883758590477012e-01 9.705468533231742523e-02
2.472371820938372988e-01 -9.641699609287009975e-01 9.617754059391582511e-02
2.183522827589969850e-01 -9.712021331079322417e-01 9.533495956585363862e-02
1.895605451980411083e-01 -9.773076798872178950e-01 9.453335906546612988e-02
1.608776251648842692e-01 -9.825090435586949500e-01 9.377860456517625454e-02
1.323158441534862673e-01 -9.868279624308732290e-01 9.307603218631883835e-02
1.038844527647239530e-01 -9.902851540540724695e-01 9.243047190513770106e-02
7.558990744550954377e-02 -9.929000385437120046e-01 9.184627119641013138e-02
4.743615654042664109e-02 -9.946904997565639839e-01 9.132731843840558028e-02
1.942493233337751549e-02 -9.956726818930142775e-01 9.087706549742416429e-02
-8.443953560264855912e-03 -9.958608190447457709e-01 9.049854899917147977e-02
-3.617231347318898560e-02 -9.952670952612695521e-01 9.019440987661855869e-02
-6.376673556099708706e-02 -9.939017279011818085e-01 8.996231181685014622e-02
-9.122841541221431150e-02 -9.917727568585258391e-01 8.980107951068123928e-02
-1.185584143451976630e-01 -9.888863526957153427e-01 8.970921243797889966e-02
-1.457574147752024873e-01 -9.852469006127726470e-01 8.968489202188542619e-02
-1.728254870011917965e-01 -9.808571034209642159e-01 8.972598681085286465e-02
-1.997618677721197111e-01 -9.757181028531474176e-01 8.983005589397789759e-02
-2.265647510990112246e-01 -9.698296187265922352e-01 8.999435078934804599e-02
-2.532310919258368154e-01 -9.631901056146685569e-01 9.021581607742223952e-02
-2.797564234514811621e-01 -9.557969267764836463e-01 9.049108908219931358e-02
-3.061346890991777370e-01 -9.476465451337238166e-01 9.081649893219607972e-02
-3.323580903502404427e-01 -9.387347310675773215e-01 9.118806536095594439e-02
-3.584169518867018622e-01 -9.290567867323004103e-01 9.160149763259620159e-02
-3.842996057126926157e-01 -9.186077864431543283e-01 9.205219400119701856e-02
-4.099922961363094420e-01 -9.073828324935419021e-01 9.253524213281649757e-02
-4.354791076806468486e-01 -8.953773254889964006e-01 9.304542093453944951e-02
-4.607419181420934207e-01 -8.825872479556834405e-01 9.357720424497979750e-02
-4.857603791127018122e-01 -8.690094595918015363e-01 9.412476684363467461e-02
-5.105119263178112821e-01 -8.546420020876734913e-01 9.468199323088628827e-02
-5.349718220765067311e-01 -8.394844109532091370e-01 9.524248961466096064e-02
-5.591132320578597881e-01 -8.235380312717004436e-01 9.579959951220472225e-02
-5.829073382683779281e-01 -8.068063337618497366e-01 9.634642333466576780e-02
-6.063234898558853558e-01 -7.892952269941867494e-01 9.687584226697114331e-02
-6.293293928453426167e-01 -7.710133610955272054e-01 9.738054668499779298e-02
-6.518913393299609060e-01 -7.519724178107026757e-01 9.785306926591692822e-02
-6.739744759283428088e-01 -7.321873814015158466e-01 9.828582284611631081e-02
-6.955431104930077657e-01 -7.116767845771426737e-01 9.867114296530819784e-02
-7.165610551317279642e-01 -6.904629234964431150e-01 9.900133490719327523e-02
-7.369920026017139358e-01 -6.685720358878448621e-01 9.926872490916065217e-02
-7.567999320859599699e-01 -6.460344365203838368e-01 9.946571506967559484e-02
-7.759495392957302951e-01 -6.228846046488076826e-01 9.958484133682833639e-02
-7.944066848037554252e-01 -5.991612186580690391e-01 9.961883382033991097e-02
-8.121388535440696721e-01 -5.749071339510144485e-01 9.956067853806986612e-02
-8.291156175638164649e-01 -5.501693011503882014e-01 9.940367959298568312e-02
-8.453090934269924528e-01 -5.249986229040136676e-01 9.914152068386994365e-02
-8.606943851944317547e-01 -4.994497489602547358e-01 9.876832478861981290e-02
-8.752500036770023417e-01 -4.735808106785466265e-01 9.827871082793084023e-02
-8.889582527100023945e-01 -4.474530977059476555e-01 9.766784612339719784e-02
-9.018055735447868537e-01 -4.211306811265095318e-01 9.693149351004544390e-02
-9.137828391040063725e-01 -3.946799889119632088e-01 9.606605204971023493e-02
-9.248855907900143114e-01 -3.681693409043502174e-01 9.506859041715787217e-02
-9.351142117473534299e-01 -3.416684517805836929e-01 9.393687219215340889e-02
-9.444740319205910950e-01 -3.152479114283913697e-01 9.266937248250406434e-02
-9.529753618661299663e-01 -2.889786528553585088e-01 9.126528551854402871e-02
-9.606334540088190543e-01 -2.629314181234698733e-01 8.972452309024962769e-02
-9.674683918123815340e-01 -2.371762328315406843e-01 8.804770393499272707e-02
-9.735049090853526987e-01 -2.117818993547039841e-01 8.623613441729552354e-02
-9.787721433013998329e-01 -1.868155184079229869e-01 8.429178106248022551e-02
-9.833033283102808886e-01 -1.623420475593235490e-01 8.221723570519236246e-02
-9.871354330982614611e-01 -1.384239041227069700e-01 8.001567418401953069e-02
-9.903087542817916589e-01 -1.151206184613950967e-01 7.769080964904308273e-02
-9.928648491782753327e-01 -9.246022462396348562e-02 7.530301801843045095e-02
-9.948491188092247750e-01 -7.047815780308609723e-02 7.285674555887482196e-02
-9.963075438516588722e-01 -4.920635011906650258e-02 7.035664425699955649e-02
-9.972863318883121719e-01 -2.867323116758111606e-02 6.780753063454370011e-02
-9.978315760722341610e-01 -8.903763528484577583e-03 6.521434608889524476e-02
-9.979889294126221833e-01 1.008048993621846537e-02 6.258211929884038849e-02
-9.978032982496596315e-01 2.826127060756913195e-02 5.991593114493399402e-02
-9.973185578202127255e-01 4.562350437715206875e-02 5.722088249999969511e-02
-9.965772921480748892e-01 6.215516175362538476e-02 5.450206515116476358e-02
-9.956205598437118942e-01 7.784710196209393418e-02 5.176453602337653670e-02
-9.944876867873434501e-01 9.269290513868290449e-02 4.901329478793337024e-02
-9.932160861100486349e-01 1.066886965769507783e-01 4.625326486009987553e-02
-9.918411053908451347e-01 1.198329667584037000e-01 4.348927771876794773e-02
-9.903959005600350141e-01 1.321263906124024723e-01 4.072606041929015264e-02
-9.889113356436862734e-01 1.435716491169674591e-01 3.796822611852507939e-02
-9.874159072010193494e-01 1.541732559862726559e-01 3.522026738887829717e-02
-9.859356920931579005e-01 1.639373918065253899e-01 3.248655206545503910e-02
-9.844943170735739324e-01 1.728717475913523483e-01 2.977132134686104672e-02
-9.831129486014296148e-01 1.809853793408535694e-01 2.707868985500539935e-02
-9.818103012416269371e-01 1.882885748133789894e-01 2.441264735165599165e-02
-9.806026630218311890e-01 1.947927333622678503e-01 2.177706180858798163e-02
-9.795039361588943061e-01 2.005102593560290636e-01 1.917568353303936157e-02
-9.785256916369142743e-01 2.054544693929974686e-01 1.661215005995599764e-02
-9.776772362088961277e-01 2.096395132423617691e-01 1.408999153632832513e-02
-9.769656904964586497e-01 2.130803081935515597e-01 1.161263634002019339e-02
-9.763960769707425991e-01 2.157924862753966555e-01 9.183416695174551406e-03
-9.759714167069015733e-01 2.177923536147223782e-01 6.805574067945734974e-03
-9.756928339093989822e-01 2.190968610401944905e-01 4.482264149434893839e-03
-9.755596673017433718e-01 2.197235849001080155e-01 2.216561256855963721e-03
-9.755695875590848498e-01 2.196907169511498614e-01 1.146200876909466912e-05
-9.757187200329049404e-01 2.190170620876825125e-01 -2.130111844617530933e-03
-9.760017720722922174e-01 2.177220426166025513e-01 -4.205311529813449828e-03
-9.764121642852084948e-01 2.158257077402554736e-01 -6.211360365672758538e-03
-9.769421651056034994e-01 2.133487468883167038e-01 -8.145553930050382016e-03
-9.775830280387886040e-01 2.103125055381931396e-01 -1.000526129693309930e-02
-9.783251309492672076e-01 2.067390021816907231e-01 -1.178792733985326718e-02
-9.791581167339220571e-01 2.026509451328289135e-01 -1.349107607463084432e-02
-9.800710346912058224e-01 1.980717479271692505e-01 -1.511231499280322327e-02
-9.810524818562977867e-01 1.930255421362194745e-01 -1.664934031670840461e-02
-9.820907435259057516e-01 1.875371865106096048e-01 -1.809994308831551837e-02
-9.831739321475585491e-01 1.816322714718569264e-01 -1.946201598679043326e-02
-9.842901237000299952e-01 1.753371180934422402e-01 -2.073356075469318452e-02
-9.854274906471705009e-01 1.686787708461086333e-01 -2.191269609987786179e-02
-9.865744305100242473e-01 1.616849835279337566e-01 -2.299766592984535743e-02
-9.877196890746426927e-01 1.543841979546339005e-01 -2.398684776770556443e-02
-9.888524772381332983e-01 1.468055151472007214e-01 -2.487876119422808771e-02
-9.899625804955063391e-01 1.389786589194940414e-01 -2.567207615884643107e-02
-9.910404600866219438e-01 1.309339319346810859e-01 -2.636562100402313827e-02
-9.920773448572786091e-01 1.227021644630783281e-01 -2.695839005211274342e-02
-9.930653129418951508e-01 1.143146562315416476e-01 -2.744955061173429481e-02
-9.940002400102296853e-01 1.057464365722536603e-01 -2.795081987474204790e-02
-9.948778981071272343e-01 9.699465830102217689e-02 -2.846117594200031978e-02
-9.956938327148002754e-01 8.805685697602008699e-02 -2.897957817528751950e-02
-9.964433723715927504e-01 7.893096393067706995e-02 -2.950496928355693035e-02
-9.971216396034032758e-01 6.961531869958675900e-02 -3.003627753227873856e-02
-9.977235631846954611e-01 6.010868074248698623e-02 -3.057241907629177843e-02
-9.982438917352670638e-01 5.041024036642687695e-02 -3.111230041550593420e-02
-9.986772086473199028e-01 4.051962874210342236e-02 -3.165482097158832386e-02
-9.990179483249521653e-01 3.043692690717685750e-02 -3.219887578244610277e-02
-9.992604137050734581e-01 2.016267364730203043e-02 -3.274335830989646978e-02
-9.993987950150370336e-01 9.697872144778994091e-03 -3.328716335440396606e-02
-9.994271897081294931e-01 -9.560047147417882057e-04 -3.382919006918253674e-02
-9.993396235036121622e-01 -1.179701048505131175e-02 -3.436834506432479702e-02
-9.991300724434439839e-01 -2.282272285563070879e-02 -3.490354558995497486e-02
-9.987924858633285830e-01 -3.403024300006794733e-02 -3.543372278573009987e-02
-9.983208101615290708e-01 -4.541619666839490782e-02 -3.595782498236250319e-02
-9.977090132351980056e-01 -5.697673710640167172e-02 -3.647482103923437025e-02
-9.969511094410166141e-01 -6.870754987455671148e-02 -3.698370370065167528e-02
-9.960411849249570793e-01 -8.060385962703778273e-02 -3.748349295187124175e-02
-9.949734231552127550e-01 -9.266043889763014851e-02 -3.797323935476146911e-02
-9.937421304830147406e-01 -1.048716189239836949e-01 -3.845202734185532850e-02
-9.923417615483945964e-01 -1.172313025250824176e-01 -3.891897844665218043e-02
-9.907669443421617261e-01 -1.297329790289470652e-01 -3.937325444735061825e-02
-9.890125047316319362e-01 -1.423697412287781017e-01 -3.981406040077193481e-02
-9.870734902561232316e-01 -1.551343043261958765e-01 -4.024064754308430414e-02
-9.849451929990535870e-01 -1.680190268002191012e-01 -4.065231603407822025e-02
-9.826231713467239448e-01 -1.810159331204376776e-01 -4.104841752218620077e-02
-9.801032704495896697e-01 -1.941167382027938204e-01 -4.142835750819127971e-02
-9.773816412100266859e-01 -2.073128734868094902e-01 -4.179159748663033996e-02
-9.744547576312353465e-01 -2.205955144943182455e-01 -4.213765684526505489e-02
-9.713194323749082537e-01 -2.339556097120998601e-01 -4.246611450465405391e-02
-9.679728303904810982e-01 -2.473839106245923070e-01 -4.277661028179773756e-02
-9.644124804960044761e-01 -2.608710027083638305e-01 -4.306884596401881760e-02
-9.606362848096944296e-01 -2.744073371875405121e-01 -4.334258608165828669e-02
-9.566425259517749025e-01 -2.879832633391395946e-01 -4.359765837077465150e-02
-9.524298719580212014e-01 -3.015890611294572698e-01 -4.383395391979528349e-02
-9.479973788691192782e-01 -3.152149739574575116e-01 -4.405142699694150621e-02
-9.433444909832306990e-01 -3.288512412786156469e-01 -4.425009455818831872e-02
-9.384710387826351585e-01 -3.424881308829431648e-01 -4.443003543848016157e-02
-9.333772345686499605e-01 -3.561159706039639938e-01 -4.459138923185861081e-02
-9.280636658618375279e-01 -3.697251792411817561e-01 -4.473435486902039432e-02
-9.225312866464601136e-01 -3.833062964869697331e-01 -4.485918890356972721e-02
-9.167814065588986150e-01 -3.968500116596873628e-01 -4.496620352081584504e-02
-9.108156781390136514e-01 -4.103471910579826742e-01 -4.505576428535559147e-02
-9.046360822809266233e-01 -4.237889037664481773e-01 -4.512828764583817071e-02
-8.982449120352037353e-01 -4.371664457597943532e-01 -4.518423821720487371e-02
-8.916447549277487505e-01 -4.504713621711930460e-01 -4.522412586230725035e-02
-8.848384739717090053e-01 -4.636954676101120998e-01 -4.524850259611466058e-02
-8.778291875572772351e-01 -4.768308644354881665e-01 -4.525795933671512838e-02
-8.706202484103854333e-01 -4.898699589111349950e-01 -4.525312252798597418e-02
-8.632452695527277342e-01 -5.027626090399157643e-01 -4.513759185671775698e-02
-8.557249002196227750e-01 -5.154780611181303263e-01 -4.491438796811061257e-02
-8.480809231763754008e-01 -5.279875122620046879e-01 -4.458669262915609249e-02
-8.403361056428089171e-01 -5.402641527356372153e-01 -4.415782204512827547e-02
-8.325140459882032218e-01 -5.522831881697314316e-01 -4.363120001841019890e-02
-8.246390187223726631e-01 -5.640218421331631982e-01 -4.301033126801240974e-02
-8.167358201457752820e-01 -5.754593398130789517e-01 -4.229877520954714726e-02
-8.088296168193798152e-01 -5.865768738165596519e-01 -4.150012047160459711e-02
-8.009457987819454949e-01 -5.973575533235441215e-01 -4.061796039654146095e-02
-7.931098391870091691e-01 -6.077863379940831035e-01 -3.965586974277728743e-02
-7.853471617626797130e-01 -6.178499581622081127e-01 -3.861738277292864341e-02
-7.776830172223188065e-01 -6.275368229343992743e-01 -3.750597287856891060e-02
-7.701423694806264209e-01 -6.368369178548262122e-01 -3.632503385906808019e-02
-7.627497922639505656e-01 -6.457416938053414102e-01 -3.507786293971337788e-02
-7.555293764511844534e-01 -6.542439487795975728e-01 -3.376764558387707754e-02
-7.485046482466951590e-01 -6.623377041122427977e-01 -3.239744212598030804e-02
-7.416984980725539467e-01 -6.700180766608671012e-01 -3.097017622685578619e-02
-7.351331198760633345e-01 -6.772811483353521345e-01 -2.948862513115270770e-02
-7.288299603813757077e-01 -6.841238342515646442e-01 -2.795541168783859109e-02
-7.228096776711711025e-01 -6.905437506588071317e-01 -2.637299807970327342e-02
-7.170921083654651085e-01 -6.965390836576202949e-01 -2.474368119602459587e-02
-7.116962425685754434e-01 -7.021084595905496828e-01 -2.306958957409426317e-02
-7.066402056805474174e-01 -7.072508178569816284e-01 -2.135268182993779740e-02
-7.019412461140156489e-01 -7.119652867772757743e-01 -1.959474649605456170e-02
-6.976157279194432626e-01 -7.162510630138064771e-01 -1.779740318407626795e-02
-6.936791272986954082e-01 -7.201072949493405595e-01 -1.596210499259546542e-02
-6.901460319767134255e-01 -7.235329703281271341e-01 -1.409014208473811924e-02
-6.870301424015018421e-01 -7.265268083834585111e-01 -1.218264636603264700e-02
-6.843442737516751695e-01 -7.290871566082264277e-01 -1.024059720045252322e-02
-6.821003577466296930e-01 -7.312118922727935955e-01 -8.264828110881155057e-03
-6.803094432754195342e-01 -7.328983287577230943e-01 -6.256034419378227185e-03
-6.789816948853474310e-01 -7.341431267477733780e-01 -4.214781792242005415e-03
-6.781263881991552722e-01 -7.349422103281203489e-01 -2.141515664699726335e-03
-6.777519013598761743e-01 -7.352906880339689089e-01 -3.657152986674856721e-05
-6.778657016346051334e-01 -7.351827789304281602e-01 2.099813913850409261e-03
-6.784743263427315263e-01 -7.346117438405486144e-01 4.267490753713359605e-03
-6.795833573110005021e-01 -7.335698218955211125e-01 6.466382980520804860e-03
-6.811973880979541596e-01 -7.320481726518994758e-01 8.696474714686666663e-03
-6.833199832750587177e-01 -7.300368241059698171e-01 1.095779551585396826e-02
-6.859536291027461541e-01 -7.275246270345614441e-01 1.325040474695527055e-02
-6.890996749986678660e-01 -7.244992162040543304e-01 1.557437496107669586e-02
-6.927582652650519091e-01 -7.209469791142537609e-01 1.792977427912313335e-02
-6.969282606249022072e-01 -7.168530330800542139e-01 2.031664772847897871e-02
-7.016071492159807743e-01 -7.122012115999165616e-01 2.273499751800513863e-02
-7.067909468104721649e-01 -7.069740611141593911e-01 2.518476223323203381e-02
-7.124740861706054806e-01 -7.011528494153578261e-01 2.766579494794926125e-02
-7.186492956201556703e-01 -6.947175871344398734e-01 3.017784026502271996e-02
-7.253074671125606665e-01 -6.876470638852129058e-01 3.272051032066244231e-02
-7.324375143122031639e-01 -6.799189008018405866e-01 3.529325981298040565e-02
-7.400262214797599380e-01 -6.715096213418976223e-01 3.789536014794201574e-02
-7.480343046530992801e-01 -6.624268018820271831e-01 4.044069370141337855e-02
-7.564280392680182707e-01 -6.526668221766200872e-01 4.292644055798732622e-02
-7.651720215508491796e-01 -6.422267853607703803e-01 4.534944813240672501e-02
-7.742292217812862809e-01 -6.311047980494195464e-01 4.770623724083563472e-02
-7.835610588960225664e-01 -6.193002543409850125e-01 4.999301190142584062e-02
-7.931274989277090626e-01 -6.068141211949734659e-01 5.220567308383061711e-02
-8.028871794677115981e-01 -5.936492222031246602e-01 5.433983659794605625e-02
-8.127975619490755976e-01 -5.798105163324637212e-01 5.639085527026296840e-02
-8.228151130638472477e-01 -5.653053678043428176e-01 5.835384550134701392e-02
-8.328955160554942783e-01 -5.501438029061463952e-01 6.022371823012478281e-02
-8.429939119655807112e-01 -5.343387492332115629e-01 6.199521425035717237e-02
-8.530651701715775692e-01 -5.179062526496580610e-01 6.366294373305303456e-02
-8.630641867422327307e-01 -5.008656671598055166e-01 6.522142970740281431e-02
-8.729462082760036656e-01 -4.832398129166620704e-01 6.666515514457663216e-02
-8.826671779996012601e-01 -4.650550977776811146e-01 6.798861317660090386e-02
-8.921841000154319135e-01 -4.463415981633815921e-01 6.918635987030433143e-02
-9.014554167304218435e-01 -4.271330954886407572e-01 7.025306886833662667e-02
-9.104413937090239939e-01 -4.074670651197397353e-01 7.118358711021621765e-02
-9.191045055061419777e-01 -3.873846156549522468e-01 7.197299076112780025e-02
-9.274098154867894683e-01 -3.669303773165278892e-01 7.261664040956149202e-02
-9.353253422614860035e-01 -3.461523393526414472e-01 7.311023455130088999e-02
-9.428224051879242618e-01 -3.251016375463879338e-01 7.344986036052381095e-02
-9.498759414317492489e-01 -3.038322941751536166e-01 7.363204076174946489e-02
-9.564647873551115342e-01 -2.824009140120781747e-01 7.365377686075046115e-02
-9.625719175136029371e-01 -2.608663411627895057e-01 7.351258486868286757e-02
-9.681846352818227475e-01 -2.392892826351855351e-01 7.320652676042305185e-02
-9.732947100754826275e-01 -2.177319054996824932e-01 7.273423404277436222e-02
-9.778984572632496430e-01 -1.962574152686741014e-01 7.209492416671522963e-02
-9.819967581246284993e-01 -1.749296236709496910e-01 7.128840929482803401e-02
-9.855950185638167049e-01 -1.538125142931171252e-01 7.031509732409160773e-02
-9.887030666814391466e-01 -1.329698145905978401e-01 6.917598525828555500e-02
-9.913349906821644630e-01 -1.124645825327002802e-01 6.787264521600246125e-02
-9.935089199032854923e-01 -9.235881564923713316e-02 6.640720354248039192e-02
-9.952467529383131062e-01 -7.271308951147635591e-02 6.478231365945730236e-02
-9.965738378581375789e-01 -5.358623173955048835e-02 6.300112343119267100e-02
-9.975186103669336779e-01 -3.503503652168191845e-02 6.106723794204439032e-02
-9.981121963477668224e-01 -1.711402340331961633e-02 5.898467866824242539e-02
-9.983879856421185028e-01 1.247571949077631859e-04 5.675784008194279667e-02
-9.983811840679241989e-01 1.663187059389302502e-02 5.439144474892802089e-02
-9.981283506225259172e-01 3.236059677011446367e-02 5.189049797347394105e-02
-9.976669265599100722e-01 4.726698296419988565e-02 4.926024300716778936e-02
-9.970347626031716981e-01 6.130985251546328119e-02 4.650611777605583724e-02
-9.962696499864488464e-01 7.445077346039107036e-02 4.363371399634391468e-02
-9.954088603522948109e-01 8.665399129209466755e-02 4.064873944731464683e-02
-9.944886987987601179e-01 9.788633097777346692e-02 3.755698405564656533e-02
-9.935440736130132233e-01 1.081170738682605964e-01 3.436429032229614683e-02
-9.926080854806789144e-01 1.173178155103861975e-01 3.107652849558190794e-02
-9.917116382542909836e-01 1.254623105972109687e-01 2.769957676564872850e-02
-9.908830727279579476e-01 1.325263113751514732e-01 2.423930662904884986e-02
-9.901478243210819485e-01 1.384874057851327167e-01 2.070157345005804381e-02
-9.895180303014536882e-01 1.433810374555008482e-01 1.720396159170754086e-02
-9.890078705301641460e-01 1.472221385895580159e-01 1.375151896840632812e-02
-9.886277743688425268e-01 1.500268266184829058e-01 1.034916869468597428e-02
-9.883845534072255301e-01 1.518123207356137094e-01 7.001720592449219363e-03
-9.882815531484367977e-01 1.525968841765528994e-01 3.713882220713430986e-03
-9.883188219863195956e-01 1.523997904187898711e-01 4.902689679823096260e-04
-9.884932960440214744e-01 1.512413110962641249e-01 -2.664587201495162080e-03
-9.887989986420855359e-01 1.491427231019591959e-01 -5.746230702085741715e-03
-9.892272533193426920e-01 1.461263320831333590e-01 -8.750277279523984569e-03
-9.897669094351326802e-01 1.422155093176906415e-01 -1.167241120106599084e-02
-9.904045794333935504e-01 1.374347387957886857e-01 -1.450838486167495625e-02
-9.911248868468773843e-01 1.318096712182056374e-01 -1.725402092325146672e-02
-9.919107240643637580e-01 1.253671815631353936e-01 -1.990521704148101589e-02
-9.927435187786471937e-01 1.181354268674209146e-01 -2.245795317209423048e-02
-9.936035078837357482e-01 1.101439009185696816e-01 -2.490830138581785411e-02
-9.944700174035336904e-01 1.014234826620310087e-01 -2.725243805976580030e-02
-9.953217468204511587e-01 9.200647529560034010e-02 -2.948665825335382989e-02
-9.961370559415470005e-01 8.192663325014533371e-02 -3.160739202003505499e-02
-9.968942522038051202e-01 7.121917454267986947e-02 -3.361122235338827313e-02
-9.975718760916015837e-01 5.992077633220502242e-02 -3.549490441858221823e-02
-9.981489821313067612e-01 4.806955190695650498e-02 -3.725538567926994088e-02
-9.986054127530901159e-01 3.570500777800639930e-02 -3.888982649681329423e-02
-9.989220621804377753e-01 2.286798004071449730e-02 -4.039562075459977863e-02
-9.990811274344529869e-01 9.600549682377295183e-03 -4.177041604614960962e-02
-9.990663435316607943e-01 -4.054062950271929491e-03 -4.301213296256253121e-02
-9.988632000173995884e-01 -1.805162376977103092e-02 -4.411898302318286585e-02
-9.984591361158134948e-01 -3.234702936828239006e-02 -4.508948481339103420e-02
-9.978437119927405785e-01 -4.689446844934848369e-02 -4.592247792500309123e-02
-9.970087539169357749e-01 -6.164759801532881944e-02 -4.661713433731406314e-02
-9.959484714623414447e-01 -7.655973164408565179e-02 -4.717296692938526687e-02
-9.946595453106663598e-01 -9.158403684570567971e-02 -4.758983487538981372e-02
-9.931411846777489227e-01 -1.066737382263121120e-01 -4.786794574298781912e-02
-9.913951538851617507e-01 -1.217823230098253467e-01 -4.800785418781249730e-02
-9.894257681147224925e-01 -1.368637453852918906e-01 -4.801045721301815811e-02
-9.872398589015229931e-01 -1.518726261591753501e-01 -4.787698603917014961e-02
-9.848467104241521719e-01 -1.667644442973735819e-01 -4.760899470423741314e-02
-9.822579681229426374e-01 -1.814957171358753951e-01 -4.720834558386834828e-02
-9.794875216036772470e-01 -1.960241663139378476e-01 -4.667719208646983059e-02
-9.765513641526023525e-01 -2.103088668287728669e-01 -4.601795883412400368e-02
-9.734674314887077351e-01 -2.243103770131299468e-01 -4.523331968766896444e-02
-9.702554226038541119e-01 -2.379908476824919294e-01 -4.432617401133283341e-02
-9.669366056863671899e-01 -2.513141091716887821e-01 -4.329962159855757498e-02
-9.635336121882377425e-01 -2.642457354663083624e-01 -4.215693669591332599e-02
-9.600702220821332178e-01 -2.767530851176436268e-01 -4.090154156651983758e-02
-9.565711432668555503e-01 -2.888053190975390372e-01 -3.953698002875576795e-02
-9.530617879258264091e-01 -3.003733961895290183e-01 -3.806689139115449622e-02
-9.495680484316846304e-01 -3.114300469152900819e-01 -3.649498518140433662e-02
-9.461160751315387252e-01 -3.219497273531214399e-01 -3.482501703761064354e-02
