1.000000000000000000e+00 0.000000000000000000e+00 0.000000000000000000e+00
1.000000000000000000e+00 0.000000000000000000e+00 0.000000000000000000e+00
1.000000000000000000e+00 0.000000000000000000e+00 0.000000000000000000e+00
1.000000000000000000e+00 0.000000000000000000e+00 0.000000000000000000e+00
1.000000000000000000e+00 0.000000000000000000e+00 0.000000000000000000e+00
1.000000000000000000e+00 0.000000000000000000e+00 0.000000000000000000e+00
1.000000000000000000e+00 0.000000000000000000e+00 0.000000000000000000e+00
1.000000000000000000e+00 0.000000000000000000e+00 0.000000000000000000e+00
1.000000000000000000e+00 0.000000000000000000e+00 0.000000000000000000e+00
1.000000000000000000e+00 0.000000000000000000e+00 0.000000000000000000e+00
1.000000000000000000e+00 0.000000000000000000e+00 0.000000000000000000e+00
1.000000000000000000e+00 0.000000000000000000e+00 0.000000000000000000e+00
1.000000000000000000e+00 0.000000000000000000e+00 0.000000000000000000e+00
1.000000000000000000e+00 0.000000000000000000e+00 0.000000000000000000e+00
1.000000000000000000e+00 0.000000000000000000e+00 0.000000000000000000e+00
1.000000000000000000e+00 0.000000000000000000e+00 0.000000000000000000e+00
1.000000000000000000e+00 0.000000000000000000e+00 0.000000000000000000e+00
1.000000000000000000e+00 0.000000000000000000e+00 0.000000000000000000e+00
1.000000000000000000e+00 0.000000000000000000e+00 0.000000000000000000e+00
1.000000000000000000e+00 0.000000000000000000e+00 0.000000000000000000e+00
1.000000000000000000e+00 0.000000000000000000e+00 0.000000000000000000e+00
1.000000000000000000e+00 0.000000000000000000e+00 0.000000000000000000e+00
1.000000000000000000e+00 0.000000000000000000e+00 0.000000000000000000e+00
1.000000000000000000e+00 0.000000000000000000e+00 0.000000000000000000e+00
1.000000000000000000e+00 0.000000000000000000e+00 0.000000000000000000e+00
1.000000000000000000e+00 0.000000000000000000e+00 0.000000000000000000e+00
1.000000000000000000e+00 0.000000000000000000e+00 0.000000000000000000e+00
1.000000000000000000e+00 0.000000000000000000e+00 0.000000000000000000e+00
1.000000000000000000e+00 0.000000000000000000e+00 0.000000000000000000e+00
1.000000000000000000e+00 0.000000000000000000e+00 0.000000000000000000e+00
1.000000000000000000e+00 0.000000000000000000e+00 0.000000000000000000e+00
1.000000000000000000e+00 0.000000000000000000e+00 0.000000000000000000e+00
1.000000000000000000e+00 0.000000000000000000e+00 0.000000000000000000e+00
1.000000000000000000e+00 0.000000000000000000e+00 0.000000000000000000e+00
1.000000000000000000e+00 0.000000000000000000e+00 0.000000000000000000e+00
1.000000000000000000e+00 0.000000000000000000e+00 0.000000000000000000e+00
1.000000000000000000e+00 0.000000000000000000e+00 0.000000000000000000e+00
1.000000000000000000e+00 0.000000000000000000e+00 0.000000000000000000e+00
1.000000000000000000e+00 0.000000000000000000e+00 0.000000000000000000e+00
1.000000000000000000e+00 0.000000000000000000e+00 0.000000000000000000e+00
1.000000000000000000e+00 0.000000000000000000e+00 0.000000000000000000e+00
1.000000000000000000e+00 0.000000000000000000e+00 0.000000000000000000e+00
1.000000000000000000e+00 0.000000000000000000e+00 0.000000000000000000e+00
1.000000000000000000e+00 0.000000000000000000e+00 0.000000000000000000e+00
1.000000000000000000e+00 0.000000000000000000e+00 0.000000000000000000e+00
1.000000000000000000e+00 0.000000000000000000e+00 0.000000000000000000e+00
1.000000000000000000e+00 0.000000000000000000e+00 0.000000000000000000e+00
1.000000000000000000e+00 0.000000000000000000e+00 0.000000000000000000e+00
1.000000000000000000e+00 0.000000000000000000e+00 0.000000000000000000e+00
1.000000000000000000e+00 0.000000000000000000e+00 0.000000000000000000e+00
1.000000000000000000e+00 0.000000000000000000e+00 0.000000000000000000e+00
1.000000000000000000e+00 0.000000000000000000e+00 0.000000000000000000e+00
1.000000000000000000e+00 0.000000000000000000e+00 0.000000000000000000e+00
1.000000000000000000e+00 0.000000000000000000e+00 0.000000000000000000e+00
1.000000000000000000e+00 0.000000000000000000e+00 0.000000000000000000e+00
1.000000000000000000e+00 0.000000000000000000e+00 0.000000000000000000e+00
1.000000000000000000e+00 0.000000000000000000e+00 0.000000000000000000e+00
1.000000000000000000e+00 0.000000000000000000e+00 0.000000000000000000e+00
1.000000000000000000e+00 0.000000000000000000e+00 0.000000000000000000e+00
1.000000000000000000e+00 0.000000000000000000e+00 0.000000000000000000e+00
1.000000000000000000e+00 0.000000000000000000e+00 0.000000000000000000e+00
1.000000000000000000e+00 0.000000000000000000e+00 0.000000000000000000e+00
1.000000000000000000e+00 0.000000000000000000e+00 0.000000000000000000e+00
1.000000000000000000e+00 0.000000000000000000e+00 0.000000000000000000e+00
1.000000000000000000e+00 0.000000000000000000e+00 0.000000000000000000e+00
1.000000000000000000e+00 0.000000000000000000e+00 0.000000000000000000e+00
1.000000000000000000e+00 0.000000000000000000e+00 0.000000000000000000e+00
1.000000000000000000e+00 0.000000000000000000e+00 0.000000000000000000e+00
1.000000000000000000e+00 0.000000000000000000e+00 0.000000000000000000e+00
1.000000000000000000e+00 0.000000000000000000e+00 0.000000000000000000e+00
1.000000000000000000e+00 0.000000000000000000e+00 0.000000000000000000e+00
1.000000000000000000e+00 0.000000000000000000e+00 0.000000000000000000e+00
1.000000000000000000e+00 0.000000000000000000e+00 0.000000000000000000e+00
1.000000000000000000e+00 0.000000000000000000e+00 0.000000000000000000e+00
1.000000000000000000e+00 0.000000000000000000e+00 0.000000000000000000e+00
1.000000000000000000e+00 0.000000000000000000e+00 0.000000000000000000e+00
1.000000000000000000e+00 0.000000000000000000e+00 0.000000000000000000e+00
1.000000000000000000e+00 0.000000000000000000e+00 0.000000000000000000e+00
1.000000000000000000e+00 0.000000000000000000e+00 0.000000000000000000e+00
1.000000000000000000e+00 0.000000000000000000e+00 0.000000000000000000e+00
1.000000000000000000e+00 0.000000000000000000e+00 0.000000000000000000e+00
1.000000000000000000e+00 0.000000000000000000e+00 0.000000000000000000e+00
1.000000000000000000e+00 0.000000000000000000e+00 0.000000000000000000e+00
1.000000000000000000e+00 0.000000000000000000e+00 0.000000000000000000e+00
1.000000000000000000e+00 0.000000000000000000e+00 0.000000000000000000e+00
1.000000000000000000e+00 0.000000000000000000e+00 0.000000000000000000e+00
1.000000000000000000e+00 0.000000000000000000e+00 0.000000000000000000e+00
1.000000000000000000e+00 0.000000000000000000e+00 0.000000000000000000e+00
1.000000000000000000e+00 0.000000000000000000e+00 0.000000000000000000e+00
1.000000000000000000e+00 0.000000000000000000e+00 0.000000000000000000e+00
1.000000000000000000e+00 0.000000000000000000e+00 0.000000000000000000e+00
1.000000000000000000e+00 0.000000000000000000e+00 0.000000000000000000e+00
1.000000000000000000e+00 0.000000000000000000e+00 0.000000000000000000e+00
1.000000000000000000e+00 0.000000000000000000e+00 0.000000000000000000e+00
1.000000000000000000e+00 0.000000000000000000e+00 0.000000000000000000e+00
1.000000000000000000e+00 0.000000000000000000e+00 0.000000000000000000e+00
1.000000000000000000e+00 0.000000000000000000e+00 0.000000000000000000e+00
1.000000000000000000e+00 0.000000000000000000e+00 0.000000000000000000e+00
1.000000000000000000e+00 0.000000000000000000e+00 0.000000000000000000e+00
1.000000000000000000e+00 0.000000000000000000e+00 0.000000000000000000e+00
1.000000000000000000e+00 0.000000000000000000e+00 0.000000000000000000e+00
1.000000000000000000e+00 0.000000000000000000e+00 0.000000000000000000e+00
1.000000000000000000e+00 0.000000000000000000e+00 0.000000000000000000e+00
1.000000000000000000e+00 0.000000000000000000e+00 0.000000000000000000e+00
1.000000000000000000e+00 0.000000000000000000e+00 0.000000000000000000e+00
1.000000000000000000e+00 0.000000000000000000e+00 0.000000000000000000e+00
1.000000000000000000e+00 0.000000000000000000e+00 0.000000000000000000e+00
1.000000000000000000e+00 0.000000000000000000e+00 0.000000000000000000e+00
1.000000000000000000e+00 0.000000000000000000e+00 0.000000000000000000e+00
1.000000000000000000e+00 0.000000000000000000e+00 0.000000000000000000e+00
1.000000000000000000e+00 0.000000000000000000e+00 0.000000000000000000e+00
1.000000000000000000e+00 0.000000000000000000e+00 0.000000000000000000e+00
1.000000000000000000e+00 0.000000000000000000e+00 0.000000000000000000e+00
1.000000000000000000e+00 0.000000000000000000e+00 0.000000000000000000e+00
1.000000000000000000e+00 0.000000000000000000e+00 0.000000000000000000e+00
1.000000000000000000e+00 0.000000000000000000e+00 0.000000000000000000e+00
1.000000000000000000e+00 0.000000000000000000e+00 0.000000000000000000e+00
1.000000000000000000e+00 0.000000000000000000e+00 0.000000000000000000e+00
1.000000000000000000e+00 0.000000000000000000e+00 0.000000000000000000e+00
1.000000000000000000e+00 0.000000000000000000e+00 0.000000000000000000e+00
1.000000000000000000e+00 0.000000000000000000e+00 0.000000000000000000e+00
1.000000000000000000e+00 0.000000000000000000e+00 0.000000000000000000e+00
1.000000000000000000e+00 0.000000000000000000e+00 0.000000000000000000e+00
1.000000000000000000e+00 0.000000000000000000e+00 0.000000000000000000e+00
1.000000000000000000e+00 0.000000000000000000e+00 0.000000000000000000e+00
1.000000000000000000e+00 0.000000000000000000e+00 0.000000000000000000e+00
1.000000000000000000e+00 0.000000000000000000e+00 0.000000000000000000e+00
1.000000000000000000e+00 0.000000000000000000e+00 0.000000000000000000e+00
1.000000000000000000e+00 0.000000000000000000e+00 0.000000000000000000e+00
1.000000000000000000e+00 0.000000000000000000e+00 0.000000000000000000e+00
1.000000000000000000e+00 0.000000000000000000e+00 0.000000000000000000e+00
1.000000000000000000e+00 0.000000000000000000e+00 0.000000000000000000e+00
1.000000000000000000e+00 0.000000000000000000e+00 0.000000000000000000e+00
1.000000000000000000e+00 0.000000000000000000e+00 0.000000000000000000e+00
1.000000000000000000e+00 0.000000000000000000e+00 0.000000000000000000e+00
1.000000000000000000e+00 0.000000000000000000e+00 0.000000000000000000e+00
1.000000000000000000e+00 0.000000000000000000e+00 0.000000000000000000e+00
1.000000000000000000e+00 0.000000000000000000e+00 0.000000000000000000e+00
1.000000000000000000e+00 0.000000000000000000e+00 0.000000000000000000e+00
1.000000000000000000e+00 0.000000000000000000e+00 0.000000000000000000e+00
1.000000000000000000e+00 0.000000000000000000e+00 0.000000000000000000e+00
1.000000000000000000e+00 0.000000000000000000e+00 0.000000000000000000e+00
1.000000000000000000e+00 0.000000000000000000e+00 0.000000000000000000e+00
1.000000000000000000e+00 0.000000000000000000e+00 0.000000000000000000e+00
1.000000000000000000e+00 0.000000000000000000e+00 0.000000000000000000e+00
1.000000000000000000e+00 0.000000000000000000e+00 0.000000000000000000e+00
1.000000000000000000e+00 0.000000000000000000e+00 0.000000000000000000e+00
1.000000000000000000e+00 0.000000000000000000e+00 0.000000000000000000e+00
1.000000000000000000e+00 0.000000000000000000e+00 0.000000000000000000e+00
1.000000000000000000e+00 0.000000000000000000e+00 0.000000000000000000e+00
1.000000000000000000e+00 0.000000000000000000e+00 0.000000000000000000e+00
1.000000000000000000e+00 0.000000000000000000e+00 0.000000000000000000e+00
1.000000000000000000e+00 0.000000000000000000e+00 0.000000000000000000e+00
1.000000000000000000e+00 0.000000000000000000e+00 0.000000000000000000e+00
1.000000000000000000e+00 0.000000000000000000e+00 0.000000000000000000e+00
1.000000000000000000e+00 0.000000000000000000e+00 0.000000000000000000e+00
1.000000000000000000e+00 0.000000000000000000e+00 0.000000000000000000e+00
1.000000000000000000e+00 0.000000000000000000e+00 0.000000000000000000e+00
1.000000000000000000e+00 0.000000000000000000e+00 0.000000000000000000e+00
1.000000000000000000e+00 0.000000000000000000e+00 0.000000000000000000e+00
1.000000000000000000e+00 0.000000000000000000e+00 0.000000000000000000e+00
1.000000000000000000e+00 0.000000000000000000e+00 0.000000000000000000e+00
1.000000000000000000e+00 0.000000000000000000e+00 0.000000000000000000e+00
1.000000000000000000e+00 0.000000000000000000e+00 0.000000000000000000e+00
1.000000000000000000e+00 0.000000000000000000e+00 0.000000000000000000e+00
1.000000000000000000e+00 0.000000000000000000e+00 0.000000000000000000e+00
1.000000000000000000e+00 0.000000000000000000e+00 0.000000000000000000e+00
1.000000000000000000e+00 0.000000000000000000e+00 0.000000000000000000e+00
1.000000000000000000e+00 0.000000000000000000e+00 0.000000000000000000e+00
1.000000000000000000e+00 0.000000000000000000e+00 0.000000000000000000e+00
1.000000000000000000e+00 0.000000000000000000e+00 0.000000000000000000e+00
1.000000000000000000e+00 0.000000000000000000e+00 0.000000000000000000e+00
1.000000000000000000e+00 0.000000000000000000e+00 0.000000000000000000e+00
1.000000000000000000e+00 0.000000000000000000e+00 0.000000000000000000e+00
1.000000000000000000e+00 0.000000000000000000e+00 0.000000000000000000e+00
1.000000000000000000e+00 0.000000000000000000e+00 0.000000000000000000e+00
1.000000000000000000e+00 0.000000000000000000e+00 0.000000000000000000e+00
1.000000000000000000e+00 0.000000000000000000e+00 0.000000000000000000e+00
1.000000000000000000e+00 0.000000000000000000e+00 0.000000000000000000e+00
1.000000000000000000e+00 0.000000000000000000e+00 0.000000000000000000e+00
1.000000000000000000e+00 0.000000000000000000e+00 0.000000000000000000e+00
1.000000000000000000e+00 0.000000000000000000e+00 0.000000000000000000e+00
1.000000000000000000e+00 0.000000000000000000e+00 0.000000000000000000e+00
1.000000000000000000e+00 0.000000000000000000e+00 0.000000000000000000e+00
1.000000000000000000e+00 0.000000000000000000e+00 0.000000000000000000e+00
1.000000000000000000e+00 0.000000000000000000e+00 0.000000000000000000e+00
1.000000000000000000e+00 0.000000000000000000e+00 0.000000000000000000e+00
1.000000000000000000e+00 0.000000000000000000e+00 0.000000000000000000e+00
1.000000000000000000e+00 0.000000000000000000e+00 0.000000000000000000e+00
1.000000000000000000e+00 0.000000000000000000e+00 0.000000000000000000e+00
1.000000000000000000e+00 0.000000000000000000e+00 0.000000000000000000e+00
1.000000000000000000e+00 0.000000000000000000e+00 0.000000000000000000e+00
1.000000000000000000e+00 0.000000000000000000e+00 0.000000000000000000e+00
1.000000000000000000e+00 0.000000000000000000e+00 0.000000000000000000e+00
1.000000000000000000e+00 0.000000000000000000e+00 0.000000000000000000e+00
1.000000000000000000e+00 0.000000000000000000e+00 0.000000000000000000e+00
1.000000000000000000e+00 0.000000000000000000e+00 0.000000000000000000e+00
1.000000000000000000e+00 0.000000000000000000e+00 0.000000000000000000e+00
1.000000000000000000e+00 0.000000000000000000e+00 0.000000000000000000e+00
1.000000000000000000e+00 0.000000000000000000e+00 0.000000000000000000e+00
1.000000000000000000e+00 0.000000000000000000e+00 0.000000000000000000e+00
1.000000000000000000e+00 0.000000000000000000e+00 0.000000000000000000e+00
1.000000000000000000e+00 0.000000000000000000e+00 0.000000000000000000e+00
1.000000000000000000e+00 0.000000000000000000e+00 0.000000000000000000e+00
1.000000000000000000e+00 0.000000000000000000e+00 0.000000000000000000e+00
1.000000000000000000e+00 0.000000000000000000e+00 0.000000000000000000e+00
1.000000000000000000e+00 0.000000000000000000e+00 0.000000000000000000e+00
1.000000000000000000e+00 0.000000000000000000e+00 0.000000000000000000e+00
1.000000000000000000e+00 0.000000000000000000e+00 0.000000000000000000e+00
1.000000000000000000e+00 0.000000000000000000e+00 0.000000000000000000e+00
1.000000000000000000e+00 0.000000000000000000e+00 0.000000000000000000e+00
1.000000000000000000e+00 0.000000000000000000e+00 0.000000000000000000e+00
1.000000000000000000e+00 0.000000000000000000e+00 0.000000000000000000e+00
1.000000000000000000e+00 0.000000000000000000e+00 0.000000000000000000e+00
1.000000000000000000e+00 0.000000000000000000e+00 0.000000000000000000e+00
1.000000000000000000e+00 0.000000000000000000e+00 0.000000000000000000e+00
1.000000000000000000e+00 0.000000000000000000e+00 0.000000000000000000e+00
1.000000000000000000e+00 0.000000000000000000e+00 0.000000000000000000e+00
1.000000000000000000e+00 0.000000000000000000e+00 0.000000000000000000e+00
1.000000000000000000e+00 0.000000000000000000e+00 0.000000000000000000e+00
1.000000000000000000e+00 0.000000000000000000e+00 0.000000000000000000e+00
1.000000000000000000e+00 0.000000000000000000e+00 0.000000000000000000e+00
1.000000000000000000e+00 0.000000000000000000e+00 0.000000000000000000e+00
1.000000000000000000e+00 0.000000000000000000e+00 0.000000000000000000e+00
1.000000000000000000e+00 0.000000000000000000e+00 0.000000000000000000e+00
1.000000000000000000e+00 0.000000000000000000e+00 0.000000000000000000e+00
1.000000000000000000e+00 0.000000000000000000e+00 0.000000000000000000e+00
1.000000000000000000e+00 0.000000000000000000e+00 0.000000000000000000e+00
1.000000000000000000e+00 0.000000000000000000e+00 0.000000000000000000e+00
1.000000000000000000e+00 0.000000000000000000e+00 0.000000000000000000e+00
1.000000000000000000e+00 0.000000000000000000e+00 0.000000000000000000e+00
1.000000000000000000e+00 0.000000000000000000e+00 0.000000000000000000e+00
1.000000000000000000e+00 0.000000000000000000e+00 0.000000000000000000e+00
1.000000000000000000e+00 0.000000000000000000e+00 0.000000000000000000e+00
1.000000000000000000e+00 0.000000000000000000e+00 0.000000000000000000e+00
1.000000000000000000e+00 0.000000000000000000e+00 0.000000000000000000e+00
1.000000000000000000e+00 0.000000000000000000e+00 0.000000000000000000e+00
1.000000000000000000e+00 0.000000000000000000e+00 0.000000000000000000e+00
1.000000000000000000e+00 0.000000000000000000e+00 0.000000000000000000e+00
1.000000000000000000e+00 0.000000000000000000e+00 0.000000000000000000e+00
1.000000000000000000e+00 0.000000000000000000e+00 0.000000000000000000e+00
1.000000000000000000e+00 0.000000000000000000e+00 0.000000000000000000e+00
1.000000000000000000e+00 0.000000000000000000e+00 0.000000000000000000e+00
1.000000000000000000e+00 0.000000000000000000e+00 0.000000000000000000e+00
1.000000000000000000e+00 0.000000000000000000e+00 0.000000000000000000e+00
1.000000000000000000e+00 0.000000000000000000e+00 0.000000000000000000e+00
1.000000000000000000e+00 0.000000000000000000e+00 0.000000000000000000e+00
1.000000000000000000e+00 0.000000000000000000e+00 0.000000000000000000e+00
1.000000000000000000e+00 0.000000000000000000e+00 0.000000000000000000e+00
1.000000000000000000e+00 0.000000000000000000e+00 0.000000000000000000e+00
1.000000000000000000e+00 0.000000000000000000e+00 0.000000000000000000e+00
1.000000000000000000e+00 0.000000000000000000e+00 0.000000000000000000e+00
9.999999979933454908e-01 2.867767976672029603e-05 -5.648861567018396133e-05
9.999999803434886925e-01 1.035476670434492879e-04 -1.690895136094991218e-04
9.999999138233645057e-01 2.419921714952224655e-04 -3.373339168545680064e-04
9.999997364628707697e-01 4.612323824986219734e-04 -5.606616650166853328e-04
9.999993456507245693e-01 7.783001991198586211e-04 -8.384224108814136538e-04
9.999985836351209523e-01 1.210010317673771481e-03 -1.169876946111255128e-03
9.999972205918857826e-01 1.772932693696783893e-03 -1.554198647944733799e-03
9.999949354517416733e-01 2.483365385624857966e-03 -1.990475038283007203e-03
9.999912946997741026e-01 3.357307777251370383e-03 -2.477709446323446765e-03
9.999857293801054370e-01 4.410434165485615197e-03 -3.014822765957533412e-03
9.999775105570819500e-01 5.658067689397069076e-03 -3.600655299509984003e-03
9.999657235008944101e-01 7.115154566383894916e-03 -4.233968680061999182e-03
9.999492408804472321e-01 8.796238591922703187e-03 -4.913447865571103981e-03
9.999266952594372260e-01 1.071543585111515810e-02 -5.637703199262811098e-03
9.998964512029752116e-01 1.288640958351129628e-02 -6.405272532307232196e-03
9.998565773116681044e-01 1.532234513780878979e-02 -7.214623406581291074e-03
9.998048185078552974e-01 1.803592495032714516e-02 -8.064155297321637730e-03
9.997385689046315305e-01 2.103930348093064479e-02 -8.952201917655040406e-03
9.996548455923525145e-01 2.434408204258021319e-02 -9.877033589305967212e-03
9.995502636794556528e-01 2.796128346614451532e-02 -1.083685968617317114e-02
9.994210129245552077e-01 3.190132655065555656e-02 -1.182983115988112989e-02
9.992628362947963971e-01 3.617400026095792670e-02 -1.285404315878636676e-02
9.990710107812453833e-01 4.078843764971436942e-02 -1.390753775418723283e-02
9.988403307955081578e-01 4.575308949896696870e-02 -1.498830678958050153e-02
9.985650944626307535e-01 5.107569769781132585e-02 -1.609429487065875894e-02
9.982390931134434986e-01 5.676326839704352867e-02 -1.722340251527841939e-02
9.978556042646625768e-01 6.282204500862598184e-02 -1.837348948377927338e-02
9.974073883570236942e-01 6.925748114714601333e-02 -1.954237831073490916e-02
9.968866895002860273e-01 7.607421364168109879e-02 -2.072785805939501499e-02
9.962852404488851121e-01 8.327603577912429111e-02 -2.192768831968690962e-02
9.955942720031520921e-01 9.086587097346512931e-02 -2.313960346962328982e-02
9.948045269981989902e-01 9.884574708909003860e-02 -2.436131721827384036e-02
9.939062790056977237e-01 1.072167716791137537e-01 -2.559052744606908625e-02
9.928893558328261149e-01 1.159791084312671444e-01 -2.682492135509769934e-02
9.917431678576698051e-01 1.251319551430854216e-01 -2.806218093823043339e-02
9.904567411915143893e-01 1.346735235741641779e-01 -2.929998877136876650e-02
9.890187556060028307e-01 1.446010215451639935e-01 -3.053603412790635921e-02
9.874175871074679645e-01 1.549106376701358534e-01 -3.176801940865835172e-02
9.856413549824107889e-01 1.655975291197255839e-01 -3.299366687412926685e-02
9.836779730777522879e-01 1.766558128170711839e-01 -3.421072565914795582e-02
9.815152050179566379e-01 1.880785604649884701e-01 -3.541697904271059322e-02
9.791407229993543959e-01 1.998577977917216641e-01 -3.661025193847329551e-02
9.765421697410623381e-01 2.119845083826339405e-01 -3.778841856387445824e-02
9.737072231129866307e-01 2.244486424364193489e-01 -3.894941023850969491e-02
9.706236629057779508e-01 2.372391307466229227e-01 -4.009122325530604936e-02
9.672794391566068573e-01 2.503439041625740713e-01 -4.121192676143299594e-02
9.636627413995909608e-01 2.637499187286231339e-01 -4.230967057993294256e-02
9.597620681719604141e-01 2.774431866374262867e-01 -4.338269289793989653e-02
9.555662960778571469e-01 2.914088130628078588e-01 -4.442932774325796669e-02
9.510647476921841870e-01 3.056310388615477436e-01 -4.544801216815480549e-02
9.462585753852429393e-01 3.200675580850056989e-01 -4.638399625574182034e-02
9.411449516667332871e-01 3.346862153967484210e-01 -4.723691136249975192e-02
9.357225295467317405e-01 3.494548882741723150e-01 -4.800664155982850567e-02
9.299914750894413551e-01 3.643416332213746944e-01 -4.869332256531957309e-02
9.239534837459114636e-01 3.793148317109368284e-01 -4.929733882236082138e-02
9.176117805305349373e-01 3.943433341367028611e-01 -4.981931873169509473e-02
9.109711043590064117e-01 4.093966000766709468e-01 -5.026012807052539916e-02
9.040376771095466335e-01 4.244448332202820362e-01 -5.062086166585272329e-02
8.968191581984858995e-01 4.394591094056997660e-01 -5.090283341811080442e-02
8.893245856701810226e-01 4.544114963369978999e-01 -5.110756479805993180e-02
8.815643049848875812e-01 4.692751637043998669e-01 -5.123677196365141601e-02
8.735498868426764263e-01 4.840244826079414531e-01 -5.129235166362978299e-02
8.652940355038553077e-01 4.986351133806588565e-01 -5.127636611059121358e-02
8.568104891548018465e-01 5.130840811157844072e-01 -5.119102701780195441e-02
8.481139139219211476e-01 5.273498384174893916e-01 -5.103867900118607553e-02
8.392197931559791657e-01 5.414123151105741938e-01 -5.082178255055078836e-02
8.301443135957153885e-01 5.552529548556165429e-01 -5.054289677249745177e-02
8.209042499756838973e-01 5.688547388173832431e-01 -5.020466210185688116e-02
8.115168495717504094e-01 5.822021967213774074e-01 -4.980978316927849037e-02
8.019997180822048266e-01 5.952814058025603927e-01 -4.936101200026506153e-02
7.923707081270858765e-01 6.080799782987119650e-01 -4.886113170600484695e-02
7.826478115173362005e-01 6.205870382665725771e-01 -4.831294080937031249e-02
7.728490563031672478e-01 6.327931886006878948e-01 -4.771923833099810802e-02
7.629924094617904773e-01 6.446904692123802683e-01 -4.708280974099813415e-02
7.530956859325104169e-01 6.562723073798670814e-01 -4.640641386209217595e-02
7.431764645558006643e-01 6.675334613112244853e-01 -4.569277079034400613e-02
7.332520113257067207e-01 6.784699579711821471e-01 -4.494455088054677416e-02
7.233392102245608246e-01 6.890790262125799925e-01 -4.416436482515261747e-02
7.134545017778918252e-01 6.993590262259612444e-01 -4.335475483866885194e-02
7.036138293473601646e-01 7.093093762786728540e-01 -4.251818694394198656e-02
6.938325930718540757e-01 7.189304776605215386e-01 -4.165704434287587771e-02
6.841256112723620442e-01 7.282236386890368340e-01 -4.077362184199029294e-02
6.745070890552663512e-01 7.371909985561801992e-01 -3.987012129287107604e-02
6.649905937812862211e-01 7.458354517222366420e-01 -3.894864799899028923e-02
6.555890370130776912e-01 7.541605734837618646e-01 -3.801120803353923855e-02
6.463146625128759482e-01 7.621705472627530176e-01 -3.705970640773698088e-02
6.371790398316989901e-01 7.698700940853159258e-01 -3.609594602544172193e-02
6.281930630125388548e-01 7.772644046414429742e-01 -3.512162735767187377e-02
6.193669539205546304e-01 7.843590742442339003e-01 -3.413834876969203125e-02
6.107102697123867330e-01 7.911600409379070387e-01 -3.314760743348461880e-02
6.022319139631748808e-01 7.976735269399328754e-01 -3.215080075955497468e-02
5.939401509825098513e-01 8.039059835440416357e-01 -3.114922828395337920e-02
5.858426228682804826e-01 8.098640395579930207e-01 -3.014409394899477540e-02
5.779463688691319767e-01 8.155544533029521759e-01 -2.913650871927715713e-02
5.702578466510652699e-01 8.209840681600769630e-01 -2.812749347811468320e-02
5.627829550906983114e-01 8.261597716143292969e-01 -2.711798215329585399e-02
5.555270582460964945e-01 8.310884577153566655e-01 -2.610882502504731015e-02
5.484950101851774340e-01 8.357769928502336576e-01 -2.510079217314008931e-02
5.416911803809157933e-01 8.402321847025584489e-01 -2.409457702414018188e-02
5.351194794114286779e-01 8.444607542564706026e-01 -2.309079996381463093e-02
5.287975340882192787e-01 8.484612649497632608e-01 -2.206031749779108903e-02
5.227359578263608419e-01 8.522358485271623874e-01 -2.100439689845798666e-02
5.169448902882909369e-01 8.557867812063096880e-01 -1.992419013319732951e-02
5.114340163606821976e-01 8.591164267698331303e-01 -1.882073401409010971e-02
5.062125870473558331e-01 8.622271819725423336e-01 -1.769495073847669048e-02
5.012894419195765838e-01 8.651214242381126684e-01 -1.654764877637573614e-02
4.966730327766052944e-01 8.678014615839489965e-01 -1.537952406391395951e-02
4.923714481821657163e-01 8.702694846815997032e-01 -1.419116146539725967e-02
4.883924385558444659e-01 8.725275209330187742e-01 -1.298303647039389386e-02
4.847434415118160311e-01 8.745773904199638515e-01 -1.175551709614373018e-02
4.814316071501412719e-01 8.764206635646938359e-01 -1.050886596970558411e-02
4.784638230177691298e-01 8.780586203246684152e-01 -9.243242568467500975e-03
4.758467384668770284e-01 8.794922107319477211e-01 -7.958705601942228647e-03
4.735867881469669194e-01 8.807220165792382094e-01 -6.655215522129558255e-03
4.716902143738936903e-01 8.817482140488459574e-01 -5.332637154134198774e-03
4.701630881234926118e-01 8.825705370780259074e-01 -3.990742443174396734e-03
4.690113283994807869e-01 8.831882412542314542e-01 -2.629213318600747817e-03
4.682407197246687969e-01 8.836000680364967108e-01 -1.247644680069453452e-03
4.678569275010969197e-01 8.838042091045970050e-01 1.544524844134026378e-04
4.678655109784084498e-01 8.837982706457522264e-01 1.577647834230431643e-03
4.682719335605268207e-01 8.835792373995553506e-01 3.022588246630051115e-03
4.690815701684842298e-01 8.831434362956719353e-01 4.489994198119089466e-03
4.702997113620636660e-01 8.824864995358864261e-01 5.980655928077664718e-03
4.719315639048185518e-01 8.816033269925676041e-01 7.495429350932846652e-03
4.739822474361204963e-01 8.804880478199538230e-01 9.035231678152821563e-03
4.764567868903151759e-01 8.791339812032762380e-01 1.060103670614530487e-02
4.793601002770662700e-01 8.775335962041800331e-01 1.219386972087227287e-02
4.826969814088478139e-01 8.756784706997857715e-01 1.381480196464762375e-02
4.864720771317213588e-01 8.735592494577647527e-01 1.546494460519824699e-02
4.906898585845398952e-01 8.711656014417588079e-01 1.714544214169164485e-02
4.953545859802412354e-01 8.684861765012225066e-01 1.885746517713402653e-02
5.004702663717897071e-01 8.655085616682230976e-01 2.060220248141500163e-02
5.060406038356655145e-01 8.622192373618756678e-01 2.238085226444005982e-02
5.120689414789004745e-01 8.586035338899238312e-01 2.419461257440482654e-02
5.185581946531135911e-01 8.546455887374968530e-01 2.604467073251891598e-02
5.255107747427352205e-01 8.503283052462554670e-01 2.793219171261936834e-02
5.329285028869136243e-01 8.456333134138395158e-01 2.985830537241170035e-02
5.408125129981767865e-01 8.405409336844772428e-01 3.182409244288330469e-02
5.491631434589281380e-01 8.350301447572751057e-01 3.383056918415330155e-02
5.579798169129216445e-01 8.290785566092043757e-01 3.587867062012475156e-02
5.672609076271377671e-01 8.226623901148109042e-01 3.796923227132704276e-02
5.770035959846184781e-01 8.157564648432231724e-01 4.010297031588686001e-02
5.872037097859724719e-01 8.083341968233948016e-01 4.228046012332060261e-02
5.978555521920256854e-01 8.003676082879439546e-01 4.450211312553647297e-02
6.089517163384273735e-01 7.918273516305087689e-01 4.676815201485759466e-02
6.204828869010768910e-01 7.826827500358307654e-01 4.907858429084487745e-02
6.324376291951825380e-01 7.729018574587126489e-01 5.143317421703023223e-02
6.448021667564416415e-01 7.624515408285316154e-01 5.383141329614989090e-02
6.575601487854146887e-01 7.512975875288835370e-01 5.627248942879085891e-02
6.706924093396248177e-01 7.394048413335901904e-01 5.875525498607345881e-02
6.841659851309536133e-01 7.267507796632466377e-01 6.123901009111779037e-02
6.979473061899117425e-01 7.133086834409081423e-01 6.372038322018702683e-02
7.119997437510640070e-01 6.990525891861811836e-01 6.619554240943273382e-02
7.262835161379385118e-01 6.839576308947535876e-01 6.866018358339910643e-02
7.407556242467582264e-01 6.680004105804531189e-01 7.110952283207147562e-02
7.553698223934316447e-01 6.511593957254091514e-01 7.353829339158260425e-02
7.700766304518972261e-01 6.334153408886503689e-01 7.594074810650482121e-02
7.848233932227929310e-01 6.147517296173325985e-01 7.831066815408639636e-02
7.995543927946652252e-01 5.951552316075868765e-01 8.064137878822885686e-02
8.142110192616199837e-01 5.746161688029428616e-01 8.292577280896328007e-02
8.287320045107763322e-01 5.531289828368227690e-01 8.515634237761367242e-02
8.430537228654392257e-01 5.306926949714082520e-01 8.732521967547315911e-02
8.571105611499547638e-01 5.073113485177525028e-01 8.942422674260658289e-02
8.708353592264298504e-01 4.829944227091477749e-01 9.144493463289930790e-02
8.841599202539371927e-01 4.577572062151639698e-01 9.337873178330435842e-02
8.970155878676223660e-01 4.316211180034874584e-01 9.521690122340188689e-02
9.093338852183810994e-01 4.046139631545228599e-01 9.695070595252634760e-02
9.210472084243254143e-01 3.767701115758120278e-01 9.857148149523768665e-02
9.320895645539249985e-01 3.481305884020902131e-01 1.000707343238602109e-01
9.423973418957503068e-01 3.187430662347636723e-01 1.014402445235454420e-01
9.519100980923747013e-01 2.886617512786265882e-01 1.026721707869095168e-01
9.605713498540190409e-01 2.579471578502566809e-01 1.037591555786998299e-01
9.683293465472874173e-01 2.266657686049373122e-01 1.046944281229159612e-01
9.751378090915813202e-01 1.948895810663766048e-01 1.054719027506921120e-01
9.809566153859494708e-01 1.626955445233264630e-01 1.060862701197019531e-01
9.857524139982556388e-01 1.301648949300935332e-01 1.065330788836280906e-01
9.894991491054323518e-01 9.738239894578516742e-02 1.068088055571676798e-01
9.921784816644017013e-01 6.443552149349610070e-02 1.069109105862910414e-01
9.937800944592253272e-01 3.141353404278291600e-02 1.068378789872434925e-01
9.943018719088834168e-01 -1.593416939659836329e-03 1.065892443475178059e-01
9.937499491910367633e-01 -3.449526039313876441e-02 1.061655954690695625e-01
9.921386291696917548e-01 -6.720294820662400803e-02 1.055685654557945302e-01
9.894901696200041341e-01 -9.962937829539189605e-02 1.048008035787002939e-01
9.858344471275322096e-01 -1.316902725436557287e-01 1.038659307675647292e-01
9.812085076166265907e-01 -1.633049906662519812e-01 1.027684800525968806e-01
9.756560165692939046e-01 -1.943972634422685974e-01 1.015138236919558151e-01
9.692266244999887537e-01 -2.248958317169990340e-01 1.001080890534688655e-01
9.619752650616368861e-01 -2.547349808941603011e-01 9.855806555936183488e-02
9.539614042262738458e-01 -2.838549641730929163e-01 9.687110514497722369e-02
9.452482593071942496e-01 -3.122023113502406244e-01 9.505501872594343538e-02
9.359020062071783386e-01 -3.397300234363113125e-01 9.311797111820810380e-02
9.259909922633859924e-01 -3.663976564968748351e-01 9.106837672160335295e-02
9.155849705153168427e-01 -3.921713008897856900e-01 8.891479807362215326e-02
9.047543692670998450e-01 -4.170234643654049389e-01 8.666584912167343835e-02
8.935696085768336516e-01 -4.409328692668675331e-01 8.433010476616377427e-02
8.821004729105949016e-01 -4.638841753021116232e-01 8.191601791014926914e-02
8.704155467655476652e-01 -4.858676400708721865e-01 7.943184492972950317e-02
8.585817176995547140e-01 -5.068787297564649741e-01 7.688558016664241712e-02
8.466637489897856916e-01 -5.269176921904193955e-01 7.428489975207151763e-02
8.347239221456816960e-01 -5.459891039365224463e-01 7.163711480720684477e-02
8.228389997031276826e-01 -5.640818682216319768e-01 6.890304874632750820e-02
8.110741564363644907e-01 -5.811976752329712781e-01 6.609068260625999836e-02
7.994918660831288326e-01 -5.973420880484419104e-01 6.320750660664761766e-02
7.881516530432125522e-01 -6.125239983512551500e-01 6.026048465415591998e-02
7.771099113925836743e-01 -6.267550840961552128e-01 5.725602836297372794e-02
7.664197853849981090e-01 -6.400492772154721122e-01 5.419997991152215172e-02
7.561311048953067715e-01 -6.524222479799903773e-01 5.109760296714183775e-02
7.462903688248102574e-01 -6.638909111989748091e-01 4.795358086163576533e-02
7.369407693006621018e-01 -6.744729581003358065e-01 4.477202118594431068e-02
7.281222495170212028e-01 -6.841864165084720062e-01 4.155646598653183615e-02
7.198715882435728908e-01 -6.930492408554377315e-01 3.830990678380645498e-02
7.122225043271280809e-01 -7.010789326328767945e-01 3.503480368882192636e-02
7.052057748975292251e-01 -7.082921911219003386e-01 3.173310796377235704e-02
6.988493614276169996e-01 -7.147045936238942687e-01 2.840628745006958111e-02
6.931785382610058388e-01 -7.203303039507462646e-01 2.505535437136823321e-02
6.882160186884166420e-01 -7.251818076087946929e-01 2.168089510466299913e-02
6.839820741058572073e-01 -7.292696719158182628e-01 1.828310159799592660e-02
6.804946422133101303e-01 -7.326023292128285291e-01 1.486180419637670239e-02
6.777694206024492685e-01 -7.351858813606902965e-01 1.141650571668483341e-02
6.758199424318771520e-01 -7.370239238348355038e-01 7.946416686407027988e-03
6.746576311976361096e-01 -7.381173879398926774e-01 4.450491729158458434e-03
6.742918318776344178e-01 -7.384643999516529167e-01 9.274671413210667896e-04
6.747298159663372985e-01 -7.380601563496074213e-01 -2.624100241821043528e-03
6.759767581283833149e-01 -7.368968147238641464e-01 -6.205792745974927568e-03
6.780356823969041491e-01 -7.349634004212344252e-01 -9.819289941826755616e-03
6.809073760367430062e-01 -7.322457295331422644e-01 -1.346632490318321919e-02
6.845902693992242938e-01 -7.287263494195076463e-01 -1.714863841178725784e-02
6.890802803305455804e-01 -7.243844986043919132e-01 -2.086793087552542281e-02
6.943706219793289725e-01 -7.191960885664752112e-01 -2.462581173422619812e-02
7.004515732015278440e-01 -7.131337106740387455e-01 -2.842374614987368611e-02
7.073102112057717550e-01 -7.061666722709256661e-01 -3.226299881799241098e-02
7.149301066439232022e-01 -6.982610666939312871e-01 -3.614457479663605449e-02
7.232909820556844283e-01 -6.893798827750972080e-01 -4.006915733148664477e-02
7.323683354482047880e-01 -6.794831601299595736e-01 -4.403704276279445107e-02
7.421330318563338357e-01 -6.685281972227564706e-01 -4.804807273495138170e-02
7.525508670080668372e-01 -6.564698197908919175e-01 -5.210156409478729905e-02
7.635821087292754550e-01 -6.432607176526721204e-01 -5.619623706200013724e-02
7.751810234702856128e-01 -6.288518581530789797e-01 -6.033014248527523993e-02
7.872953973208417500e-01 -6.131929844503062332e-01 -6.450058925994167636e-02
7.998660630801606164e-01 -5.962332064296141931e-01 -6.870407327474953307e-02
8.128264473252974076e-01 -5.779216911621342101e-01 -7.293620957117807890e-02
8.261021539087041177e-01 -5.582084584124182847e-01 -7.719166972994777332e-02
8.396106028194474380e-01 -5.370452846498472432e-01 -8.146412683353819462e-02
8.532607457330627643e-01 -5.143867162556815531e-01 -8.574621067350443604e-02
8.669528816874217947e-01 -4.901911890801527449e-01 -9.002947615549550253e-02
8.805785979556508547e-01 -4.644222471659522067e-01 -9.430438807666946532e-02
8.940208621098623132e-01 -4.370498483361677788e-01 -9.856032557905404501e-02
9.071542912263422798e-01 -4.080517385283952136e-01 -1.027856095846754886e-01
9.198456229108505910e-01 -3.774148704007521116e-01 -1.069675563592153156e-01
9.319544100715336787e-01 -3.451368350856862111e-01 -1.110925599974232209e-01
9.433320646787922703e-01 -3.112528770853484339e-01 -1.150924779779297219e-01
9.538255620528018897e-01 -2.758031472127745465e-01 -1.189514166614196594e-01
9.632809614808375276e-01 -2.388429996489404017e-01 -1.226532975739985792e-01
9.715453786022143490e-01 -2.004436901872711507e-01 -1.261821199824184614e-01
9.784691333101719346e-01 -1.606927758191703526e-01 -1.295222468652331149e-01
9.839080244588457314e-01 -1.196941711428606558e-01 -1.326587077699858674e-01
9.877256711111448428e-01 -7.756782619188018479e-02 -1.355775105211537712e-01
9.897958503469290736e-01 -3.444900260076549231e-02 -1.382659524599366974e-01
9.900047547109186441e-01 9.512859856383441837e-03 -1.407129209797429725e-01
9.882530890571730176e-01 5.415567711605581702e-02 -1.429091726818521035e-01
9.844579274802870428e-01 9.930662752544079652e-02 -1.448475805988961584e-01
9.785542565550784389e-01 1.447843856510915295e-01 -1.465233396649403552e-01
9.704961412127910414e-01 1.904016206530559641e-01 -1.479341219470157454e-01
9.602574638400135365e-01 2.359676825663721833e-01 -1.490801750380609525e-01
9.478322047879710333e-01 2.812913895365425354e-01 -1.499643593383441775e-01
9.332342522912754346e-01 3.261838234342048781e-01 -1.505921225715264877e-01
9.164967504626901906e-01 3.704610408029865853e-01 -1.509714126133389067e-01
8.976710141135190169e-01 4.139466108154541968e-01 -1.511125323646629881e-01
8.768250572669487042e-01 4.564739014278913487e-01 -1.510279427938025221e-01
8.540417972004582525e-01 4.978880484460841416e-01 -1.507320222482372851e-01
8.294170067978163807e-01 5.380475586521118458e-01 -1.502407915783110781e-01
8.030570944138433198e-01 5.768255162296290761e-01 -1.495716154583725810e-01
7.750767922587846748e-01 6.141103801530123363e-01 -1.487428905221284126e-01
7.455968317719399163e-01 6.498063777507117056e-01 -1.477737305853863425e-01
7.147416781655621110e-01 6.838335152839842834e-01 -1.466836583892276169e-01
6.826373870903296170e-01 7.161272393326603147e-01 -1.454923120674990744e-01
6.494096351319407212e-01 7.466377925833656004e-01 -1.442191730476544143e-01
6.151819635427341337e-01 7.753293141045922710e-01 -1.428833204592606654e-01
5.800742621243699659e-01 8.021787374652450398e-01 -1.415032154670166908e-01
5.442015082587285946e-01 8.271745404198029838e-01 -1.400965173647710227e-01
5.076727653158630282e-01 8.503153978037403249e-01 -1.386799318412299531e-01
4.705904354468152251e-01 8.716087852999430119e-01 -1.372690906098620323e-01
4.330497543126922144e-01 8.910695764162384069e-01 -1.358784606142905138e-01
3.951385096680320452e-01 9.087186688957920033e-01 -1.345212802846322553e-01
3.569369618358000373e-01 9.245816703449005747e-01 -1.332095198212355225e-01
3.185179418182301769e-01 9.386876665027420463e-01 -1.319538621990871685e-01
2.799471018560306113e-01 9.510680895988844474e-01 -1.307637014898143657e-01
2.412832934212645886e-01 9.617556988591156042e-01 -1.296471551557166202e-01
2.025790486435832816e-01 9.707836805567652272e-01 -1.286110871479251849e-01
1.638811427752493721e-01 9.781848711215680447e-01 -1.276611389066223123e-01
1.252312172728465844e-01 9.839911037099290381e-01 -1.268017656866528564e-01
8.666644522086852653e-02 9.882326762644777496e-01 -1.260362759925102438e-01
4.822022298862584100e-02 9.909379373722780882e-01 -1.253668722828858717e-01
9.922874077007481919e-03 9.921329850766728020e-01 -1.247946914815631914e-01
-2.819764701100801324e-02 9.918414731049908228e-01 -1.243198441973365348e-01
-6.611506140924311437e-02 9.900845186386779684e-01 -1.239414519032528555e-01
-1.038040922120739562e-01 9.868807056724415716e-01 -1.236576816500198212e-01
-1.412398185852576649e-01 9.822461780899611750e-01 -1.234657781871782156e-01
-1.783970649685543974e-01 9.761948167397307419e-01 -1.233620936372802207e-01
-2.152498321298717543e-01 9.687384949499111553e-01 -1.233421151123025306e-01
-2.517710522465991252e-01 9.598893352577126947e-01 -1.233849281784826085e-01
-2.879252687137076605e-01 9.496587173018797845e-01 -1.234803606537005216e-01
-3.236740559252218596e-01 9.380585537482789560e-01 -1.236175327958064507e-01
-3.589758752036363298e-01 9.251019721719728750e-01 -1.237848990355127077e-01
-3.937860283158516883e-01 9.108040232445839823e-01 -1.239702957867201832e-01
-4.280567133617798059e-01 8.951824038370614911e-01 -1.241609965723408232e-01
-4.617371868455509842e-01 8.782581823137676214e-01 -1.243437755596601552e-01
-4.947740343876390612e-01 8.600565119614630438e-01 -1.245049803961882917e-01
-5.271115507804136069e-01 8.406073172645717184e-01 -1.246306149739977998e-01
-5.586922279237398481e-01 8.199459367164263490e-01 -1.247064324294566151e-01
-5.894573466227459591e-01 7.981137051626330248e-01 -1.247180383109103147e-01
-6.193476653391392084e-01 7.751584584254699317e-01 -1.246510034278274781e-01
-6.483041958457774756e-01 7.511349432680552995e-01 -1.244909854438065039e-01
-6.762690524596453034e-01 7.261051167177443588e-01 -1.242238578093293189e-01
-7.031863582689044101e-01 7.001383204469848742e-01 -1.238358441686462780e-01
-7.290031886971979347e-01 6.733113183374800359e-01 -1.233136559420761613e-01
-7.536705300496668869e-01 6.457081885161707335e-01 -1.226446304054946979e-01
-7.771442285498260105e-01 6.174200649850087874e-01 -1.218168662882869041e-01
-7.993859039829122048e-01 5.885447283537164065e-01 -1.208193537133412515e-01
-8.203638015613536894e-01 5.591860499579445198e-01 -1.196420952279099725e-01
-8.400535561318875910e-01 5.294532985928033231e-01 -1.182762147368697919e-01
-8.584388444073574043e-01 4.994603239697631980e-01 -1.167140513572708094e-01
-8.755119035211574863e-01 4.693246355531729974e-01 -1.149492355636499152e-01
-8.912738977920244832e-01 4.391663993932695131e-01 -1.129767454768223767e-01
-9.057351200077166098e-01 4.091073787101652259e-01 -1.107929417451751497e-01
-9.189150185849186414e-01 3.792698461042192104e-01 -1.083955801493158566e-01
-9.308420473902073722e-01 3.497754962368578302e-01 -1.057838017945310627e-01
-9.415533405357614516e-01 3.207443875766116670e-01 -1.029581015033165098e-01
-9.510942198091392186e-01 2.922939403476896847e-01 -9.992027574366674214e-02
-9.595175472887553791e-01 2.645380152371522575e-01 -9.667335209109187422e-02
-9.668829399001801495e-01 2.375860938629240082e-01 -9.322150279121614591e-02
-9.732558659989054561e-01 2.115425776834535532e-01 -8.956994543977048195e-02
-9.787066464016064282e-01 1.865062171820779380e-01 -8.572483411053360980e-02
-9.833093835776836045e-01 1.625696780432457356e-01 -8.169314443100071654e-02
-9.871408429717459798e-01 1.398192459091571749e-01 -7.748255613087165483e-02
-9.902793097336177741e-01 1.183346663991660386e-01 -7.310133647854080707e-02
-9.928034426149465741e-01 9.818911259088022869e-02 -6.855822779099013387e-02
-9.947911446180865980e-01 7.944926825726041086e-02 -6.386234187303255205e-02
-9.963184673440822481e-01 6.217551193471620302e-02 -5.902306383576708809e-02
-9.974585630807369929e-01 4.642218442021056601e-02 -5.404996728531562267e-02
-9.982806956918353070e-01 3.223792057199600936e-02 -4.895274238445940229e-02
-9.988493184907516476e-01 1.966602529151367101e-02 -4.374113779243790634e-02
-9.992232246570157406e-01 8.744873236430132646e-03 -3.842491699937683469e-02
-9.994547735035150815e-01 -4.916879193634874495e-04 -3.301382910519318897e-02
-9.995891941124820379e-01 -8.013950089222114659e-03 -2.751759365802170648e-02
-9.996639665844713196e-01 -1.379599145531000548e-02 -2.194589877011048074e-02
-9.997082804085596353e-01 -1.781537390362816428e-02 -1.630841137242523831e-02
-9.997425692570559574e-01 -2.005290607100960673e-02 -1.061479815308742636e-02
-9.997781218009450521e-01 -2.049248481766473978e-02 -4.874755447855090400e-03
-9.998167688768491157e-01 -1.912102569786672257e-02 9.019538889472600296e-04
-9.998505684815164329e-01 -1.595716041823397671e-02 6.648976864755973444e-03
-9.998630200249417621e-01 -1.101154400313791165e-02 1.235666373968948885e-02
-9.998284738341182143e-01 -4.298094909368688557e-03 1.801528397458951325e-02
-9.997124491151544445e-01 4.165736008170313129e-03 2.361499983311757256e-02
-9.994720374027210585e-01 1.435862067452142905e-02 2.914584845828342013e-02
-9.990563949902867558e-01 2.625494545007362596e-02 3.459773433187594144e-02
-9.984073278133953622e-01 3.982435410503205875e-02 3.996043379026299053e-02
-9.974599716891630052e-01 5.503125930762647888e-02 4.522361297763203419e-02
-9.961435696480512858e-01 7.183434193572478532e-02 5.037686026460853200e-02
-9.943823463071924662e-01 9.018605929546552602e-02 5.540973374530023393e-02
-9.920964768410417411e-01 1.100321846441052881e-01 6.031182395157024673e-02
-9.892031451576168699e-01 1.313114011388828994e-01 6.507283139650836545e-02
-9.856176824832584282e-01 1.539549733410600640e-01 6.968265799151930617e-02
-9.812547738366523831e-01 1.778865185784065939e-01 7.413151079051666370e-02
-9.760297160173624365e-01 2.030218987200127223e-01 7.841001592310005430e-02
-9.698597069653092095e-01 2.292692501938407013e-01 8.250934001366957982e-02
-9.626651429112446090e-01 2.565291663818097812e-01 8.642131587593238073e-02
-9.543708968907818058e-01 2.846950419240946162e-01 9.013856885437639133e-02
-9.449075501845412006e-01 3.136535830869079389e-01 9.365463988726986655e-02
-9.342125472942264253e-01 3.432854823981094095e-01 9.696410121715157149e-02
-9.222312453386095621e-01 3.734662494961325518e-01 1.000626606956878245e-01
-9.089178303547109650e-01 4.040671838815522166e-01 1.029472508322431812e-01
-8.942360759337274478e-01 4.349564693465090559e-01 1.056160991205923466e-01
-8.781599238315821454e-01 4.660003646271659861e-01 1.080687767348268297e-01
-8.606738715004847995e-01 4.970644605953441486e-01 1.103062233904698597e-01
-8.417731576366197510e-01 5.280149713420511093e-01 1.123307469858981084e-01
-8.214637435091509676e-01 5.587200249961549181e-01 1.141459975294496360e-01
-7.997620946637986616e-01 5.890509201606858314e-01 1.157569157706312274e-01
-7.766947742033128987e-01 6.188833154292139316e-01 1.171696578394841731e-01
-7.522978648770363153e-01 6.480983224555113553e-01 1.183914980085888219e-01
-7.266162423474333831e-01 6.765834772895457094e-01 1.194307123856117453e-01
-6.997027259967676383e-01 7.042335698867765448e-01 1.202964468881197180e-01
-6.716171363309029196e-01 7.309513175220113679e-01 1.209985732253021640e-01
-6.424252893610037374e-01 7.566478739488593508e-01 1.215475368042625570e-01
-6.121979583206335063e-01 7.812431722027468606e-01 1.219542004947851838e-01
-5.810098318104217618e-01 8.046661046424479213e-01 1.222296880399630081e-01
-5.489384951266268464e-01 8.268545489059487830e-01 1.223852306135970458e-01
-5.160634583419942967e-01 8.477552527290457274e-01 1.224320196278520234e-01
-4.824652509113754317e-01 8.673235939172837528e-01 1.223810684186554115e-01
-4.482245984198625077e-01 8.855232341210860225e-01 1.222430849147754239e-01
-4.134216928141036806e-01 9.023256864508696351e-01 1.220283568606800456e-01
-3.781355632674501255e-01 9.177098174471929326e-01 1.217466506408036581e-01
-3.424435508995536948e-01 9.316613035942239440e-01 1.214071242664523098e-01
-3.064208870322620570e-01 9.441720615631854496e-01 1.210182546533831449e-01
-2.701403716048682568e-01 9.552396698393188501e-01 1.205877789494750052e-01
-2.336721458415961516e-01 9.648667974664207891e-01 1.201226493738146439e-01
-1.970835512760878150e-01 9.730606534746070180e-01 1.196290008021099333e-01
-1.604390657763237471e-01 9.798324682626641247e-01 1.191121301758118756e-01
-1.238003062419311129e-01 9.851970158904386210e-01 1.185764867178646376e-01
-8.722608711267716697e-02 9.891721839827658513e-01 1.180256718986932157e-01
-5.076420034700472594e-02 9.917788344883035068e-01 1.174640302943426862e-01
-1.446985458184778250e-02 9.930395520933181785e-01 1.168893930251756752e-01
2.160287392485731733e-02 9.929793305131456860e-01 1.162988557694266956e-01
5.740092370984028330e-02 9.916255794484808428e-01 1.156888192768697060e-01
9.287215111096355780e-02 9.890081703870540197e-01 1.150550352589566200e-01
1.279652598771405803e-01 9.851595154081592698e-01 1.143926573566721727e-01
1.626297623049262620e-01 9.801146723571231290e-01 1.136962969127903039e-01
1.968159756608358901e-01 9.739114691181299799e-01 1.129600832816891887e-01
2.304750564213338682e-01 9.665906392324062901e-01 1.121777283962888255e-01
2.635590735852644251e-01 9.581959607922903022e-01 1.113425952780790207e-01
2.960211210016225336e-01 9.487743903993854921e-01 1.104477701238207182e-01
3.278154673278483311e-01 9.383761840165386614e-01 1.094861375336600579e-01
3.588977409133752849e-01 9.270549967776746669e-01 1.084504583634730568e-01
3.892251456175744306e-01 9.148679542530194775e-01 1.073334495935823057e-01
4.187567023523769416e-01 9.018756883022869264e-01 1.061278655116706382e-01
4.474535100230766504e-01 8.881423314815957148e-01 1.048265794154606412e-01
4.752790185636389109e-01 8.737354649906101667e-01 1.034226649565664208e-01
5.021993059632049450e-01 8.587260163358106935e-01 1.019094761769222673e-01
5.281833505945602303e-01 8.431881042162094886e-01 1.002807252391167414e-01
5.532032898151811873e-01 8.271988295727832341e-01 9.853055682692590800e-02
5.772346557425817037e-01 8.108380132379597871e-01 9.665361819646428598e-02
6.002565793247194303e-01 7.941878821257220000e-01 9.464512389446425034e-02
6.222519543391452634e-01 7.773327073609952453e-01 9.250091422949363595e-02
6.432075537553053612e-01 7.603583991020909094e-01 9.021750668392318484e-02
6.631140919642261045e-01 7.433520640067252661e-01 8.779213958684280172e-02
6.819662276876536922e-01 7.264015322799972640e-01 8.522280752681057892e-02
6.997625038822767873e-01 7.095948619791669909e-01 8.250828816261267240e-02
7.165052226023616022e-01 6.930198287034868843e-01 7.964816028310453544e-02
7.322002545178005750e-01 6.767634089491447735e-01 7.664281316574240999e-02
7.468567845426263840e-01 6.609112652555902967e-01 7.349344747915535769e-02
7.604869967498832928e-01 6.455472408211954116e-01 7.020206815960847169e-02
7.731057033741997042e-01 6.307528705490045295e-01 6.677146985651236100e-02
7.847299241817928817e-01 6.166069145361244841e-01 6.320521568123756151e-02
7.953784237763596998e-01 6.031849188929241379e-01 5.950761010072485452e-02
8.050712154766007655e-01 5.905588075286158922e-01 5.568366688870768355e-02
8.138290412270602348e-01 5.787965072308137726e-01 5.173907308056396870e-02
8.216728375804120965e-01 5.679616070626040125e-01 4.768014987256262438e-02
8.286231981191897189e-01 5.581130518639696447e-01 4.351381136408274952e-02
8.346998427805659704e-01 5.493048685326770153e-01 3.924752196548014771e-02
8.399211044287788752e-01 5.415859228231190148e-01 3.488925318935602593e-02
8.443034427105993167e-01 5.349997036808856743e-01 3.044744041494305831e-02
8.478609947564956784e-01 5.295841316559606327e-01 2.593094007094490575e-02
8.506051716801852347e-01 5.253713877267958132e-01 2.134898752878345435e-02
8.525443091058967360e-01 5.223877589276091360e-01 1.671115584339884913e-02
8.536833791354933032e-01 5.206534974969077023e-01 1.202731533002329191e-02
8.540237702708558531e-01 5.201826908401279148e-01 7.307593829891175993e-03
8.535631408390697006e-01 5.209831403966880270e-01 2.562337402259400737e-03
8.522953504319059626e-01 5.230562484855247884e-01 -2.197928909792639697e-03
8.502104727651846883e-01 5.263969133288882718e-01 -6.962540651701628995e-03
8.472948921831187086e-01 5.309934336702604174e-01 -1.172073430501035553e-02
8.435593302378875391e-01 5.367865770914436174e-01 -1.636657876284720869e-02
8.390016779045131878e-01 5.437276691184527166e-01 -2.089128180447867578e-02
8.336176544803324262e-01 5.517628442962083657e-01 -2.528657182240610923e-02
8.274013860568771861e-01 5.608333952795564459e-01 -2.954474014919969763e-02
8.203460015172414632e-01 5.708761469626673080e-01 -3.365868275161597312e-02
8.124442338841073585e-01 5.818238586345598762e-01 -3.762194059731723689e-02
8.036890148383928345e-01 5.936056560954681149e-01 -4.142873788379414918e-02
7.940740504593416516e-01 6.061474944103512064e-01 -4.507401723677034039e-02
7.835943667244517075e-01 6.193726505737089383e-01 -4.855347094189754742e-02
7.722468140637319678e-01 6.332022438836563127e-01 -5.186356727250218679e-02
7.600305212878691874e-01 6.475557803472462570e-01 -5.500157101895945116e-02
7.469472904914209455e-01 6.623517160385439251e-01 -5.796555741112212334e-02
7.330019260437994344e-01 6.775080330779750248e-01 -6.075441875101753042e-02
7.182024924828382950e-01 6.929428208607832929e-01 -6.336786323350519778e-02
7.025604979664631378e-01 7.085748543877753436e-01 -6.580640562065263877e-02
6.860910018563242119e-01 7.243241610824397991e-01 -6.807134964266718657e-02
6.688126469360321513e-01 7.401125673380603009e-01 -7.016476221479242548e-02
6.507476186365419579e-01 7.558642162319728630e-01 -7.208943977572834783e-02
6.319215353849489958e-01 7.715060483593528806e-01 -7.384886725916668671e-02
6.123632757492044609e-01 7.869682385470857522e-01 -7.544717039702837635e-02
5.921047493683365692e-01 8.021845822664034342e-01 -7.688906221331290314e-02
5.711806196964119842e-01 8.170928268170519759e-01 -7.817978469516123630e-02
5.496279873236838975e-01 8.316349437444876536e-01 -7.932504671877775582e-02
5.274860430602366090e-01 8.457573404104162806e-01 -8.033095936029235884e-02
5.047957000808305228e-01 8.594110101020246972e-01 -8.120396973554148967e-02
4.815992142530383657e-01 8.725516214769492018e-01 -8.195079449004345762e-02
4.579398013341173246e-01 8.851395494471585579e-01 -8.257835400467561371e-02
4.338612590642975664e-01 8.971398507628405294e-01 -8.309370829851367435e-02
4.094076013501718458e-01 9.085221885353643723e-01 -8.350399550361189971e-02
3.846227107695522340e-01 9.192607107162497071e-01 -8.381637366328717476e-02
3.595500145865943575e-01 9.293338881178127009e-01 -8.403796647189801239e-02
3.342321883889461387e-01 9.387243179221328448e-01 -8.417581343609760458e-02
3.087108903886087163e-01 9.474184987884024522e-01 -8.423682480047257892e-02
2.830265284007641435e-01 9.554065836519548549e-01 -8.422774144900525839e-02
2.572180605589854396e-01 9.626821161339005339e-01 -8.415509987170491368e-02
2.313228299628743712e-01 9.692417561742588950e-01 -8.402520217591238905e-02
2.053764327001341983e-01 9.750850000912009152e-01 -8.384409102614928666e-02
1.794126180476862398e-01 9.802138997819709321e-01 -8.361752931605699601e-02
1.534632191381572752e-01 9.846327852433606198e-01 -8.335098431128712404e-02
1.275581119764568616e-01 9.883479940251420626e-01 -8.304961595285112463e-02
1.017252003998541932e-01 9.913676106595382675e-01 -8.271826897558189062e-02
7.599042438465392069e-02 9.937012185512125173e-01 -8.236146847478570399e-02
5.037778900198365550e-02 9.953596662794954586e-01 -8.198341854438953580e-02
2.490941130194911091e-02 9.963548497683344385e-01 -8.158800361028357984e-02
-3.944175532938007378e-04 9.966995113272518747e-01 -8.117879209143921693e-02
-2.551515749372623362e-02 9.964070561630476996e-01 -8.075904203708647588e-02
-5.043593453573164825e-02 9.954913866092303110e-01 -8.033170840918833766e-02
-7.514144785671772464e-02 9.939667540182753891e-01 -7.989945170420510723e-02
-9.961787105834174483e-02 9.918476280092375363e-01 -7.946464763540946052e-02
-1.238527495334311862e-01 9.891485825571537660e-01 -7.902939762567336157e-02
-1.478348956544335291e-01 9.858841982474022547e-01 -7.859553988975587213e-02
-1.715542833055694327e-01 9.820689798934533199e-01 -7.816466091390307513e-02
-1.950019430912683371e-01 9.777172886257355922e-01 -7.773810716841285384e-02
-2.181698593732757097e-01 9.728432874980234013e-01 -7.731699691524965279e-02
-2.410508701203784576e-01 9.674608996213116541e-01 -7.690223199747711624e-02
-2.636385703994878482e-01 9.615837778193073726e-01 -7.649450951997943671e-02
-2.859272201956082338e-01 9.552252848004538777e-01 -7.609433335152808453e-02
-3.079116571211818476e-01 9.483984828552433077e-01 -7.570202539665749075e-02
-3.295872144621384003e-01 9.411161321112814226e-01 -7.531773660203851251e-02
-3.509496449080450331e-01 9.333906964093964254e-01 -7.494145767612676867e-02
-3.719950502261309966e-01 9.252343558997055961e-01 -7.457302951289147830e-02
-3.927198170625658125e-01 9.166590254950259808e-01 -7.421215332050036528e-02
-4.131205589879982099e-01 9.076763783587956658e-01 -7.385840046406524917e-02
-4.331940648467745292e-01 8.982978736445439427e-01 -7.351122203806591260e-02
-4.529372534191987154e-01 8.885347877430228580e-01 -7.316995818899628412e-02
-4.723471343624657259e-01 8.783982483307711808e-01 -7.283384721224732405e-02
-4.914207753573518467e-01 8.678992705497509119e-01 -7.250203444938113639e-02
-5.101552753533327156e-01 8.570487946816226499e-01 -7.217358101288569305e-02
-5.285477437735752737e-01 8.458577247122175402e-01 -7.184747236534695658e-02
-5.465952855123965559e-01 8.343369672119905767e-01 -7.152262677885021236e-02
-5.642949915306050279e-01 8.224974699869840311e-01 -7.119790369843530253e-02
-5.816439348280826316e-01 8.103502599824600194e-01 -7.087211203068739807e-02
-5.986391715476018227e-01 7.979064799483195358e-01 -7.054401837515091034e-02
-6.152777469389216769e-01 7.851774234021815513e-01 -7.021235521231089516e-02
-6.315567058875097839e-01 7.721745674530520187e-01 -6.987582905749591122e-02
-6.474731076877677793e-01 7.589096030763481382e-01 -6.953312858532018081e-02
-6.630240447164960083e-01 7.453944624601267499e-01 -6.918293272430331431e-02
-6.782066646387117093e-01 7.316413430731144585e-01 -6.882391871618520618e-02
-6.930181957551456717e-01 7.176627281379059919e-01 -6.845477012929657157e-02
-7.074559750791695745e-01 7.034714032277679108e-01 -6.807418481025419299e-02
-7.215174787110052446e-01 6.890804687430487352e-01 -6.768088275332995174e-02
-7.352003540593494701e-01 6.745033480633327860e-01 -6.727361386219435357e-02
-7.485024534455546608e-01 6.597537912141766547e-01 -6.685116557445906771e-02
-7.614218686137865788e-01 6.448458739323793543e-01 -6.641237031563365645e-02
-7.739569656626874572e-01 6.297939920610242659e-01 -6.595611274585720663e-02
-7.861064199105110006e-01 6.146128512546092937e-01 -6.548133676014730731e-02
-7.978692502069346659e-01 5.993174520249866521e-01 -6.498705220099584845e-02
-8.092448522111800324e-01 5.839230702099768022e-01 -6.447234124099103514e-02
-8.202330301679819913e-01 5.684452329977482954e-01 -6.393636439280170336e-02
-8.308340267305374116e-01 5.528996906906209485e-01 -6.337836610434940954e-02
-8.410485504028967219e-01 5.373023844410804717e-01 -6.279767989832664432e-02
-8.508778002032844068e-01 5.216694102396627342e-01 -6.219373301738660015e-02
-8.603234871843407072e-01 5.060169794781630426e-01 -6.156605053930416793e-02
-8.693878524859377510e-01 4.903613764515524220e-01 -6.091425893014238563e-02
-8.780736816405604328e-01 4.747189131972762710e-01 -6.023808900789003051e-02
-8.863843148996642940e-01 4.591058821006009927e-01 -5.953737829408227433e-02
-8.943236534012092287e-01 4.435385067187576080e-01 -5.881207273648144523e-02
-9.018961610529143691e-01 4.280328912943382469e-01 -5.806222779186981375e-02
