1.000000000000000000e+00 0.000000000000000000e+00 0.000000000000000000e+00
9.999999999228955661e-01 4.866649697010880441e-06 -1.142474578575120009e-05
9.999999992797176107e-01 1.637430760404277869e-05 -3.424103533251239426e-05
9.999999970014269435e-01 3.629175420562732210e-05 -6.841096298618168565e-05
9.999999913110692029e-01 6.638146223564070077e-05 -1.138919426409377978e-04
9.999999795664060720e-01 1.083988706665618115e-04 -1.706367327735902031e-04
9.999999580735612348e-01 1.640916626624934255e-04 -2.385934633057982916e-04
9.999999218722874783e-01 2.351990477346926726e-04 -3.177056642627685916e-04
9.999998644935270686e-01 3.234510483231840946e-04 -4.079122961946728132e-04
9.999997776900005908e-01 4.305677910113799045e-04 -5.091477823248681317e-04
9.999996511406233912e-01 5.582588025626349006e-04 -6.213420423870627063e-04
9.999994721296097122e-01 7.082223109484540478e-04 -7.444205281118721363e-04
9.999992252011825622e-01 8.821445515177969970e-04 -8.783042603217706490e-04
9.999988917908663177e-01 1.081699078435741394e-03 -1.022909867592270393e-03
9.999984498343941208e-01 1.308546081497837833e-03 -1.178149626436273377e-03
9.999978733553150922e-01 1.564331708403987565e-03 -1.343931502967946404e-03
9.999971320324384516e-01 1.850687392552772354e-03 -1.520159196002178990e-03
9.999961907483005952e-01 2.169229186394052052e-03 -1.706732181545701083e-03
9.999950091198887003e-01 2.521557100354501410e-03 -1.903545758636274003e-03
9.999935410128989455e-01 2.909254447327773788e-03 -2.110491096487018825e-03
9.999917340408501776e-01 3.333887192698356192e-03 -2.327455282893923973e-03
9.999895290504138279e-01 3.797003309846094278e-03 -2.554321373865862336e-03
9.999868595943598448e-01 4.300132141057036624e-03 -2.790968444438068387e-03
9.999836513935528304e-01 4.844783763745834880e-03 -3.037271640631944002e-03
9.999798217894654284e-01 5.432448361875679040e-03 -3.293102232526299005e-03
9.999752791887086545e-01 6.064595602443777038e-03 -3.558327668407661702e-03
9.999699225011038362e-01 6.742674016883941877e-03 -3.832811629970117942e-03
9.999636405728496991e-01 7.468110387223085220e-03 -4.116414088538232832e-03
9.999563116163593390e-01 8.242309136815503118e-03 -4.408991362289964647e-03
9.999478026383623597e-01 9.066651725467965439e-03 -4.710396174460100387e-03
9.999379688678872169e-01 9.942496048759932176e-03 -5.020477712508555380e-03
9.999266531857519125e-01 1.087117584135688722e-02 -5.339081688241950271e-03
9.999136855572057225e-01 1.185400008411091437e-02 -5.666050398881086747e-03
9.998988824693751942e-01 1.289225241474141817e-02 -6.001222789071366040e-03
9.998820463751737497e-01 1.398719054189041279e-02 -6.344434513837711453e-03
9.998629651453402323e-01 1.514004566235117172e-02 -6.695518002490238180e-03
9.998414115302747263e-01 1.635202188127636569e-02 -7.054302523491636466e-03
9.998171426333384293e-01 1.762429563518218278e-02 -7.420614250302050643e-03
9.997898993972821335e-01 1.895801511757844171e-02 -7.794276328222082481e-03
9.997594061054618786e-01 2.035429970707130359e-02 -8.175108942259366393e-03
9.997253698994921223e-01 2.181423939780513174e-02 -8.562929386048988289e-03
9.996874803149750077e-01 2.333889423213313108e-02 -8.957552131862752190e-03
9.996454088369304269e-01 2.492929373543270946e-02 -9.358788901746963387e-03
9.995988084765347059e-01 2.658643635301117733e-02 -9.766448739832888151e-03
9.995473133707555302e-01 2.831128888908013980e-02 -1.018033808586844315e-02
9.994905384064475262e-01 3.010478594781297243e-02 -1.060026085002378250e-02
9.994280788704476004e-01 3.196782937653878942e-02 -1.102601848902741259e-02
9.993595101271798287e-01 3.390128771116850820e-02 -1.145741008369310573e-02
9.992843873252463816e-01 3.590599562399357514e-02 -1.189423241790123556e-02
9.992022451344481082e-01 3.798275337404583701e-02 -1.233628005910119250e-02
9.991125975146366578e-01 4.013232626025749206e-02 -1.278334544040418339e-02
9.990149375177598268e-01 4.235544407771319603e-02 -1.323521894433798106e-02
9.989087371244167457e-01 4.465280057734161839e-02 -1.369168898833698390e-02
9.987934471161886707e-01 4.702505292945142329e-02 -1.415254211204233781e-02
9.986684969849610738e-01 4.947282119157593583e-02 -1.461756306648770085e-02
9.985332948803946618e-01 5.199668778115199702e-02 -1.508653490524658296e-02
9.983872275966453325e-01 5.459719695362097447e-02 -1.555923907761697783e-02
9.982296605993681293e-01 5.727485428660369221e-02 -1.603545552391822532e-02
9.980599380939741971e-01 6.003012617086565111e-02 -1.651496277297364104e-02
9.978773831360389091e-01 6.286343930885394948e-02 -1.699753804185046707e-02
9.976812977846846175e-01 6.577518022165293465e-02 -1.748295733792605555e-02
9.974709632996833220e-01 6.876569476527079339e-02 -1.797099556334587692e-02
9.972456403829426108e-01 7.183528765723418141e-02 -1.846142662193501691e-02
9.970045694649525281e-01 7.498422201453210090e-02 -1.895402352862019316e-02
9.967469710366804181e-01 7.821271890401318427e-02 -1.944855852141396529e-02
9.964720460273090996e-01 8.152095690640162595e-02 -1.994480317600682076e-02
9.961789762281156868e-01 8.490907169515662933e-02 -2.044252852300616416e-02
9.958669247626884546e-01 8.837715563145698283e-02 -2.094150516785375782e-02
9.955350366035744525e-01 9.192525737664659913e-02 -2.144150341344521274e-02
9.951824391353446542e-01 9.555338152352785275e-02 -2.194229338546630978e-02
9.948082427639515224e-01 9.926148824793694370e-02 -2.244364516045160504e-02
9.944115415721413997e-01 1.030494929820786748e-01 -2.294532889656070163e-02
9.939914140205668991e-01 1.069172661111371381e-01 -2.344711496705704015e-02
9.935469236941277815e-01 1.108646326947126670e-01 -2.394877409646270841e-02
9.930771200929436882e-01 1.148913722146642225e-01 -2.445007749935116173e-02
9.925810394672429648e-01 1.189972183509596659e-01 -2.495079702172734587e-02
9.920577056953242545e-01 1.231818587871533754e-01 -2.545070528493204726e-02
9.915061312036210772e-01 1.274449350471215103e-01 -2.594957583199405254e-02
9.909253179277737189e-01 1.317860423646893819e-01 -2.644718327634019289e-02
9.903142583134818544e-01 1.362047295877823472e-01 -2.694330345275941854e-02
9.896719363557859861e-01 1.407004991187215670e-01 -2.743771357050292514e-02
9.889973286752937742e-01 1.452728068922679583e-01 -2.793019236838794814e-02
9.882894056297424346e-01 1.499210623929922437e-01 -2.842052027175835313e-02
9.875471324591605926e-01 1.546446287135154196e-01 -2.890847955114057843e-02
9.867694704627668623e-01 1.594428226551219130e-01 -2.939385448241884496e-02
9.859553782056214022e-01 1.643149148721980146e-01 -2.987643150833908107e-02
9.851038127529244681e-01 1.692601300618895299e-01 -3.035599940113657344e-02
9.842137309297405157e-01 1.742776472003055299e-01 -3.083234942606825901e-02
9.832840906038113893e-01 1.793665998265203121e-01 -3.130527550561668093e-02
9.823138519890143305e-01 1.845260763755417199e-01 -3.177457438411918772e-02
9.813019789669165105e-01 1.897551205613219605e-01 -3.224004579256294772e-02
9.802474404237777605e-01 1.950527318107873886e-01 -3.270149261327394419e-02
9.791492116002631363e-01 2.004178657497557303e-01 -3.315872104421623695e-02
9.780062754510382428e-01 2.058494347414934478e-01 -3.361154076260676471e-02
9.768176240113445319e-01 2.113463084785432156e-01 -3.405976508754061938e-02
9.755822597675782859e-01 2.169073146283218012e-01 -3.450321114131225247e-02
9.742991970288368275e-01 2.225312395328514492e-01 -3.494170000910974683e-02
9.729674632963394298e-01 2.282168289628461189e-01 -3.537505689675167486e-02
9.715861006275882117e-01 2.339627889262251292e-01 -3.580311128612978511e-02
9.701541669920973332e-01 2.397677865309735534e-01 -3.622569708801556126e-02
9.686707376154958249e-01 2.456304509021111082e-01 -3.664265279188470142e-02
9.671349063087939513e-01 2.515493741523695537e-01 -3.705382161241086575e-02
9.655457867796004567e-01 2.575231124060138876e-01 -3.745905163227857687e-02
9.639025139220855909e-01 2.635501868750758647e-01 -3.785819594096528212e-02
9.622042450825033510e-01 2.696290849870985329e-01 -3.825111276914378022e-02
9.604501612971172442e-01 2.757582615633222267e-01 -3.863766561835919183e-02
9.586394684994161697e-01 2.819361400460713707e-01 -3.901772338563873344e-02
9.567713986935600934e-01 2.881611137739334971e-01 -3.939116048269838966e-02
9.548452110910614632e-01 2.944315473031530739e-01 -3.975785694941769144e-02
9.528601932077844783e-01 3.007457777734993676e-01 -4.011769856126247424e-02
9.508156619184330305e-01 3.071021163167043100e-01 -4.047057693034551706e-02
9.487109644657981677e-01 3.134988495054092383e-01 -4.081638959982658577e-02
9.465454794221451751e-01 3.199342408404072247e-01 -4.115504013136620648e-02
9.443186176002440479e-01 3.264065322738194386e-01 -4.148643818536176114e-02
9.420298229116754740e-01 3.329139457657050438e-01 -4.181049959371021391e-02
9.396785731701887689e-01 3.394546848714701248e-01 -4.212714642485839572e-02
9.372643808380362040e-01 3.460269363573164614e-01 -4.243630704092001688e-02
9.347867937133697014e-01 3.526288718408552292e-01 -4.273791614665754107e-02
9.322453955569502959e-01 3.592586494539035669e-01 -4.303191483014731644e-02
9.296398066565989549e-01 3.659144155243856944e-01 -4.331825059496751534e-02
9.269696843279954246e-01 3.725943062741738920e-01 -4.359687738377038269e-02
9.242347233506202908e-01 3.792964495296307637e-01 -4.386775559312300343e-02
9.214346563378285060e-01 3.860189664415502042e-01 -4.413085207952437139e-02
9.185692540402367046e-01 3.927599732111436981e-01 -4.438614015653030015e-02
9.156383255818085765e-01 3.995175828186797728e-01 -4.463359958294226687e-02
9.126417186282239635e-01 4.062899067513579543e-01 -4.487321654204091959e-02
9.095793194873194043e-01 4.130750567269853568e-01 -4.510498361186994487e-02
9.064510531415952421e-01 4.198711464100224888e-01 -4.532889972660094496e-02
9.032568832129848069e-01 4.266762931165779538e-01 -4.554497012903498815e-02
8.999968118602861278e-01 4.334886195049560964e-01 -4.575320631432132357e-02
8.966708796098561418e-01 4.403062552483993364e-01 -4.595362596499825286e-02
8.932791651203646488e-01 4.471273386867167798e-01 -4.614625287748528454e-02
8.898217848825975551e-01 4.539500184535534832e-01 -4.633111688017943486e-02
8.862988928554896839e-01 4.607724550761290172e-01 -4.650825374333149298e-02
8.827106800397476194e-01 4.675928225443588548e-01 -4.667770508090034881e-02
8.790573739906009099e-01 4.744093098463700864e-01 -4.683951824460511060e-02
8.753392382713879316e-01 4.812201224675293210e-01 -4.699374621041511879e-02
8.715565718498444747e-01 4.880234838502182093e-01 -4.714044745773766226e-02
8.677097084391162118e-01 4.948176368117189750e-01 -4.727968584158155629e-02
8.637990157856569873e-01 5.016008449177065120e-01 -4.741153045799215843e-02
8.598248949063129754e-01 5.083713938089882145e-01 -4.753605550306931604e-02
8.557877792770112180e-01 5.151275924792813043e-01 -4.765334012589452634e-02
8.516881339755880687e-01 5.218677745019757452e-01 -4.776346827570709941e-02
8.475264547813933236e-01 5.285902992039919202e-01 -4.786652854368095289e-02
8.433032672343964142e-01 5.352935527850110065e-01 -4.796261399966430389e-02
8.390191256566009725e-01 5.419759493805240691e-01 -4.805182202425371807e-02
8.346746121386425799e-01 5.486359320673239726e-01 -4.813425413658142110e-02
8.302703354944990233e-01 5.552719738102377400e-01 -4.821001581820113374e-02
8.258069301872889012e-01 5.618825783490755121e-01 -4.827921633346218128e-02
8.212850552291656170e-01 5.684662810249523357e-01 -4.834196854676490324e-02
8.167053930583373367e-01 5.750216495453147614e-01 -4.839838873709206846e-02
8.120686483962505919e-01 5.815472846871841961e-01 -4.844859641021126428e-02
8.073755470879785401e-01 5.880418209383027062e-01 -4.849271410894211848e-02
8.026268349288382398e-01 5.945039270760411609e-01 -4.853086722187967966e-02
7.978232764802437593e-01 6.009323066840988048e-01 -4.856318379096141724e-02
7.929656538777658525e-01 6.073256986071904340e-01 -4.858979431826021544e-02
7.880547656343298568e-01 6.136828773440785589e-01 -4.861083157237939406e-02
7.830914254414300668e-01 6.200026533794635863e-01 -4.862643039481823193e-02
7.780764609711799951e-01 6.262838734553985987e-01 -4.863672750666790667e-02
7.730107126819503183e-01 6.325254207830374176e-01 -4.864186131598815382e-02
7.678950326302688145e-01 6.387262151956657474e-01 -4.864197172620424864e-02
7.627302832915758835e-01 6.448852132440944240e-01 -4.863719994585261747e-02
7.575173363923384251e-01 6.510014082356202492e-01 -4.862768829999090936e-02
7.522570717559299291e-01 6.570738302178752432e-01 -4.861358004357557022e-02
7.469503761645847062e-01 6.631015459089952824e-01 -4.859501917709615343e-02
7.415981422396287215e-01 6.690836585756395616e-01 -4.857215026474148711e-02
7.362012673420802455e-01 6.750193078604849184e-01 -4.854511825535812175e-02
7.307606524956014038e-01 6.809076695609058705e-01 -4.851406830644632712e-02
7.252772013336649115e-01 6.867479553606251619e-01 -4.847914561142363521e-02
7.197518190726850396e-01 6.925394125161898895e-01 -4.844049523037006338e-02
7.141854115127401759e-01 6.982813235001879004e-01 -4.839826192445351172e-02
7.085788840673949984e-01 7.039730056031708871e-01 -4.835258999421777892e-02
7.029331408240092616e-01 7.096138104962949056e-01 -4.830362312189971641e-02
6.972490836357989608e-01 7.152031237567250122e-01 -4.825150421792611527e-02
6.915276112467951819e-01 7.207403643578799146e-01 -4.819637527172514896e-02
6.857696184507258153e-01 7.262249841266121830e-01 -4.813837720697147771e-02
6.799759952847284072e-01 7.316564671694351096e-01 -4.807764974136873731e-02
6.741476262586830748e-01 7.370343292699126359e-01 -4.801433125105798727e-02
6.682853896208438282e-01 7.423581172593298749e-01 -4.794855863972586479e-02
6.623901566603317415e-01 7.476274083627553191e-01 -4.788046721247180004e-02
6.564627910469449379e-01 7.528418095225940521e-01 -4.781019055447947169e-02
6.505041482086366678e-01 7.580009567017125249e-01 -4.773786041452434542e-02
6.445150747469067243e-01 7.631045141681926935e-01 -4.766360659333579441e-02
6.384964078902556350e-01 7.681521737637461156e-01 -4.758755683681995668e-02
6.324489749857545862e-01 7.731436541577828558e-01 -4.750983673413730624e-02
6.263735930286925546e-01 7.780787000890969640e-01 -4.743056962061752146e-02
6.202710682301771916e-01 7.829570815970843256e-01 -4.734987648548339562e-02
6.141421956224802914e-01 7.877785932443691630e-01 -4.726787588434520210e-02
6.079877587018436280e-01 7.925430533326629501e-01 -4.718468385641726159e-02
6.018085291083847821e-01 7.972503031136313201e-01 -4.710041384639952061e-02
5.956052663426735228e-01 8.019002059964915885e-01 -4.701517663095838157e-02
5.893787175184850291e-01 8.064926467540054489e-01 -4.692908024973339171e-02
5.831296171511748394e-01 8.110275307284769974e-01 -4.684222994078904995e-02
5.768586869810645723e-01 8.155047830393055142e-01 -4.675472808042464151e-02
5.705666358311753950e-01 8.199243477935829194e-01 -4.666667412724891106e-02
5.642541594985996944e-01 8.242861873011644303e-01 -4.657816457042115305e-02
5.579219406787555569e-01 8.285902812955795449e-01 -4.648929288195552401e-02
5.515706489217332420e-01 8.328366261620883115e-01 -4.640014947298125303e-02
5.452009406199038732e-01 8.370252341741239999e-01 -4.631082165384779736e-02
5.388134590259320289e-01 8.411561327393041188e-01 -4.622139359796103436e-02
5.324088343003046120e-01 8.452293636561254431e-01 -4.613194630923399958e-02
5.259876835874658374e-01 8.492449823824008703e-01 -4.604255759303377271e-02
5.195506111196263044e-01 8.532030573164328668e-01 -4.595330203050459333e-02
5.130982083472982458e-01 8.571036690918583112e-01 -4.586425095614625469e-02
5.066310540955942798e-01 8.609469098870413672e-01 -4.577547243852637254e-02
5.001497147453162206e-01 8.647328827498315107e-01 -4.568703126400489728e-02
4.936547444378520666e-01 8.684617009384481001e-01 -4.559898892334959125e-02
4.871466853028944555e-01 8.721334872791970394e-01 -4.551140360112192196e-02
4.806260677079898791e-01 8.757483735416703441e-01 -4.542433016771382087e-02
4.740934105289281719e-01 8.793064998320280212e-01 -4.533782017391718711e-02
4.675492214399826207e-01 8.828080140049098246e-01 -4.525192184790975680e-02
4.609939972230141514e-01 8.862530710944749313e-01 -4.516668009454303384e-02
4.544282240944598206e-01 8.896418327650205127e-01 -4.508213649682022567e-02
4.478523780492306705e-01 8.929744667815837644e-01 -4.499832931945477871e-02
4.412669252205540515e-01 8.962511465008874412e-01 -4.491529351440289031e-02
4.346723222548048438e-01 8.994720503829474190e-01 -4.483306072826648281e-02
4.280690167003804447e-01 9.026373615236177317e-01 -4.475165931146630333e-02
4.214574474096876577e-01 9.057472672083125564e-01 -4.467111432908826146e-02
4.148380449533209946e-01 9.088019584871039891e-01 -4.459144757330977399e-02
4.082112320455279497e-01 9.118016297713612550e-01 -4.451267757731654923e-02
4.015774239800688483e-01 9.147464784520613623e-01 -4.443481963062413664e-02
3.949370290755960800e-01 9.176367045398691191e-01 -4.435788579572258472e-02
3.882904491296915173e-01 9.204725103270536835e-01 -4.428188492596658865e-02
3.816380798807182395e-01 9.232541000712793933e-01 -4.420682268463765885e-02
3.749803114766573353e-01 9.259816797012802025e-01 -4.413270156510915726e-02
3.683175289501183225e-01 9.286554565444014031e-01 -4.405952091204916321e-02
3.616501126987267667e-01 9.312756390759654446e-01 -4.398727694360064083e-02
3.549784389701106102e-01 9.338424366903969043e-01 -4.391596277448257812e-02
3.483028803507215443e-01 9.363560594940171233e-01 -4.384556843996018777e-02
3.416238062577450774e-01 9.388167181193977084e-01 -4.377608092063663831e-02
3.349415834333686059e-01 9.412246235611428924e-01 -4.370748416802308633e-02
3.282565764406923936e-01 9.435799870329490968e-01 -4.363975913084818664e-02
3.215691481605843505e-01 9.458830198457728322e-01 -4.357288378207251067e-02
3.148796602887942164e-01 9.481339333069199737e-01 -4.350683314657764061e-02
3.081884738326578499e-01 9.503329386398522427e-01 -4.344157932950384882e-02
3.014959496067369793e-01 9.524802469244902925e-01 -4.337709154521456056e-02
2.948024487267533189e-01 9.545760690577775875e-01 -4.331333614686984357e-02
2.881083331011900506e-01 9.566206157342527217e-01 -4.325027665659519210e-02
2.814139659199467181e-01 9.586140974463656095e-01 -4.318787379623597461e-02
2.747197121394464037e-01 9.605567245042561098e-01 -4.312608551869161894e-02
2.680259389636063805e-01 9.624487070747008710e-01 -4.306486703982761316e-02
2.613330163200953127e-01 9.642902552389206461e-01 -4.300417087096692487e-02
2.546413173313118450e-01 9.660815790689271099e-01 -4.294394685196618877e-02
2.479512187795301914e-01 9.678228887220730048e-01 -4.288414218488542651e-02
2.412631015656693523e-01 9.695143945534592245e-01 -4.282470146826350410e-02
2.345773511611528028e-01 9.711563072458363477e-01 -4.276556673201476616e-02
2.278943580523354051e-01 9.727488379566269217e-01 -4.270667747296544303e-02
2.212145181769843427e-01 9.742921984816809156e-01 -4.264797069105150107e-02
2.145382333523100926e-01 9.757866014353622219e-01 -4.258938092620238175e-02
2.078659116940525520e-01 9.772322604465527585e-01 -4.253084029593795501e-02
2.011979680261365977e-01 9.786293903701452912e-01 -4.247227853370851014e-02
1.945348242804203487e-01 9.799782075135821113e-01 -4.241362302801013340e-02
1.878796817309512091e-01 9.812785734804214677e-01 -4.235076030486965154e-02
1.812334687865682636e-01 9.825306609423193338e-01 -4.228392811846921895e-02
1.745970753213512694e-01 9.837346664352479841e-01 -4.221336067952868171e-02
1.679713528044948223e-01 9.848908089067843763e-01 -4.213928861391119662e-02
1.613571144685395642e-01 9.859993282861528874e-01 -4.206193892814017593e-02
1.547551355141888463e-01 9.870604840784481526e-01 -4.198153498153714414e-02
1.481661533499326888e-01 9.880745539843167613e-01 -4.189829646468938573e-02
1.415908678647020968e-01 9.890418325462417837e-01 -4.181243938395692861e-02
1.350299417317833706e-01 9.899626298224372123e-01 -4.172417605172946964e-02
1.284840007422350938e-01 9.908372700892312812e-01 -4.163371508214597227e-02
1.219536341660690942e-01 9.916660905726943920e-01 -4.154126139199245532e-02
1.154393951394798029e-01 9.924494402101473600e-01 -4.144701620649685753e-02
1.089418010764350297e-01 9.931876784420736737e-01 -4.135117706974395652e-02
1.024613341029730895e-01 9.938811740348506563e-01 -4.125393785943788638e-02
9.599844151258749014e-02 9.945303039346126139e-01 -4.115548880574475266e-02
8.955353624111990485e-02 9.951354521524616858e-01 -4.105601651395354712e-02
8.312699735962465752e-02 9.956970086811510745e-01 -4.095570399069919931e-02
7.671917058371313658e-02 9.962153684432780709e-01 -4.085473067349795068e-02
7.033036879793398699e-02 9.966909302709452412e-01 -4.075327246335168352e-02
6.396087259379445999e-02 9.971240959167713136e-01 -4.065150176018444278e-02
5.761093082007940486e-02 9.975152690960630286e-01 -4.054958750088147323e-02
5.128076114417677578e-02 9.978648545598942654e-01 -4.044769519970792260e-02
4.497055062317226182e-02 9.981732571987791403e-01 -4.034598699089169543e-02
3.868045628352990289e-02 9.984408811765678182e-01 -4.024462167316204125e-02
3.241060570823055959e-02 9.986681290941455957e-01 -4.014375475604279458e-02
2.616109763029551144e-02 9.988554011824676282e-01 -4.004353850770644291e-02
1.993200253167777894e-02 9.990030945244203764e-01 -3.994412200420242864e-02
1.372336324655940021e-02 9.991116023049624317e-01 -3.984565117988029398e-02
7.535195568147945097e-03 9.991813130889639627e-01 -3.974826887883547294e-02
1.367488858120452337e-03 9.992126101261339377e-01 -3.965211490721248094e-02
-4.779793342082705974e-03 9.992058706823977454e-01 -3.955732608620721180e-02
-1.090671269885789413e-02 9.991614653970649629e-01 -3.946403630561690079e-02
-1.701335547362316583e-02 9.990797576651078149e-01 -3.937237657779284195e-02
-2.309983191022706508e-02 9.989611030438553252e-01 -3.928247509185749109e-02
-2.916627562316910852e-02 9.988058486833925054e-01 -3.919445726805393521e-02
-3.521284298716990252e-02 9.986143327799466007e-01 -3.910844581210171089e-02
-4.123971252857977499e-02 9.983868840515326415e-01 -3.902456076943894986e-02
-4.724708431906717715e-02 9.981238212351262185e-01 -3.894291957923653319e-02
-5.323517937198155026e-02 9.978254526046279604e-01 -3.886363712807545945e-02
-5.920423904174002688e-02 9.974920755088856339e-01 -3.878682580318384282e-02
-6.515452442654334764e-02 9.971239759290382310e-01 -3.871259554513513390e-02
-7.108631577468366158e-02 9.967214280544532956e-01 -3.864105389991392275e-02
-7.699991189466552644e-02 9.962846938765322902e-01 -3.857230607026036762e-02
-8.289562956932122750e-02 9.958140227996666871e-01 -3.850645496620858088e-02
-8.877380297406288479e-02 9.953096512686356867e-01 -3.844360125473868933e-02
-9.463478309937632671e-02 9.947718024117485625e-01 -3.838384340846592857e-02
-1.004789371776255713e-01 9.942006856990437402e-01 -3.832727775329420467e-02
-1.063066481142019432e-01 9.935964966148724820e-01 -3.827399851496473410e-02
-1.121183139230183257e-01 9.929594163442073684e-01 -3.822409786443391189e-02
-1.179143471663166576e-01 9.922896114720326510e-01 -3.817766596201749990e-02
-1.236948605221946385e-01 9.915873905883381134e-01 -3.813172941324072945e-02
-1.294597136252022274e-01 9.908529813220273708e-01 -3.808611866437902616e-02
-1.352087427201575376e-01 9.900866145333955259e-01 -3.804066371081604031e-02
-1.409417606919297905e-01 9.892885250513859807e-01 -3.799519412464373580e-02
-1.466585571123626697e-01 9.884589524057073584e-01 -3.794953908432694561e-02
-1.523588983044418810e-01 9.875981415533842123e-01 -3.790352740651836000e-02
-1.580425274238108635e-01 9.867063435992805553e-01 -3.785698758010593717e-02
-1.637091645577368471e-01 9.857838165101028283e-01 -3.780974780257069512e-02
-1.693585068416250672e-01 9.848308258213539501e-01 -3.776163601872863790e-02
-1.749902285931737300e-01 9.838476453366772345e-01 -3.771247996192628876e-02
-1.806039814642534103e-01 9.828345578189952025e-01 -3.766210719775476418e-02
-1.861993946105846565e-01 9.817918556728145729e-01 -3.761034517034261837e-02
-1.917760748792754766e-01 9.807198416170364030e-01 -3.755702125128292101e-02
-1.973336070142654164e-01 9.796188293475773801e-01 -3.750196279124492355e-02
-2.028715538797073448e-01 9.784891441890776198e-01 -3.744499717431549329e-02
-2.083894567012988808e-01 9.773311237349380232e-01 -3.738595187511013079e-02
-2.138868353255556076e-01 9.761451184749018184e-01 -3.732465451868773043e-02
-2.193631884969955703e-01 9.749314924093651635e-01 -3.726093294329754085e-02
-2.248179941531806003e-01 9.736906236495739275e-01 -3.719461526598076551e-02
-2.302507097375339484e-01 9.724229050028392329e-01 -3.712552995104316522e-02
-2.356607725298260347e-01 9.711287445418762543e-01 -3.705350588140862017e-02
-2.410475999941906200e-01 9.698085661573518923e-01 -3.697837243285712755e-02
-2.464105901445030888e-01 9.684628100927021865e-01 -3.689995955114411252e-02
-2.517491219269196723e-01 9.670919334602623429e-01 -3.681809783199087305e-02
-2.570625556193428252e-01 9.656964107377351558e-01 -3.673261860392920686e-02
-2.623502332475429744e-01 9.642767342440086153e-01 -3.664335401397596226e-02
-2.676114790176301050e-01 9.628334145933188370e-01 -3.655013711610594074e-02
-2.728455997645323761e-01 9.613669811267471221e-01 -3.645280196248423116e-02
-2.780518854160994868e-01 9.598779823200294103e-01 -3.635118369741147798e-02
-2.832296094724104929e-01 9.583669861666536116e-01 -3.624511865392784915e-02
-2.883780294998262717e-01 9.568345805352157507e-01 -3.613444445301390584e-02
-2.934963876392860938e-01 9.552813735000086348e-01 -3.601900010531854796e-02
-2.985839111283088987e-01 9.537079936438197514e-01 -3.589862611533656961e-02
-3.036398128361182391e-01 9.521150903319213210e-01 -3.577316458795032350e-02
-3.086632918112708346e-01 9.505033339562458661e-01 -3.564245933724213833e-02
-3.136535338411280405e-01 9.488734161487548668e-01 -3.550635599747622995e-02
-3.186097120224710144e-01 9.472260499630229535e-01 -3.536470213614103381e-02
-3.235309873425207816e-01 9.455619700230817326e-01 -3.521734736893499668e-02
-3.284165092695878196e-01 9.438819326385899933e-01 -3.506414347657118430e-02
-3.332654163525383129e-01 9.421867158854242419e-01 -3.490494452326851210e-02
-3.380768368282294767e-01 9.404771196508137088e-01 -3.473960697678973863e-02
-3.428498892360324901e-01 9.387539656421787226e-01 -3.456798982987917962e-02
-3.475836830385302112e-01 9.370180973588670970e-01 -3.438995472294591182e-02
-3.522773192474461523e-01 9.352703800260260270e-01 -3.420536606783123462e-02
-3.569298910538343250e-01 9.335117004898901838e-01 -3.401409117249248187e-02
-3.615404844615337510e-01 9.317429670738143210e-01 -3.381600036642885138e-02
-3.661081789228697314e-01 9.299651093944302227e-01 -3.361096712666870184e-02
-3.706320479755628172e-01 9.281790781373611132e-01 -3.339886820413196650e-02
-3.751111598797912672e-01 9.263858447919861572e-01 -3.317958375017580203e-02
-3.795445782543382940e-01 9.245864013448045204e-01 -3.295299744312646384e-02
-3.839340570761830551e-01 9.227803210576759341e-01 -3.272795990487811085e-02
-3.882800041411225145e-01 9.209680201992265225e-01 -3.250453241702319640e-02
-3.925828359447822158e-01 9.191499006211489853e-01 -3.228277531742757001e-02
-3.968429773462953114e-01 9.173263497753488815e-01 -3.206274802055809892e-02
-4.010608612401617701e-01 9.154977407381950094e-01 -3.184450903675341976e-02
-4.052369282361157898e-01 9.136644322415388153e-01 -3.162811599046618655e-02
-4.093716263468262229e-01 9.118267687101768715e-01 -3.141362563750554893e-02
-4.134654106832534870e-01 9.099850803054440052e-01 -3.120109388130879249e-02
-4.175187431574835517e-01 9.081396829746331001e-01 -3.099057578827126014e-02
-4.215320921928589759e-01 9.062908785059489158e-01 -3.078212560216367702e-02
-4.255059324412256982e-01 9.044389545887140391e-01 -3.057579675766604679e-02
-4.294407445071127816e-01 9.025841848785528532e-01 -3.037164189304716530e-02
-4.333370146786624799e-01 9.007268290672901800e-01 -3.016971286201867650e-02
-4.371952346651278298e-01 8.988671329573103552e-01 -2.997006074479236643e-02
-4.410159013407538020e-01 8.970053285401297094e-01 -2.977273585836910999e-02
-4.447995164948596591e-01 8.951416340789454251e-01 -2.957778776608758348e-02
-4.485465865879390002e-01 8.932762541949310631e-01 -2.938526528646046021e-02
-4.522576225135961359e-01 8.914093799570571575e-01 -2.919521650132539045e-02
-4.559331393661363863e-01 8.895411889752219414e-01 -2.900768876333757740e-02
-4.595736562136301662e-01 8.876718454964863669e-01 -2.882272870283029628e-02
-4.631796958762708361e-01 8.858015005042123580e-01 -2.864038223406908945e-02
-4.667517847098476280e-01 8.839302918199123393e-01 -2.846069456092486030e-02
-4.702904523941560111e-01 8.820583442076231906e-01 -2.828371018199041936e-02
-4.737962317261693035e-01 8.801857694806236587e-01 -2.810947289516441822e-02
-4.772696584177966161e-01 8.783126666103227009e-01 -2.793802580172594779e-02
-4.807112708980537108e-01 8.764391218371501147e-01 -2.776941130992234552e-02
-4.841216101194741883e-01 8.745652087832871402e-01 -2.760367113809209655e-02
-4.875012193685911988e-01 8.726909885670812717e-01 -2.744084631734393376e-02
-4.908506440803203086e-01 8.708165099189935088e-01 -2.728097719381252645e-02
-4.941704316560762145e-01 8.689418092989331655e-01 -2.712410343051036357e-02
-4.974611312854578804e-01 8.670669110148396808e-01 -2.697026400879465671e-02
-5.007232937713377297e-01 8.651918273423756522e-01 -2.681949722946731784e-02
-5.039574713581930210e-01 8.633165586456018614e-01 -2.667184071352527580e-02
-5.071642175635185934e-01 8.614410934985078372e-01 -2.652733140257755931e-02
-5.103440870121622730e-01 8.595654088072784971e-01 -2.638600555894479033e-02
-5.134976352734257343e-01 8.576894699331799599e-01 -2.624789876545591608e-02
-5.166254187007756071e-01 8.558132308159542845e-01 -2.611304592495618596e-02
-5.197279942740112846e-01 8.539366340976159986e-01 -2.598148125953957804e-02
-5.228059194437373325e-01 8.520596112465489425e-01 -2.585323830951804722e-02
-5.258597519779912854e-01 8.501820826818052845e-01 -2.572834993213914123e-02
-5.288900498108773940e-01 8.483039578975142270e-01 -2.560684830006277127e-02
-5.318973708930611055e-01 8.464251355873112503e-01 -2.548876489960706301e-02
-5.348822730439782847e-01 8.445455037687044086e-01 -2.537413052877244418e-02
-5.378453138056171756e-01 8.426649399072971836e-01 -2.526297529505230205e-02
-5.407870502977314420e-01 8.407833110407930688e-01 -2.515532861303781259e-02
-5.437080390743448399e-01 8.389004739027101643e-01 -2.505121920182368928e-02
-5.466088359814099684e-01 8.370162750457400547e-01 -2.495067508222089878e-02
-5.494899960154850937e-01 8.351305509646880232e-01 -2.485372357378159633e-02
-5.523520731832944897e-01 8.332431282189372013e-01 -2.476039129164081184e-02
-5.551956203620403985e-01 8.313538235543832533e-01 -2.467070414317864419e-02
-5.580211891603356067e-01 8.294624440247907460e-01 -2.458468732450606528e-02
-5.608293297796276278e-01 8.275687871125265715e-01 -2.450236531677668292e-02
-5.636205908759869265e-01 8.256726408486314561e-01 -2.442376188232612405e-02
-5.663955194221348410e-01 8.237737839321931377e-01 -2.434890006064005866e-02
-5.691546605695864125e-01 8.218719858489920149e-01 -2.427780216415121456e-02
-5.718985575107864427e-01 8.199670069893918445e-01 -2.421048977386507095e-02
-5.746277513411195415e-01 8.180585987654556135e-01 -2.414698373481333205e-02
-5.773427809206743699e-01 8.161465037272697121e-01 -2.408730415133369246e-02
-5.800441827356470625e-01 8.142304556784646374e-01 -2.403147038217376061e-02
-5.827324907592686953e-01 8.123101797909262345e-01 -2.397950103541654499e-02
-5.854082363121434485e-01 8.103853927186951411e-01 -2.393141396322427672e-02
-5.880719479218881052e-01 8.084558027110581024e-01 -2.388722625639692204e-02
-5.907241511819626423e-01 8.065211097248398131e-01 -2.384695423874114498e-02
-5.933653686095859969e-01 8.045810055359090551e-01 -2.381061346124511632e-02
-5.959961195026315384e-01 8.026351738499172273e-01 -2.377821869605404800e-02
-5.986169197954005483e-01 8.006832904122941352e-01 -2.374978393024096759e-02
-6.012282819131717915e-01 7.987250231175309079e-01 -2.372532235936682804e-02
-6.038307146254296986e-01 7.967600321177841227e-01 -2.370484638082369366e-02
-6.064247228976752391e-01 7.947879699308425527e-01 -2.368836758695442440e-02
-6.090108077417251131e-01 7.928084815475021641e-01 -2.367589675794196796e-02
-6.115894660644077829e-01 7.908212045384013233e-01 -2.366744385446110238e-02
-6.141611905145687444e-01 7.888257691603739463e-01 -2.366301801008519057e-02
-6.167264693282974442e-01 7.868217984623834260e-01 -2.366262752344038336e-02
-6.192857861722927959e-01 7.848089083911068409e-01 -2.366627985009943022e-02
-6.218396199852870287e-01 7.827867078962448266e-01 -2.367398159420717671e-02
-6.243884448174491508e-01 7.807547990356377143e-01 -2.368573849982971019e-02
-6.269327296676944217e-01 7.787127770802748650e-01 -2.370155544201901429e-02
-6.294729383188265581e-01 7.766602306192914584e-01 -2.372143641758497207e-02
-6.320095291704466156e-01 7.745967416650512138e-01 -2.374538453556656464e-02
-6.345429550695613763e-01 7.725218857584208454e-01 -2.377340200739412948e-02
-6.370736631388318472e-01 7.704352320743482752e-01 -2.380549013673463957e-02
-6.396020946024031373e-01 7.683363435278622866e-01 -2.384164930901206542e-02
-6.421286846092634226e-01 7.662247768806189629e-01 -2.388187898059505529e-02
-6.446538620540811504e-01 7.641000828481241403e-01 -2.392617766764435633e-02
-6.471780493954771840e-01 7.619618062077705423e-01 -2.397454293461264568e-02
-6.497016624716899225e-01 7.598094859078321495e-01 -2.402697138238976682e-02
-6.522251103135985328e-01 7.576426551775655716e-01 -2.408345863608662638e-02
-6.547487949550733211e-01 7.554608416385752978e-01 -2.414399933245147192e-02
-6.572731112406278164e-01 7.532635674176048068e-01 -2.420858710691264556e-02
-6.597984466303522533e-01 7.510503492609222898e-01 -2.427721458024241843e-02
-6.623251810021145713e-01 7.488206986504766238e-01 -2.434987334483700375e-02
-6.648536864510198319e-01 7.465741219220050073e-01 -2.442655395060850873e-02
-6.673843270861274934e-01 7.443101203852785508e-01 -2.450724589048510621e-02
-6.699174588244292128e-01 7.420281904466817791e-01 -2.459193758551648720e-02
-6.724534291820999377e-01 7.397278237343234419e-01 -2.468061636958237756e-02
-6.749925770630406108e-01 7.374085072258853568e-01 -2.477326847370265456e-02
-6.775352325447379087e-01 7.350697233794208918e-01 -2.486987900994851522e-02
-6.800817166614759879e-01 7.327109502673196939e-01 -2.497043195495505033e-02
-6.826323411849413159e-01 7.303316617136611510e-01 -2.507491013303649735e-02
-6.851874084022725464e-01 7.279313274351845164e-01 -2.518329519890656620e-02
-6.877472108916133919e-01 7.255094131861095086e-01 -2.529556762000723449e-02
-6.903120312952388815e-01 7.230653809070441973e-01 -2.541170665845065083e-02
-6.928821420903324979e-01 7.205986888782237587e-01 -2.553169035257993671e-02
-6.954578053575032337e-01 7.181087918773269019e-01 -2.565549549815596825e-02
-6.980392725471417092e-01 7.155951413421214324e-01 -2.578309762917861334e-02
-7.006267842437245985e-01 7.130571855381936386e-01 -2.591447099835224310e-02
-7.032205699281887101e-01 7.104943697320209584e-01 -2.604958855720684169e-02
-7.058208477385083945e-01 7.079061363696491638e-01 -2.618842193588756875e-02
-7.084278242286194960e-01 7.052919252612388501e-01 -2.633094142262725271e-02
-7.110416941258483892e-01 7.026511737717484607e-01 -2.647711594291791634e-02
-7.136626400870161868e-01 6.999833170180219666e-01 -2.662691303839919560e-02
-7.162908324534013049e-01 6.972877880725526500e-01 -2.678029884548331629e-02
-7.189264290047582273e-01 6.945640181741928876e-01 -2.693723807373811854e-02
-7.215695747126037451e-01 6.918114369460827140e-01 -2.709769398405158583e-02
-7.242204014929963796e-01 6.890294726210673959e-01 -2.726162836660326119e-02
-7.268790279590510162e-01 6.862175522748751311e-01 -2.742900151867003200e-02
-7.295455591734443246e-01 6.833751020673233256e-01 -2.759977222229583610e-02
-7.322200864011833010e-01 6.805015474918209017e-01 -2.777389772185699657e-02
-7.349026868629257025e-01 6.775963136334292036e-01 -2.795133370155713365e-02
-7.375934234891562413e-01 6.746588254357430703e-01 -2.813203426288783324e-02
-7.402923446755405035e-01 6.716885079768455391e-01 -2.831595190209361401e-02
-7.429994840397959877e-01 6.686847867545883117e-01 -2.850303748768201820e-02
-7.457148601804343135e-01 6.656470879814404551e-01 -2.869324023802216975e-02
-7.484384764377502997e-01 6.625748388891418150e-01 -2.888650769907747870e-02
-7.511703206574481539e-01 6.594674680433902925e-01 -2.908278572232072395e-02
-7.539103649573144494e-01 6.563244056687811412e-01 -2.928201844288221695e-02
-7.566585654973664310e-01 6.531450839842073419e-01 -2.948414825798429534e-02
-7.594148622539205196e-01 6.499289375489183396e-01 -2.968911580571798395e-02
-7.621791787980465305e-01 6.466754036194217736e-01 -2.989685994422014090e-02
-7.649514220788902197e-01 6.433839225173991760e-01 -3.010731773131210265e-02
-7.677314822123649796e-01 6.400539380087915120e-01 -3.032042440466330493e-02
-7.705192322757333789e-01 6.366848976941944516e-01 -3.053611336254599684e-02
-7.733145281086151179e-01 6.332762534106854968e-01 -3.075431614524969798e-02
-7.761172081209777307e-01 6.298274616451863261e-01 -3.097496241722653976e-02
-7.789270931086841321e-01 6.263379839594434007e-01 -3.119797995004121999e-02
-7.817439860771860927e-01 6.228072874266885606e-01 -3.142329460620162801e-02
-7.845676720739731547e-01 6.192348450800176929e-01 -3.165083032394869905e-02
-7.873979180303996017e-01 6.156201363725022357e-01 -3.188050910308634633e-02
-7.902344726135306363e-01 6.119626476490208633e-01 -3.211225099193457805e-02
-7.930770660886613532e-01 6.082618726297726042e-01 -3.234597407549109210e-02
-7.959254101931791947e-01 6.045173129054033367e-01 -3.258159446488870931e-02
-7.987791980224524524e-01 6.007284784436475178e-01 -3.281902628823795548e-02
-8.016381039284394827e-01 5.968948881073540269e-01 -3.305818168294598347e-02
-8.045017834317265137e-01 5.930160701837339232e-01 -3.329897078960464968e-02
-8.073698731477103596e-01 5.890915629246307184e-01 -3.354130174754218346e-02
-8.102419907276531275e-01 5.851209150975802409e-01 -3.378508069213416454e-02
-8.131177348153417750e-01 5.811036865473865332e-01 -3.403021175397086262e-02
-8.159966850200927047e-01 5.770394487679039175e-01 -3.427659705997881251e-02
-8.188784019068460207e-01 5.729277854836737349e-01 -3.452413673659542048e-02
-8.217624270040954082e-01 5.687682932410225156e-01 -3.477272891509587682e-02
-8.246464183934739678e-01 5.645638936454540069e-01 -3.501278527707398641e-02
-8.275290978316162116e-01 5.603154843740835167e-01 -3.524415873210316741e-02
-8.304091913478476306e-01 5.560239998574195708e-01 -3.546670299842891172e-02
-8.332854303567253096e-01 5.516904115589373880e-01 -3.568027277081150389e-02
-8.361565527859535774e-01 5.473157282063072504e-01 -3.588472389155275555e-02
-8.390213042177869784e-01 5.429009959727073564e-01 -3.607991352445383965e-02
-8.418784390419292718e-01 5.384472986067279088e-01 -3.626570033143752120e-02
-8.447267216178340199e-01 5.339557575094623365e-01 -3.644194465155471685e-02
-8.475649274442138559e-01 5.294275317574725914e-01 -3.660850868208254116e-02
-8.503918443334744781e-01 5.248638180704181533e-01 -3.676525666140866705e-02
-8.532062735886987159e-01 5.202658507222458484e-01 -3.691205505338523984e-02
-8.560070311807265186e-01 5.156349013949532711e-01 -3.704877273282473210e-02
-8.587929489227976720e-01 5.109722789740579474e-01 -3.717528117179983577e-02
-8.615628756401582100e-01 5.062793292850348292e-01 -3.729145462640046094e-02
-8.643156783319676517e-01 5.015574347701140523e-01 -3.739717032359238247e-02
-8.670502433227907924e-01 4.968080141049743825e-01 -3.749230864781482458e-02
-8.697654774009131451e-01 4.920325217550064467e-01 -3.757675332694792453e-02
-8.724603089406826051e-01 4.872324474709717190e-01 -3.765039161727587458e-02
-8.751336890060511520e-01 4.824093157240330054e-01 -3.771311448706748254e-02
-8.777845924324744198e-01 4.775646850802883203e-01 -3.776481679839308048e-02
-8.804120188843187478e-01 4.727001475150974796e-01 -3.780539748679512951e-02
-8.830149938849278790e-01 4.678173276676512171e-01 -3.783475973842964635e-02
-8.855925698165142412e-01 4.629178820363936686e-01 -3.785281116429654868e-02
-8.881438268870645025e-01 4.580034981160713281e-01 -3.785946397117946616e-02
-8.906678740614835110e-01 4.530758934773433388e-01 -3.785463512891933113e-02
-8.931638499542459142e-01 4.481368147900499088e-01 -3.783824653365110147e-02
-8.956309236808828178e-01 4.431880367913945129e-01 -3.781022516663961469e-02
-8.980682956656975691e-01 4.382313612004536951e-01 -3.777050324835834472e-02
-9.004751984031846845e-01 4.332686155805823836e-01 -3.771901838746412328e-02
-9.028508971707135400e-01 4.283016521514334540e-01 -3.765571372433144243e-02
-9.051946906901421341e-01 4.233323465524559404e-01 -3.758053806882185460e-02
-9.075059117361322647e-01 4.183625965598779528e-01 -3.749344603197721920e-02
-9.097839276890626881e-01 4.133943207593137048e-01 -3.739439815133974165e-02
-9.120281410305637326e-01 4.084294571762641102e-01 -3.728336100961760630e-02
-9.142379897798379451e-01 4.034699618668987076e-01 -3.716030734643138017e-02
-9.164129478690788977e-01 3.985178074716215768e-01 -3.702521616289438516e-02
-9.185525254564577136e-01 3.935749817340263856e-01 -3.687807281879870724e-02
-9.206562691753096273e-01 3.886434859879412396e-01 -3.671886912219832211e-02
-9.227237623183248694e-01 3.837253336153493288e-01 -3.654760341120101563e-02
-9.247546249557250242e-01 3.788225484780456398e-01 -3.636428062780214243e-02
-9.267485139865891952e-01 3.739371633259555572e-01 -3.616891238361479716e-02
-9.287051231226810533e-01 3.690712181850940299e-01 -3.596151701737339973e-02
-9.306241828043216868e-01 3.642267587281863839e-01 -3.574211964411026093e-02
-9.325054600480447986e-01 3.594058346310035623e-01 -3.551075219592778748e-02
-9.343487582259718538e-01 3.546104979174832805e-01 -3.526745345431203660e-02
-9.361539167770400738e-01 3.498428012967171874e-01 -3.501226907395669358e-02
-9.379208108504184516e-01 3.451047964948795177e-01 -3.474525159808976998e-02
-9.396493508816444740e-01 3.403985325851580090e-01 -3.446646046531828822e-02
-9.413394821022140757e-01 3.357260543187208790e-01 -3.417596200802920647e-02
-9.429911839835520837e-01 3.310894004597147999e-01 -3.387382944240723004e-02
-9.446055866129592360e-01 3.264862573439717974e-01 -3.357096945587895176e-02
-9.461832308258762980e-01 3.219170226945826108e-01 -3.326747187566965469e-02
-9.477246603171620709e-01 3.173820743720250914e-01 -3.296342779847728083e-02
-9.492304212851195855e-01 3.128817701689629582e-01 -3.265892952292752394e-02
-9.507010620755447228e-01 3.084164476208866579e-01 -3.235407048139103681e-02
-9.521371328263797951e-01 3.039864238326466794e-01 -3.204894517124235592e-02
-9.535391851135432972e-01 2.995919953209030817e-01 -3.174364908563935550e-02
-9.549077715984920500e-01 2.952334378724907893e-01 -3.143827864390096039e-02
-9.562434456780584124e-01 2.909110064186752331e-01 -3.113293112155973014e-02
-9.575467611370874765e-01 2.866249349252500966e-01 -3.082770458016454926e-02
-9.588182718043835040e-01 2.823754362984055577e-01 -3.052269779690732626e-02
-9.600585312124552129e-01 2.781627023062742676e-01 -3.021801019414604994e-02
-9.612680922615314261e-01 2.739869035160414357e-01 -2.991374176889489631e-02
-9.624475068882977213e-01 2.698481892464855147e-01 -2.960999302235042471e-02
-9.635973257397845160e-01 2.657466875357972214e-01 -2.930686488952103166e-02
-9.647180978528154816e-01 2.616825051245068035e-01 -2.900445866902501280e-02
-9.658103703394026462e-01 2.576557274533327058e-01 -2.870287595312055393e-02
-9.668746880784518938e-01 2.536664186757489614e-01 -2.840221855802907425e-02
-9.679115934141208077e-01 2.497146216850542610e-01 -2.810258845461116942e-02
-9.689216258611447197e-01 2.458003581557113293e-01 -2.780408769945237960e-02
-9.699053218174259472e-01 2.419236285987133583e-01 -2.750681836641384256e-02
-9.708632142841548962e-01 2.380844124307219534e-01 -2.721088247870070975e-02
-9.717958325937082753e-01 2.342826680567111353e-01 -2.691638194149903809e-02
-9.727037021455463561e-01 2.305183329658416769e-01 -2.662341847522968138e-02
-9.735873441503055670e-01 2.267913238402820553e-01 -2.633209354946546704e-02
-9.744472753822586153e-01 2.231015366766843366e-01 -2.604250831755576534e-02
-9.752840079402914641e-01 2.194488469200167047e-01 -2.575476355200035511e-02
-9.760980490175211743e-01 2.158331096094486812e-01 -2.546895958061232840e-02
-9.768899006796559759e-01 2.122541595359802857e-01 -2.518519622350757700e-02
-9.776600596521748399e-01 2.087118114115020795e-01 -2.490357273095629084e-02
-9.784090171163816185e-01 2.052058600489703732e-01 -2.462418772212979570e-02
-9.791372585143651719e-01 2.017360805533791324e-01 -2.434713912477399003e-02
-9.798452633628769171e-01 1.983022285232088622e-01 -2.407252411583856583e-02
-9.805335050761129212e-01 1.949040402620315082e-01 -2.380043906308927648e-02
-9.812024507973691190e-01 1.915412329999509611e-01 -2.353097946772849877e-02
-9.818525612395170299e-01 1.882135051245583113e-01 -2.326423990804752512e-02
-9.824842905342265897e-01 1.849205364210831926e-01 -2.300031398413210360e-02
-9.830980860898462792e-01 1.816619883214235509e-01 -2.273929426364100156e-02
-9.836943884578300823e-01 1.784375041617386470e-01 -2.248127222867565139e-02
-9.842736312075844873e-01 1.752467094482930976e-01 -2.222633822375722629e-02
-9.848362408095920895e-01 1.720892121312428413e-01 -2.197458140492592610e-02
-9.853826365266519227e-01 1.689646028860575522e-01 -2.172608968997570555e-02
-9.859132303130625496e-01 1.658724554022784625e-01 -2.148094970983616125e-02
-9.864284267215587265e-01 1.628123266793145285e-01 -2.123924676111192678e-02
-9.869286228177999165e-01 1.597837573289851154e-01 -2.100106475978850279e-02
-9.874142081021967110e-01 1.567862718845221548e-01 -2.076648619611224517e-02
-9.878855644388486734e-01 1.538193791157502210e-01 -2.053559209065091914e-02
-9.883430659913577943e-01 1.508825723501685812e-01 -2.030846195154012435e-02
-9.887870791652717539e-01 1.479753297996648231e-01 -2.008517373291976091e-02
-9.892179625569017531e-01 1.450971148925957466e-01 -1.986580379456366618e-02
-9.896360669082530093e-01 1.422473766109772775e-01 -1.965042686270461122e-02
-9.900417350677981343e-01 1.394255498325313314e-01 -1.943911599205584359e-02
-9.904353019568190586e-01 1.366310556773436824e-01 -1.923194252902961018e-02
-9.908170945410357255e-01 1.338633018588932799e-01 -1.902897607615216743e-02
-9.911874318072394496e-01 1.311216830392198940e-01 -1.883028445767412351e-02
-9.915466247446409476e-01 1.284055811880032427e-01 -1.863593368637423558e-02
-9.918949763306452727e-01 1.257143659453329454e-01 -1.844598793155410171e-02
-9.922327815207616641e-01 1.230473949879552775e-01 -1.826050948822063175e-02
-9.925603272423559886e-01 1.204040143987889083e-01 -1.807955874745261968e-02
-9.928778923919555632e-01 1.177835590395076848e-01 -1.790319416794722632e-02
-9.931857478358150360e-01 1.151853529259952019e-01 -1.773147224874172326e-02
-9.934841564134556657e-01 1.126087096064815468e-01 -1.756444750310545352e-02
-9.937733729438921193e-01 1.100529325421788357e-01 -1.740217243359654109e-02
-9.940536442342645662e-01 1.075173154902377276e-01 -1.724469750827760384e-02
-9.943252090905991825e-01 1.050011428888532050e-01 -1.709207113808435333e-02
-9.945882983304237257e-01 1.025036902443531295e-01 -1.694433965534076700e-02
-9.948431347969712846e-01 1.000242245201088537e-01 -1.680154729341420961e-02
-9.950899333747118547e-01 9.756200452711225046e-02 -1.666373616750376277e-02
-9.953289010059584996e-01 9.511628131606895964e-02 -1.653094625655475783e-02
-9.955602367083022930e-01 9.268629857086241319e-02 -1.640321538629242737e-02
-9.957841315926385661e-01 9.027129300324818195e-02 -1.628057921336745206e-02
-9.960007688815559757e-01 8.787049474864294663e-02 -1.616307121060607532e-02
-9.962103239278701228e-01 8.548312776287683712e-02 -1.605072265335737505e-02
-9.964129642330912251e-01 8.310841021978232490e-02 -1.594356260693030256e-02
-9.966088494656291097e-01 8.074555490949696102e-02 -1.584161791511296338e-02
-9.967981314785461233e-01 7.839376963736142956e-02 -1.574491318976671550e-02
-9.969809543266834329e-01 7.605225762329811956e-02 -1.565347080148758729e-02
-9.971574542829942933e-01 7.372021790155916521e-02 -1.556731087132760642e-02
-9.973277598539336264e-01 7.139684572073647095e-02 -1.548645126356863570e-02
-9.974919917937629110e-01 6.908133294392941604e-02 -1.541090757954140938e-02
-9.976502631176433766e-01 6.677286844896930529e-02 -1.534069315248251346e-02
-9.978026791134038120e-01 6.447063852860253352e-02 -1.527581904342215947e-02
-9.979493373518814048e-01 6.217382729053713003e-02 -1.521629403809570888e-02
-9.980903276957487913e-01 5.988161705726027795e-02 -1.516212464487201768e-02
-9.982257323067534882e-01 5.759318876553654043e-02 -1.511331509369180648e-02
-9.983556256513098637e-01 5.530772236549904436e-02 -1.506986733600940674e-02
-9.984800745043976855e-01 5.302439721924788463e-02 -1.503178104573137976e-02
-9.985991379517348276e-01 5.074239249887191328e-02 -1.499905362114570088e-02
-9.987128673902077036e-01 4.846088758381190270e-02 -1.497168018783532131e-02
-9.988213065265537649e-01 4.617906245748449462e-02 -1.494965360257017629e-02
-9.989244913743084986e-01 4.389609810308787996e-02 -1.493296445817185285e-02
-9.990224502490392400e-01 4.161117689851118184e-02 -1.492160108934534671e-02
-9.991152037619061010e-01 3.932348301027060317e-02 -1.491554957947256906e-02
-9.992027648116009741e-01 3.703220278639611507e-02 -1.491479376836246998e-02
-9.992851385747313353e-01 3.473652514819312170e-02 -1.491931526095286765e-02
-9.993623224947277839e-01 3.243564198080389066e-02 -1.492909343695932554e-02
-9.994343062693695767e-01 3.012874852249372917e-02 -1.494410546146664534e-02
-9.995010718370326286e-01 2.781504375258685852e-02 -1.496432629645879676e-02
-9.995625933617806602e-01 2.549373077797674469e-02 -1.498972871328334636e-02
-9.996188372174301673e-01 2.316401721813511616e-02 -1.502028330604671807e-02
-9.996698325906915317e-01 2.082997969395100277e-02 -1.504453649698562698e-02
-9.997155321302241271e-01 1.849261014307099216e-02 -1.506248691811671106e-02
-9.997558974801321607e-01 1.615290076921094276e-02 -1.507413596176591236e-02
-9.997908993136415123e-01 1.381184356118730916e-02 -1.507948777841125292e-02
-9.998205173511678368e-01 1.147042981186428487e-02 -1.507854927281629918e-02
-9.998447403627825913e-01 9.129649637486596594e-03 -1.507133009845369742e-02
-9.998635661551135145e-01 6.790491497868019442e-03 -1.505784265022111143e-02
-9.998770015427446145e-01 4.453941717904658787e-03 -1.503810205545481025e-02
-9.998850623042112584e-01 2.120984010879787759e-03 -1.501212616324907809e-02
-9.998877731227147070e-01 -2.074009959765078098e-04 -1.497993553209250005e-02
-9.998851675117081950e-01 -2.530236233214369634e-03 -1.494155341583505020e-02
-9.998772877255374114e-01 -4.846548657725349880e-03 -1.489700574800269760e-02
-9.998641846553434354e-01 -7.155369717692344755e-03 -1.484632112447900089e-02
-9.998459177104653817e-01 -9.455735813491170094e-03 -1.478953078457587861e-02
-9.998225546856062129e-01 -1.174668875411609414e-02 -1.472666859051832006e-02
-9.997941716140505974e-01 -1.402727620871213783e-02 -1.465777100537036387e-02
-9.997608526072505608e-01 -1.629655215280846614e-02 -1.458287706943210173e-02
-9.997226896811173269e-01 -1.855357730885971376e-02 -1.450202837513982039e-02
-9.996797825693826134e-01 -2.079741958071553570e-02 -1.441526904050361747e-02
-9.996322385244151842e-01 -2.302715448165299633e-02 -1.432264568111897909e-02
-9.995801721059001110e-01 -2.524186555562156833e-02 -1.422420738079078692e-02
-9.995237049578084010e-01 -2.744064479136642046e-02 -1.412000566081013202e-02
-9.994629655741061880e-01 -2.962259302911228465e-02 -1.401009444792604072e-02
-9.993980890536683370e-01 -3.178682035950745194e-02 -1.389453004105585532e-02
-9.993292168448825175e-01 -3.393244651454525862e-02 -1.377337107677947120e-02
-9.992564964804421246e-01 -3.605860125019873935e-02 -1.364667849366399573e-02
-9.991800813028457462e-01 -3.816442472052284512e-02 -1.351451549546653190e-02
-9.991001301811309743e-01 -4.024906784299778217e-02 -1.337694751326389507e-02
-9.990168072193859050e-01 -4.231169265490635628e-02 -1.323404216655890350e-02
-9.989302814575922174e-01 -4.435147266055784743e-02 -1.308586922341365734e-02
-9.988407265653634903e-01 -4.636759316919068091e-02 -1.293250055966078081e-02
-9.987483205291519672e-01 -4.835925162340597161e-02 -1.277401011724407266e-02
-9.986532453335055237e-01 -5.032565791800381466e-02 -1.261047386174024912e-02
-9.985556866369609264e-01 -5.226603470911402732e-02 -1.244196973911361991e-02
-9.984558334431673510e-01 -5.417961771353254491e-02 -1.226857763175554297e-02
-9.983538777678364617e-01 -5.606565599819416518e-02 -1.209037931386028504e-02
-9.982500143021184602e-01 -5.792341225973143132e-02 -1.190745840618867395e-02
-9.981444400730058453e-01 -5.975216309408823423e-02 -1.171990033027044652e-02
-9.980373541013659588e-01 -6.155119925617514448e-02 -1.152779226209561629e-02
-9.979289570582036140e-01 -6.331982590957142831e-02 -1.133122308534450194e-02
-9.978194509197528816e-01 -6.505736286629609788e-02 -1.113028334420519683e-02
-9.977090386219940044e-01 -6.676314481668728373e-02 -1.092506519582630078e-02
-9.975979237151872958e-01 -6.843652154944533661e-02 -1.071566236245167711e-02
-9.974863100190110021e-01 -7.007685816191089323e-02 -1.050217008328281111e-02
-9.973744012788843261e-01 -7.168353526066377490e-02 -1.028468506611304734e-02
-9.972624008240481563e-01 -7.325594915254282635e-02 -1.006330543877660862e-02
-9.971505112279704930e-01 -7.479351202620022898e-02 -9.838130700453841249e-03
-9.970389339716323462e-01 -7.629565212431620169e-02 -9.609261672872555435e-03
-9.969278691102405610e-01 -7.776181390661179860e-02 -9.376800451443701237e-03
-9.968175149439051363e-01 -7.919145820380833756e-02 -9.140850356367949750e-03
-9.967080676928041783e-01 -8.058406236269174960e-02 -8.901515883747950289e-03
-9.965997211773506281e-01 -8.193912038244934026e-02 -8.658902656739273646e-03
-9.964926665038590370e-01 -8.325614304245439190e-02 -8.413117376771146738e-03
-9.963870917561996610e-01 -8.453465802168122489e-02 -8.164267774866236504e-03
-9.962831816939117235e-01 -8.577421000993938616e-02 -7.912462563086803194e-03
-9.961811174572331451e-01 -8.697436081112115691e-02 -7.657811386132591658e-03
-9.960810762794884976e-01 -8.813468943866045735e-02 -7.400424773113906292e-03
-9.959832312072628424e-01 -8.925479220340487574e-02 -7.140414089521332497e-03
-9.958877508287703462e-01 -9.033428279410468664e-02 -6.877891489411615093e-03
-9.957947990108122482e-01 -9.137279235072448547e-02 -6.612969867827274244e-03
-9.957045346447008782e-01 -9.236996953078317751e-02 -6.345762813465587009e-03
-9.956171114015086587e-01 -9.332548056892810140e-02 -6.076384561610674410e-03
-9.955326774969842640e-01 -9.423900932994759561e-02 -5.804949947340552578e-03
-9.954513754664604530e-01 -9.511025735542426307e-02 -5.531574359019174672e-03
-9.953733419500583324e-01 -9.593894390422828822e-02 -5.256373692081693118e-03
-9.952987074884770413e-01 -9.672480598704628896e-02 -4.979464303119431751e-03
-9.952275963296368655e-01 -9.746759839513698120e-02 -4.700962964269382593e-03
-9.951601262464270237e-01 -9.816709372349924356e-02 -4.420986817911398345e-03
-9.950964083657894976e-01 -9.882308238863263261e-02 -4.139653331674720757e-03
-9.950365470093524012e-01 -9.943537264106348805e-02 -3.857080253753982814e-03
-9.949806395458068442e-01 -1.000037905728026200e-01 -3.573385568533427037e-03
-9.949287762552022629e-01 -1.005281801198927433e-01 -3.288687452516756045e-03
-9.948810402053169799e-01 -1.010084030601954563e-01 -3.003104230558793341e-03
-9.948375071402406622e-01 -1.014443390065585954e-01 -2.716754332393979572e-03
-9.947982453812883596e-01 -1.018358853954954429e-01 -2.429756249455678266e-03
-9.947633157403441562e-01 -1.021829574714977207e-01 -2.142228491979300108e-03
-9.947327714457162573e-01 -1.024854882670939299e-01 -1.854289546381392238e-03
-9.947066580805654645e-01 -1.027434285787543200e-01 -1.566057832906074228e-03
-9.946850135339494470e-01 -1.029567469387330653e-01 -1.277651663529544767e-03
-9.946678679645090115e-01 -1.031254295829272666e-01 -9.891892001128218398e-04
-9.946552437768014787e-01 -1.032494804148213902e-01 -7.007884127924262577e-04
-9.946471556102698397e-01 -1.033289209655745416e-01 -4.125670385983707788e-04
-9.946436103408171636e-01 -1.033637903502966776e-01 -1.246425402885740835e-04
-9.946446070949380713e-01 -1.033541452205486849e-01 1.628679346113210314e-04
-9.946501372763414395e-01 -1.033000597130898229e-01 4.498475945737760284e-04
-9.946601846049797357e-01 -1.032016253948851714e-01 7.361800446518135125e-04
-9.946747251683849544e-01 -1.030589512043742495e-01 1.021749326888910219e-03
-9.946937274851905819e-01 -1.028721633889916331e-01 1.306439960566857777e-03
-9.947171525807055881e-01 -1.026414054389192393e-01 1.590136982301749513e-03
-9.947449540743861229e-01 -1.023668380170399961e-01 1.872725985997779081e-03
-9.947770782790361643e-01 -1.020486388850522230e-01 2.154093162667971260e-03
-9.948134643115508213e-01 -1.016870028256946223e-01 2.434125340130305955e-03
-9.948540442150002328e-01 -1.012821415610221931e-01 2.712710022586949359e-03
-9.948987430918354580e-01 -1.008342836666646924e-01 2.989735430093477635e-03
-9.949474792479825469e-01 -1.003436744819908022e-01 3.265090537924059903e-03
-9.950001643475752111e-01 -9.981057601609324981e-02 3.538665115837583749e-03
-9.950567035780615299e-01 -9.923526684950272070e-02 3.810349767248634185e-03
-9.951169958254052483e-01 -9.861804203153178017e-02 4.080035968306115930e-03
-9.951809338590874576e-01 -9.795921297314366671e-02 4.347616106881101519e-03
-9.952484045266005719e-01 -9.725910733523544793e-02 4.612983521464248705e-03
-9.953192889571124136e-01 -9.651806891222006191e-02 4.876032539971805746e-03
-9.953934627739650098e-01 -9.573645751078760369e-02 5.136658518457883939e-03
-9.954707963156589345e-01 -9.491464882372277478e-02 5.394757879729272960e-03
-9.955511548649622622e-01 -9.405303429865262410e-02 5.650228151857638638e-03
-9.956343988857704330e-01 -9.315202100159677978e-02 5.902968006582481712e-03
-9.957203842673306715e-01 -9.221203147519103915e-02 6.152877297596753836e-03
-9.958089625754356078e-01 -9.123350359145475375e-02 6.399857098705503955e-03
-9.958999813101763188e-01 -9.021689039897277940e-02 6.643809741846428557e-03
-9.959932841698381223e-01 -8.916265996436376073e-02 6.884638854959661443e-03
-9.960887113205101340e-01 -8.807129520790853150e-02 7.122249399692619914e-03
-9.961860996709714922e-01 -8.694329373321495191e-02 7.356547708924208138e-03
-9.962852831524076080e-01 -8.577916765079889039e-02 7.587441524091171827e-03
-9.963860930025025819e-01 -8.457944339546555335e-02 7.814840032297917793e-03
-9.964883580534452667e-01 -8.334466153737998817e-02 8.038653903189653047e-03
-9.965919050233799092e-01 -8.207537658672166281e-02 8.258795325567270390e-03
-9.966965588108270824e-01 -8.077215679182422892e-02 8.475178043721024942e-03
-9.968021427915931820e-01 -7.943558393070895840e-02 8.687717393458702433e-03
-9.969084791176826554e-01 -7.806625309592828132e-02 8.896330337802684299e-03
-9.970153890177242406e-01 -7.666477247264433248e-02 9.100935502329087282e-03
-9.971226930984165016e-01 -7.523176310987667037e-02 9.301453210120966958e-03
-9.972302116464973887e-01 -7.376785868486340769e-02 9.497805516306493875e-03
-9.973377649307402226e-01 -7.227370526049019250e-02 9.689916242151940667e-03
-9.974451735034762789e-01 -7.074996103575277584e-02 9.877711008678404306e-03
-9.975522585011453724e-01 -6.919729608923033681e-02 1.006111726977027519e-02
-9.976588419433757293e-01 -6.761639211555879603e-02 1.024006434474269631e-02
-9.977647470300956556e-01 -6.600794215490599082e-02 1.041448345033457214e-02
-9.978697984361817319e-01 -6.437265031546336724e-02 1.058430773209304357e-02
-9.979738226031527049e-01 -6.271123148898227750e-02 1.074947229511488168e-02
-9.980766480274197994e-01 -6.102441105939636345e-02 1.090991423410983888e-02
-9.981781055446116158e-01 -5.931292460458576637e-02 1.106557266275066953e-02
-9.982780286094956601e-01 -5.757751759135264213e-02 1.121638874227439200e-02
-9.983762535710266617e-01 -5.581894506369195624e-02 1.136230570929921274e-02
-9.984726199420577153e-01 -5.403797132445591067e-02 1.150326890282163048e-02
-9.985669706632609444e-01 -5.223536961052486355e-02 1.163922579035830268e-02
-9.986591523608114862e-01 -5.041192176161209126e-02 1.177012599319756520e-02
-9.987490155974003692e-01 -4.856841788284421008e-02 1.189592131072581514e-02
-9.988364151161519544e-01 -4.670565600127355582e-02 1.201656574379445300e-02
-9.989212100770342717e-01 -4.482444171649299647e-02 1.213201551709366943e-02
-9.990032642853631240e-01 -4.292558784553784923e-02 1.224222910050004262e-02
-9.990824464120132697e-01 -4.100991406227329911e-02 1.234716722936572697e-02
-9.991586302049672019e-01 -3.907824653147934368e-02 1.244679292371790938e-02
-9.992316946918435860e-01 -3.713141753785854232e-02 1.254107150633823782e-02
-9.993015243730661856e-01 -3.517026511020457380e-02 1.262997061969304245e-02
-9.993680094053493113e-01 -3.319563264098211730e-02 1.271346024168637338e-02
-9.994310457751938159e-01 -3.120836850158038162e-02 1.279151270020920626e-02
-9.994905354621045346e-01 -2.920932565351407398e-02 1.286410268645956506e-02
-9.995463865912606050e-01 -2.719936125585636563e-02 1.293120726700979634e-02
-9.995985135753872042e-01 -2.517933626919863568e-02 1.299280589459882000e-02
