1.000000000000000000e+00 0.000000000000000000e+00 0.000000000000000000e+00
9.999999999228955661e-01 -4.866649697010880441e-06 1.142474578575120009e-05
9.999999992797176107e-01 -1.637430760404277869e-05 3.424103533251239426e-05
9.999999970014269435e-01 -3.629175420562732210e-05 6.841096298618168565e-05
9.999999913110692029e-01 -6.638146223564070077e-05 1.138919426409377978e-04
9.999999795664060720e-01 -1.083988706665618115e-04 1.706367327735902031e-04
9.999999580735612348e-01 -1.640916626624934255e-04 2.385934633057982916e-04
9.999999218722874783e-01 -2.351990477346926726e-04 3.177056642627685916e-04
9.999998644935270686e-01 -3.234510483231840946e-04 4.079122961946728132e-04
9.999997776900005908e-01 -4.305677910113799045e-04 5.091477823248681317e-04
9.999996511406233912e-01 -5.582588025626349006e-04 6.213420423870627063e-04
9.999994721296097122e-01 -7.082223109484540478e-04 7.444205281118721363e-04
9.999992252011825622e-01 -8.821445515177969970e-04 8.783042603217706490e-04
9.999988917908663177e-01 -1.081699078435741394e-03 1.022909867592270393e-03
9.999984498343941208e-01 -1.308546081497837833e-03 1.178149626436273377e-03
9.999978733553150922e-01 -1.564331708403987565e-03 1.343931502967946404e-03
9.999971320324384516e-01 -1.850687392552772354e-03 1.520159196002178990e-03
9.999961907483005952e-01 -2.169229186394052052e-03 1.706732181545701083e-03
9.999950091198887003e-01 -2.521557100354501410e-03 1.903545758636274003e-03
9.999935410128989455e-01 -2.909254447327773788e-03 2.110491096487018825e-03
9.999917340408501776e-01 -3.333887192698356192e-03 2.327455282893923973e-03
9.999895290504138279e-01 -3.797003309846094278e-03 2.554321373865862336e-03
9.999868595943598448e-01 -4.300132141057036624e-03 2.790968444438068387e-03
9.999836513935528304e-01 -4.844783763745834880e-03 3.037271640631944002e-03
9.999798217894654284e-01 -5.432448361875679040e-03 3.293102232526299005e-03
9.999752791887086545e-01 -6.064595602443777038e-03 3.558327668407661702e-03
9.999699225011038362e-01 -6.742674016883941877e-03 3.832811629970117942e-03
9.999636405728496991e-01 -7.468110387223085220e-03 4.116414088538232832e-03
9.999563116163593390e-01 -8.242309136815503118e-03 4.408991362289964647e-03
9.999478026383623597e-01 -9.066651725467965439e-03 4.710396174460100387e-03
9.999379688678872169e-01 -9.942496048759932176e-03 5.020477712508555380e-03
9.999266531857519125e-01 -1.087117584135688722e-02 5.339081688241950271e-03
9.999136855572057225e-01 -1.185400008411091437e-02 5.666050398881086747e-03
9.998988824693751942e-01 -1.289225241474141817e-02 6.001222789071366040e-03
9.998820463751737497e-01 -1.398719054189041279e-02 6.344434513837711453e-03
9.998629651453402323e-01 -1.514004566235117172e-02 6.695518002490238180e-03
9.998414115302747263e-01 -1.635202188127636569e-02 7.054302523491636466e-03
9.998171426333384293e-01 -1.762429563518218278e-02 7.420614250302050643e-03
9.997898993972821335e-01 -1.895801511757844171e-02 7.794276328222082481e-03
9.997594061054618786e-01 -2.035429970707130359e-02 8.175108942259366393e-03
9.997253698994921223e-01 -2.181423939780513174e-02 8.562929386048988289e-03
9.996874803149750077e-01 -2.333889423213313108e-02 8.957552131862752190e-03
9.996454088369304269e-01 -2.492929373543270946e-02 9.358788901746963387e-03
9.995988084765347059e-01 -2.658643635301117733e-02 9.766448739832888151e-03
9.995473133707555302e-01 -2.831128888908013980e-02 1.018033808586844315e-02
9.994905384064475262e-01 -3.010478594781297243e-02 1.060026085002378250e-02
9.994280788704476004e-01 -3.196782937653878942e-02 1.102601848902741259e-02
9.993595101271798287e-01 -3.390128771116850820e-02 1.145741008369310573e-02
9.992843873252463816e-01 -3.590599562399357514e-02 1.189423241790123556e-02
9.992022451344481082e-01 -3.798275337404583701e-02 1.233628005910119250e-02
9.991125975146366578e-01 -4.013232626025749206e-02 1.278334544040418339e-02
9.990149375177598268e-01 -4.235544407771319603e-02 1.323521894433798106e-02
9.989091105479837029e-01 -4.464794388662846752e-02 1.368027854583557870e-02
9.987947001031545202e-01 -4.700871591724229553e-02 1.411834717208182953e-02
9.986712872022697196e-01 -4.943662071265533114e-02 1.454925106526008122e-02
9.985384514248355492e-01 -5.193048960337121739e-02 1.497281987555147513e-02
9.983957719568637978e-01 -5.448912520523011005e-02 1.538888675364758450e-02
9.982428286414312124e-01 -5.711130194123627962e-02 1.579728844263918186e-02
9.980792030317042762e-01 -5.979576658772067094e-02 1.619786536913697672e-02
9.979044794443151511e-01 -6.254123884521443910e-02 1.659046173347368189e-02
9.977182460109621509e-01 -6.534641193434048700e-02 1.697492559883086519e-02
9.975200957261002310e-01 -6.820995321695783042e-02 1.735110897912874733e-02
9.973096274885846491e-01 -7.113050484271747631e-02 1.771886792551238474e-02
9.970864471351319480e-01 -7.410668442111033316e-02 1.807806261126365319e-02
9.968501684634699656e-01 -7.713708571900582123e-02 1.842855741496508826e-02
9.966004142430594515e-01 -8.022027938359670152e-02 1.877022100173901531e-02
9.963368172112878618e-01 -8.335481369057969048e-02 1.910292640238345566e-02
9.960590210530586575e-01 -8.653921531731495476e-02 1.942655109022518520e-02
9.957666813617261914e-01 -8.977199014061876259e-02 1.974097705550992288e-02
9.954594665793606856e-01 -9.305162405875537501e-02 2.004609087715001486e-02
9.951370589143655465e-01 -9.637658383710462351e-02 2.034178379165118081e-02
9.947991552345145649e-01 -9.974531797689271950e-02 2.062795175904190426e-02
9.944454679335250624e-01 -1.031562576062854814e-01 2.090449552563177285e-02
9.940757257693391136e-01 -1.066078173930554568e-01 2.117132068342872722e-02
9.936896746723433704e-01 -1.100983964779483487e-01 2.142833772604948658e-02
9.932870785218267384e-01 -1.136263794277898725e-01 2.167546210096258155e-02
9.928677198890413225e-01 -1.171901372072921693e-01 2.191261425790934358e-02
9.924314007453113318e-01 -1.207880281684392543e-01 2.213971969335481668e-02
9.919779431337119036e-01 -1.244183990562548747e-01 2.235670899082790528e-02
9.915071898029255149e-01 -1.280795860296829458e-01 2.256351785701819074e-02
9.910190048019731357e-01 -1.317699156962419405e-01 2.276008715350544276e-02
9.905132740346072051e-01 -1.354877061590489817e-01 2.294636292400730262e-02
9.899899057722533202e-01 -1.392312680747497811e-01 2.312229641704043048e-02
9.894488311244848955e-01 -1.429989057208338188e-01 2.328784410390094886e-02
9.888900044661188549e-01 -1.467889180707645236e-01 2.344296769188091573e-02
9.883134038201254468e-01 -1.505995998753081599e-01 2.358763413264902339e-02
9.877190311956535185e-01 -1.544292427484059149e-01 2.372181562573550187e-02
9.871069128805823878e-01 -1.582761362558995633e-01 2.384548961707341069e-02
9.864770996881226939e-01 -1.621385690053931683e-01 2.395863879256093093e-02
9.858296671571007419e-01 -1.660148297355117097e-01 2.406125106662202959e-02
9.851647157056749871e-01 -1.699032084028014866e-01 2.415331956575573688e-02
9.844823707383463240e-01 -1.738019972645085953e-01 2.423484260707733234e-02
9.837827827062382013e-01 -1.777094919554681463e-01 2.430582367186779127e-02
9.830661271207343788e-01 -1.816239925573409075e-01 2.436627137416104427e-02
9.823326045206756119e-01 -1.855438046584438894e-01 2.441619942441156793e-02
9.815824403934265696e-01 -1.894672404024373980e-01 2.445562658829790459e-02
9.808158850502343151e-01 -1.933926195241537915e-01 2.448457664073041412e-02
9.800332134564057052e-01 -1.973182703708816210e-01 2.450307831514424856e-02
9.792347250169354256e-01 -2.012425309074535318e-01 2.451116524817081865e-02
9.784207433183197411e-01 -2.051637497035266600e-01 2.450887591979300853e-02
9.775916158273872947e-01 -2.090802869014904697e-01 2.449625358910110379e-02
9.767477135480738815e-01 -2.129905151634882698e-01 2.447334622577751473e-02
9.758881211057839344e-01 -2.168974578316608670e-01 2.445133978030216565e-02
9.750128218341828079e-01 -2.208011794299074848e-01 2.443023879052487121e-02
9.741217971701678913e-01 -2.247017445470735619e-01 2.441004754848487279e-02
9.732150266571026886e-01 -2.285992177773102652e-01 2.439077010019068820e-02
9.722924879489899253e-01 -2.324936636604657825e-01 2.437241024557442598e-02
9.713541568155762418e-01 -2.363851466225439235e-01 2.435497153861934314e-02
9.704000071483810386e-01 -2.402737309162658874e-01 2.433845728765917510e-02
9.694300109676396993e-01 -2.441594805617701702e-01 2.432287055584777050e-02
9.684441384301534228e-01 -2.480424592874853895e-01 2.430821416179734101e-02
9.674423578380343391e-01 -2.519227304712103876e-01 2.429449068038357085e-02
9.664246356483373601e-01 -2.558003570814355032e-01 2.428170244371567407e-02
9.653909364835662199e-01 -2.596754016189384839e-01 2.426985154226941888e-02
9.643412231430440462e-01 -2.635479260586875982e-01 2.425893982618093636e-02
9.632754566151353615e-01 -2.674179917920849747e-01 2.424896890669914207e-02
9.621935960903080787e-01 -2.712856595695815609e-01 2.423994015779434505e-02
9.610955989750227246e-01 -2.751509894436950376e-01 2.423185471792062978e-02
9.599814209064346793e-01 -2.790140407124617750e-01 2.422471349192940188e-02
9.588510157678976631e-01 -2.828748718633525838e-01 2.421851715313145734e-02
9.577043357052528183e-01 -2.867335405176820173e-01 2.421326614550474779e-02
9.565413311438900612e-01 -2.905901033755403096e-01 2.420896068604499324e-02
9.553619508065661625e-01 -2.944446161612757629e-01 2.420560076725613782e-02
9.541661417319653449e-01 -2.982971335695556170e-01 2.420318615977758159e-02
9.529538492939858552e-01 -3.021477092120322672e-01 2.420171641514500677e-02
9.517250172217374127e-01 -3.059963955646407552e-01 2.420119086868153385e-02
9.504795876202334348e-01 -3.098432439155536233e-01 2.420160864251583860e-02
9.492175009917611650e-01 -3.136883043138172789e-01 2.420296864872381604e-02
9.479386962579134934e-01 -3.175316255186946823e-01 2.420526959259022837e-02
9.466431107822651514e-01 -3.213732549497370083e-01 2.420850997598674587e-02
9.453306803936760705e-01 -3.252132386376070938e-01 2.421268810086268930e-02
9.440013394102048094e-01 -3.290516211756767118e-01 2.421780207284468522e-02
9.426550206636139517e-01 -3.328884456724182095e-01 2.422384980494142470e-02
9.412916555244502659e-01 -3.367237537046111062e-01 2.423082902134958416e-02
9.399111739276805322e-01 -3.405575852713825791e-01 2.423873726135692894e-02
9.385135043988659387e-01 -3.443899787491007114e-01 2.424757188333854369e-02
9.370985740808556175e-01 -3.482209708471383225e-01 2.425733006884209578e-02
9.356663087609823348e-01 -3.520505965645237545e-01 2.426800882675791624e-02
9.342166328987399071e-01 -3.558788891474952143e-01 2.427960499756970023e-02
9.327494696539250230e-01 -3.597058800479733254e-01 2.429211525768150415e-02
9.312647409152239319e-01 -3.635315988829664891e-01 2.430553612381671641e-02
9.297623673292260138e-01 -3.673560733949224888e-01 2.431986395748458873e-02
9.282422683298440225e-01 -3.711793294130385501e-01 2.433509496950989059e-02
9.267043621681233523e-01 -3.750013908155417908e-01 2.435122522462119035e-02
9.251485659424208974e-01 -3.788222794929507198e-01 2.436825064609325284e-02
9.235747956289344085e-01 -3.826420153123277212e-01 2.438616702043895981e-02
9.219829661125638065e-01 -3.864606160825311831e-01 2.440497000214614590e-02
9.203729912180855788e-01 -3.902780975204754865e-01 2.442465511845474252e-02
9.187447837416212737e-01 -3.940944732184061827e-01 2.444521777416951147e-02
9.170982554823816635e-01 -3.979097546121964091e-01 2.446665325650369816e-02
9.154333172746677016e-01 -4.017239509506694839e-01 2.448895673994888958e-02
9.137498790201102894e-01 -4.055370692659528431e-01 2.451212329116630312e-02
9.120499474239046611e-01 -4.093450631803272621e-01 2.452575789606697282e-02
9.103341406720281137e-01 -4.131465058003504498e-01 2.452992495554349311e-02
9.086030950241611448e-01 -4.169399900539153547e-01 2.452469271417071287e-02
9.068574642604380065e-01 -4.207241293701438067e-01 2.451013315079434915e-02
9.050979191025279036e-01 -4.244975583247488915e-01 2.448632186672972805e-02
9.033251466105756133e-01 -4.282589332502624857e-01 2.445333797178252458e-02
9.015398495575586146e-01 -4.320069328106084239e-01 2.441126396830626405e-02
8.997427457826452368e-01 -4.357402585395885874e-01 2.436018563351344604e-02
8.979345675251552139e-01 -4.394576353429350268e-01 2.430019190025862336e-02
8.961160607407405720e-01 -4.431578119636679913e-01 2.423137473651257659e-02
8.942879844014102186e-01 -4.468395614105847846e-01 2.415382902374683602e-02
8.924511097810281512e-01 -4.505016813497902950e-01 2.406765243444728211e-02
8.906062197279096537e-01 -4.541429944592635937e-01 2.397294530897439713e-02
8.887541079261354060e-01 -4.577623487465373731e-01 2.386981053198596048e-02
8.868955781471892230e-01 -4.613586178296493756e-01 2.375835340863556577e-02
8.850314434935098173e-01 -4.649307011816021795e-01 2.363868154075743702e-02
8.831625256355248865e-01 -4.684775243386468668e-01 2.351090470324443751e-02
8.812896540437100690e-01 -4.719980390727787634e-01 2.337513472082213342e-02
8.794136652171863355e-01 -4.754912235289069922e-01 2.323148534541726734e-02
8.775354019103345227e-01 -4.789560823272278056e-01 2.308007213431391078e-02
8.756557123588697422e-01 -4.823916466313983298e-01 2.292101232928515225e-02
8.737754495067773242e-01 -4.857969741831701938e-01 2.275442473688226927e-02
8.718954702354682063e-01 -4.891711493042024683e-01 2.258042961005710808e-02
8.700166345964652770e-01 -4.925132828658295714e-01 2.239914853128679301e-02
8.681398050488842166e-01 -4.958225122276121999e-01 2.221070429736295843e-02
8.662658457029187575e-01 -4.990980011455491416e-01 2.201522080600057732e-02
8.643956215704903245e-01 -5.023389396508733951e-01 2.181282294441394196e-02
8.625299978241643961e-01 -5.055445439003966035e-01 2.160363647999983400e-02
8.606698390653798603e-01 -5.087140559994055566e-01 2.138778795326001098e-02
8.588160086029821283e-01 -5.118467437981475410e-01 2.116540457308725351e-02
8.569693677429898182e-01 -5.149419006629720741e-01 2.093661411453114074e-02
8.551307750904659777e-01 -5.179988452232241469e-01 2.070154481915156830e-02
8.533010858643068630e-01 -5.210169210950058583e-01 2.046032529805986294e-02
8.514811512256996728e-01 -5.239954965829440869e-01 2.021308443773914623e-02
8.496718176209412388e-01 -5.269339643611170576e-01 1.995995130872739096e-02
8.478739261392501669e-01 -5.298317411343048677e-01 1.970105507723848501e-02
8.460883118861468599e-01 -5.326882672807391472e-01 1.943652491978850594e-02
8.443158033729150080e-01 -5.355030064775313514e-01 1.916648994088643310e-02
8.425572219226031834e-01 -5.382754453099630743e-01 1.889107909384063130e-02
8.408133810929666607e-01 -5.410050928658202141e-01 1.861042110472466496e-02
8.390850861166948560e-01 -5.436914803159503817e-01 1.832464439953843463e-02
8.373731333592159265e-01 -5.463341604822153919e-01 1.803387703459317232e-02
8.356783097943172312e-01 -5.489327073940031276e-01 1.773824663014158740e-02
8.340013924977687232e-01 -5.514867158344515241e-01 1.743788030726742613e-02
8.323431481590882752e-01 -5.539958008775225373e-01 1.713290462804190409e-02
8.307043326115390869e-01 -5.564595974170490900e-01 1.682344553894781977e-02
8.290856903804046940e-01 -5.588777596888598875e-01 1.650962831756585744e-02
8.274879542495429119e-01 -5.612499607870662377e-01 1.619157752251144597e-02
8.259118448461783002e-01 -5.635758921755741335e-01 1.586941694660469471e-02
8.243580702438535468e-01 -5.658552631958617685e-01 1.554326957325035709e-02
8.228248762299866792e-01 -5.680910970841657193e-01 1.522263318998359413e-02
8.213121081628914633e-01 -5.702843022499584080e-01 1.490757128234214759e-02
8.198195916964989838e-01 -5.724357879449154529e-01 1.459814503833118185e-02
8.183471332810061671e-01 -5.745464639903677950e-01 1.429441338132162592e-02
8.168945206616767818e-01 -5.766172405175562510e-01 1.399643300214190728e-02
8.154615233753055303e-01 -5.786490277200136978e-01 1.370425839032429240e-02
8.140478932438848236e-01 -5.806427356174004295e-01 1.341794186447198625e-02
8.126533648650443586e-01 -5.825992738301268847e-01 1.313753360171798779e-02
8.112776560988619323e-01 -5.845195513641009422e-01 1.286308166625133725e-02
8.099204685506687929e-01 -5.864044764049481939e-01 1.259463203689087200e-02
8.085814880495024726e-01 -5.882549561210593803e-01 1.233222863369091288e-02
8.072603851218812521e-01 -5.900718964748319362e-01 1.207591334356743901e-02
8.059568154606010504e-01 -5.918562020414811498e-01 1.182572604493727954e-02
8.046704203882764084e-01 -5.936087758348111976e-01 1.158170463136662387e-02
8.034008273153703250e-01 -5.953305191393455376e-01 1.134388503422880876e-02
8.021476501924780234e-01 -5.970223313482339034e-01 1.111230124437477366e-02
8.009104899566492630e-01 -5.986851098063635801e-01 1.088698533282286308e-02
7.996889349715531337e-01 -6.003197496581204051e-01 1.066796747047781338e-02
7.984825614613076938e-01 -6.019271436992585933e-01 1.045527594689167963e-02
7.972909339378129179e-01 -6.035081822323562495e-01 1.024893718808230630e-02
7.961136056214428436e-01 -6.050637529253484193e-01 1.004897577342756670e-02
7.949501188549683572e-01 -6.065947406726471813e-01 9.855414451656102984e-03
7.938000055105953745e-01 -6.081020274583759377e-01 9.668274155957629762e-03
7.926627873900203847e-01 -6.095864922212620440e-01 9.487574018238078069e-03
7.915379766174148735e-01 -6.110490107207503518e-01 9.313331382546871998e-03
7.904250760252672370e-01 -6.124904554039183324e-01 9.145561817705578564e-03
7.893235795330186821e-01 -6.139116952727908805e-01 8.984279129168893860e-03
7.882329725184458180e-01 -6.153135957516738808e-01 8.829495370150592173e-03
7.871527321817490819e-01 -6.166970185541403859e-01 8.681220852048541006e-03
7.860823279023214649e-01 -6.180628215493264577e-01 8.539464154204260554e-03
7.850212215881782196e-01 -6.194118586272087112e-01 8.404232133033743071e-03
7.839688680180409985e-01 -6.207449795625563649e-01 8.275529930567364703e-03
7.829247151760772017e-01 -6.220630298772694688e-01 8.153360982437704227e-03
7.818882045793056346e-01 -6.233668507008327531e-01 8.037727025354988661e-03
7.808587715976871291e-01 -6.246572786286341827e-01 7.928628104110622965e-03
7.798358457669288812e-01 -6.259351455779152973e-01 7.826062578149908106e-03
7.788188510940367015e-01 -6.272012786411396146e-01 7.730027127755628551e-03
7.778072063556598081e-01 -6.284564999365830351e-01 7.640516759884592723e-03
7.768003253892790116e-01 -6.297016264559694987e-01 7.557524813699549940e-03
7.757976173772958006e-01 -6.309374699089923544e-01 7.481042965839164102e-03
7.747984871240889415e-01 -6.321648365645802237e-01 7.411061235468833705e-03
7.738023353261103132e-01 -6.333845270887834555e-01 7.347567989155213627e-03
7.728085588350992463e-01 -6.345973363791762578e-01 7.290549945607230874e-03
7.718165509145011871e-01 -6.358040533956852425e-01 7.239992180326261517e-03
7.708257014891826131e-01 -6.370054609877723317e-01 7.195878130207909729e-03
7.698353973885411206e-01 -6.382023357179184009e-01 7.158189598137524451e-03
7.688450225831147122e-01 -6.393954476813690224e-01 7.126906757621207650e-03
7.678539584148015296e-01 -6.405855603221197736e-01 7.102008157493599691e-03
7.668615838208059365e-01 -6.417734302451363337e-01 7.083470726743193967e-03
7.658672755514343011e-01 -6.429598070248185859e-01 7.071269779495317938e-03
7.648704083818672617e-01 -6.441454330097334813e-01 7.065379020192243814e-03
7.638703553180433703e-01 -6.453310431236576328e-01 7.065770549009126218e-03
7.628664877967922253e-01 -6.465173646629835957e-01 7.072414867543672275e-03
7.618581758803617543e-01 -6.477051170905601118e-01 7.085280884816555318e-03
7.608447884454895283e-01 -6.488950118260482514e-01 7.104335923618645791e-03
7.598256933671726499e-01 -6.500877520328919301e-01 7.129545727240151065e-03
7.588002576972954216e-01 -6.512840324020109373e-01 7.160874466615684691e-03
7.577678478382798843e-01 -6.524845389323413736e-01 7.198284747918196232e-03
7.567278297119275354e-01 -6.536899487083580595e-01 7.241737620633520965e-03
7.556795689236269764e-01 -6.549009296747267950e-01 7.291192586146117913e-03
7.546224309221036819e-01 -6.561181404082453428e-01 7.346607606865300857e-03
7.535557811548958540e-01 -6.573422298872451108e-01 7.407939115919971208e-03
7.524789852197405482e-01 -6.585738372586336098e-01 7.475142027448526683e-03
7.513914090120613620e-01 -6.598135916027714210e-01 7.548169747509232870e-03
7.502924188687499774e-01 -6.610621116963838473e-01 7.626974185634937883e-03
7.491813817084388427e-01 -6.623200057737214097e-01 7.711505767054539252e-03
7.480576651684640588e-01 -6.635878712861882356e-01 7.801713445602141174e-03
7.469206377387214157e-01 -6.648662946606694879e-01 7.897544717333313674e-03
7.457696688926204187e-01 -6.661558510567958669e-01 7.998945634866312659e-03
7.446041292153441349e-01 -6.674571041233906543e-01 8.105860822464547311e-03
7.434233905296233624e-01 -6.687706057543535421e-01 8.218233491874987057e-03
7.422268260192368405e-01 -6.700968958442420353e-01 8.336005458935556722e-03
7.410138103504491092e-01 -6.714365020438172182e-01 8.459117160962941265e-03
7.397837197916001806e-01 -6.727899395158274398e-01 8.587507674930531035e-03
7.385359323310602964e-01 -6.741577106913088091e-01 8.721114736444594839e-03
7.372698277937645983e-01 -6.755403050266871601e-01 8.859874759525022958e-03
7.359847879565417639e-01 -6.769381987619703667e-01 9.003722857195294374e-03
7.346801966624502134e-01 -6.783518546803234406e-01 9.152592862884608577e-03
7.333554399343353847e-01 -6.797817218693253949e-01 9.306417352643361549e-03
7.320099060878194619e-01 -6.812282354842066345e-01 9.465127668171429906e-03
7.306429858439339453e-01 -6.826918165133711858e-01 9.628653940656964685e-03
7.292540724416030073e-01 -6.841728715465095201e-01 9.796925115421661542e-03
7.278425617501836919e-01 -6.856717925456097262e-01 9.969868977366701246e-03
7.264078523822651290e-01 -6.871889566191765608e-01 1.014741217721184217e-02
7.249493458069271590e-01 -6.887247257999687955e-01 1.032948025851834241e-02
7.234664464636533232e-01 -6.902794468265655015e-01 1.051599768548470461e-02
7.219585618770903990e-01 -6.918534509290727996e-01 1.070688787150246221e-02
7.204251027728416634e-01 -6.934470536192816059e-01 1.090207320845751338e-02
7.188654831944759627e-01 -6.950605544855864570e-01 1.110147509676077428e-02
7.172791206219287785e-01 -6.966942369929738366e-01 1.130501397609025120e-02
7.156654360914670443e-01 -6.983483682883870891e-01 1.151260935682490473e-02
7.140238543173823560e-01 -7.000231990117722347e-01 1.172417985214902793e-02
7.123538038155696750e-01 -7.017189631131076633e-01 1.193964321080420547e-02
7.106547170291440674e-01 -7.034358776757149156e-01 1.215891635046428658e-02
7.089260304562382542e-01 -7.051741427461474254e-01 1.238191539170717219e-02
7.071671847801173083e-01 -7.069339411709477661e-01 1.260855569255568513e-02
7.053776250017385063e-01 -7.087154384405600638e-01 1.283875188355818910e-02
7.035568005748757958e-01 -7.105187825406793500e-01 1.307241790337810780e-02
7.017041655439193448e-01 -7.123441038113147439e-01 1.330946703486002650e-02
6.998191786844530915e-01 -7.141915148138368030e-01 1.354981194153857989e-02
6.979013036467012210e-01 -7.160611102062732769e-01 1.379336470455489773e-02
6.959500091019277246e-01 -7.179529666271111665e-01 1.404003685994403665e-02
6.939647688918619828e-01 -7.198671425878557795e-01 1.428973943625545980e-02
6.919450621812135438e-01 -7.218036783745894747e-01 1.454238299246733181e-02
6.898903736133285003e-01 -7.237625959587661306e-01 1.479787765615417014e-02
6.878001934690320951e-01 -7.257438989174676003e-01 1.505613316186618124e-02
6.856740178286874210e-01 -7.277475723633404225e-01 1.531705888967745989e-02
6.835113487374940844e-01 -7.297735828844226225e-01 1.558056390385917020e-02
6.813116943740372689e-01 -7.318218784940598853e-01 1.584655699163274589e-02
6.790745692220874208e-01 -7.338923885911011746e-01 1.611494670195723691e-02
6.767994942456410090e-01 -7.359850239305543163e-01 1.638564138430395264e-02
6.744859970671817084e-01 -7.380996766048701918e-01 1.665854922737074542e-02
6.721336121491304771e-01 -7.402362200360151911e-01 1.693357829768752168e-02
6.697418809784426719e-01 -7.423945089784795837e-01 1.721063657806380653e-02
6.673103522543006871e-01 -7.445743795333580328e-01 1.748963200582856481e-02
6.648385820788392797e-01 -7.467756491736273761e-01 1.777047251081197848e-02
6.623261341508309696e-01 -7.489981167807350237e-01 1.805306605301832540e-02
6.597725799622503606e-01 -7.512415626925995626e-01 1.833732065993872937e-02
6.571774989976241210e-01 -7.535057487631112716e-01 1.862314446345223612e-02
6.545404789360670383e-01 -7.557904184332110420e-01 1.891044573626345440e-02
6.518611158558924590e-01 -7.580952968136104309e-01 1.919913292782478298e-02
6.491390144416794294e-01 -7.604200907792046937e-01 1.948911469969125121e-02
6.463737881936688634e-01 -7.627644890752184326e-01 1.978029996025602519e-02
6.435650596393533984e-01 -7.651281624351081723e-01 2.007259789881468345e-02
6.407124605471182788e-01 -7.675107637102362990e-01 2.036591801890668199e-02
6.378156321417837171e-01 -7.699119280113160269e-01 2.066017017088267460e-02
6.348742253218918608e-01 -7.723312728616141820e-01 2.095526458364675368e-02
6.318879008785753815e-01 -7.747683983618873782e-01 2.125111189552326280e-02
6.288563297158398235e-01 -7.772228873670115057e-01 2.154762318419833900e-02
6.257791930720848494e-01 -7.796943056742549061e-01 2.184470999568714072e-02
6.226561827426875251e-01 -7.821822022231308402e-01 2.214228437227844584e-02
6.194870013034633471e-01 -7.846861093067526438e-01 2.244025887940929997e-02
6.162713623348200498e-01 -7.872055427946044182e-01 2.273854663142333560e-02
6.130089906464142313e-01 -7.897400023666247826e-01 2.303706131616756192e-02
6.096996225021190652e-01 -7.922889717584938873e-01 2.333571721838359134e-02
6.063430058451094729e-01 -7.948519190179974547e-01 2.363442924185063868e-02
6.029389005228692477e-01 -7.974282967723340665e-01 2.393311293023903802e-02
5.994870785119243983e-01 -8.000175425062199253e-01 2.423168448663454155e-02
5.959873241421063117e-01 -8.026190788506333273e-01 2.453006079169532325e-02
5.924394343201487834e-01 -8.052323138820338677e-01 2.482815942040529286e-02
5.888432187524231809e-01 -8.078566414318780753e-01 2.512589865738922359e-02
5.851985001666184516e-01 -8.104914414062472927e-01 2.542319751075705625e-02
5.815051145321737947e-01 -8.131360801153927342e-01 2.571997572444680719e-02
5.777629112792739274e-01 -8.157899106129943290e-01 2.601615378903760628e-02
5.739717535162204287e-01 -8.184522730449238503e-01 2.631165295100662549e-02
5.701315182449957497e-01 -8.211224950072929518e-01 2.660639522040589636e-02
5.662420965748393709e-01 -8.237998919135628428e-01 2.690030337693747470e-02
5.623033939336610221e-01 -8.264837673704835685e-01 2.719330097440783578e-02
5.583153302771197701e-01 -8.291734135626274149e-01 2.748531234354491259e-02
5.542778402952018846e-01 -8.318681116452750768e-01 2.777626259316387167e-02
5.501959888216106931e-01 -8.345641778846032421e-01 2.805364604763365549e-02
5.460713479931066372e-01 -8.372599330364014492e-01 2.831762021824317868e-02
5.419054915197392130e-01 -8.399537415435922583e-01 2.856834806716223099e-02
5.376999937274601349e-01 -8.426440122762046681e-01 2.880599773837721686e-02
5.334564285836779218e-01 -8.453291991830856889e-01 2.903074228816238458e-02
5.291763687089976465e-01 -8.480078018565579967e-01 2.924275941558774142e-02
5.248613843783537236e-01 -8.506783660114082268e-01 2.944223119355283969e-02
5.205130425146922146e-01 -8.533394838797533355e-01 2.962934380082217489e-02
5.161329056782980595e-01 -8.559897945234935523e-01 2.980428725552339633e-02
5.117225310547915962e-01 -8.586279840662063290e-01 2.996725515055383843e-02
5.072834694447337922e-01 -8.612527858464761321e-01 3.011844439132414439e-02
5.028172642576889118e-01 -8.638629804947836055e-01 3.025805493625023657e-02
4.983254505134916412e-01 -8.664573959361979716e-01 3.038628954038638183e-02
4.938095538533585627e-01 -8.690349073212240150e-01 3.050335350257303221e-02
4.892710895633674006e-01 -8.715944368872549086e-01 3.060945441645337300e-02
4.847115616127071758e-01 -8.741349537531697411e-01 3.070480192569227315e-02
4.801324617089751112e-01 -8.766554736496920963e-01 3.078960748371072087e-02
4.755352683726670748e-01 -8.791550585881934277e-01 3.086408411822784761e-02
4.709214460328729479e-01 -8.816328164706805914e-01 3.092844620088151114e-02
4.662924441460523650e-01 -8.840879006437549759e-01 3.098290922217716847e-02
4.616496963396276021e-01 -8.865195093993641917e-01 3.102768957199344632e-02
4.569946195819907797e-01 -8.889268854251961560e-01 3.106300432585162863e-02
4.523286133803824938e-01 -8.913093152075798331e-01 3.108907103713518666e-02
4.476530590079588756e-01 -8.936661283897652241e-01 3.110610753542465690e-02
4.429693187612258054e-01 -8.959966970884526427e-01 3.111433173109263289e-02
4.382787352488806132e-01 -8.983004351714313218e-01 3.111396142628342076e-02
4.335826307129672652e-01 -9.005767974991687463e-01 3.110521413238226049e-02
4.288823063831173066e-01 -9.028252791331637939e-01 3.108830689405971126e-02
4.241790418645194904e-01 -9.050454145138462358e-01 3.106345611995812647e-02
4.194740945601348470e-01 -9.072367766107596321e-01 3.103087742006906125e-02
4.147686991275509882e-01 -9.093989760477212414e-01 3.099078544983302833e-02
4.100640669707512620e-01 -9.115316602055967277e-01 3.094339376097620525e-02
4.053613857669610687e-01 -9.136345123052693751e-01 3.088891465908264952e-02
4.006618190286241332e-01 -9.157072504733189122e-01 3.082755906788528510e-02
3.959665057004573274e-01 -9.177496267928569873e-01 3.075953640024434513e-02
3.912765597914342752e-01 -9.197614263418932845e-01 3.068505443576814706e-02
3.865930700414540455e-01 -9.217424662215302211e-01 3.060431920501814618e-02
3.819170996223631431e-01 -9.236925945762035628e-01 3.051753488022798666e-02
3.772496858729159630e-01 -9.256116896081068024e-01 3.042490367245486924e-02
3.725918400671822117e-01 -9.274996585878488853e-01 3.032662573507103818e-02
3.679445472158379138e-01 -9.293564368633120409e-01 3.022289907349332005e-02
3.633087658997102287e-01 -9.311819868685867752e-01 3.011391946103976133e-02
3.586854281348859641e-01 -9.329762971347724809e-01 2.999988036079410600e-02
3.540754392686382701e-01 -9.347393813043441968e-01 2.988097285335153050e-02
3.494796779053760405e-01 -9.364712771506941147e-01 2.975738557031227735e-02
3.448989958617757479e-01 -9.381720456043681766e-01 2.962930463338394813e-02
3.403342181502158059e-01 -9.398417697874287269e-01 2.949691359894797762e-02
3.357861429895985239e-01 -9.414805540572854792e-01 2.936039340794126956e-02
3.312555418426154641e-01 -9.430885230612477965e-01 2.921992234090011950e-02
3.267431594784855897e-01 -9.446658208029671266e-01 2.907567597801030343e-02
3.222497140601752741e-01 -9.462126097218517273e-01 2.892782716400466719e-02
3.177758972550923100e-01 -9.477290697864519942e-01 2.877654597774745304e-02
3.133223743682334028e-01 -9.492153976027337681e-01 2.862199970634323604e-02
3.088897844967557482e-01 -9.506718055380771748e-01 2.846435282360731955e-02
3.044787407049373562e-01 -9.520985208617598339e-01 2.830376697273412345e-02
3.000898302184903388e-01 -9.534957849026087784e-01 2.814040095300006719e-02
2.957236146371912122e-01 -9.548638522244327076e-01 2.797441071033797064e-02
2.913806301647975383e-01 -9.562029898197738076e-01 2.780594933162094939e-02
2.870613878552271125e-01 -9.575134763224533163e-01 2.763516704249498190e-02
2.827663738739854549e-01 -9.587956012393161753e-01 2.746221120860106377e-02
2.784960497738397933e-01 -9.600496642015199367e-01 2.728722634002979375e-02
2.742508527837515531e-01 -9.612759742356525861e-01 2.711035409885353617e-02
2.700311961100961833e-01 -9.624748490549052127e-01 2.693173330958382669e-02
2.658374692492169178e-01 -9.636466143704732756e-01 2.675149997240451258e-02
2.616700383103784944e-01 -9.647916032233053718e-01 2.656978727903414397e-02
2.575292463482087846e-01 -9.659101553362731130e-01 2.638672563107432104e-02
2.534154137037379351e-01 -9.670026164867853158e-01 2.620244266070412970e-02
2.493288383531683250e-01 -9.680693378998287413e-01 2.601706325358429592e-02
2.452697962635336792e-01 -9.691106756613762085e-01 2.583070957383844929e-02
2.412385417544301025e-01 -9.701269901520626071e-01 2.564350109098255392e-02
2.372353078650283609e-01 -9.711186455009952478e-01 2.545555460867755804e-02
2.332603067256032170e-01 -9.720860090595316860e-01 2.526698429518419928e-02
2.293137299328421308e-01 -9.730294508948245102e-01 2.507790171540291366e-02
2.253957489282232829e-01 -9.739493433029071667e-01 2.488841586438586551e-02
2.215065153787799668e-01 -9.748460603410659120e-01 2.469863320221219252e-02
2.176461615595961241e-01 -9.757199773792202269e-01 2.450865769012159148e-02
2.138148007374048865e-01 -9.765714706700107106e-01 2.431859082780553002e-02
2.100125275546897707e-01 -9.774009169372750438e-01 2.412853169175937021e-02
2.062394184137149866e-01 -9.782086929825715149e-01 2.393857697460277309e-02
2.024955318599384324e-01 -9.789951753093976139e-01 2.374882102527973646e-02
1.987809089642874616e-01 -9.797607397647323246e-01 2.355935589005361472e-02
1.950955737038035653e-01 -9.805057611975209753e-01 2.337027135421632096e-02
1.914395333401884003e-01 -9.812306131337091841e-01 2.318165498443485947e-02
1.878127787958080164e-01 -9.819356674674230012e-01 2.299359217166200425e-02
1.842152850267377295e-01 -9.826212941678844626e-01 2.280616617454175529e-02
1.806470113924536214e-01 -9.832878610016450027e-01 2.261945816324377814e-02
1.771079020218004618e-01 -9.839357332697128422e-01 2.243354726366460911e-02
1.735978861748888602e-01 -9.845652735591480242e-01 2.224851060193685365e-02
1.701168786005965439e-01 -9.851768415086943342e-01 2.206442334919101952e-02
1.666647798893702292e-01 -9.857707935880156702e-01 2.188135876651787007e-02
1.632414768210454781e-01 -9.863474828901039881e-01 2.169938825008239230e-02
1.598468427074223597e-01 -9.869072589364249470e-01 2.151858137634358667e-02
1.564807377293536139e-01 -9.874504674943695992e-01 2.133900594733722372e-02
1.531430092681213828e-01 -9.879774504065802487e-01 2.116072803598170043e-02
1.498334922308961759e-01 -9.884885454317235975e-01 2.098381203136982787e-02
1.465520093700891091e-01 -9.889840860962837432e-01 2.080832068401217497e-02
1.432983715964251115e-01 -9.894644015569555862e-01 2.063431515100012936e-02
1.400723782855805288e-01 -9.899298164732193150e-01 2.046185504105938607e-02
1.368738175782436284e-01 -9.903806508896844107e-01 2.029099845946694125e-02
1.337024666734711320e-01 -9.908172201277949398e-01 2.012180205280703418e-02
1.305572319984986129e-01 -9.912399191582593749e-01 1.995575242361400173e-02
1.274376841381673064e-01 -9.916490713553821612e-01 1.979283094583594513e-02
1.243433940777498165e-01 -9.920449914870733688e-01 1.963301888483491575e-02
1.212739333223844945e-01 -9.924279858769704532e-01 1.947629741842778553e-02
1.182288740097687529e-01 -9.927983525645401874e-01 1.932264765698877423e-02
1.152077890163585999e-01 -9.931563814630716136e-01 1.917205066264587865e-02
1.122102520573152878e-01 -9.935023545154781921e-01 1.902448746760267498e-02
1.092358377804338587e-01 -9.938365458478369829e-01 1.887993909161607420e-02
1.062841218542818350e-01 -9.941592219205995784e-01 1.873838655865979128e-02
1.033546810507702529e-01 -9.944706416774161672e-01 1.859981091280245996e-02
1.004470933223730045e-01 -9.947710566915221042e-01 1.846419323332848875e-02
9.756093787420432040e-02 -9.950607113096412437e-01 1.833151464912896947e-02
9.469579523115825848e-02 -9.953398427933676240e-01 1.820175635238907227e-02
9.185124730030813645e-02 -9.956086814579911959e-01 1.807489961159763903e-02
8.902687742875801946e-02 -9.958674508087399513e-01 1.795092578390386495e-02
8.622227045713251603e-02 -9.961163676744148043e-01 1.782981632684514303e-02
8.343701276888573770e-02 -9.963556423383983507e-01 1.771155280946946561e-02
8.067069233560450470e-02 -9.965854786670224064e-01 1.759611692287493812e-02
7.792289875847570324e-02 -9.968060742352845560e-01 1.748349049018829704e-02
7.519322330608217697e-02 -9.970176204499058281e-01 1.737365547600351612e-02
7.248125894868656660e-02 -9.972203026697259443e-01 1.726659399530096339e-02
6.978660038915740493e-02 -9.974143003234369198e-01 1.716228832186680181e-02
6.710884409068669509e-02 -9.975997870246554600e-01 1.706072089623168753e-02
6.444758830144366180e-02 -9.977769306843411456e-01 1.696187433314711585e-02
6.180243307630444577e-02 -9.979458936205671815e-01 1.686573142861716099e-02
5.917298029579312613e-02 -9.981068326656542533e-01 1.677227516650265857e-02
5.655883368236488268e-02 -9.982598992706788188e-01 1.668148872471430025e-02
5.395959881415796772e-02 -9.984052396073707092e-01 1.659335548101049246e-02
5.137488313633681303e-02 -9.985429946674151402e-01 1.650785901841521006e-02
4.880429597014468435e-02 -9.986733003591774516e-01 1.642498313027053805e-02
4.624744851978027788e-02 -9.987962876018681158e-01 1.634471182493799080e-02
4.370395387720887870e-02 -9.989120824171695556e-01 1.626702933016218461e-02
4.117342702501498169e-02 -9.990208060183451977e-01 1.619192009710985689e-02
3.865548483739980612e-02 -9.991225748968531883e-01 1.611936880409676684e-02
3.614974607942354062e-02 -9.992175009064893088e-01 1.604936036001441968e-02
3.365583140458893591e-02 -9.993056913450812928e-01 1.598187990746815709e-02
3.117336335085961127e-02 -9.993872490337615266e-01 1.591691282563758095e-02
2.870196633520333968e-02 -9.994622723938421105e-01 1.585444473286989203e-02
2.624126664674757137e-02 -9.995308555213191504e-01 1.579446148901620176e-02
2.379089243863159037e-02 -9.995930882590330357e-01 1.573694919752047922e-02
2.135047371863693644e-02 -9.996490562665112378e-01 1.568189420727033462e-02
1.891964233867501899e-02 -9.996988410875206066e-01 1.562928311421843408e-02
1.649803198320832359e-02 -9.997425202153576995e-01 1.557910276278294363e-02
1.408527815667912769e-02 -9.997801671559042314e-01 1.553134024703495958e-02
1.168101817001727938e-02 -9.998118514884752894e-01 1.548598291168057015e-02
9.284891126296348357e-03 -9.998376389244886253e-01 1.544301835284473366e-02
6.896537905605250839e-03 -9.998575913639831114e-01 1.540243441866386877e-02
4.515601149200408268e-03 -9.998717669500138960e-01 1.536421920969364800e-02
2.141725243001490163e-03 -9.998802201209524565e-01 1.532836107913815825e-02
-2.254436995080882564e-04 -9.998830016607193061e-01 1.529484863290626537e-02
-2.586257854916569187e-03 -9.998801587469771102e-01 1.526367072950067863e-02
-4.941067707997518627e-03 -9.998717349973116342e-01 1.523481647974489657e-02
-7.290222070245778660e-03 -9.998577705134277238e-01 1.520827524635291403e-02
-9.634068098781273931e-03 -9.998383019233880731e-01 1.518403664334626486e-02
-1.197295131556772203e-02 -9.998133624219215365e-01 1.516209053532267641e-02
-1.430721562689471829e-02 -9.997829818088268539e-01 1.514242703658033769e-02
-1.663720334307296558e-02 -9.997471865254995427e-01 1.512503651010149545e-02
-1.896325519829370615e-02 -9.997059996896077161e-01 1.510990956639882664e-02
-2.128571037060454987e-02 -9.996594411279418058e-01 1.509703706222777046e-02
-2.360490650195507661e-02 -9.996075274074656125e-01 1.508641009916774495e-02
-2.592117971826654946e-02 -9.995502718645922213e-01 1.507802002207491929e-02
-2.823486464948112007e-02 -9.994876846327114261e-01 1.507185841740897765e-02
-3.054629444954679376e-02 -9.994197726679920901e-01 1.506791711143605494e-02
-3.285580081629525112e-02 -9.993465397734850875e-01 1.506618816830980305e-02
-3.516371401117044521e-02 -9.992679866215496975e-01 1.506666388803231185e-02
-3.747036287876661514e-02 -9.991841107746292083e-01 1.506933680429639079e-02
-3.977607486613499860e-02 -9.990949067043971565e-01 1.507419968221048248e-02
-4.208117604181912941e-02 -9.990003658092996286e-01 1.508124551590728918e-02
-4.438599111457923463e-02 -9.989004764305150497e-01 1.509046752603695682e-02
-4.669084345176665457e-02 -9.987952238663555526e-01 1.510185915714547938e-02
-4.899605509730967090e-02 -9.986845903851314654e-01 1.511541407493875895e-02
-5.130194678927261359e-02 -9.985685552365025641e-01 1.513112616343258686e-02
-5.360883797695032565e-02 -9.984470946613366316e-01 1.514898952198858069e-02
-5.591704683746044624e-02 -9.983201819000990795e-01 1.516899846223596256e-02
-5.822689029179621556e-02 -9.981877871997940632e-01 1.519114750487883352e-02
-6.053868402030264384e-02 -9.980498778194791809e-01 1.521543137638844620e-02
-6.285274247753912247e-02 -9.979064180343757418e-01 1.524184500557977662e-02
-6.516937890649160403e-02 -9.977573691385953625e-01 1.527038352007151906e-02
-6.748890535209756125e-02 -9.976026894465044315e-01 1.530104224262845980e-02
-6.981163267404695560e-02 -9.974423342927478675e-01 1.533381668738499799e-02
-7.213787055882245336e-02 -9.972762560309532676e-01 1.536870255594841549e-02
-7.446792753094205741e-02 -9.971044040311368706e-01 1.540569573338032572e-02
-7.680211096336714283e-02 -9.969267246758320988e-01 1.544479228405457386e-02
-7.914072708703895342e-02 -9.967431613549624370e-01 1.548598844738966439e-02
-8.148408099950615879e-02 -9.965536544594801871e-01 1.552928063345366747e-02
-8.383247667260623759e-02 -9.963581413737919723e-01 1.557466541843935751e-02
-8.618621695916273140e-02 -9.961565564669934147e-01 1.562213954000720058e-02
-8.854560359866067709e-02 -9.959488310829340829e-01 1.567169989249363529e-02
-9.091093722186180393e-02 -9.957348935291358005e-01 1.572334352198193758e-02
-9.328251735432084579e-02 -9.955146690645856333e-01 1.577706762123279316e-02
-9.566064241876418017e-02 -9.952880798864268685e-01 1.583286952447158710e-02
-9.804560973629128373e-02 -9.950550451155710796e-01 1.589074670202918205e-02
-1.004377155263592586e-01 -9.948154807812543687e-01 1.595069675483292565e-02
-1.028372549055101975e-01 -9.945692998045616573e-01 1.601271740874435009e-02
-1.052445218848007402e-01 -9.943164119809437818e-01 1.607680650873997280e-02
-1.076598093658925476e-01 -9.940567239617520423e-01 1.614296201293140623e-02
-1.100834091357619504e-01 -9.937901392348156282e-01 1.621118198642088060e-02
-1.125156118599866806e-01 -9.935165581040882321e-01 1.628146459498808207e-02
-1.149567070745666220e-01 -9.932358776683904988e-01 1.635380809860412579e-02
-1.174069831762354632e-01 -9.929479917992760640e-01 1.642821084476830604e-02
-1.198663387346173836e-01 -9.926528616753010903e-01 1.650325041872145737e-02
-1.223348207703407742e-01 -9.923504083189775837e-01 1.657887102026816412e-02
-1.248124671371123179e-01 -9.920405529515954335e-01 1.665501649866596087e-02
-1.272993064746044400e-01 -9.917232171049650269e-01 1.673163034095011270e-02
-1.297953581607567408e-01 -9.913983227353539984e-01 1.680865566082899096e-02
-1.323006322636147980e-01 -9.910657923396526403e-01 1.688603518815986679e-02
-1.348151294928321697e-01 -9.907255490737986170e-01 1.696371125901538143e-02
-1.373388411509626206e-01 -9.903775168734866297e-01 1.704162580635122312e-02
-1.398717490846721756e-01 -9.900216205771845690e-01 1.711972035128600522e-02
-1.424138256360018839e-01 -9.896577860514708114e-01 1.719793599500456238e-02
-1.449650335938140744e-01 -9.892859403187050926e-01 1.727621341129628035e-02
-1.475253261455568843e-01 -9.889060116870367345e-01 1.735449283974038054e-02
-1.500946468294827585e-01 -9.885179298827520000e-01 1.743271407955031965e-02
-1.526729294874591414e-01 -9.881216261849534721e-01 1.751081648408983268e-02
-1.552600982185103062e-01 -9.877170335625615749e-01 1.758873895607334162e-02
-1.578560673332308484e-01 -9.873040868136203629e-01 1.766641994346370217e-02
-1.604607413092130341e-01 -9.868827227068843744e-01 1.774379743608055920e-02
-1.630740147476309188e-01 -9.864528801256581270e-01 1.782080896293266811e-02
-1.656957723311255071e-01 -9.860145002138510639e-01 1.789739159028784499e-02
-1.683258887831362849e-01 -9.855675265242069827e-01 1.797348192049426363e-02
-1.709642288288249212e-01 -9.851119051686589856e-01 1.804901609156704667e-02
-1.736106471577381904e-01 -9.846475849707533312e-01 1.812392977755410486e-02
-1.762649883883571911e-01 -9.841745176200812351e-01 1.819815818969537299e-02
-1.789270870346807429e-01 -9.836926578286468992e-01 1.827163607838955955e-02
-1.815967674749910388e-01 -9.832019634890971638e-01 1.834429773598257596e-02
-1.842738439229492931e-01 -9.827023958347264054e-01 1.841607700039183185e-02
-1.869581204011697972e-01 -9.821939196011665318e-01 1.848690725958050673e-02
-1.896493907174196802e-01 -9.816765031896615978e-01 1.855672145689582844e-02
-1.923474384435917839e-01 -9.811501188318209055e-01 1.862545209728534712e-02
-1.950520368975970364e-01 -9.806147427557351248e-01 1.869303125440495081e-02
-1.977629491283219576e-01 -9.800703553533323120e-01 1.875939057863226442e-02
-2.004799279037955961e-01 -9.795169413488441501e-01 1.882446130599878600e-02
-2.032027157027090636e-01 -9.789544899682421919e-01 1.888817426805392691e-02
-2.059310447094291341e-01 -9.783829951094977773e-01 1.895045990267373720e-02
-2.086646368126453821e-01 -9.778024555135103046e-01 1.901124826582678562e-02
-2.114032036077883037e-01 -9.772128749355396549e-01 1.907046904430928155e-02
-2.141464464033536186e-01 -9.766142623169721260e-01 1.912805156946106172e-02
-2.168940562312651199e-01 -9.760066319572384685e-01 1.918392483187358888e-02
-2.196457138614056059e-01 -9.753900036856963940e-01 1.923801749710056519e-02
-2.224010898204420439e-01 -9.747644030332808240e-01 1.929025792238122858e-02
-2.251598444150681444e-01 -9.741298614037162684e-01 1.934057417438566490e-02
-2.279216277597829465e-01 -9.734864162440793889e-01 1.938889404799091706e-02
-2.306860798093208487e-01 -9.728341112144891500e-01 1.943514508609583274e-02
-2.334528303958432471e-01 -9.721729963566965171e-01 1.947925460048187049e-02
-2.362214992709983363e-01 -9.715031282613354469e-01 1.952114969372619607e-02
-2.389916961529494066e-01 -9.708245702335907001e-01 1.956075728217257850e-02
-2.417630207784680629e-01 -9.701373924570301233e-01 1.959800411996457867e-02
-2.445350629601822090e-01 -9.694416721553406058e-01 1.963281682414457635e-02
-2.473074026490633126e-01 -9.687374937517010398e-01 1.966512190082114059e-02
-2.500796100022312229e-01 -9.680249490255172784e-01 1.969484577240607215e-02
-2.528522083747373195e-01 -9.673038254261601132e-01 1.972486402114492429e-02
-2.556252125426279886e-01 -9.665740967983638132e-01 1.975515972287813019e-02
-2.583986344878551056e-01 -9.658357372609315261e-01 1.978571578572221185e-02
-2.611724833812201219e-01 -9.650887212502651247e-01 1.981651494887346973e-02
-2.639467655655876599e-01 -9.643330235643640114e-01 1.984753978147396625e-02
-2.667214845393858225e-01 -9.635686194072941024e-01 1.987877268154317201e-02
-2.694966409404100371e-01 -9.627954844341292118e-01 1.991019587497866797e-02
-2.722722325299485879e-01 -9.620135947963646128e-01 1.994179141462932778e-02
-2.750482541772477085e-01 -9.612229271878035552e-01 1.997354117944443591e-02
-2.778246978443352777e-01 -9.604234588909158488e-01 2.000542687370226655e-02
-2.806015525712218794e-01 -9.596151678236667371e-01 2.003743002632160305e-02
-2.833788044614992674e-01 -9.587980325868141751e-01 2.006953199025979934e-02
-2.861564366683558847e-01 -9.579720325116720669e-01 2.010171394200093234e-02
-2.889344293810304776e-01 -9.571371477083348012e-01 2.013395688113767470e-02
-2.917127598117241205e-01 -9.562933591143593093e-01 2.016624163005052706e-02
-2.944914021829924122e-01 -9.554406485438993180e-01 2.019854883368804241e-02
-2.972703277156391599e-01 -9.545789987372852448e-01 2.023085895945175502e-02
-3.000495046171340885e-01 -9.537083934110428540e-01 2.026315229718948785e-02
-3.028288980705763911e-01 -9.528288173083426793e-01 2.029540895930077513e-02
-3.056084702242272133e-01 -9.519402562498716636e-01 2.032760888095809515e-02
-3.083881801816342749e-01 -9.510426971851168032e-01 2.035973182044770527e-02
-3.111679839923714441e-01 -9.501361282440498046e-01 2.039175735963377409e-02
-3.139478346434173561e-01 -9.492205387892018731e-01 2.042366490454959951e-02
-3.167276820511966129e-01 -9.482959194681152004e-01 2.045543368611965271e-02
-3.195074730543078223e-01 -9.473622622661571624e-01 2.048704276101622618e-02
-3.222871514069626242e-01 -9.464195605596831262e-01 2.051847101265439829e-02
-3.250666577731602391e-01 -9.454678091695314368e-01 2.054969715232909250e-02
-3.278459297216219648e-01 -9.445070044148337063e-01 2.058069972049795041e-02
-3.306249017215104891e-01 -9.435371441671224213e-01 2.061145708821372075e-02
-3.334035051389589444e-01 -9.425582279047164391e-01 2.064194745870987988e-02
-3.361816682344339058e-01 -9.415702567673647216e-01 2.067214886914313376e-02
-3.389593161609582572e-01 -9.405732336111255476e-01 2.070203919249646168e-02
-3.417363709632177948e-01 -9.395671630634603311e-01 2.073159613964628556e-02
-3.445127515775770477e-01 -9.385520515785160667e-01 2.076079726159734892e-02
-3.472883738330288517e-01 -9.375279074925738643e-01 2.078961995188882000e-02
-3.500631504531025451e-01 -9.364947410796349292e-01 2.081804144917510577e-02
-3.528369910587548786e-01 -9.354525646071186751e-01 2.084603883998478388e-02
-3.556098021722687852e-01 -9.344013923916426601e-01 2.087358906166101452e-02
-3.583814872221832148e-01 -9.333412408548554806e-01 2.090066890548673145e-02
-3.611519465492787906e-01 -9.322721285792916479e-01 2.092725501999783896e-02
-3.639210774136423798e-01 -9.311940763642148067e-01 2.095332391448755105e-02
-3.666887740028341169e-01 -9.301071072814176555e-01 2.097885196270493635e-02
-3.694549274411795259e-01 -9.290112467309421529e-01 2.100381540675064912e-02
-3.722194258002097245e-01 -9.279065224966845937e-01 2.102819036117270154e-02
-3.749821541102711930e-01 -9.267929648018484734e-01 2.105195281726509465e-02
-3.777429943733270901e-01 -9.256706063642061721e-01 2.107507864757190985e-02
-3.805018255769709867e-01 -9.245394824511298237e-01 2.109754361059945280e-02
-3.832585237096734487e-01 -9.233996309343505127e-01 2.111932335573887473e-02
-3.860129617772811716e-01 -9.222510923444039443e-01 2.114039342840152644e-02
-3.887650098207880434e-01 -9.210939099247180684e-01 2.116072927536925136e-02
-3.915160437649667369e-01 -9.199273831064760376e-01 2.118484152253342218e-02
-3.942665904959425927e-01 -9.187512583756289875e-01 2.121275740560391379e-02
-3.970171772782011277e-01 -9.175652740982863653e-01 2.124450375616748418e-02
-3.997683316227215733e-01 -9.163691604928366763e-01 2.128010700433709268e-02
-4.025205811536654577e-01 -9.151626395997669583e-01 2.131959318089914415e-02
-4.052744534734484816e-01 -9.139454252491735486e-01 2.136298791894153740e-02
-4.080304760260213826e-01 -9.127172230259622543e-01 2.141031645494481314e-02
-4.107891759581824842e-01 -9.114777302327425890e-01 2.146160362931806564e-02
-4.135510799787418534e-01 -9.102266358504267352e-01 2.151687388636080306e-02
-4.163167142153537670e-01 -9.089636204965504396e-01 2.157615127363126176e-02
-4.190866040688319694e-01 -9.076883563813396005e-01 2.163945944070119060e-02
-4.218612740647584847e-01 -9.064005072615531899e-01 2.170682163727648620e-02
-4.246412477021945242e-01 -9.050997283921402570e-01 2.177826071066255725e-02
-4.274270472992983128e-01 -9.037856664757559777e-01 2.185379910255263319e-02
-4.302191938356526024e-01 -9.024579596101894863e-01 2.193345884511680235e-02
-4.330182067911008126e-01 -9.011162372337633286e-01 2.201726155636888477e-02
-4.358246039808885697e-01 -8.997601200687730394e-01 2.210522843478779018e-02
-4.386389013869042008e-01 -8.983892200630433367e-01 2.219738025316942906e-02
-4.414616129848086268e-01 -8.970031403296866435e-01 2.229373735168474133e-02
-4.442932505668431009e-01 -8.956014750851569728e-01 2.239431963011888349e-02
-4.471343235600995780e-01 -8.941838095857030932e-01 2.249914653926611899e-02
-4.499853388400368859e-01 -8.927497200623337736e-01 2.260823707145448447e-02
-4.528468005390223206e-01 -8.912987736544171202e-01 2.272160975017381568e-02
-4.557192098496768429e-01 -8.898305283420471223e-01 2.283928261878031760e-02
-4.586030648227991668e-01 -8.883445328773208471e-01 2.296127322825038120e-02
-4.614988601596421991e-01 -8.868403267146798274e-01 2.308759862395601270e-02
-4.644070869983129568e-01 -8.853174399404822870e-01 2.321827533143383873e-02
-4.673282326940663700e-01 -8.837753932019820624e-01 2.335331934111930727e-02
-4.702627805932607652e-01 -8.822136976359044036e-01 2.349274609201744760e-02
-4.732112098007417722e-01 -8.806318547968206012e-01 2.363657045428121592e-02
-4.761739949404213967e-01 -8.790293565855351599e-01 2.378480671066828672e-02
-4.791516059088171131e-01 -8.774056851777148891e-01 2.393746853684693143e-02
-4.821445076213159986e-01 -8.757603129530010522e-01 2.409456898052150103e-02
-4.851531597509292082e-01 -8.740927024248612565e-01 2.425612043934794945e-02
-4.881780164593020888e-01 -8.724023061714520910e-01 2.442213463760981029e-02
-4.912195261197465079e-01 -8.706885667677781715e-01 2.459262260162504640e-02
-4.942781310320629728e-01 -8.689509167194505723e-01 2.476759463385431667e-02
-4.973542671289221673e-01 -8.671887783983617259e-01 2.494706028568137446e-02
-5.004483636735780339e-01 -8.654015639806121873e-01 2.513102832883651674e-02
-5.035608429486870818e-01 -8.635886753870410937e-01 2.531950672543438821e-02
-5.066921199360133743e-01 -8.617495042267295791e-01 2.551250259659779140e-02
-5.098426019868010917e-01 -8.598834317438653896e-01 2.571002218963971964e-02
-5.130126884826039513e-01 -8.579898287683740410e-01 2.591207084377637401e-02
-5.162027704863646482e-01 -8.560680556707432887e-01 2.611865295434468576e-02
-5.194132303835455877e-01 -8.541174623214840000e-01 2.632977193549866646e-02
-5.226444415131189514e-01 -8.521373880556938341e-01 2.654543018135982133e-02
-5.258967677882334657e-01 -8.501271616432083400e-01 2.676562902559798812e-02
-5.291705633063836789e-01 -8.480861012648451824e-01 2.699036869942014402e-02
-5.324661719489194311e-01 -8.460135144952697361e-01 2.721964828794602373e-02
-5.357839269697447504e-01 -8.439086982930305014e-01 2.745346568495098463e-02
-5.391241505730682837e-01 -8.417709389983346613e-01 2.769181754595812298e-02
-5.424871534800802531e-01 -8.395995123391585269e-01 2.793469923966351853e-02
-5.458732344844500206e-01 -8.373936834463069356e-01 2.818210479768048712e-02
-5.492826799965517814e-01 -8.351527068780608687e-01 2.843402686259089568e-02
-5.527157635763463306e-01 -8.328758266550747580e-01 2.869045663429397458e-02
-5.561727454548662797e-01 -8.305622763062079361e-01 2.895138381464569879e-02
-5.596538720442746362e-01 -8.282112789259974406e-01 2.921679655038452589e-02
-5.631593754364888627e-01 -8.258220472445035876e-01 2.948668137434240152e-02
-5.666894728903880685e-01 -8.233937837102819346e-01 2.976102314494314879e-02
-5.702443663076485203e-01 -8.209256805872587881e-01 3.003980498399386884e-02
-5.738242416972813009e-01 -8.184169200663092836e-01 3.032300821277875841e-02
-5.774292686289758114e-01 -8.158666743923606024e-01 3.061061228646875035e-02
-5.810595996753880055e-01 -8.132741060078639839e-01 3.090259472686466419e-02
-5.847153698435442193e-01 -8.106383677135013954e-01 3.119893105349617890e-02
-5.883966959955723164e-01 -8.079586028470121528e-01 3.149959471310374154e-02
-5.921036762590075053e-01 -8.052339454810474306e-01 3.180455700753567760e-02
-5.958363894269654848e-01 -8.024635206409757027e-01 3.211378702009835828e-02
-5.995948943485174265e-01 -7.996464445435850221e-01 3.242725154040281693e-02
-6.033792293096486015e-01 -7.967818248576409301e-01 3.274491498775761178e-02
-6.071894114052316382e-01 -7.938687609872763229e-01 3.306673933316388314e-02
-6.110254359024975823e-01 -7.909063443792030412e-01 3.339268401997547153e-02
-6.148872755965394399e-01 -7.878936588547472697e-01 3.372270588329399910e-02
-6.187748801584432856e-01 -7.848297809677211578e-01 3.405675906817625526e-02
-6.226881754766981913e-01 -7.817137803891511805e-01 3.439479494673903376e-02
-6.266270629925988489e-01 -7.785447203198900823e-01 3.473676203425458270e-02
-6.305914190304197087e-01 -7.753216579321412505e-01 3.508260590433845416e-02
-6.345810941232056246e-01 -7.720436448409274677e-01 3.543226910334015128e-02
-6.385959123350936073e-01 -7.687097276065301132e-01 3.578569106405623396e-02
-6.426356705811514525e-01 -7.653189482689228829e-01 3.614280801889497435e-02
-6.467001379457947285e-01 -7.618703449152116614e-01 3.650355291263133323e-02
-6.507890550009181041e-01 -7.583629522810806378e-01 3.686785531490131135e-02
-6.549021331249571531e-01 -7.547958023872277655e-01 3.723564133259492370e-02
-6.590390538241768237e-01 -7.511679252117512418e-01 3.760683352231784099e-02
-6.631994680575663548e-01 -7.474783493994207051e-01 3.798135080310256761e-02
-6.673829955668026948e-01 -7.437261030087395364e-01 3.835910836956132192e-02
-6.715892242128337353e-01 -7.399102142976643481e-01 3.874001760568405311e-02
-6.758177093207172748e-01 -7.360297125488093339e-01 3.912398599949668682e-02
-6.800679730344412199e-01 -7.320836289349139658e-01 3.951091705880636212e-02
-6.843395036835402401e-01 -7.280709974252993488e-01 3.990071022827233749e-02
-6.886317551634135725e-01 -7.239908557339782558e-01 4.029326080805314264e-02
-6.929441463313383842e-01 -7.198422463100193625e-01 4.068845987429250965e-02
-6.972760604202637991e-01 -7.156242173706889309e-01 4.108619420171868292e-02
-7.016268444725594078e-01 -7.113358239778173608e-01 4.148634618864345536e-02
-7.059958087959812278e-01 -7.069761291577454365e-01 4.188879378465925479e-02
-7.103822264442046786e-01 -7.025442050651129478e-01 4.229341042134408812e-02
-7.147853327243584021e-01 -6.980391341906478919e-01 4.270006494629556559e-02
-7.192043247340769163e-01 -6.934600106130011099e-01 4.310862156082634344e-02
-7.236383609306689113e-01 -6.888059412945557458e-01 4.351893976166393979e-02
-7.280865607350731628e-01 -6.840760474210079156e-01 4.393087428700816199e-02
-7.325480041733470893e-01 -6.792694657843837414e-01 4.434427506730902191e-02
-7.370198262356040253e-01 -6.743879976543871724e-01 4.475047100080824930e-02
-7.415001799871713262e-01 -6.694318720809898648e-01 4.514921952223244911e-02
-7.459871986379116304e-01 -6.644013720251259469e-01 4.554027475481408488e-02
-7.504789968912427556e-01 -6.592968360263561367e-01 4.592338771206800480e-02
-7.549736723771375280e-01 -6.541186598337602742e-01 4.629830651160087018e-02
-7.594693071688960462e-01 -6.488672979950173003e-01 4.666477660094356383e-02
-7.639639693831914435e-01 -6.435432653985289075e-01 4.702254099535895654e-02
-7.684557148625864587e-01 -6.381471387633556036e-01 4.737134052753805280e-02
-7.729425889394024862e-01 -6.326795580716634282e-01 4.771091410905647923e-02
-7.774226282794939324e-01 -6.271412279383308253e-01 4.804099900342079232e-02
-7.818938628041445238e-01 -6.215329189123304232e-01 4.836133111049010364e-02
-7.863543176879549401e-01 -6.158554687044953679e-01 4.867164526201353536e-02
-7.908020154302368709e-01 -6.101097833362891798e-01 4.897167552797776491e-02
-7.952349779970693255e-01 -6.042968382042368525e-01 4.926115553341209319e-02
-7.996512290308057658e-01 -5.984176790547353075e-01 4.953981878525084287e-02
-8.040487961234575875e-01 -5.924734228640484712e-01 4.980739900880492427e-02
-8.084257131500056648e-01 -5.864652586184044836e-01 5.006363049334641019e-02
-8.127800226573288489e-01 -5.803944479892537700e-01 5.030824844626189535e-02
-8.171097783040720541e-01 -5.742623258989129065e-01 5.054098935518286373e-02
-8.214130473464167359e-01 -5.680703009720143859e-01 5.076159135745436646e-02
-8.256879131643679592e-01 -5.618198558684064370e-01 5.096979461625737728e-02
-8.299324778228266419e-01 -5.555125474933962915e-01 5.116534170265542303e-02
-8.341448646613899287e-01 -5.491500070815098500e-01 5.134797798279303049e-02
-8.383232209065031304e-01 -5.427339401502460081e-01 5.151745200943219638e-02
-8.424657202992925642e-01 -5.362661263206364159e-01 5.167351591697402768e-02
-8.465705657321246358e-01 -5.297484190017781591e-01 5.181592581907613210e-02
-8.506359918866834846e-01 -5.231827449368915417e-01 5.194444220794247613e-02
-8.546602678661202601e-01 -5.165711036088598274e-01 5.205883035433175182e-02
-8.586416998136232603e-01 -5.099155665036357865e-01 5.215886070730302304e-02
-8.625786335095749768e-01 -5.032182762303483159e-01 5.224430929269364282e-02
-8.664694569393142087e-01 -4.964814454974098012e-01 5.231495810930476137e-02
-8.703126028234003941e-01 -4.897073559444051760e-01 5.237059552175414578e-02
-8.741065511021969270e-01 -4.828983568300427298e-01 5.241101664894478457e-02
-8.778498313665362707e-01 -4.760568635769527046e-01 5.243602374709123437e-02
-8.815410252262211310e-01 -4.691853561746371359e-01 5.244542658624361253e-02
-8.851787686081379336e-01 -4.622863774423967564e-01 5.243904281925237942e-02
-8.887617539758240204e-01 -4.553625311545863030e-01 5.241669834212493717e-02
-8.922887324624323435e-01 -4.484164800310743160e-01 5.237822764473829690e-02
-8.957585159091796534e-01 -4.414509435963070438e-01 5.232347415089028814e-02
-8.991699788015471428e-01 -4.344686959108906565e-01 5.225229054669523060e-02
-9.025220600957232220e-01 -4.274725631801127856e-01 5.216453909635851427e-02
-9.058137649280414427e-01 -4.204654212443184047e-01 5.206009194439813886e-02
-9.090441662004634660e-01 -4.134501929565310707e-01 5.193883140341980231e-02
-9.122124060354969144e-01 -4.064298454531705129e-01 5.180065022659548907e-02
-9.153176970943092128e-01 -3.994073873241520967e-01 5.164545186404352617e-02
-9.183593237522079678e-01 -3.923858656890648056e-01 5.147315070236038043e-02
-9.213366431260997524e-01 -3.853683631865075787e-01 5.128367228661118854e-02
-9.242490859490091193e-01 -3.783579948840143925e-01 5.107695352414630408e-02
