1.000000000000000000e+00 0.000000000000000000e+00 0.000000000000000000e+00
1.000000000000000000e+00 0.000000000000000000e+00 0.000000000000000000e+00
1.000000000000000000e+00 0.000000000000000000e+00 0.000000000000000000e+00
1.000000000000000000e+00 0.000000000000000000e+00 0.000000000000000000e+00
1.000000000000000000e+00 0.000000000000000000e+00 0.000000000000000000e+00
1.000000000000000000e+00 0.000000000000000000e+00 0.000000000000000000e+00
1.000000000000000000e+00 0.000000000000000000e+00 0.000000000000000000e+00
1.000000000000000000e+00 0.000000000000000000e+00 0.000000000000000000e+00
1.000000000000000000e+00 0.000000000000000000e+00 0.000000000000000000e+00
1.000000000000000000e+00 0.000000000000000000e+00 0.000000000000000000e+00
1.000000000000000000e+00 0.000000000000000000e+00 0.000000000000000000e+00
1.000000000000000000e+00 0.000000000000000000e+00 0.000000000000000000e+00
1.000000000000000000e+00 0.000000000000000000e+00 0.000000000000000000e+00
1.000000000000000000e+00 0.000000000000000000e+00 0.000000000000000000e+00
1.000000000000000000e+00 0.000000000000000000e+00 0.000000000000000000e+00
1.000000000000000000e+00 0.000000000000000000e+00 0.000000000000000000e+00
1.000000000000000000e+00 0.000000000000000000e+00 0.000000000000000000e+00
1.000000000000000000e+00 0.000000000000000000e+00 0.000000000000000000e+00
1.000000000000000000e+00 0.000000000000000000e+00 0.000000000000000000e+00
1.000000000000000000e+00 0.000000000000000000e+00 0.000000000000000000e+00
1.000000000000000000e+00 0.000000000000000000e+00 0.000000000000000000e+00
1.000000000000000000e+00 0.000000000000000000e+00 0.000000000000000000e+00
1.000000000000000000e+00 0.000000000000000000e+00 0.000000000000000000e+00
1.000000000000000000e+00 0.000000000000000000e+00 0.000000000000000000e+00
1.000000000000000000e+00 0.000000000000000000e+00 0.000000000000000000e+00
1.000000000000000000e+00 0.000000000000000000e+00 0.000000000000000000e+00
1.000000000000000000e+00 0.000000000000000000e+00 0.000000000000000000e+00
1.000000000000000000e+00 0.000000000000000000e+00 0.000000000000000000e+00
1.000000000000000000e+00 0.000000000000000000e+00 0.000000000000000000e+00
1.000000000000000000e+00 0.000000000000000000e+00 0.000000000000000000e+00
1.000000000000000000e+00 0.000000000000000000e+00 0.000000000000000000e+00
1.000000000000000000e+00 0.000000000000000000e+00 0.000000000000000000e+00
1.000000000000000000e+00 0.000000000000000000e+00 0.000000000000000000e+00
1.000000000000000000e+00 0.000000000000000000e+00 0.000000000000000000e+00
1.000000000000000000e+00 0.000000000000000000e+00 0.000000000000000000e+00
1.000000000000000000e+00 0.000000000000000000e+00 0.000000000000000000e+00
1.000000000000000000e+00 0.000000000000000000e+00 0.000000000000000000e+00
1.000000000000000000e+00 0.000000000000000000e+00 0.000000000000000000e+00
1.000000000000000000e+00 0.000000000000000000e+00 0.000000000000000000e+00
1.000000000000000000e+00 0.000000000000000000e+00 0.000000000000000000e+00
1.000000000000000000e+00 0.000000000000000000e+00 0.000000000000000000e+00
1.000000000000000000e+00 0.000000000000000000e+00 0.000000000000000000e+00
1.000000000000000000e+00 0.000000000000000000e+00 0.000000000000000000e+00
1.000000000000000000e+00 0.000000000000000000e+00 0.000000000000000000e+00
1.000000000000000000e+00 0.000000000000000000e+00 0.000000000000000000e+00
1.000000000000000000e+00 0.000000000000000000e+00 0.000000000000000000e+00
1.000000000000000000e+00 0.000000000000000000e+00 0.000000000000000000e+00
1.000000000000000000e+00 0.000000000000000000e+00 0.000000000000000000e+00
1.000000000000000000e+00 0.000000000000000000e+00 0.000000000000000000e+00
1.000000000000000000e+00 0.000000000000000000e+00 0.000000000000000000e+00
1.000000000000000000e+00 0.000000000000000000e+00 0.000000000000000000e+00
1.000000000000000000e+00 0.000000000000000000e+00 0.000000000000000000e+00
9.999999992776044122e-01 1.720660786642995909e-05 -3.389316941993062864e-05
9.999999929236559337e-01 6.212860050127533154e-05 -1.014537086953916703e-04
9.999999689764107469e-01 1.451953060715636371e-04 -2.024003547581837534e-04
9.999999051266280636e-01 2.767394494433302304e-04 -3.363970225269126250e-04
9.999997644342256686e-01 4.669802072034471944e-04 -5.030535331079983349e-04
9.999994901084718890e-01 7.260064954033623903e-04 -7.019264261528141693e-04
9.999989994123968939e-01 1.063760510994669721e-03 -9.325198535644340118e-04
9.999981767603077776e-01 1.490021545522072404e-03 -1.194286551550150953e-03
9.999968660849414270e-01 2.014390087061831720e-03 -1.486628887879184709e-03
9.999948625578355399e-01 2.646272223716251547e-03 -1.808899981133044481e-03
9.999919037529017007e-01 3.394864359274525970e-03 -2.160404888731549608e-03
9.999876603489107341e-01 4.269138249007508636e-03 -2.540401860581623615e-03
9.999817264716199805e-01 5.277826361059775179e-03 -2.948103655328127796e-03
9.999736097805603796e-01 6.429407566617219988e-03 -3.382678916383972251e-03
9.999627214090358596e-01 7.732093160040435544e-03 -3.843253605176712162e-03
9.999483658686577625e-01 9.193813208537227749e-03 -4.328912489365346720e-03
9.999297310317253329e-01 1.082220322977018277e-02 -4.838700684147164734e-03
9.999058783059662225e-01 1.262459119511818474e-02 -5.371625245181809415e-03
9.998757331165541995e-01 1.460798485618667979e-02 -5.926656812098643305e-03
9.998380758099297827e-01 1.677905939263248103e-02 -6.502731302013111010e-03
9.997915330927503730e-01 1.914414538046624661e-02 -7.098751652946364878e-03
9.997345701172924981e-01 2.170921708173822323e-02 -7.713589617507331589e-03
9.996654833218183711e-01 2.447988105890603477e-02 -8.346087607644462822e-03
9.995823941307936389e-01 2.746136512021921106e-02 -8.995060591692118079e-03
9.994832436154125199e-01 3.065850760611089909e-02 -9.659298045310201961e-03
9.993657882096397271e-01 3.407574703082567880e-02 -1.033756595823173176e-02
9.992275965709218610e-01 3.771711209828139399e-02 -1.102860889897831764e-02
9.990660476678557833e-01 4.158621211639541848e-02 -1.173115213986553572e-02
9.988783301694298400e-01 4.568622783972083740e-02 -1.244390384468722910e-02
9.986614432019867982e-01 5.001990277614036529e-02 -1.316555732142936884e-02
9.984121985308063163e-01 5.458953499944789456e-02 -1.389479334221135724e-02
9.981272242131868921e-01 5.939696951578984224e-02 -1.463028253237803888e-02
9.978029697591517255e-01 6.444359123801098044e-02 -1.537068783026396095e-02
9.974357128244389914e-01 6.973031862781420287e-02 -1.611466701861932055e-02
9.970215674483160484e-01 7.525759807115581235e-02 -1.686087532802375138e-02
9.965564938360287339e-01 8.102539905730829495e-02 -1.760796811182131771e-02
9.960363096724340615e-01 8.703321023638094234e-02 -1.835460359119244975e-02
9.954567029396504951e-01 9.328003643364546349e-02 -1.909944566794306159e-02
9.948132461974886764e-01 9.976439670162372264e-02 -1.984116680144833861e-02
9.941014122711135936e-01 1.064843234924204018e-01 -2.057845094495136529e-02
9.933165912759627236e-01 1.134373630330981902e-01 -2.130999653510105840e-02
9.924541088955465273e-01 1.206205769858834098e-01 -2.203451952723845322e-02
9.915092458135467135e-01 1.280305454725617353e-01 -2.275075646752626121e-02
9.904772581877705484e-01 1.356633715385019978e-01 -2.345746759158753511e-02
9.893533990401990330e-01 1.435146871262807933e-01 -2.415343993790048521e-02
9.881329404247728432e-01 1.515796606218476339e-01 -2.483749046281503656e-02
9.868111962228806044e-01 1.598530060275760722e-01 -2.550846914274068969e-02
9.853835454059535204e-01 1.683289938064251035e-01 -2.616526204783314186e-02
9.838454555953148883e-01 1.770014634298576472e-01 -2.680679437040759186e-02
9.821925067416721333e-01 1.858638376492283972e-01 -2.743203339035742844e-02
9.804246538548972989e-01 1.948925871060070980e-01 -2.800679599951149540e-02
9.785403754209058835e-01 2.040704472160081717e-01 -2.853049892719001709e-02
9.765386933665355373e-01 2.133800096338893670e-01 -2.900267348359474723e-02
9.744191964659674188e-01 2.228037744902294504e-01 -2.942296622917833088e-02
9.721820590689320696e-01 2.323242033060043121e-01 -2.979113912029097977e-02
9.698280550143018042e-01 2.419237721888826964e-01 -3.010706911796848587e-02
9.673585666471828937e-01 2.515850249019667695e-01 -3.037074725303203979e-02
9.647755889130193996e-01 2.612906253884614283e-01 -3.058227714718931775e-02
9.620817285575626876e-01 2.710234093354301210e-01 -3.074187299642618804e-02
9.592801985158723177e-01 2.807664343662791273e-01 -3.084985702952652495e-02
9.563748076258666853e-01 2.905030284647457384e-01 -3.090665646092367880e-02
9.533699458514309777e-01 3.002168362526317913e-01 -3.091279996314688638e-02
9.502705652458974805e-01 3.098918627688682648e-01 -3.086891368976413946e-02
9.470821569281024921e-01 3.195125144281306673e-01 -3.077571688483679915e-02
9.438107243795703649e-01 3.290636368724634830e-01 -3.063401711940218208e-02
9.404627534021818835e-01 3.385305494684336947e-01 -3.044470519931664898e-02
9.370451791005819375e-01 3.478990762443812668e-01 -3.020874979186933054e-02
9.335653502723468833e-01 3.571555731064943173e-01 -2.992719182088056720e-02
9.300309916014751765e-01 3.662869512178180686e-01 -2.960113868151253644e-02
9.264501640571429775e-01 3.752806964700372561e-01 -2.923175832674468344e-02
9.228312239000517891e-01 3.841248850231067657e-01 -2.882027327742231471e-02
9.191827806933942080e-01 3.928081949317617227e-01 -2.836795460700843388e-02
9.155136547048743356e-01 4.013199139198982968e-01 -2.787611595070544485e-02
9.118328340708341528e-01 4.096499434031534159e-01 -2.734610758652587098e-02
9.081494320739162962e-01 4.177887988961905830e-01 -2.677931063324996350e-02
9.044726448624541559e-01 4.257276069737915836e-01 -2.617713140709053768e-02
9.008117099135574124e-01 4.334580989835321030e-01 -2.554099597537336577e-02
8.971758655133297289e-01 4.409726017323694625e-01 -2.487234494171901289e-02
8.935743114974588064e-01 4.482640253897710036e-01 -2.417262849316285933e-02
8.900161714642069732e-01 4.553258488660437697e-01 -2.344330173545581750e-02
8.865104566402074449e-01 4.621521029363579447e-01 -2.268582033852622332e-02
8.830660315480047817e-01 4.687373513887317933e-01 -2.190163650982579480e-02
8.796915815934784888e-01 4.750766704781785865e-01 -2.109219530909417495e-02
8.763955826616184330e-01 4.811656269695707699e-01 -2.025893131401530420e-02
8.731862727809656111e-01 4.870002550488680693e-01 -1.940326564235365231e-02
8.700716258907221778e-01 4.925770323765191749e-01 -1.852660333249030178e-02
8.670593277203374472e-01 4.978928555484490870e-01 -1.763033108085996017e-02
8.641567537694792023e-01 5.029450152194476775e-01 -1.671581533164432851e-02
8.613709493568542097e-01 5.077311711313555742e-01 -1.578440071122082580e-02
8.587086116894142584e-01 5.122493272745537451e-01 -1.483740879730711774e-02
8.561760738891158740e-01 5.164978073962520622e-01 -1.387613721048326990e-02
8.537792909025659904e-01 5.204752310532532178e-01 -1.290185901381076840e-02
8.515238272095292382e-01 5.241804903905431523e-01 -1.191582240459230710e-02
8.494148462393016352e-01 5.276127278104836282e-01 -1.091925068091484027e-02
8.474571013992485691e-01 5.307713146807920834e-01 -9.913342464474792295e-03
8.456549286172188040e-01 5.336558312130830206e-01 -8.899272160279239272e-03
8.440122402989220785e-01 5.362660476276815968e-01 -7.878190633129890721e-03
8.425325206025169322e-01 5.386019067048291031e-01 -6.851226080305951316e-03
8.412188219354240770e-01 5.406635078073853684e-01 -5.819485079545334838e-03
8.400737625825650534e-01 5.424510924457629502e-01 -4.784053791259578609e-03
8.390915419369694428e-01 5.439771496188657851e-01 -3.774437516526471179e-03
8.382691647374675981e-01 5.452494993205093676e-01 -2.791481904975781983e-03
8.376032187367827841e-01 5.462760094223124696e-01 -1.836006227394254521e-03
8.370898994388484837e-01 5.470645992561052884e-01 -9.088047293682633039e-04
8.367250346955664719e-01 5.476232442394002309e-01 -1.064777128460792609e-05
8.365041091282314767e-01 5.479599813574738132e-01 8.577172493864762331e-04
8.364222883440164402e-01 5.480829153188719882e-01 1.695565195574904368e-03
8.364744429215659194e-01 5.480002252051350276e-01 2.502192707990880637e-03
8.366551721419989152e-01 5.477201714401761512e-01 3.276917940714877374e-03
8.369588274425985297e-01 5.472511029099891289e-01 4.019080511590970503e-03
8.373795355702982057e-01 5.466014640691680970e-01 4.728041662389543924e-03
8.379112214109054602e-01 5.457798018770754211e-01 5.403184622166709757e-03
8.385476304679824189e-01 5.447947724133670455e-01 6.043915165795583390e-03
8.392823509625791933e-01 5.436551470299767486e-01 6.649662358277708477e-03
8.401088355217487535e-01 5.423698179045535195e-01 7.219879474161651142e-03
8.410204224201205392e-01 5.409478028687398909e-01 7.754045080201442050e-03
8.420103563349280451e-01 5.393982493935572942e-01 8.251664268282631054e-03
8.430718085709357767e-01 5.377304376235196859e-01 8.712270024631842830e-03
8.441978967078458407e-01 5.359537823609081819e-01 9.135424720411101929e-03
8.453817036191341172e-01 5.340778339118787965e-01 9.520721707985910567e-03
8.466162958080132306e-01 5.321122777167167639e-01 9.867787006451409978e-03
8.478947410034869403e-01 5.300669326975446793e-01 1.017628105940945014e-02
8.492101249573635879e-01 5.279517482680898821e-01 1.044590054751640303e-02
8.505555673817629669e-01 5.257767999616604904e-01 1.067638023797205619e-02
8.519242369661724767e-01 5.235522836451946826e-01 1.086749485289826081e-02
8.533093654135756045e-01 5.212885082990617036e-01 1.101906093846554205e-02
8.547042604366625884e-01 5.189958873541162809e-01 1.113093871666894462e-02
8.561023176576834093e-01 5.166849285892531896e-01 1.120303390183182389e-02
8.574970313591582238e-01 5.143662226042773344e-01 1.123529946422755638e-02
8.588820040374299802e-01 5.120504298942022414e-01 1.122773732365190021e-02
8.602509547169198134e-01 5.097482665620138853e-01 1.118039995634904048e-02
8.615977259899029184e-01 5.074704887173993040e-01 1.109339189938632515e-02
8.629162897546094335e-01 5.052278756188370856e-01 1.096687113737888387e-02
8.642007516334049289e-01 5.030312116257049659e-01 1.080105035737636242e-02
8.654453540626255714e-01 5.008912670355956109e-01 1.059619805872913899e-02
8.666444780562337913e-01 4.988187778897785751e-01 1.035263950583842872e-02
8.677926436566893997e-01 4.968244248366525673e-01 1.007075751285015260e-02
8.688845090981678343e-01 4.949188111490561148e-01 9.750993050562187583e-03
8.699148687193450913e-01 4.931124399964204041e-01 9.393845667063640062e-03
8.708786496752487505e-01 4.914156910769469921e-01 8.999873714898010829e-03
8.717709075099755456e-01 4.898387967182791791e-01 8.569694378824497041e-03
8.725868206642259928e-01 4.883918175575346354e-01 8.103983499528451956e-03
8.733216840034259132e-01 4.870846179131109177e-01 7.603475189889521806e-03
8.739709014635191897e-01 4.859268409614211914e-01 7.068961241641296724e-03
8.745299779221520353e-01 4.849278838317231943e-01 6.501290321438221373e-03
8.749945104127596629e-01 4.840968727315507203e-01 5.901366956474434280e-03
8.753601788078517743e-01 4.834426382140204481e-01 5.270150310867368661e-03
8.756227361054277347e-01 4.829736906965627075e-01 4.608652755020871752e-03
8.757779984587981126e-01 4.826981963384998076e-01 3.917938231114896468e-03
8.758218350950277564e-01 4.826239533824650541e-01 3.199120418730399922e-03
8.757645379905926175e-01 4.827319770274626776e-01 2.512755598675302671e-03
8.756111068862221236e-01 4.830131808712005426e-01 1.859623454168292302e-03
8.753665536133693470e-01 4.834582295514797678e-01 1.240444377471822080e-03
8.750359109421625980e-01 4.840575647636087275e-01 6.558787370065818868e-04
8.746242408472192364e-01 4.848014311109479224e-01 1.065263611010440481e-04
8.741366420829018713e-01 4.856799016887600740e-01 -4.070737643476897254e-04
8.735782569699303002e-01 4.866829033026524032e-01 -8.844435880026558453e-04
8.729542773062889394e-01 4.878002412245475705e-01 -1.325165879706083696e-03
8.722699493269147064e-01 4.890216233913595167e-01 -1.728883917303630042e-03
8.715305776485516853e-01 4.903366839544219258e-01 -2.095300980407804013e-03
8.707415281482411284e-01 4.917350060912555887e-01 -2.424179658847945215e-03
8.699082297360191118e-01 4.932061439954810722e-01 -2.715340984550267383e-03
8.690361749943559255e-01 4.947396439655937228e-01 -2.968663396558438722e-03
8.681309196685413898e-01 4.963250645189098420e-01 -3.184081549830850184e-03
8.671980810034586318e-01 4.979519954632455336e-01 -3.361584979323090430e-03
8.662433349328645393e-01 4.996100758657659457e-01 -3.501216631671671704e-03
8.652724121372954436e-01 5.012890108658991650e-01 -3.603071277526887113e-03
8.642910929959412014e-01 5.029785872871860297e-01 -3.667293818228928911e-03
8.633052014661956042e-01 5.046686880113656626e-01 -3.694077501073392885e-03
8.623205979320357484e-01 5.063493050868073109e-01 -3.683662057862629926e-03
8.613431710688506104e-01 5.080105515525015214e-01 -3.636331781782255277e-03
8.603788287778120214e-01 5.096426719681413919e-01 -3.552413557873136066e-03
8.594334882473378956e-01 5.112360516502629793e-01 -3.432274862485649655e-03
8.585130652026492504e-01 5.127812246238891980e-01 -3.276321747103796370e-03
8.576234624068916901e-01 5.142688803085434524e-01 -3.084996821812294870e-03
8.567705574788149203e-01 5.156898689667863689e-01 -2.858777253451935067e-03
8.559601900926345763e-01 5.170352059525019639e-01 -2.598172793170425328e-03
8.551981486255055831e-01 5.182960748049438848e-01 -2.303723847632131293e-03
8.544901563170924641e-01 5.194638292429836213e-01 -1.975999607605832820e-03
8.538418570041147460e-01 5.205299941220205007e-01 -1.615596247011172109e-03
8.532588004905732326e-01 5.214862654235695727e-01 -1.223135204778593148e-03
8.527464276117238118e-01 5.223245093545934026e-01 -7.992615610715706094e-04
8.523100550468671877e-01 5.230367606401562508e-01 -3.446425185412208513e-04
8.519548599327734228e-01 5.236152200989282468e-01 1.400340016605551379e-04
8.516858643261693285e-01 5.240522515964347594e-01 6.540606403851157401e-04
8.515079195602940354e-01 5.243403784757186825e-01 1.196711749836864951e-03
8.514256905371792028e-01 5.244722795692626782e-01 1.767244405194569800e-03
8.514436399941439637e-01 5.244407848995943366e-01 2.364899273065778490e-03
8.515660127801034651e-01 5.242388711789812694e-01 2.988901332504882540e-03
8.517968201747763146e-01 5.238596572210167945e-01 3.638460445523030405e-03
8.521398242818212232e-01 5.232963993787069779e-01 4.312771775240694522e-03
8.525985225254200106e-01 5.225424871249003678e-01 5.011016051078048122e-03
8.531761322789265245e-01 5.215914388915636746e-01 5.732359681642254165e-03
8.538755756539768704e-01 5.204368982844900238e-01 6.475954717252416226e-03
8.546994644789681628e-01 5.190726307895391356e-01 7.240938665341236681e-03
8.556500854970915393e-01 5.174925210854319779e-01 8.026434163286607151e-03
8.567293858161946218e-01 5.156905710764505546e-01 8.831548514555746798e-03
8.579389586456627192e-01 5.136608987560949968e-01 9.655373095388886107e-03
8.592800293592544048e-01 5.113977380097999292e-01 1.049698264060801821e-02
8.607534419274025517e-01 5.088954394611754362e-01 1.135543441850809382e-02
8.623454582400257307e-01 5.061740554292534222e-01 1.217120750424427640e-02
8.640473557890675504e-01 5.032441128272009401e-01 1.294341267871754013e-02
8.658502737557891571e-01 5.001163907393088026e-01 1.367118384855329528e-02
8.677452470981920074e-01 4.968019325199080627e-01 1.435368047023136660e-02
8.697232402536314577e-01 4.933120561668470905e-01 1.499009023623961920e-02
8.717751803492748142e-01 4.896583627760703883e-01 1.557963199706531229e-02
8.738919897991156427e-01 4.858527429018997257e-01 1.612155889085014476e-02
8.760646181531199783e-01 4.819073806671067550e-01 1.661516165074083604e-02
8.782840730521239703e-01 4.778347554877159231e-01 1.705977205839347838e-02
8.805414501316725095e-01 4.736476412995754282e-01 1.745476651076355995e-02
8.828279617094300091e-01 4.693591031969353011e-01 1.779956966626027037e-02
8.851349640844073940e-01 4.649824914173871226e-01 1.809365813558753283e-02
8.874539832723170596e-01 4.605314326323283192e-01 1.833656418215596703e-02
8.897767390001198873e-01 4.560198185273534044e-01 1.852787939684732293e-02
8.920951667844624344e-01 4.514617916823614463e-01 1.866725831215786460e-02
8.944014379233533596e-01 4.468717287863920307e-01 1.875442192134713776e-02
8.966879772381862734e-01 4.422642212469314882e-01 1.878916106917409914e-02
8.989474784141042729e-01 4.376540532773334213e-01 1.877133968210795492e-02
9.011729168006870072e-01 4.330561775687353787e-01 1.870089780754358860e-02
9.033575595519293122e-01 4.284856886740963100e-01 1.857785443351104779e-02
9.054949730043130307e-01 4.239577942514216602e-01 1.840231006261877286e-02
9.075790272142363335e-01 4.194877843305983012e-01 1.817444901647743277e-02
9.096038976008852250e-01 4.150909987832838710e-01 1.789454144957624421e-02
9.115640636674914310e-01 4.107827931877827687e-01 1.756294505448180096e-02
9.134543048024515999e-01 4.065785032906409358e-01 1.718010644325193917e-02
9.152696931915866863e-01 4.024934082737068874e-01 1.674656219305203572e-02
9.170055839034652045e-01 3.985426930396042122e-01 1.626293954707467085e-02
9.186576022407508813e-01 3.947414097299674629e-01 1.572995676494151965e-02
9.202216284815093461e-01 3.911044386894997338e-01 1.514842311975539771e-02
9.216937801648524831e-01 3.876464490850717315e-01 1.451923854181967968e-02
9.230703921047708205e-01 3.843818593829074759e-01 1.384339291170487082e-02
9.243479943440581215e-01 3.813247978786623582e-01 1.312196500777572730e-02
9.255232882864685706e-01 3.784890634652013919e-01 1.235612111546147140e-02
9.265931212692756214e-01 3.758880868114885532e-01 1.154711330742776848e-02
9.275544598598854940e-01 3.735348921135772104e-01 1.069627740537188766e-02
9.284043621787901879e-01 3.714420595656514612e-01 9.805030635400344488e-03
9.291399495666674557e-01 3.696216886858152417e-01 8.874868989858617982e-03
9.297583779256303194e-01 3.680853626182654104e-01 7.907364309071960792e-03
9.302568090733281947e-01 3.668441135210067094e-01 6.904161096740536394e-03
9.306323824536792966e-01 3.659083891367336805e-01 5.866973082735336964e-03
9.308821875493852316e-01 3.652880206342454805e-01 4.797579546795954601e-03
9.310032373390040306e-01 3.649921917990524567e-01 3.697821416176647405e-03
9.309924431352305518e-01 3.650294096449061554e-01 2.569597149668885645e-03
9.308465911311828433e-01 3.654074765129994296e-01 1.414858419696994997e-03
9.305623209679865226e-01 3.661334637226355548e-01 2.356056033926041699e-04
9.301361066198692296e-01 3.672136868362809725e-01 -9.661169072408145285e-04
9.295642398724535127e-01 3.686536826030412106e-01 -2.188225566703564523e-03
9.288428166461055735e-01 3.704581876476142344e-01 -3.428602700179298433e-03
9.279677263892311956e-01 3.726311189764774934e-01 -4.685101682255469677e-03
9.269346447365037767e-01 3.751755563791915882e-01 -5.955552262186288547e-03
9.257515656941670557e-01 3.780642270927964121e-01 -7.175041781844304634e-03
9.244216609240127891e-01 3.812807448068450400e-01 -8.342000439480690144e-03
9.229481277222435498e-01 3.848082113646016933e-01 -9.454978572967646586e-03
9.213342362587428891e-01 3.886292732476440692e-01 -1.051264927098502847e-02
9.195833749162258819e-01 3.927261788694487721e-01 -1.151381051555943474e-02
9.176990932431656756e-01 3.970808364786238553e-01 -1.245738683723974366e-02
9.156851420748250980e-01 4.016748724465939446e-01 -1.334243046602047802e-02
9.135455104218532796e-01 4.064896896900150880e-01 -1.416812196361217323e-02
9.112844587751027792e-01 4.115065259558485233e-01 -1.493377032576849971e-02
9.089065485278650103e-01 4.167065116776501599e-01 -1.563881254705710988e-02
9.064166672718186879e-01 4.220707270959331847e-01 -1.628281264463181735e-02
9.038200497798101196e-01 4.275802583240278509e-01 -1.686546014214016995e-02
9.011222945462421530e-01 4.332162520341654166e-01 -1.738656801978367972e-02
8.983293758134537343e-01 4.389599684368816757e-01 -1.784607014163033800e-02
8.954476510691193880e-01 4.447928322304605664e-01 -1.824401817644818319e-02
8.924838640545110779e-01 4.506964812060629266e-01 -1.858057803347054962e-02
8.894451433756053182e-01 4.566528122083108876e-01 -1.885602583950600486e-02
8.863389968577115585e-01 4.626440241701856304e-01 -1.907074348856187263e-02
8.831733018288471238e-01 4.686526579647896651e-01 -1.922521379956070378e-02
8.799562915568844845e-01 4.746616328443458155e-01 -1.932001532170576907e-02
8.766965381000592084e-01 4.806542792681955945e-01 -1.935581683051932136e-02
8.734029318593692359e-01 4.866143679558773694e-01 -1.933337156047503294e-02
8.700846581444745542e-01 4.925261350379231406e-01 -1.925351122242860771e-02
8.667511710817819015e-01 4.983743032150927954e-01 -1.911713985568907342e-02
8.634121652044827178e-01 5.041440988756403785e-01 -1.892522756555486615e-02
8.600775450695092861e-01 5.098212651591651490e-01 -1.867880419746683132e-02
8.567573932459192632e-01 5.153920709939622258e-01 -1.837895299862222706e-02
8.534619370134367555e-01 5.208433161719195903e-01 -1.802680431698118479e-02
8.502015140991843190e-01 5.261623325603477230e-01 -1.762352938612282011e-02
8.469865377655223515e-01 5.313369815831817666e-01 -1.717033424242501646e-02
8.438274615429115499e-01 5.363556481343536575e-01 -1.666845381861033204e-02
8.407347438794186001e-01 5.412072311134802360e-01 -1.611914625488643921e-02
8.377188129534957062e-01 5.458811307981191741e-01 -1.552368746578227689e-02
8.347900318696066524e-01 5.503672332875740869e-01 -1.488336599741103307e-02
8.319586644277520149e-01 5.546558922705286943e-01 -1.419947820634798012e-02
8.292348416285600932e-01 5.587379083826883308e-01 -1.347332378766205076e-02
8.266285290459289836e-01 5.626045064312114041e-01 -1.270620167594786742e-02
8.241494951697502236e-01 5.662473107701836428e-01 -1.189940633952719755e-02
8.218072807925128620e-01 5.696583191159541038e-01 -1.105422448437656975e-02
8.196111694860032104e-01 5.728298750930753691e-01 -1.017193218083471858e-02
8.175701591882778008e-01 5.757546398011698097e-01 -9.253792422785487443e-03
8.156929348969215177e-01 5.784255626906033010e-01 -8.301053125826773557e-03
8.139878424425934789e-01 5.808358520307164152e-01 -7.314945567943528792e-03
8.124628632972433762e-01 5.829789452488819412e-01 -6.296683273414553118e-03
8.111255903543369561e-01 5.848484794121475705e-01 -5.247461338102723041e-03
8.099832046041015587e-01 5.864382621160043607e-01 -4.168456191903131478e-03
8.090424526153012774e-01 5.877422430371808115e-01 -3.060825791943537315e-03
8.083096247264468515e-01 5.887544863995642919e-01 -1.925710238130486432e-03
8.077905338436819349e-01 5.894691445946218522e-01 -7.642328007914124532e-04
8.074904947398925392e-01 5.898804331902228748e-01 4.224986515478982001e-04
8.073980187932275898e-01 5.900050425985249314e-01 1.578617888628364076e-03
8.075075987110338360e-01 5.898509755398141374e-01 2.703289765746485530e-03
8.078132873103295308e-01 5.894262368678193642e-01 3.795689145762009761e-03
8.083087265194612847e-01 5.887388510686972776e-01 4.854999413489765464e-03
8.089871760695495073e-01 5.877968806393331080e-01 5.880411354081043450e-03
8.098415419205987620e-01 5.866084450962913976e-01 6.871122394543375742e-03
8.108644044657375982e-01 5.851817403721397692e-01 7.826336205539276281e-03
8.120480465533859160e-01 5.835250583613915687e-01 8.745262658658076171e-03
8.133844813614198310e-01 5.816468063840396496e-01 9.627118132453732491e-03
8.148654801498399491e-01 5.795555263406637625e-01 1.047112615867274062e-02
8.164825999092508724e-01 5.772599133394957782e-01 1.127651839825118130e-02
8.182272109118753356e-01 5.747688335827307871e-01 1.204253593483385100e-02
8.200905241600766615e-01 5.720913413068914322e-01 1.276843087176082747e-02
8.220636187147102314e-01 5.692366945803088996e-01 1.345346821668113452e-02
8.241374688723186459e-01 5.662143697698776013e-01 1.409692803619692555e-02
8.263029711464952021e-01 5.630340744992818891e-01 1.469810786122573674e-02
8.285509709949377966e-01 5.597057589319487381e-01 1.525632532210727255e-02
8.308722892200803845e-01 5.562396252241300632e-01 1.577092099089212260e-02
8.332577479580045576e-01 5.526461350067839451e-01 1.624126140675238861e-02
8.356981961578751061e-01 5.489360147693330694e-01 1.666674225906976392e-02
8.381845344426961386e-01 5.451202590338980469e-01 1.704679170150790596e-02
8.407077392320119191e-01 5.412101312251985652e-01 1.738087376928577552e-02
8.432588859985382657e-01 5.372171621588938129e-01 1.766849187095995144e-02
8.458291715238485109e-01 5.331531460895901908e-01 1.790919232531834604e-02
8.484099350133662565e-01 5.290301342789313077e-01 1.810256791350535119e-02
8.509926779282340759e-01 5.248604260639305741e-01 1.824826141625637832e-02
8.535690823912869263e-01 5.206565574258122941e-01 1.834596910613251267e-02
8.561310280264859962e-01 5.164312870798690724e-01 1.839544416492370354e-02
8.586706070958539661e-01 5.121975801269883499e-01 1.839649999693745291e-02
8.611801378052291733e-01 5.079685893272885000e-01 1.834901340971056144e-02
8.636521756600225030e-01 5.037576340754933435e-01 1.825292763476983951e-02
8.660795227645696759e-01 4.995781771759887913e-01 1.810825516241454033e-02
8.684552349735163990e-01 4.954437995327193311e-01 1.791508036608362858e-02
8.707726268208150211e-01 4.913681728849412789e-01 1.767356189368509203e-02
8.730252741711512776e-01 4.873650307341587107e-01 1.738393480527724438e-02
8.752070145597314887e-01 4.834481376201320013e-01 1.704651243867429111e-02
8.773119452090588632e-01 4.796312569145205207e-01 1.666168798686700273e-02
8.793344187353214769e-01 4.759281173093871109e-01 1.622993577356822772e-02
8.812690365819481064e-01 4.723523781843827485e-01 1.575181221567398260e-02
8.831106402434207858e-01 4.689175940409170407e-01 1.522795646393420785e-02
8.848543003681780261e-01 4.656371781940281673e-01 1.465909071561385078e-02
8.864953038550201780e-01 4.625243659130595097e-01 1.404602019535558521e-02
8.880291390824566200e-01 4.595921772007403594e-01 1.338963280279388893e-02
8.894514794345287356e-01 4.568533793970142032e-01 1.269089842768228796e-02
8.907581653094361895e-01 4.543204497891460414e-01 1.195086793535185196e-02
8.919451848184382081e-01 4.520055384034998847e-01 1.117067182719423332e-02
8.930086534016665745e-01 4.499204311471594608e-01 1.035151858253734354e-02
8.939447926043776471e-01 4.480765134595375287e-01 9.494692689742581515e-03
8.947499082715125729e-01 4.464847346255672589e-01 8.601552375592468741e-03
8.954203684300081623e-01 4.451555728932730105e-01 7.673527043056159631e-03
8.959591979987603372e-01 4.440851916075613803e-01 6.742507073700970688e-03
8.963670644088361783e-01 4.432745588544525495e-01 5.809870629594077358e-03
8.966446063047451842e-01 4.427241445337878334e-01 4.876998435632710904e-03
8.967924311076190813e-01 4.424339200815030071e-01 3.945270318102256195e-03
8.968111139059498083e-01 4.424033596685113534e-01 3.016061756278431809e-03
8.967011976727266021e-01 4.426314428648479571e-01 2.090740457324486660e-03
8.964631947932875100e-01 4.431166587551578218e-01 1.170662964599799606e-03
8.960975898739325096e-01 4.438570114890501017e-01 2.571713093929985745e-04
8.956048437874760682e-01 4.448500272472104000e-01 -6.484102839815648065e-04
8.949853988986052888e-01 4.460927626013826419e-01 -1.544778629834690602e-03
8.942396853992918837e-01 4.475818142433399260e-01 -2.430654739642290965e-03
8.933681286727167548e-01 4.493133300546977016e-01 -3.304786897636499080e-03
8.923711575933388485e-01 4.512830214858433719e-01 -4.165953643628890653e-03
8.912492136609797555e-01 4.534861772083288445e-01 -5.012966653274623409e-03
8.900027608582200545e-01 4.559176780007849761e-01 -5.844673506034171045e-03
8.886322961130960207e-01 4.585720128237688598e-01 -6.659960331168880004e-03
8.871383602431320847e-01 4.614432960339659995e-01 -7.457754322229277581e-03
8.855215492522042764e-01 4.645252856828705479e-01 -8.237026110672318255e-03
8.837825258486566860e-01 4.678114028395137236e-01 -8.996791989486002325e-03
8.819220310515122341e-01 4.712947518710629558e-01 -9.736115978016714537e-03
8.799408957515492125e-01 4.749681416092551012e-01 -1.045411171959416061e-02
8.778400520954489084e-01 4.788241073247447854e-01 -1.114994420403759429e-02
8.756205445641309648e-01 4.828549334256444503e-01 -1.182283130770950264e-02
8.732835406207438700e-01 4.870526767909114096e-01 -1.247204514446159478e-02
8.708303408095005027e-01 4.914091906439132518e-01 -1.309691322159287595e-02
8.682623881935674914e-01 4.959161488665841944e-01 -1.369681939580873718e-02
8.655812770284285751e-01 5.005650706501876268e-01 -1.427120462512865631e-02
8.627887605764376078e-01 5.053473453749258715e-01 -1.481956751373154739e-02
8.598867579785240967e-01 5.102542576075880243e-01 -1.534146464784289128e-02
8.568773601100689863e-01 5.152770121041909679e-01 -1.583651072194545983e-02
8.537628343596830316e-01 5.204067587032202846e-01 -1.630437845582280443e-02
8.505456282818295577e-01 5.256346169946807256e-01 -1.674479830420728954e-02
8.472283720867715973e-01 5.309517006507676884e-01 -1.715755796208667805e-02
8.438138799440225712e-01 5.363491413055938573e-01 -1.754250167000858188e-02
8.403051500881676406e-01 5.418181118740666991e-01 -1.789952932499356761e-02
8.367053637284370682e-01 5.473498492036954488e-01 -1.822859540390812938e-02
8.330178827755880810e-01 5.529356759577884750e-01 -1.852970770734132730e-02
8.292462464113407039e-01 5.585670216341378502e-01 -1.880292593315755281e-02
8.253941665366721914e-01 5.642354426298078485e-01 -1.904836008994717500e-02
8.214655221455767764e-01 5.699326412699818878e-01 -1.926616876155315752e-02
8.174643526803312410e-01 5.756504837268728858e-01 -1.945655723470253104e-02
8.133948504327784823e-01 5.813810167633723935e-01 -1.961977550250673316e-02
8.092613520635688618e-01 5.871164832452845372e-01 -1.975611615720546457e-02
8.050683293176308375e-01 5.928493363755463763e-01 -1.986591218600894729e-02
8.008203790193335614e-01 5.985722526136505461e-01 -1.994953468423896550e-02
7.965222124348387833e-01 6.042781432534333197e-01 -2.000739050017816614e-02
7.921786440920136618e-01 6.099601646423516987e-01 -2.003991982611014189e-02
7.877945801500088052e-01 6.156117270352177151e-01 -2.004759374997238178e-02
7.833750064112285916e-01 6.212265020849800923e-01 -2.003091178185472526e-02
7.789249760679817225e-01 6.267984289824275468e-01 -1.999039936926398989e-02
7.744587090665473461e-01 6.323113836704178370e-01 -1.990042729827900397e-02
7.699866331258490293e-01 6.377539118939905549e-01 -1.976202502286096563e-02
7.655192659327656468e-01 6.431150973789171443e-01 -1.957625995748343492e-02
7.610671885533949466e-01 6.483845619286529027e-01 -1.934423131663108586e-02
7.566410187579386548e-01 6.535524620896302483e-01 -1.906706408043362666e-02
7.522513845066350902e-01 6.586094825486803472e-01 -1.874590312194313046e-02
7.479088978234866847e-01 6.635468264452267784e-01 -1.838190752869840044e-02
7.436241292618572807e-01 6.683562027966409858e-01 -1.797624514817074484e-02
7.394075831418672751e-01 6.730298112477502981e-01 -1.753008738351258256e-02
7.352696737143614714e-01 6.775603243649629404e-01 -1.704460426279286525e-02
7.312207023805471495e-01 6.819408677019127563e-01 -1.652095980165766906e-02
7.272708360706088282e-01 6.861649978670651961e-01 -1.596030767615234242e-02
7.234300868590999301e-01 6.902266788245597917e-01 -1.536378721933067543e-02
7.197082928700353488e-01 6.941202566579125488e-01 -1.473251975229795084e-02
7.161151005006538561e-01 6.978404330223259011e-01 -1.406760525752438415e-02
7.126599479700459483e-01 7.013822375055359659e-01 -1.337011939965233182e-02
7.093520501774465137e-01 7.047409991096549309e-01 -1.264111089662817329e-02
7.062003848351394719e-01 7.079123170576506752e-01 -1.188159924183467345e-02
7.032136798227164309e-01 7.108920311182406193e-01 -1.109257277599298361e-02
7.004004016929630261e-01 7.136761916323680621e-01 -1.027498710595062779e-02
6.977687452449402583e-01 7.162610294133604505e-01 -9.429763866073087239e-03
6.953266240669007114e-01 7.186429256816122546e-01 -8.557789816807432129e-03
6.930816619405100187e-01 7.208183821834559524e-01 -7.659916274078174339e-03
6.910411849883898450e-01 7.227839916330078829e-01 -6.736958862495797361e-03
6.892122144392092142e-01 7.245364086054273400e-01 -5.789697584891622881e-03
6.876014598783491971e-01 7.260723210003955375e-01 -4.818877200420618526e-03
6.862153128474897112e-01 7.273884221858756272e-01 -3.825207903375879050e-03
6.850598406532234508e-01 7.284813839245057876e-01 -2.809366294912496106e-03
6.841407802429302354e-01 7.293478301784250828e-01 -1.771996640060515948e-03
6.834635320055633123e-01 7.299843118830411370e-01 -7.137124026916508851e-04
6.830331533556519563e-01 7.303872827762983855e-01 3.649019485336311378e-04
6.828543519606604661e-01 7.305530763674552563e-01 1.463288869799728208e-03
6.829314784748246048e-01 7.304778841282660862e-01 2.580915413476084566e-03
6.832685186466967986e-01 7.301577349898118463e-01 3.717270646859300014e-03
6.838690846728640027e-01 7.295884762300237636e-01 4.871862823615111249e-03
6.847364056766792606e-01 7.287657558401886559e-01 6.044216312882349194e-03
6.858733171984019439e-01 7.276850064633576531e-01 7.233868290755708641e-03
6.872822495919351793e-01 7.263414310035559707e-01 8.440365198738721680e-03
6.889652152334517776e-01 7.247299900119166249e-01 9.663258973782295341e-03
6.909237944587149904e-01 7.228453909642327258e-01 1.090210305472737520e-02
6.931591201589407669e-01 7.206820795538095847e-01 1.215644817038270126e-02
6.956718609797387654e-01 7.182342331337405739e-01 1.342583791512023082e-02
6.984622030841624030e-01 7.154957564536329473e-01 1.470980411879141414e-02
7.015298304593412526e-01 7.124602798471562082e-01 1.600786201898642472e-02
7.048739037667246521e-01 7.091211600383027225e-01 1.731950524520395676e-02
7.084930377587910222e-01 7.054714837456483867e-01 1.864420062639838768e-02
7.123852773103324099e-01 7.015040742748203106e-01 1.998138283564860479e-02
7.165480721402414099e-01 6.972115012994348771e-01 2.133044888837056993e-02
7.209782503302318846e-01 6.925860940395149878e-01 2.269075251359147991e-02
7.256719907801995051e-01 6.876199580533324252e-01 2.406159842133006460e-02
7.306093886959565964e-01 6.823233474597633075e-01 2.539244331483276815e-02
7.357752447783567629e-01 6.766999827551494207e-01 2.668198104739722201e-02
7.411539311768648997e-01 6.707539314494470606e-01 2.792882805360718049e-02
7.467294201683311039e-01 6.644896786266395461e-01 2.913152647785013233e-02
7.524853163411221457e-01 6.579121965871282951e-01 3.028854812500908489e-02
7.584048925253745743e-01 6.510270130866782079e-01 3.139829924028145897e-02
7.644711296527839650e-01 6.438402776514723369e-01 3.245912611995060981e-02
7.706667606654800107e-01 6.363588254170884362e-01 3.346932154881655797e-02
7.769743185234274652e-01 6.285902379120702488e-01 3.442713205291810658e-02
7.833761882839018753e-01 6.205429001855660154e-01 3.533076594821228655e-02
7.898546631456082601e-01 6.122260536645519613e-01 3.617840215711244645e-02
7.963920042648505726e-01 6.036498441207071020e-01 3.696819975534849922e-02
8.029705040629697699e-01 5.948253641311970208e-01 3.769830820165687851e-02
8.095725526544238493e-01 5.857646894324578524e-01 3.836687819252030535e-02
8.161807069349761301e-01 5.764809085923441323e-01 3.897207307377173469e-02
8.227777617812725985e-01 5.669881454642711205e-01 3.951208073059185588e-02
8.293468227285613059e-01 5.573015739375118960e-01 3.998512586752311221e-02
8.358713794144896347e-01 5.474374245605408973e-01 4.038948258086692833e-02
8.423353790059173729e-01 5.374129826888397465e-01 4.072348711750257977e-02
8.487232987646050608e-01 5.272465778941044512e-01 4.098555070704053283e-02
8.550202168585074869e-01 5.169575644671412507e-01 4.117417234856383251e-02
8.612118804900997793e-01 5.065662929503635947e-01 4.128795142925894418e-02
8.672847703933476149e-01 4.960940727457870958e-01 4.132560005020261690e-02
8.732261607479596677e-01 4.855631259585434512e-01 4.128595493462142163e-02
8.790241735744428464e-01 4.749965327516983971e-01 4.116798879619416873e-02
8.846678267067908941e-01 4.644181686028693301e-01 4.097082104948412962e-02
8.901470744915110922e-01 4.538526339639916141e-01 4.069372775136524678e-02
8.954528404317585455e-01 4.433251769297358313e-01 4.033615067127333670e-02
9.005770410827453887e-01 4.328616096147732129e-01 3.989770539913164299e-02
9.055126006079650125e-01 4.224882190227257639e-01 3.937818841266423064e-02
9.102534555233104951e-01 4.122316732578979459e-01 3.877758304025297892e-02
9.147945492856428551e-01 4.021189239828051876e-01 3.809606427119069383e-02
9.191318165212113422e-01 3.921771060585646507e-01 3.733400238176456248e-02
9.232621568347080254e-01 3.824334353203761028e-01 3.649196536266612750e-02
9.271833982886505954e-01 3.729151054361305451e-01 3.557072015034025425e-02
9.308942507921484921e-01 3.636491847727481019e-01 3.457123268162209939e-02
9.343942497848805040e-01 3.546625141528582104e-01 3.349466680694183213e-02
9.376836907433708790e-01 3.459816063251462959e-01 3.234238211209631425e-02
9.407635551697104415e-01 3.376325478968815741e-01 3.111593071172590041e-02
9.436354288453344674e-01 3.296409043890473622e-01 2.981705308887002553e-02
9.463014132423144265e-01 3.220316289757481631e-01 2.844767306404316978e-02
9.487640310802440968e-01 3.148289753630935106e-01 2.700989198397403188e-02
9.510261270970253866e-01 3.080564151516850813e-01 2.550598222435790374e-02
9.530907651659735746e-01 3.017365599143914667e-01 2.393838010263200575e-02
9.549611229393748513e-01 2.958910881105117352e-01 2.230967829591712012e-02
9.566403852300623400e-01 2.905406768518331018e-01 2.062261785596974581e-02
9.581316373582000612e-01 2.857049384384218738e-01 1.888007990741863429e-02
9.594377596910435013e-01 2.814023614949186514e-01 1.708507710794078191e-02
9.605613245899731201e-01 2.776502564639736770e-01 1.524074493964167575e-02
9.615044969527154484e-01 2.744647051541945215e-01 1.335033289006434115e-02
9.622689395005840085e-01 2.718605139970937112e-01 1.141719556931840643e-02
9.628557239120208999e-01 2.698511706420606004e-01 9.444783797176406481e-03
9.632652488458386397e-01 2.684488035109053317e-01 7.436635681027288849e-03
9.634971658314036569e-01 2.676641439441171944e-01 5.396367692710044711e-03
9.635503139294320230e-01 2.675064905992477482e-01 3.327665739873151944e-03
9.634226639867821129e-01 2.679836758069163993e-01 1.234276216005246105e-03
9.631112732221066564e-01 2.691020336505395849e-01 -8.800029969743012465e-04
9.626122507867659328e-01 2.708663696102864282e-01 -3.011331608351283749e-03
9.619207348471134900e-01 2.732799316978667403e-01 -5.155836122056145152e-03
9.610308816301266210e-01 2.763443831041059728e-01 -7.309619210130078107e-03
9.599358667642466925e-01 2.800597764831059266e-01 -9.468769304729949751e-03
9.586278991310792641e-01 2.844245301021096073e-01 -1.162937045695910596e-02
9.570982473211779862e-01 2.894354061917638887e-01 -1.378751250797397541e-02
9.553372786585156984e-01 2.950874919339332991e-01 -1.593930161233435283e-02
9.533345106236404964e-01 3.013741836201125901e-01 -1.808087114547485968e-02
9.510786743653961706e-01 3.082871745993605028e-01 -2.020839301658522782e-02
9.485577898462711488e-01 3.158164477071590537e-01 -2.231808939528193494e-02
9.457592520181230533e-01 3.239502729224911226e-01 -2.440624484549320378e-02
9.426699272748300107e-01 3.326752110367908188e-01 -2.646921884329795499e-02
9.392762592784222875e-01 3.419761241327076706e-01 -2.850345863746317487e-02
9.355643831079523132e-01 3.518361936607583007e-01 -3.050551239258478611e-02
9.315202465386865915e-01 3.622369468664340397e-01 -3.247204253558290399e-02
9.271297371264145548e-01 3.731582922583800421e-01 -3.439983920740675299e-02
9.223788136512905966e-01 3.845785647198152191e-01 -3.628583370377128775e-02
9.172536403713249520e-01 3.964745807512093934e-01 -3.812711177219312020e-02
9.117407224510961639e-01 4.088217041940218066e-01 -3.992092661812741972e-02
9.058270408700072052e-01 4.215939226255649430e-01 -4.166471146121008412e-02
8.995001850796654486e-01 4.347639344371686532e-01 -4.335609147401024710e-02
8.927484816744793994e-01 4.483032464159577013e-01 -4.499289493075120383e-02
8.855611173654278634e-01 4.621822814495797904e-01 -4.657316339252282750e-02
8.779282546054738567e-01 4.763704957685541141e-01 -4.809516075882912245e-02
8.698411383066688707e-01 4.908365049383445200e-01 -4.955738102300495662e-02
8.612921922130102326e-01 5.055482176187833243e-01 -5.095855458106862690e-02
8.522751036479293552e-01 5.204729759280226631e-01 -5.229765295977781281e-02
8.427848955382079010e-01 5.355777010874495092e-01 -5.357389184970594298e-02
8.328179848234443794e-01 5.508290428881555956e-01 -5.478673235259638730e-02
8.223722265873459891e-01 5.661935314130822627e-01 -5.593588037850107803e-02
8.114469434887553456e-01 5.816377293754458888e-01 -5.702128415658217625e-02
8.000429403205379097e-01 5.971283833960281395e-01 -5.804312985318469537e-02
7.881625037769934838e-01 6.126325725407700817e-01 -5.900183532105985479e-02
7.758093877589429255e-01 6.281178524759981618e-01 -5.989804203359936491e-02
7.629887847838294768e-01 6.435523936704962145e-01 -6.073260528681101444e-02
7.497072842901754131e-01 6.589051121793024768e-01 -6.150658277875201141e-02
7.359728188262435467e-01 6.741457916802856554e-01 -6.222122170054032730e-02
7.217945992872245586e-01 6.892451955970628763e-01 -6.287794449428739385e-02
7.071830405100919537e-01 7.041751683257554406e-01 -6.347833345086012491e-02
6.921496786478278374e-01 7.189087247830148186e-01 -6.402411433394256113e-02
6.767070818235138008e-01 7.334201277029879229e-01 -6.451713922622588637e-02
6.608687556093638671e-01 7.476849523256404728e-01 -6.495936879865048252e-02
6.446490448867572276e-01 7.616801383325114694e-01 -6.535285420453409988e-02
6.280736903488464140e-01 7.753771732141352402e-01 -6.567875280044624398e-02
6.111635334435980837e-01 7.887528133751015025e-01 -6.594053869369810583e-02
5.939398836956192307e-01 8.017859453799459635e-01 -6.614175861467588846e-02
5.764243641349473535e-01 8.144575726263179050e-01 -6.628600695453942815e-02
5.586387620083436145e-01 8.267507849318997959e-01 -6.637690175911019341e-02
5.406048865169660322e-01 8.386507125170541421e-01 -6.641806189081243816e-02
5.223444350619816934e-01 8.501444660078868454e-01 -6.641308553627062183e-02
5.038788692103736144e-01 8.612210641818632828e-01 -6.636553020210843312e-02
4.852293013245531084e-01 8.718713512321828452e-01 -6.627889430663171100e-02
4.664163925381623055e-01 8.820879053408503534e-01 -6.615660044128826578e-02
4.474602625123738076e-01 8.918649403277207899e-01 -6.600198034382555312e-02
4.283804111766859601e-01 9.011982020883246847e-01 -6.581826159551266986e-02
4.091956524491836000e-01 9.100848614519807533e-01 -6.560855602811001275e-02
3.899240597458942803e-01 9.185234049886937813e-01 -6.537584980276893443e-02
3.705829229286183857e-01 9.265135251737143252e-01 -6.512299510290280036e-02
3.511887162059248446e-01 9.340560111872620030e-01 -6.485270336634756105e-02
3.317570763925718480e-01 9.411526414883132352e-01 -6.456753996877859225e-02
3.123027908474542147e-01 9.478060791595943613e-01 -6.426992026023783944e-02
2.928397943477995535e-01 9.540197708795620235e-01 -6.396210684955018488e-02
2.733811741158415631e-01 9.597978502392090494e-01 -6.364620802711819236e-02
2.539391821914349645e-01 9.651450459894590495e-01 -6.332417721479234596e-02
2.345252543377315257e-01 9.700665956806309165e-01 -6.299781333191281640e-02
2.151500346747427517e-01 9.745681650403725804e-01 -6.266876196889367701e-02
1.958234052550326676e-01 9.786557733315242036e-01 -6.233851726356032241e-02
1.765545198246618874e-01 9.823357248371137329e-01 -6.200842438055664124e-02
1.573518410487353969e-01 9.856145465362812219e-01 -6.167968250022875382e-02
1.382231805225600241e-01 9.884989319622570214e-01 -6.135334823020981154e-02
1.191757409347647262e-01 9.909956911712075600e-01 -6.103033936024289396e-02
1.002161597962623191e-01 9.931117066982706465e-01 -6.071143888838274189e-02
8.135055419733511206e-02 9.948538953337244806e-01 -6.039729925443459296e-02
6.258456610332384373e-02 9.962291755171880370e-01 -6.008844672417060218e-02
4.392340774650536905e-02 9.972444401201867592e-01 -5.978528587538697175e-02
2.537190671706561484e-02 9.979065343664674792e-01 -5.948810414412791792e-02
6.934550399089099704e-03 9.982222386242325385e-01 -5.919707639632706964e-02
-1.138447056217146633e-02 9.981982557941506684e-01 -5.891226949664291057e-02
-2.958122003804257091e-02 9.978412030107703945e-01 -5.863364685234949414e-02
-4.765197568106708387e-02 9.971576073720723743e-01 -5.836107291575723388e-02
-6.559318988700747755e-02 9.961539054116407277e-01 -5.809431763376358970e-02
-8.340145263625177441e-02 9.948364460297025591e-01 -5.783306083776188627e-02
-1.010734563710386641e-01 9.932114966025104019e-01 -5.757689657126769528e-02
-1.186059630419265543e-01 9.912852519937508378e-01 -5.732533735626100385e-02
-1.359957734363365645e-01 9.890638461964380568e-01 -5.707781840239872784e-02
-1.532396988835421914e-01 9.865533663387536789e-01 -5.683370176593792455e-02
-1.703345354138798007e-01 9.837598687922497476e-01 -5.659228046744001206e-02
-1.872770404349251294e-01 9.806893971255236098e-01 -5.635278257911609939e-02
-2.040639119736322449e-01 9.773480016507627433e-01 -5.611437529403915520e-02
-2.206917705206762892e-01 9.737417603143322387e-01 -5.587616899040697555e-02
-2.371571435012052864e-01 9.698768006858142776e-01 -5.563722130460710402e-02
-2.534564523846307149e-01 9.657593228025947996e-01 -5.539654122702756395e-02
-2.695860024347328521e-01 9.613956226292887930e-01 -5.515309323439181871e-02
-2.855447533725579135e-01 9.567907105748051366e-01 -5.491584096272692644e-02
-3.013321816498745198e-01 9.519498521060001384e-01 -5.468468691401465187e-02
-3.169478367156466914e-01 9.468781620767370288e-01 -5.445947653058509641e-02
-3.323913176867563379e-01 9.415806145954072059e-01 -5.424000128575533208e-02
-3.476622518765740133e-01 9.360620542209472372e-01 -5.402600166765406109e-02
-3.627602751747480148e-01 9.303272083210817334e-01 -5.381717006486586713e-02
-3.776850142661434817e-01 9.243807004350642620e-01 -5.361315356334588056e-02
-3.924360706723510339e-01 9.182270644910135449e-01 -5.341355666465191776e-02
-4.070130065954107312e-01 9.118707597350199645e-01 -5.321794393593377165e-02
-4.214153325401904238e-01 9.053161862355325606e-01 -5.302584260232398594e-02
-4.356424966890555805e-01 8.985677008321447667e-01 -5.283674509240612188e-02
-4.496938759999280499e-01 8.916296334028185333e-01 -5.265011154730785126e-02
-4.635687689964224645e-01 8.845063033278691700e-01 -5.246537230368975707e-02
-4.772663902163549743e-01 8.772020360327443811e-01 -5.228193036048711662e-02
-4.907858662824444163e-01 8.697211794948472852e-01 -5.209916383872169321e-02
-5.041262335563811980e-01 8.620681206024531917e-01 -5.191642844304297094e-02
-5.172864373345620326e-01 8.542473012562508128e-01 -5.173305993289264992e-02
-5.302653325406224694e-01 8.462632341062953367e-01 -5.154837661032150853e-02
-5.430616858664103486e-01 8.381205178192898675e-01 -5.136168183053265585e-02
-5.556741793092074833e-01 8.298238517732197117e-01 -5.117226654018876275e-02
-5.681014150488248315e-01 8.213780500785509142e-01 -5.097941184741285742e-02
-5.803419216036705963e-01 8.127880548275717709e-01 -5.078239162624173519e-02
-5.923941612000511725e-01 8.040589484760987116e-01 -5.058047515706915603e-02
-6.042565382838499533e-01 7.951959652647848653e-01 -5.037292980335339454e-02
-6.159274090983891670e-01 7.862045015907380696e-01 -5.015902372357240735e-02
-6.274050922467859781e-01 7.770901252441629881e-01 -4.993802861610242144e-02
-6.386878801515373238e-01 7.678585834293479850e-01 -4.970922249338559362e-02
-6.497740513185031874e-01 7.585158094945851914e-01 -4.947189248045357618e-02
-6.606618833069984875e-01 7.490679283015797552e-01 -4.922533763160105019e-02
-6.713496663024579592e-01 7.395212601716069090e-01 -4.896887175777171752e-02
-6.818357171832114538e-01 7.298823233531177568e-01 -4.870182625604457111e-02
-6.921183939684214526e-01 7.201578349636852394e-01 -4.842355293150583939e-02
-7.021961105302971795e-01 7.103547103680887265e-01 -4.813342680077750679e-02
-7.120673514504290980e-01 7.004800609639322273e-01 -4.783084886556197152e-02
-7.217306868975935652e-01 6.905411903564125931e-01 -4.751524884376829433e-02
-7.311847874027621597e-01 6.805455889146362347e-01 -4.718608784512260540e-02
-7.404284384064097058e-01 6.705009267131307737e-01 -4.684286097764529810e-02
-7.494605544536295794e-01 6.604150448738108636e-01 -4.648509987101172997e-02
-7.582801929141100850e-01 6.502959453355144914e-01 -4.611237510260972339e-02
-7.668865671067442991e-01 6.401517790902008231e-01 -4.572429851207320678e-02
-7.752790587125838462e-01 6.299908329368472115e-01 -4.532052539021084320e-02
-7.834572293650072794e-01 6.198215148158616739e-01 -4.490075652856356792e-02
-7.914208313123644034e-01 6.096523377982787650e-01 -4.446474011631459250e-02
-7.991698170559344838e-01 5.994919028149858775e-01 -4.401227347193574502e-02
-8.067043478747648599e-01 5.893488802215764988e-01 -4.354320459777897417e-02
-8.140248011587528643e-01 5.792319903040084039e-01 -4.305743354680160312e-02
-8.211317764821138843e-01 5.691499828389131599e-01 -4.255491359173733251e-02
-8.280261003610207560e-01 5.591116158300399874e-01 -4.203565218827676198e-02
-8.347088296515832173e-01 5.491256335488099438e-01 -4.149971172518555212e-02
-8.411812535573034433e-01 5.392007440122063011e-01 -4.094721005574602363e-02
-8.474448942285431885e-01 5.293455960351690637e-01 -4.037832080643898730e-02
-8.535015059501932511e-01 5.195687559972318459e-01 -3.979327346036568014e-02
-8.593530729274725388e-01 5.098786844643163896e-01 -3.919235321452193416e-02
-8.650018056934191124e-01 5.002837128063695182e-01 -3.857590061165640238e-02
-8.704501361749872324e-01 4.907920199499065661e-01 -3.794431094904835572e-02
-8.757007114675596782e-01 4.814116094015564729e-01 -3.729803346810704745e-02
-8.807563863799423576e-01 4.721502866744403115e-01 -3.663757033020240833e-02
-8.856202148233803806e-01 4.630156372437450041e-01 -3.596347538556660811e-02
-8.902954401286643504e-01 4.540150051512742979e-01 -3.527635274343996624e-02
-8.947854843848546125e-01 4.451554723711831363e-01 -3.457685515285690431e-02
-8.990939369014263605e-01 4.364438390406661372e-01 -3.386568220456531025e-02
-9.032245419026367905e-01 4.278866046502075582e-01 -3.314357836553442210e-02
-9.071811855685618653e-01 4.194899502782640788e-01 -3.241133085832481608e-02
-9.109678825414975201e-01 4.112597219450891961e-01 -3.166976739826356246e-02
-9.145887620192394429e-01 4.032014151499761501e-01 -3.091975380188603795e-02
-9.180480535581401202e-01 3.953201606456410722e-01 -3.016219148047332571e-02
-9.213500727088076436e-01 3.876207114929393072e-01 -2.939801483273361132e-02
-9.244992066058959068e-01 3.801074314287390399e-01 -2.862818855075292476e-02
-9.274998996306923482e-01 3.727842845696970331e-01 -2.785370485328214976e-02
-9.303566392612089286e-01 3.656548264650035795e-01 -2.707558066024329593e-02
-9.330739422193178312e-01 3.587221965019910530e-01 -2.629485472203917096e-02
-9.356563410182353602e-01 3.519891116599138670e-01 -2.551258471684945614e-02
-9.381083710064664904e-01 3.454578615992793256e-01 -2.472984432860568169e-02
-9.404345579962890556e-01 3.391303050668896257e-01 -2.394772031777178331e-02
-9.426394065561132241e-01 3.330078675902801155e-01 -2.316730959642968046e-02
-9.447273890367177129e-01 3.270915404295290374e-01 -2.238971631849481780e-02
-9.467029353915789036e-01 3.213818807494725482e-01 -2.161604899517829623e-02
-9.485704238413932288e-01 3.158790129711758210e-01 -2.084741764508338951e-02
-9.503341724225795595e-01 3.105826312580645676e-01 -2.008493098758673545e-02
-9.519984314491556354e-01 3.054920030893747973e-01 -1.932969368741967869e-02
-9.535673769070313055e-01 3.006059738714910723e-01 -1.858280365764290384e-02
-9.550451047895576195e-01 2.959229725362597652e-01 -1.784534942750600969e-02
-9.564356263732238794e-01 2.914410180744292922e-01 -1.711840758101056820e-02
-9.577428644227938825e-01 2.871577269519174358e-01 -1.640304027135562961e-02
-9.589706503060048126e-01 2.830703213565783916e-01 -1.570029281584332803e-02
-9.601227219892985998e-01 2.791756382234665823e-01 -1.501119137526154418e-02
-9.612027228779754795e-01 2.754701389872129536e-01 -1.433674072124234769e-02
-9.622142014567196533e-01 2.719499200109777859e-01 -1.367792209461897446e-02
-9.631606116796876949e-01 2.686107236424626898e-01 -1.303569115736985876e-02
-9.640453140533188359e-01 2.654479498486046474e-01 -1.241097604034336645e-02
-9.648715773497459347e-01 2.624566683817851076e-01 -1.180467548859894661e-02
-9.656425808841838654e-01 2.596316314316291507e-01 -1.121765710587562144e-02
-9.663614172859613660e-01 2.569672867177084652e-01 -1.065075569940333346e-02
-9.670310956899433874e-01 2.544577909796713611e-01 -1.010477172600205385e-02
-9.676545452729732322e-01 2.520970238224827797e-01 -9.580469840163389691e-03
-9.682346190586265111e-01 2.498786018755570215e-01 -9.078577544574971056e-03
-9.687740979130065044e-01 2.477958932255969748e-01 -8.599783943324770460e-03
-9.692756946544986985e-01 2.458420320839209694e-01 -8.144738597806514685e-03
-9.697420582013119850e-01 2.440099336499654270e-01 -7.714050485134638264e-03
-9.701757776822390600e-01 2.422923091335116297e-01 -7.308287058664503927e-03
-9.705718152693294520e-01 2.407140958521976903e-01 -6.862155375719220483e-03
-9.709278246990964423e-01 2.392875107594372164e-01 -6.376528913765514874e-03
-9.712415275315713359e-01 2.380244922401192897e-01 -5.852348431792311380e-03
-9.715106973488241149e-01 2.369366749831711139e-01 -5.290620496208398374e-03
-9.717331430366047407e-01 2.360353652117078704e-01 -4.692415834436891239e-03
-9.719066913439241562e-01 2.353315163398963517e-01 -4.058867521765089324e-03
-9.720291689239219934e-01 2.348357051194227552e-01 -3.391169007365705135e-03
-9.720983840661553410e-01 2.345581083324064786e-01 -2.690571985596690308e-03
-9.721121083354067327e-01 2.345084800819440263e-01 -1.958384118721036120e-03
-9.720680583351976045e-01 2.346961297263833734e-01 -1.195966617078293975e-03
-9.719638778153555370e-01 2.351299004990886898e-01 -4.047316825032849785e-04
-9.717971203421973403e-01 2.358181488520023072e-01 4.138601795546956001e-04
-9.715652327471386851e-01 2.367687245588647182e-01 1.258302974183211085e-03
-9.712655395648291945e-01 2.379889516126020843e-01 2.127048152879743026e-03
-9.708952286652455799e-01 2.394856099511908920e-01 3.018507667105459549e-03
-9.704513382755860507e-01 2.412649180472819233e-01 3.931057135984563841e-03
-9.699307455773262809e-01 2.433325163989953632e-01 4.863039125088002880e-03
-9.693301570514639698e-01 2.456934519625327829e-01 5.812766533652313772e-03
-9.686461007308554416e-01 2.483521635715023879e-01 6.778526087905360938e-03
-9.678749205026930813e-01 2.513124683929933156e-01 7.758581938373299708e-03
-9.670127725866691781e-01 2.545775494763052871e-01 8.751179359102150349e-03
-9.660556242952997863e-01 2.581499444566473511e-01 9.754548546620955135e-03
-9.649992551623584047e-01 2.620315354828461341e-01 1.076690851618333777e-02
-9.638392605034948879e-01 2.662235404448995979e-01 1.178647109233656003e-02
-9.625710574500426775e-01 2.707265055838171119e-01 1.281144499017296788e-02
-9.611898934728916322e-01 2.755402995723166826e-01 1.384003998271457654e-02
-9.596908573883042859e-01 2.806641091603181426e-01 1.487047114876971325e-02
-9.580688928118834546e-01 2.860964364834903684e-01 1.590096319428965094e-02
-9.563188140007746751e-01 2.918350981360934293e-01 1.692975483875748532e-02
-9.544353239978634607e-01 2.978772261107351937e-01 1.795510325648211336e-02
-9.524130349654693628e-01 3.042192707071851854e-01 1.897528856087395480e-02
-9.502464905701452080e-01 3.108570055098369700e-01 1.998861831787867097e-02
-9.479301902549729375e-01 3.177855345285969246e-01 2.099343207277865400e-02
-9.454586152115416198e-01 3.249993015907614025e-01 2.198810587258212546e-02
-9.428262558409433725e-01 3.324921020617347955e-01 2.297105676425279658e-02
-9.400276404719801748e-01 3.402570969601975137e-01 2.394074724713869326e-02
-9.370573650857001446e-01 3.482868295185835850e-01 2.489568965618804003e-02
-9.339101237787159615e-01 3.565732442225515997e-01 2.583445045094492562e-02
-9.305807396838423617e-01 3.651077083436873871e-01 2.675565438394881049e-02
-9.270641960557324257e-01 3.738810359581703491e-01 2.765798852106859940e-02
-9.233556672216726158e-01 3.828835144208514452e-01 2.854020608552953336e-02
-9.194505490937543435e-01 3.921049332394604403e-01 2.940113009697972735e-02
-9.153444889384643179e-01 4.015346152678779812e-01 3.023965677692715126e-02
-9.110334141034553967e-01 4.111614501110065212e-01 3.105475869228376679e-02
-9.065135594089438476e-01 4.209739296072284032e-01 3.184548760959968194e-02
-9.017814929228225029e-01 4.309601852282454737e-01 3.261097703386510449e-02
-8.968341398541042064e-01 4.411080272107674172e-01 3.335044440750067896e-02
-8.916688043185624357e-01 4.514049852105675997e-01 3.406319294733542447e-02
