1.000000000000000000e+00 0.000000000000000000e+00 0.000000000000000000e+00
9.999999996046929907e-01 -1.160635895840527726e-05 2.561074737438369446e-05
9.999999962516171736e-01 -4.011951302090756147e-05 7.672816541074341256e-05
9.999999841366069564e-01 -9.081618215531100957e-05 1.532294696364308248e-04
9.999999532230887667e-01 -1.689455037420383875e-04 2.549732972865902288e-04
9.999998879914809846e-01 -2.797251934849202338e-04 3.817998494503870325e-04
9.999997659359246560e-01 -4.283377355779968308e-04 5.335310455034690058e-04
9.999995558166170362e-01 -6.199266037721948112e-04 7.099706893937316431e-04
9.999992156770252105e-01 -8.595925146567944550e-04 9.109046473120615151e-04
9.999986906362366978e-01 -1.152389714109272340e-03 1.136101036250528225e-03
9.999979104676423036e-01 -1.503322297478548600e-03 1.385310422928055481e-03
9.999967869760481021e-01 -1.917340563656463968e-03 1.658266032548416907e-03
9.999952111861745152e-01 -2.399337402766421427e-03 1.954683966847882166e-03
9.999930503563202455e-01 -2.954144716762803317e-03 2.274263430890325049e-03
9.999901448317467523e-01 -3.586529871796538798e-03 2.616686968076327880e-03
9.999863047530676008e-01 -4.301192180767778907e-03 2.981620702849954382e-03
9.999813066356185720e-01 -5.102759414062861369e-03 3.368714590612456594e-03
9.999748898364219096e-01 -5.995784336066588283e-03 3.777602674386230149e-03
9.999667529259551602e-01 -6.984741264659187834e-03 4.207903347814692663e-03
9.999565499824821790e-01 -8.074022650557136083e-03 4.659219624134245188e-03
9.999438868272043646e-01 -9.267935673045027412e-03 5.131139410812736099e-03
9.999283172189435964e-01 -1.057069884837852011e-02 5.623235789614555898e-03
9.999093390274745863e-01 -1.198643864692250198e-02 6.135067301925050190e-03
9.998863904049801743e-01 -1.351918611492997253e-02 6.666178239245890494e-03
9.998588459754133018e-01 -1.517287349677167753e-02 7.216098938857622505e-03
9.998260130618088493e-01 -1.695133085339941767e-02 7.784346084735125314e-03
9.997871279717985837e-01 -1.885828267287217516e-02 8.370423013895310349e-03
9.997413523617434405e-01 -2.089734446889812691e-02 8.973820028453182926e-03
9.996877697000039475e-01 -2.307201936355096628e-02 9.594014713761374324e-03
9.996253818499265531e-01 -2.538569465060900796e-02 1.023047226310844042e-02
9.995531057931240637e-01 -2.784163833634272639e-02 1.088264580955142398e-02
9.994697705135726640e-01 -3.044299565504250335e-02 1.154997676555736749e-02
9.993741140629328612e-01 -3.319278555713442436e-02 1.223189517122531648e-02
9.992647808273283916e-01 -3.609389716837808210e-02 1.292782005195368747e-02
9.991403190155735414e-01 -3.914908621937602390e-02 1.363715978650643403e-02
9.989991783885343590e-01 -4.236097144544795357e-02 1.435931248651389248e-02
9.988397082489295364e-01 -4.573203095783158478e-02 1.509366638851923278e-02
9.986601557104218818e-01 -4.926459858816281678e-02 1.583960025974779501e-02
9.984586642643200616e-01 -5.296086020925584031e-02 1.659648381883289947e-02
9.982332726615927854e-01 -5.682285003634376247e-02 1.736367817277675515e-02
9.979819141271947247e-01 -6.085244691414536805e-02 1.814053627145755659e-02
9.977024159229076483e-01 -6.505137059638638197e-02 1.892640338101255967e-02
9.973924992740096362e-01 -6.942117802571522167e-02 1.972061757743073449e-02
9.970497796740916963e-01 -7.396325962330405068e-02 2.052251026167640699e-02
9.966717675812477584e-01 -7.867883559880486932e-02 2.133140669763615091e-02
9.962558695176602086e-01 -8.356895229272633119e-02 2.214662657413415600e-02
9.957993895832899511e-01 -8.863447856469607034e-02 2.296748459219572630e-02
9.952995313929553500e-01 -9.387610224246288604e-02 2.379329107865365764e-02
9.947534004445454103e-01 -9.929432664785810270e-02 2.462335262708772315e-02
9.941580069244591034e-01 -1.048894672172605430e-01 2.545697276696294586e-02
9.935102689545963761e-01 -1.106616482353789677e-01 2.629345266168767528e-02
9.928070162833471102e-01 -1.166107997023630716e-01 2.713209183614777309e-02
9.920449944210379956e-01 -1.227366543553621708e-01 2.797218893408891238e-02
9.912208692182050696e-01 -1.290387448666528436e-01 2.881304250551538007e-02
9.903312318828706440e-01 -1.355164012413353769e-01 2.965395182405185931e-02
9.893726044307230572e-01 -1.421687484383371280e-01 3.049421773397537061e-02
9.883414455597375747e-01 -1.489947042390427079e-01 3.133314352636917127e-02
9.872341569383461524e-01 -1.559929773882788584e-01 3.217003584358053142e-02
9.860470898937773176e-01 -1.631620660326026651e-01 3.300420561088158317e-02
9.847765524846582297e-01 -1.705002564808590915e-01 3.383496899393927115e-02
9.834188169394181278e-01 -1.780056223117768011e-01 3.466164838039868801e-02
9.819701274394699864e-01 -1.856760238529469587e-01 3.548357338357657070e-02
9.804267082236014508e-01 -1.935091080548696774e-01 3.630008186595144737e-02
9.787847719874902541e-01 -2.015023087828497206e-01 3.711052097982613096e-02
9.770405285498038328e-01 -2.096528475483704912e-01 3.791424822223102981e-02
9.751901937539659837e-01 -2.179577347001731003e-01 3.871063250083559698e-02
9.732299985724015556e-01 -2.264137710936126868e-01 3.949905520734407760e-02
9.711561983779286589e-01 -2.350175502549630702e-01 4.027891129457383118e-02
9.689650823449821315e-01 -2.437654610551969192e-01 4.104961035315346507e-02
9.666529829415454467e-01 -2.526536909053926916e-01 4.181057768353727694e-02
9.642162854710680797e-01 -2.616782294833236988e-01 4.256125535881574024e-02
9.616514376222743410e-01 -2.708348729979838110e-01 4.330110327361199468e-02
9.589549589836494636e-01 -2.801192289958180925e-01 4.402960017419497302e-02
9.561234504785430799e-01 -2.895267217092762357e-01 4.474624466481376406e-02
9.531536036762752184e-01 -2.990525979450178728e-01 4.545055618516780083e-02
9.500422099343862614e-01 -3.086919335056969582e-01 4.614207595387589955e-02
9.467861693272469070e-01 -3.184396401357705297e-01 4.682036787279587192e-02
9.433824993166595174e-01 -3.282904729782442077e-01 4.748501938707747755e-02
9.398283431208319660e-01 -3.382390385257191268e-01 4.813564229590538285e-02
9.361209777392047737e-01 -3.482798030455763749e-01 4.877187350900685087e-02
9.322578215920565015e-01 -3.584071014556614587e-01 4.939337574416088200e-02
9.282364417355967179e-01 -3.686151466234522389e-01 4.999983816115120133e-02
9.240545606153758307e-01 -3.788980390584405500e-01 5.059097692785402556e-02
9.197100623232806749e-01 -3.892497769643729066e-01 5.116653571444142873e-02
9.152009983261315540e-01 -3.996642666151076217e-01 5.172628611201038340e-02
9.105255926369277830e-01 -4.101353330151936705e-01 5.227002797231360826e-02
9.056822464030794828e-01 -4.206567308038873798e-01 5.279758966566847067e-02
9.006695418894935523e-01 -4.312221553592269774e-01 5.330882825455043189e-02
8.954862458381077639e-01 -4.418252540570086206e-01 5.380362958083458047e-02
8.901313121893711378e-01 -4.524596376380706775e-01 5.428190826512782619e-02
8.846038841551996379e-01 -4.631188916362149466e-01 5.474360761713119999e-02
8.789032956370692595e-01 -4.737965878183892920e-01 5.518869945648133268e-02
8.730290719870957838e-01 -4.844862955884325362e-01 5.561718384403762511e-02
8.669809301141572222e-01 -4.951815933057486796e-01 5.602908872410174157e-02
8.607587779412956275e-01 -5.058760794707296560e-01 5.642446947857375494e-02
8.543627132247572087e-01 -5.165633837295835473e-01 5.680340839455916974e-02
8.477930217490452502e-01 -5.272371776524377163e-01 5.716601404743851256e-02
8.410501749162403451e-01 -5.378911852401601079e-01 5.751242060189097616e-02
8.341348267515420467e-01 -5.485191931172641588e-01 5.784278703382136205e-02
8.270478103504814715e-01 -5.591150603705028477e-01 5.815729627657097861e-02
8.197901337965051161e-01 -5.696727279953039957e-01 5.845615429519422646e-02
8.123629755806168751e-01 -5.801862279150112878e-01 5.873958909294996200e-02
8.047676795574578712e-01 -5.906496915409503723e-01 5.900784965448723635e-02
7.970057494745876880e-01 -6.010573578446044563e-01 5.926120483049623217e-02
7.890788431137837344e-01 -6.114035809166182833e-01 5.949994216884518794e-02
7.809887660848903179e-01 -6.216828369909270791e-01 5.972436669743107912e-02
7.727374653141173555e-01 -6.318897309159804410e-01 5.993479966413536864e-02
7.643270222697016170e-01 -6.420190020587750457e-01 6.013157723939548116e-02
7.557596459685095303e-01 -6.520655296311798077e-01 6.031504918697810219e-02
7.470376658074766585e-01 -6.620243374318014462e-01 6.048557750857256471e-02
7.381635242637566430e-01 -6.718905980003629930e-01 6.064353506781292036e-02
7.291397695071024643e-01 -6.816596361852186314e-01 6.078930419928678386e-02
7.199690479673395149e-01 -6.913269321281783064e-01 6.092327530800050600e-02
7.106540968988296347e-01 -7.008881236742326992e-01 6.104584546464528888e-02
7.011977369825892481e-01 -7.103390082170315534e-01 6.115741700185086532e-02
6.916028650052347126e-01 -7.196755439940532018e-01 6.125839611642480004e-02
6.818724466522043670e-01 -7.288938508482881717e-01 6.134919148235992020e-02
6.720095094507797517e-01 -7.379902104759322734e-01 6.143021287915285261e-02
6.620171358963181651e-01 -7.469610661820296205e-01 6.150186983971691473e-02
6.518984567928441942e-01 -7.558030221682122685e-01 6.156457032189594641e-02
6.416566448367555520e-01 -7.645128423786453631e-01 6.161871940729585218e-02
6.312949084699024382e-01 -7.730874489320012088e-01 6.166471803085088466e-02
6.208164860257258111e-01 -7.815239201687458337e-01 6.170296174423567370e-02
6.102246401895153882e-01 -7.898194883442389846e-01 6.173383951592500973e-02
5.995226527911913239e-01 -7.979715369991113860e-01 6.175773257039430392e-02
5.887138199463528565e-01 -8.059775980391163941e-01 6.177501326864777431e-02
5.778014475586863430e-01 -8.138353485571441226e-01 6.178604403196139710e-02
5.667888471942098549e-01 -8.215426074303612269e-01 6.179117631043590242e-02
5.556793323352644531e-01 -8.290973317255005970e-01 6.179074959767411057e-02
5.444762150196605921e-01 -8.364976129451836551e-01 6.178509049262864011e-02
5.331828028679658216e-01 -8.437416731478332155e-01 6.177451180941228442e-02
5.218023964995868180e-01 -8.508278609732338182e-01 6.175931173562550225e-02
5.103382873360685634e-01 -8.577546476051352009e-01 6.173977303953522011e-02
4.987937557879097428e-01 -8.645206227014917699e-01 6.171616232623683418e-02
4.871720698191842613e-01 -8.711244903219900193e-01 6.168872934274835518e-02
4.754764838823722917e-01 -8.775650648814651289e-01 6.165770633182202781e-02
4.637102382140366186e-01 -8.838412671566476808e-01 6.162330743411519735e-02
4.518765584803404733e-01 -8.899521203724330976e-01 6.158572813823835757e-02
4.399786557598870385e-01 -8.958967463925406882e-01 6.154514477809436279e-02
4.280197268499692509e-01 -9.016743620380340829e-01 6.150171407683835412e-02
4.160029548810513234e-01 -9.072842755557292138e-01 6.145557273672219711e-02
4.039315102231560428e-01 -9.127258832570199765e-01 6.140683707404018254e-02
3.918085516668012858e-01 -9.179986663461238150e-01 6.135560269836283498e-02
3.796372278602152539e-01 -9.231021879551921661e-01 6.130194423523260133e-02
3.674206789837514697e-01 -9.280360904021520696e-01 6.124591509149760610e-02
3.551620386417263520e-01 -9.328000926855555264e-01 6.118754726247656317e-02
3.428644359513006168e-01 -9.373939882291117964e-01 6.112685118017808367e-02
3.305309978075238186e-01 -9.418176428869750039e-01 6.106381560183979373e-02
3.181648513032487857e-01 -9.460709932192561400e-01 6.099840753810557153e-02
3.057691262822990752e-01 -9.501540450456277265e-01 6.093057222022129488e-02
2.933469580040319880e-01 -9.540668722832940096e-01 6.086023310569974032e-02
2.809014898972784779e-01 -9.578096160740146026e-01 6.078729192198180364e-02
2.684450269449177862e-01 -9.613807516803754005e-01 6.069860240438902654e-02
2.559828264489835692e-01 -9.647802848964145417e-01 6.059535429833103060e-02
2.435199107572372512e-01 -9.680084611827063368e-01 6.047871249529024329e-02
2.310610639999836069e-01 -9.710657479920684620e-01 6.034981606462049009e-02
2.186108297795413546e-01 -9.739528172974433184e-01 6.020977743299916335e-02
2.061735097684584406e-01 -9.766705283863346132e-01 6.005968170434172748e-02
1.937531631699094536e-01 -9.792199109793656708e-01 5.990058611265611926e-02
1.813536069917288940e-01 -9.816021487238487664e-01 5.973351960007046435e-02
1.689784170841702182e-01 -9.838185631067722925e-01 5.955948251210466809e-02
1.566309298906914116e-01 -9.858705978253664570e-01 5.937944640216783615e-02
1.443142448608011053e-01 -9.877598036474406484e-01 5.919435393724298972e-02
1.320312274742042324e-01 -9.894878237880254668e-01 5.900511889676093163e-02
1.197845128261132153e-01 -9.910563798235215716e-01 5.881262625676011296e-02
1.075765097245883345e-01 -9.924672581595795906e-01 5.861773235157167333e-02
9.540940525209164191e-02 -9.937222970643156961e-01 5.842126510545273682e-02
8.328516974503483161e-02 -9.948233742742129682e-01 5.822402432680984924e-02
7.120556214692938535e-02 -9.957723951761794368e-01 5.802678205790244570e-02
5.917213569276427720e-02 -9.965712815657118417e-01 5.783028297318796446e-02
4.718624388440469108e-02 -9.972219609779594540e-01 5.763524481976053243e-02
3.524904671908694886e-02 -9.977263565856757666e-01 5.744235889363916853e-02
2.336151713544901143e-02 -9.980863776555762845e-01 5.725229054597519990e-02
1.152444764395115645e-02 -9.983039105524824652e-01 5.706567971356774072e-02
-2.615428890183624233e-04 -9.983808102787955496e-01 5.688314146839761748e-02
-1.199600233161676396e-02 -9.983188925353112531e-01 5.670526658121066710e-02
-2.367863827744238689e-02 -9.981199262881200740e-01 5.653262209449823328e-02
-3.530931096031308947e-02 -9.977856268253381122e-01 5.636575190053402101e-02
-4.688802611405949033e-02 -9.973176492866501208e-01 5.620517732042956682e-02
-5.841492779620419129e-02 -9.967175826481065037e-01 5.605139768046474291e-02
-6.989029119221580599e-02 -9.959869441442822380e-01 5.590489088223290354e-02
-8.131451541493202317e-02 -9.951271741097597046e-01 5.576611396341177307e-02
-9.268811631174639354e-02 -9.941396312219199505e-01 5.563550364623047473e-02
-1.040117192902548227e-01 -9.930255881272097573e-01 5.551347687094922850e-02
-1.152860521712637532e-01 -9.917862274333691941e-01 5.540043131190121317e-02
-1.265119380763765622e-01 -9.904226380505523064e-01 5.529674587386588375e-02
-1.376902883557982460e-01 -9.889358118648295948e-01 5.520278116674947472e-02
-1.488220955605337459e-01 -9.873266407282212942e-01 5.511887995674188967e-02
-1.599084264618011453e-01 -9.855959137501539846e-01 5.504536759230008874e-02
-1.709504151192374755e-01 -9.837443148760592893e-01 5.498255240347692946e-02
-1.819492559983413582e-01 -9.817724207397221514e-01 5.493072607327147833e-02
-1.929061971365717554e-01 -9.796806987769374198e-01 5.489016397982340867e-02
-2.038225333566039410e-01 -9.774695055890340045e-01 5.486112550841015789e-02
-2.146995995244310729e-01 -9.751390855458670348e-01 5.484385433233272822e-02
-2.255387638492906410e-01 -9.726895696189604701e-01 5.483857866189434382e-02
-2.363414212217881116e-01 -9.701209744365886234e-01 5.484551146078742861e-02
-2.471089865860825185e-01 -9.674332015537223661e-01 5.486485062930871598e-02
-2.578428883415909145e-01 -9.646260369309148652e-01 5.489677915392125046e-02
-2.685445617693572595e-01 -9.616991506173718784e-01 5.494146522277624373e-02
-2.792154424780167732e-01 -9.586520966346282480e-01 5.499906230689850101e-02
-2.898569598641671519e-01 -9.554843130584355082e-01 5.506970920682719567e-02
-3.004705305819333483e-01 -9.521951222976524631e-01 5.515353006459034618e-02
-3.110555630710175601e-01 -9.487848670965273179e-01 5.524233164011834590e-02
-3.216116234134598906e-01 -9.452533668073320738e-01 5.533569172079230020e-02
-3.321381788126813173e-01 -9.416004437723168863e-01 5.543317612990141668e-02
-3.426345959775918271e-01 -9.378259291629007510e-01 5.553433876195757596e-02
-3.531001397306670619e-01 -9.339296689417014852e-01 5.563872163342926946e-02
-3.635339718492077710e-01 -9.299115299421577552e-01 5.574585495124607243e-02
-3.739351501493332619e-01 -9.257714060595988448e-01 5.585525720142703321e-02
-3.843026278225260550e-01 -9.215092245466486309e-01 5.596643526018046239e-02
-3.946352530347336240e-01 -9.171249524048208368e-01 5.607888452980774180e-02
-4.049317687981363600e-01 -9.126186028630702829e-01 5.619208910171921700e-02
-4.151908131257031065e-01 -9.079902419329191066e-01 5.630552194883455680e-02
-4.254109194785669068e-01 -9.032399950285826540e-01 5.641864514959284843e-02
-4.355905175160610376e-01 -8.983680536392842919e-01 5.653091014573775192e-02
-4.457279341579473142e-01 -8.933746820396815114e-01 5.664175803596969982e-02
-4.558213949679448818e-01 -8.882602240230301760e-01 5.675061990746928242e-02
-4.658690258671174256e-01 -8.830251096404080347e-01 5.685691720719321385e-02
-4.758688551849975523e-01 -8.776698619280065561e-01 5.696006215472537021e-02
-4.858188160555145796e-01 -8.721951036031957427e-01 5.705945819833044275e-02
-4.957167491638426737e-01 -8.666015637087806089e-01 5.715450051570549611e-02
-5.055604058491967034e-01 -8.608900841836192308e-01 5.724457656075548906e-02
-5.153474515673741596e-01 -8.550616263365631298e-01 5.732906665753175618e-02
-5.250754697154709216e-01 -8.491172771995407764e-01 5.740734464226819600e-02
-5.347419658196904679e-01 -8.430582557345339678e-01 5.747877855422772048e-02
-5.443443720855202228e-01 -8.368859188682221673e-01 5.754273137583267722e-02
-5.538800523077725968e-01 -8.306017673272022561e-01 5.759856182229717431e-02
-5.633463071360861329e-01 -8.242074512459425240e-01 5.764562518070766306e-02
-5.727403796894641186e-01 -8.177047755190266498e-01 5.768327419821185631e-02
-5.820594615112997250e-01 -8.110957048687894577e-01 5.771086001867581361e-02
-5.913006988541186226e-01 -8.043823685991641215e-01 5.772773316685699679e-02
-6.004611992809627541e-01 -7.975670650064631273e-01 5.773324457881820471e-02
-6.095380385679735058e-01 -7.906522654179124476e-01 5.772674667697635931e-02
-6.185282678903122333e-01 -7.836406178290675761e-01 5.770759448784249651e-02
-6.274289212711103847e-01 -7.765349501117690956e-01 5.767514680016828238e-02
-6.362370232706867634e-01 -7.693382727650514008e-01 5.762876736087185064e-02
-6.449495968908268706e-01 -7.620537811824139585e-01 5.756782610577534931e-02
-6.535636716665194079e-01 -7.546848574100986085e-01 5.749170042185051954e-02
-6.620762919152030079e-01 -7.472350713724967841e-01 5.739977643734098245e-02
-6.704845251113278337e-01 -7.397081815425318174e-01 5.729145033581321822e-02
-6.787854703519015098e-01 -7.321081350368269236e-01 5.716612968988647736e-02
-6.869762668766965508e-01 -7.244390671176674790e-01 5.702323481010795198e-02
-6.950541026049759097e-01 -7.167053000861931533e-01 5.686220010417750853e-02
-7.030162226489642396e-01 -7.089113415538935703e-01 5.668247544148879297e-02
-7.108599377628898042e-01 -7.010618820823227848e-01 5.648352751774452646e-02
-7.185826326852620127e-01 -6.931617921839700047e-01 5.626484121422586915e-02
-7.261817743311618223e-01 -6.852161186804039961e-01 5.602592094615205243e-02
-7.336549197907206166e-01 -6.772300804171302868e-01 5.576629199445960750e-02
-7.409997240896757376e-01 -6.692090633380287645e-01 5.548550181526277353e-02
-7.482139476679241508e-01 -6.611586149257510092e-01 5.518312132122998176e-02
-7.552954635323686494e-01 -6.530844380180176323e-01 5.485874612912741005e-02
-7.622422640410719819e-01 -6.449923840133361397e-01 5.451199776784028395e-02
-7.690567556947931482e-01 -6.368815733127337619e-01 5.416244553676247131e-02
-7.757396885563242472e-01 -6.287546575803364401e-01 5.381002291651870023e-02
-7.822918415234592082e-01 -6.206142725144943029e-01 5.345467069102716184e-02
-7.887140229508642353e-01 -6.124630367184116242e-01 5.309633716629855865e-02
-7.950070712225613123e-01 -6.043035504718787809e-01 5.273497837046202397e-02
-8.011718552691554640e-01 -5.961383944097368159e-01 5.237055823488285383e-02
-8.072092750243996528e-01 -5.879701281130131907e-01 5.200304875625783030e-02
-8.131202618161649243e-01 -5.798012886189467530e-01 5.163243013959766675e-02
-8.189057786873649158e-01 -5.716343888563664155e-01 5.125869092203269584e-02
-8.245668206428717895e-01 -5.634719160131077542e-01 5.088182807740745245e-02
-8.301044148189539174e-01 -5.553163298423353655e-01 5.050184710166146645e-02
-8.355196205722602576e-01 -5.471700609147951422e-01 5.011876207902749014e-02
-8.408135294858752884e-01 -5.390355088241419734e-01 4.973259572911411380e-02
-8.459872652904606438e-01 -5.309150403525794149e-01 4.934337943497699164e-02
-8.510419836989957521e-01 -5.228109876041043824e-01 4.895115325232129999e-02
-8.559788721541145007e-01 -5.147256461126787919e-01 4.855596590001750451e-02
-8.607991494875157912e-01 -5.066612729326412934e-01 4.815787473215239062e-02
-8.655040654913972453e-01 -4.986200847186386120e-01 4.775694569187770994e-02
-8.700949004023205147e-01 -4.906042558022880584e-01 4.735325324735883967e-02
-8.745729642983613994e-01 -4.826159162726850194e-01 4.694688031016595875e-02
-8.789395964108315251e-01 -4.746571500677465583e-01 4.653791813648932435e-02
-8.831961643522684424e-01 -4.667299930832278787e-01 4.612646621159875726e-02
-8.873440632627896951e-01 -4.588364313060708799e-01 4.571263211800456056e-02
-8.913847148772766626e-01 -4.509783989785399738e-01 4.529653138781288002e-02
-8.953195665162099193e-01 -4.431577767993753469e-01 4.487828733980258472e-02
-8.991500900033028154e-01 -4.353763901679443271e-01 4.445803090178300498e-02
-9.028777805133879619e-01 -4.276360074771061726e-01 4.403590041882188277e-02
-9.065041553542854125e-01 -4.199383384602186076e-01 4.361204144796076293e-02
-9.100307526866369123e-01 -4.122850325974155572e-01 4.318660654006050564e-02
-9.134591301859116275e-01 -4.046776775859691755e-01 4.275975500944235314e-02
-9.167908636509868314e-01 -3.971177978792237995e-01 4.233165269201020348e-02
-9.200275455638740052e-01 -3.896068532982536192e-01 4.190247169255714027e-02
-9.231707836053000271e-01 -3.821462377200516292e-01 4.147239012197385249e-02
-9.262221991309651514e-01 -3.747372778457087605e-01 4.104159182508827081e-02
-9.291834256133792991e-01 -3.673812320516890439e-01 4.061026609987462149e-02
-9.320561070542348059e-01 -3.600792893269532113e-01 4.017860740877600423e-02
-9.348418963722988639e-01 -3.528325682983291522e-01 3.974681508288777088e-02
-9.375424537718078932e-01 -3.456421163461760870e-01 3.931509301974920462e-02
-9.401594450963222105e-01 -3.385089088120430412e-01 3.888364937548867417e-02
-9.426945401729431850e-01 -3.314338482996800894e-01 3.845269625206227532e-02
-9.451494111517237950e-01 -3.244177640704281051e-01 3.802244938031837385e-02
-9.475257308450005800e-01 -3.174614115336869546e-01 3.759312779961045126e-02
-9.498251710712567464e-01 -3.105654718328481612e-01 3.716495353466819224e-02
-9.520494010079846303e-01 -3.037305515267758604e-01 3.673815127042238948e-02
-9.542000855578554042e-01 -2.969571823666282140e-01 3.631294802546257416e-02
-9.562788837323284996e-01 -2.902458211675369992e-01 3.588957282478799637e-02
-9.582874470566394853e-01 -2.835968497743995842e-01 3.546825637249256119e-02
-9.602274179998987469e-01 -2.770105751207923017e-01 3.504923072500266967e-02
-9.621004284338156021e-01 -2.704872293797827010e-01 3.463272896546416152e-02
-9.639080981233318912e-01 -2.640269702052045475e-01 3.421898487985045034e-02
-9.656500122849183132e-01 -2.576407075065316188e-01 3.378344480222721796e-02
-9.673266394441036864e-01 -2.513334990358176424e-01 3.332636193701311172e-02
-9.689385561497458887e-01 -2.451103507083890742e-01 3.284801181181538909e-02
-9.704864423767808335e-01 -2.389762096334874797e-01 3.234869196200776398e-02
-9.719710765917475292e-01 -2.329359573207778200e-01 3.182872157187231765e-02
-9.733933305024087268e-01 -2.269944030810068236e-01 3.128844107447471823e-02
-9.747541635142930039e-01 -2.211562776374833561e-01 3.072821171259439849e-02
-9.760546169183436094e-01 -2.154262269633590021e-01 3.014841506316240718e-02
-9.772958078350560962e-01 -2.098088063579291729e-01 2.954945252776861389e-02
-9.784789229415273848e-01 -2.043084747733694140e-01 2.893174479188567738e-02
-9.796052120087086479e-01 -1.989295894014879995e-01 2.829573125552023102e-02
-9.806759812768596207e-01 -1.936764005282293755e-01 2.764186943804129021e-02
-9.816925866977362913e-01 -1.885530466618234868e-01 2.697063435995261313e-02
-9.826564270724160721e-01 -1.835635499386585878e-01 2.628251790436994181e-02
-9.835689371138677251e-01 -1.787118118091772234e-01 2.557802816093622880e-02
-9.844315804634214961e-01 -1.740016090043723929e-01 2.485768875485926468e-02
-9.852458426901866684e-01 -1.694365897818070898e-01 2.412203816368724621e-02
-9.860132243022085019e-01 -1.650202704485102256e-01 2.337162902435045014e-02
-9.867352337977608467e-01 -1.607560321566273709e-01 2.260702743289216832e-02
-9.874133807846452449e-01 -1.566471179663365687e-01 2.182881223919149599e-02
-9.880491691947159705e-01 -1.526966301692874173e-01 2.103757433884555564e-02
-9.886440906200886225e-01 -1.489075278646958267e-01 2.023391596423152611e-02
-9.891996177966237980e-01 -1.452826247792302072e-01 1.941844997661082775e-02
-9.897171982593160333e-01 -1.418245873209676988e-01 1.859179916097111751e-02
-9.901982481931759228e-01 -1.385359328569809589e-01 1.775459552512821323e-02
-9.906441465020765502e-01 -1.354190282035421522e-01 1.690747960443156339e-02
-9.910562291168529825e-01 -1.324760883175006010e-01 1.605109977323529794e-02
-9.914357835627106708e-01 -1.297091751771048407e-01 1.518611156411430775e-02
-9.917840438047144103e-01 -1.271201968403948557e-01 1.431317699562269403e-02
-9.921021853888150055e-01 -1.247109066692858592e-01 1.343296390921252387e-02
-9.923913208945205344e-01 -1.224829027075935578e-01 1.254614531575541127e-02
-9.926524957139510885e-01 -1.204376272015096755e-01 1.165339875193995185e-02
-9.928866841706301960e-01 -1.185763662514176114e-01 1.075540564665584432e-02
-9.930947859899716956e-01 -1.169002495844345124e-01 9.852850697322119988e-03
-9.932776231320206151e-01 -1.154102504376696009e-01 8.946421255973535311e-03
-9.934359369956068386e-01 -1.141071855428899967e-01 8.036806724787112777e-03
-9.935703860016744660e-01 -1.129917152040750550e-01 7.124697960611059595e-03
-9.936815435621588755e-01 -1.120643434602078131e-01 6.210786687951777400e-03
-9.937698964394032775e-01 -1.113254183265870861e-01 5.295764919782262187e-03
-9.938358434997356383e-01 -1.107751321089348040e-01 4.380324385457430407e-03
-9.938796948634699424e-01 -1.104135217856086343e-01 3.465155964959441923e-03
-9.939016714522509455e-01 -1.102404694542985925e-01 2.550949128649190965e-03
-9.939019049333311928e-01 -1.102557028406760953e-01 1.638391381669118728e-03
-9.938804380590533505e-01 -1.104587958675630477e-01 7.281677121274431107e-04
-9.938372253985108262e-01 -1.108491692842854259e-01 -1.790399578052441661e-04
-9.937721344570725757e-01 -1.114260913569587591e-01 -1.082553318739444548e-03
-9.936849471781891152e-01 -1.121886786215101489e-01 -1.981698219670646743e-03
-9.935753618206399906e-01 -1.131358967022626366e-01 -2.875805213116929861e-03
-9.934429952031463840e-01 -1.142665611998810588e-01 -3.764210100502006495e-03
-9.932873853070490755e-01 -1.155793386533946060e-01 -4.646254478420125400e-03
-9.931094846977319701e-01 -1.170613001601130826e-01 -5.495855990548458372e-03
-9.929094284613706467e-01 -1.187056039942337299e-01 -6.312486718242546133e-03
-9.926873255713550837e-01 -1.205052965373290541e-01 -7.095646780398005490e-03
-9.924432698098685224e-01 -1.224533191252568792e-01 -7.844864711791604828e-03
-9.921773503776717407e-01 -1.245425149904623302e-01 -8.559697817949320914e-03
-9.918896621483860310e-01 -1.267656363018394294e-01 -9.239732503978768940e-03
-9.915803155255280554e-01 -1.291153513018086230e-01 -9.884584574761700118e-03
-9.912494458626743832e-01 -1.315842515377378952e-01 -1.049389950390189341e-02
-9.908972224094096948e-01 -1.341648591823215719e-01 -1.106735266886429460e-02
-9.905238567481431389e-01 -1.368496344350648708e-01 -1.160464954982185284e-02
-9.901296106894503790e-01 -1.396309829946338898e-01 -1.210552588984585044e-02
-9.897148035963050372e-01 -1.425012635895519242e-01 -1.256974781423201085e-02
-9.892798191103949756e-01 -1.454527955525798943e-01 -1.299711190694609157e-02
-9.888251112566562862e-01 -1.484778664221383382e-01 -1.338744524239667867e-02
-9.883512099051944277e-01 -1.515687395523362402e-01 -1.374060537099661659e-02
-9.878587255728701333e-01 -1.547176617115865738e-01 -1.405648025725489587e-02
-9.873483535500008346e-01 -1.579168706484327944e-01 -1.433498816944444275e-02
-9.868208773408360113e-01 -1.611586026020971341e-01 -1.457607752021460902e-02
-9.862771714096936204e-01 -1.644350997344057319e-01 -1.477972665785634750e-02
-9.857182032278690720e-01 -1.677386174591573298e-01 -1.494594360827930339e-02
-9.851450346196291008e-01 -1.710614316446862904e-01 -1.507476576811924568e-02
-9.845588224087550300e-01 -1.743958456653342537e-01 -1.516625954975744928e-02
-9.839608183701832322e-01 -1.777341972777838897e-01 -1.522051997939673218e-02
-9.833523684942848675e-01 -1.810688652987243186e-01 -1.523767024969791689e-02
-9.827349115742091135e-01 -1.843922760611017286e-01 -1.521786122883165941e-02
-9.821099771294642400e-01 -1.876969096272544379e-01 -1.516127092814015601e-02
-9.814791826815166820e-01 -1.909753057385250585e-01 -1.506810393092759479e-02
-9.808442303996240952e-01 -1.942200694824727236e-01 -1.493859078520420186e-02
-9.802069031373800145e-01 -1.974238766605561080e-01 -1.477298736349317264e-02
-9.795690598825137485e-01 -2.005794788411071894e-01 -1.457157419306992323e-02
-9.789326306443564274e-01 -2.036797080845456076e-01 -1.433465576023657331e-02
-9.782996108050426853e-01 -2.067174813300728942e-01 -1.406255979243917036e-02
-9.776720549619605238e-01 -2.096858044355116302e-01 -1.375563652220909185e-02
-9.770520702901914767e-01 -2.125777758644946946e-01 -1.341425793705194186e-02
-9.764418094546954974e-01 -2.153865900178393855e-01 -1.303881701951588833e-02
-9.758434631027957940e-01 -2.181055402086364559e-01 -1.262972698174608804e-02
-9.752592519681120287e-01 -2.207280212833219457e-01 -1.218742049887211812e-02
-9.746914186174846506e-01 -2.232475318937549857e-01 -1.171234894558112992e-02
-9.741422188726381881e-01 -2.256576764280762704e-01 -1.120498164020085688e-02
-9.736139129383605262e-01 -2.279521666108463018e-01 -1.066580510055422509e-02
-9.731087562688413017e-01 -2.301248227856387829e-01 -1.009532231575174452e-02
-9.726289902035316626e-01 -2.321695748958729488e-01 -9.494052037960106633e-03
-9.721768324034817388e-01 -2.340804631821903070e-01 -8.862528098026652493e-03
-9.717544671185891492e-01 -2.358516386170982915e-01 -8.201298748650866222e-03
-9.713640353155872376e-01 -2.374773630999002794e-01 -7.510926038577291769e-03
-9.710076246959192803e-01 -2.389520094370932712e-01 -6.791985221040892570e-03
-9.706872596319188196e-01 -2.402700611354279536e-01 -6.045064199427473833e-03
-9.704048910489586621e-01 -2.414261120366794355e-01 -5.270763012820117721e-03
-9.701623862804709120e-01 -2.424148658248592991e-01 -4.469693363789499670e-03
-9.699615189219873423e-01 -2.432311354381024859e-01 -3.642478190453090573e-03
-9.698011418108879456e-01 -2.438807588378157643e-01 -2.814585825280204075e-03
-9.696816052629129157e-01 -2.443637433562514949e-01 -1.986562329236273104e-03
-9.696031481636849803e-01 -2.446801851088370727e-01 -1.158951700900853060e-03
-9.695658979084538220e-01 -2.448302683018657722e-01 -3.322958133414104188e-04
-9.695698706044569848e-01 -2.448142646702190228e-01 4.928656449169004734e-04
-9.696149715334636543e-01 -2.446325330454118541e-01 1.315995226700191964e-03
-9.697009958719381428e-01 -2.442855190531174614e-01 2.136557782634565528e-03
-9.698276296661371143e-01 -2.437737549382075486e-01 2.954020519071750336e-03
-9.699944510593319080e-01 -2.430978595142455900e-01 3.767853059294948119e-03
-9.702009317682137590e-01 -2.422585382332953785e-01 4.577527509764546185e-03
-9.704464388054002688e-01 -2.412565833708599505e-01 5.382518533110172525e-03
-9.707302364448013865e-01 -2.400928743197519588e-01 6.182303429513067577e-03
-9.710514884264239699e-01 -2.387683779857182331e-01 6.976362228051178477e-03
-9.714092603969900486e-01 -2.372841492767028826e-01 7.764177789499005812e-03
-9.718025225825093205e-01 -2.356413316767394517e-01 8.545235921985333549e-03
-9.722301526886819589e-01 -2.338411578946169023e-01 9.319025510814852101e-03
-9.726909390247063802e-01 -2.318849505766695240e-01 1.008503866365466871e-02
-9.731835838457295607e-01 -2.297741230723033823e-01 1.084277087217417473e-02
-9.737067069088003457e-01 -2.275101802401935658e-01 1.159172119110701837e-02
-9.742588492367704189e-01 -2.250947192824717391e-01 1.233139243557756018e-02
-9.748384770841299618e-01 -2.225294305936772743e-01 1.306129139740150324e-02
-9.754439860982689892e-01 -2.198160986107694781e-01 1.378092908093200147e-02
-9.760737056691188851e-01 -2.169566026500990286e-01 1.448982095887893680e-02
-9.767259034595544565e-01 -2.139529177169151308e-01 1.518748724838086921e-02
-9.773987901083294183e-01 -2.108071152727460651e-01 1.587345320745704030e-02
-9.780905240966748515e-01 -2.075213639458377834e-01 1.654724945181143200e-02
-9.787992167690209300e-01 -2.040979301697695425e-01 1.720841229180302551e-02
-9.795229374976087700e-01 -2.005391787353919264e-01 1.785648408923690492e-02
-9.802597189800426047e-01 -1.968475732413518531e-01 1.849101363347045376e-02
-9.810075626581065134e-01 -1.930256764286832349e-01 1.911155653616868760e-02
-9.817644442454332987e-01 -1.890761503852524394e-01 1.971767564388351643e-02
-9.825283193508750346e-01 -1.850017566062560626e-01 2.030894146747452833e-02
-9.832971291836946071e-01 -1.808053558974727915e-01 2.088493262723480418e-02
-9.840688063259789287e-01 -1.764899081085735955e-01 2.144523631243520911e-02
-9.848412805569758399e-01 -1.720584716844919537e-01 2.198944875385583017e-02
-9.856124847133920230e-01 -1.675142030236467516e-01 2.251717570773469762e-02
-9.863803605690553145e-01 -1.628603556326931878e-01 2.302803294943275153e-02
-9.871428647167612702e-01 -1.581002790684467030e-01 2.352164677499142195e-02
-9.878979744345937064e-01 -1.532374176586780157e-01 2.399765450864600053e-02
-9.886436935185372032e-01 -1.482753089946083902e-01 2.445570501425549381e-02
-9.893780580628034338e-01 -1.432175821891376877e-01 2.489545920851871097e-02
-9.900991421689691041e-01 -1.380679558961060704e-01 2.531659057376789423e-02
-9.908050635647878135e-01 -1.328302360872163634e-01 2.571878566806625951e-02
-9.914939891133910388e-01 -1.275083135846195592e-01 2.610174463028497316e-02
-9.921641401935455962e-01 -1.221061613485818348e-01 2.646518167779927239e-02
-9.928137979316875583e-01 -1.166278315210973887e-01 2.680882559442302956e-02
-9.934413082666141426e-01 -1.110774522277782617e-01 2.713242020619677577e-02
-9.940450868279830932e-01 -1.054592241418279702e-01 2.743572484265614786e-02
-9.946236236101537731e-01 -9.977741681538027096e-02 2.771851478123637386e-02
-9.951754874233993409e-01 -9.403636478494535600e-02 2.798058167251369494e-02
-9.956993301051311196e-01 -8.824046345914206280e-02 2.822173394404648566e-02
-9.961938904744987999e-01 -8.239416479829461681e-02 2.844179718065716761e-02
-9.966579980145675588e-01 -7.650197279682399709e-02 2.864061447909032124e-02
-9.970905762672144235e-01 -7.056843878065620357e-02 2.881804677509223686e-02
-9.974906459269339276e-01 -6.459815653309128325e-02 2.897397314108181299e-02
-9.978573276208898557e-01 -5.859575726371724774e-02 2.910829105272137729e-02
-9.981898443637847729e-01 -5.256590443600191176e-02 2.922091662284768271e-02
-9.984875236774420904e-01 -4.651328847014438161e-02 2.931178480138696765e-02
-9.987497993663914109e-01 -4.044262133860691832e-02 2.938084954005229857e-02
-9.989762129422106174e-01 -3.435863107247082160e-02 2.942808392080503363e-02
-9.991664146908979527e-01 -2.826605619735947372e-02 2.945348024725383262e-02
-9.993201643791105315e-01 -2.216964011814255911e-02 2.945705009836254579e-02
-9.994373315967040039e-01 -1.607412547197388866e-02 2.943882434404102022e-02
-9.995178957346264603e-01 -9.984248469417715890e-03 2.939885312239863199e-02
-9.995619455988516977e-01 -3.904733243483578427e-03 2.933720577864759940e-02
-9.995696786626605546e-01 2.159713773682806794e-03 2.925397076585004377e-02
-9.995413999611949540e-01 8.204409426914409387e-03 2.914925550790772521e-02
-9.994775206337931373e-01 1.422469934774919613e-02 2.902318622539473703e-02
-9.993785561211631085e-01 2.021596337904839683e-02 2.887590772502936914e-02
-9.992451240259503376e-01 2.617362089638826037e-02 2.870758315377062997e-02
-9.990779416466926133e-01 3.209313600882827272e-02 2.851839371870563272e-02
-9.988778231965237397e-01 3.797002262249336846e-02 2.830853837406517928e-02
-9.986456767192757322e-01 4.379984935134775825e-02 2.807823347686485421e-02
-9.983825007168304344e-01 4.957824426057413220e-02 2.782771241281676439e-02
-9.980893805026759269e-01 5.530089942909529460e-02 2.755722519429154582e-02
-9.977674842976278491e-01 6.096357531897444310e-02 2.726703803223070460e-02
-9.974180590845723726e-01 6.656210494069536576e-02 2.695743288401471552e-02
-9.970424262398739357e-01 7.209239780464275771e-02 2.662870697938234804e-02
-9.966419769597641976e-01 7.755044365046472044e-02 2.628117232657059890e-02
-9.962181675005830073e-01 8.293231594739193524e-02 2.591515520090236641e-02
-9.957725142521859363e-01 8.823417516000009453e-02 2.553099561809038520e-02
-9.953065886641543347e-01 9.345227177532150487e-02 2.512904679455095144e-02
-9.948220120446562564e-01 9.858294908862752504e-02 2.470967459702976682e-02
-9.943204502519036314e-01 1.036226457466046663e-01 2.427325698383521468e-02
-9.938036082981411834e-01 1.085678980480228317e-01 2.382018343995191689e-02
-9.932732248859887925e-01 1.134153420033345294e-01 2.335085440827006087e-02
-9.927310668967461726e-01 1.181617151559398310e-01 2.286568071911448258e-02
-9.921789238499620911e-01 1.228038581690940045e-01 2.236508302019256378e-02
-9.916186023531782245e-01 1.273387161836160297e-01 2.184949120900259167e-02
-9.910519205602863479e-01 1.317633399526688398e-01 2.131934386965508854e-02
-9.904807026563924310e-01 1.360748867609200274e-01 2.077508771596014298e-02
-9.899067733864733709e-01 1.402706211363498323e-01 2.021717704252446943e-02
-9.893319526444460665e-01 1.443479153638463908e-01 1.964607318548451317e-02
-9.887580501385551113e-01 1.483042498105134055e-01 1.906224399437691022e-02
-9.881868601482314274e-01 1.521372130733089079e-01 1.846616331651665388e-02
-9.876201563867845756e-01 1.558445019602348325e-01 1.785831049511720295e-02
-9.870596869834828979e-01 1.594239213168038294e-01 1.723916988224675692e-02
-9.865071695977408739e-01 1.628733837099210491e-01 1.660923036757214893e-02
-9.859642866772968528e-01 1.661909089816371032e-01 1.596898492369722145e-02
-9.854326808714179986e-01 1.693746236854521137e-01 1.531893016875736889e-02
-9.849139506093272933e-01 1.724227604179839335e-01 1.465956594678696420e-02
-9.844096458532152205e-01 1.753336570588571175e-01 1.399139492623275270e-02
-9.839212640343794058e-01 1.781057559316256422e-01 1.331492221684473648e-02
-9.834502461802328011e-01 1.807376028984165328e-01 1.263065500503761894e-02
-9.829979732391437297e-01 1.832278464007743579e-01 1.193910220768103041e-02
-9.825657626093171615e-01 1.855752364589050296e-01 1.124077414414658381e-02
-9.821548648772052692e-01 1.877786236411631837e-01 1.053618222631460925e-02
-9.817664607702396573e-01 1.898369580152064195e-01 9.825838666124065562e-03
-9.814016583280221750e-01 1.917492880917562592e-01 9.110256200135998655e-03
-9.810614902954833960e-01 1.935147597713647583e-01 8.389947830474515575e-03
-9.807469117409303161e-01 1.951326153039912026e-01 7.665426581409991690e-03
-9.804587979013480448e-01 1.966021922705517289e-01 6.937205270757510270e-03
-9.801979422568013467e-01 1.979229225949201698e-01 6.205796295179548741e-03
-9.799650548352945023e-01 1.990943315941349767e-01 5.471711428406051715e-03
-9.797607607489944304e-01 2.001160370738120364e-01 4.735461631317350664e-03
-9.795855989622983540e-01 2.009877484749788001e-01 3.997556872776153632e-03
-9.794400212918318305e-01 2.017092660777378699e-01 3.258505960044057789e-03
-9.793243916380957037e-01 2.022804802663426271e-01 2.518816377575895139e-03
-9.792389854481347022e-01 2.027013708594269104e-01 1.778994132951663889e-03
-9.791839894082766671e-01 2.029720065082819824e-01 1.039543608680879765e-03
-9.791595013656851920e-01 2.030925441652191021e-01 3.009674185978574064e-04
-9.791655304771766932e-01 2.030632286232012251e-01 -4.362337324413683619e-04
-9.792019975834738155e-01 2.028843921270752637e-01 -1.171561186849111053e-03
-9.792687358067924119e-01 2.025564540558927873e-01 -1.904518471862725552e-03
-9.793654913693966568e-01 2.020799206749741284e-01 -2.634611437630358845e-03
-9.794919246304876204e-01 2.014553849555549836e-01 -3.361348397062944703e-03
-9.796476113385276241e-01 2.006835264590562662e-01 -4.084240268656518305e-03
-9.798320440958292465e-01 1.997651112822448893e-01 -4.802800723448148040e-03
-9.800446340319636240e-01 1.987009920588056477e-01 -5.516546337220587168e-03
-9.802847126822530344e-01 1.974921080121278538e-01 -6.224996749015329796e-03
-9.805515340673172098e-01 1.961394850534279310e-01 -6.927674826951488174e-03
-9.808442769693275221e-01 1.946442359186844051e-01 -7.624106842278945660e-03
-9.811620474002993308e-01 1.930075603372575221e-01 -8.313822652519075457e-03
-9.815038812574063964e-01 1.912307452245058104e-01 -8.996355894465110636e-03
-9.818687471599411021e-01 1.893151648901995332e-01 -9.671244187727589398e-03
-9.822555494621648675e-01 1.872622812540684356e-01 -1.033802934941834874e-02
-9.826631314358945657e-01 1.850736440594126508e-01 -1.099625762047000584e-02
-9.830902786162577511e-01 1.827508910753524451e-01 -1.164547990398691682e-02
-9.835357223036139684e-01 1.802957482779984910e-01 -1.228525201591900914e-02
-9.839981432141934325e-01 1.777100300005911571e-01 -1.291513494824196757e-02
-9.844761752715408543e-01 1.749956390424875774e-01 -1.353469514471666857e-02
-9.849684095303766762e-01 1.721545667267705415e-01 -1.414350478918809453e-02
-9.854733982240041490e-01 1.691888928962157479e-01 -1.474114210626974869e-02
-9.859896589258979605e-01 1.661007858373845236e-01 -1.532719167414460515e-02
-9.865156788156151935e-01 1.628925021227095038e-01 -1.590124474909840671e-02
-9.870499190386745614e-01 1.595663863606106014e-01 -1.646289960128647853e-02
-9.875908191495563759e-01 1.561248708439193500e-01 -1.701176186112174360e-02
-9.881368016264947540e-01 1.525704750872009519e-01 -1.754744487556020305e-02
-9.886862764462620579e-01 1.489058052439436175e-01 -1.806957007345131108e-02
-9.892376457066914819e-01 1.451335533950348367e-01 -1.857776733901546351e-02
-9.897904420266930847e-01 1.412451248729714448e-01 -1.909704241785197334e-02
-9.903436137348352597e-01 1.372381515571350352e-01 -1.962697028519167636e-02
-9.908960200259061546e-01 1.331103541028663129e-01 -2.016711711606978749e-02
-9.914464299344906140e-01 1.288595448703965529e-01 -2.071704048792639974e-02
-9.919935214784210142e-01 1.244836309022449988e-01 -2.127628959364629563e-02
-9.925358809837497853e-01 1.199806169471532152e-01 -2.184440546609062520e-02
-9.930720026027334280e-01 1.153486085278438572e-01 -2.242092121520268544e-02
-9.936002880361045619e-01 1.105858150490680869e-01 -2.300536227879245235e-02
-9.941190464706437524e-01 1.056905529415465561e-01 -2.359724668811905013e-02
-9.946264947427366776e-01 1.006612488365179608e-01 -2.419608534939624023e-02
-9.951207577382150671e-01 9.549644276469027027e-02 -2.480138234234276554e-02
-9.955998690383267569e-01 9.019479137244901246e-02 -2.541263523688619408e-02
-9.960617718211564053e-01 8.475507114721955726e-02 -2.602933542910542894e-02
-9.965043200272254431e-01 7.917618164291295724e-02 -2.665096849746251967e-02
-9.969252797973274793e-01 7.345714869541404568e-02 -2.727701458032852702e-02
-9.973223311899092058e-01 6.759712761710399975e-02 -2.790694877575040922e-02
-9.976930701844778371e-01 6.159540635845549977e-02 -2.854024156433599899e-02
-9.980350109766095157e-01 5.545140862380505686e-02 -2.917635925605172736e-02
-9.983455885691394638e-01 4.916469692750338738e-02 -2.981476446163277769e-02
-9.986221616630447384e-01 4.273497557578039702e-02 -3.045491658919762326e-02
-9.988620158503724866e-01 3.616209355884573290e-02 -3.109627236653864091e-02
-9.990623671103349146e-01 2.944604733698926585e-02 -3.173828638942762653e-02
-9.992203656083753494e-01 2.258698350375862307e-02 -3.238041169613006115e-02
-9.993330997966244356e-01 1.558520130868302697e-02 -3.302210036816528166e-02
-9.993976008127057886e-01 8.441155021494811672e-03 -3.366280415718162639e-02
-9.994108471723268661e-01 1.155456119382194252e-03 -3.430197513763739298e-02
-9.993697697495077525e-01 -6.271124721500891466e-03 -3.493906638479023913e-02
-9.992712570366677483e-01 -1.383765584923007767e-02 -3.557353267730122004e-02
-9.991121606751122153e-01 -2.154304309303240600e-02 -3.620483122355550726e-02
-9.988893012447540576e-01 -2.938602847287818953e-02 -3.683242241059184185e-02
-9.985994743001733731e-01 -3.736518918046338733e-02 -3.745577057431810630e-02
-9.982394566383773205e-01 -4.547893684992856955e-02 -3.807434478947265694e-02
-9.978060127818867420e-01 -5.372551713612880309e-02 -3.868761967757226861e-02
-9.972959016590533521e-01 -6.210300961757554694e-02 -3.929507623086925250e-02
-9.967058834618248708e-01 -7.060932804031384846e-02 -3.989620265012470274e-02
-9.960327266595331297e-01 -7.924222091797429590e-02 -4.049049519379396833e-02
-9.952732151457005516e-01 -8.799927250204950258e-02 -4.107745903601625614e-02
-9.944241554933628269e-01 -9.687790413509118903e-02 -4.165660913060531545e-02
-9.934823842929997317e-01 -1.058753759980100156e-01 -4.222747107805428779e-02
-9.924447755458755127e-01 -1.149887892609915141e-01 -4.278958199239746296e-02
-9.913082480844266353e-01 -1.242150886457257242e-01 -4.334249136461689605e-02
-9.900697729903134015e-01 -1.335510654046941914e-01 -4.388576191914490832e-02
-9.887263809798932934e-01 -1.429933607211779645e-01 -4.441897045989631754e-02
-9.872751697261853421e-01 -1.525384695314569994e-01 -4.494170870216875058e-02
-9.857133110858939951e-01 -1.621827447683792112e-01 -4.545358408667737882e-02
-9.840380581997580922e-01 -1.719224020231052419e-01 -4.595422057194359367e-02
-9.822467524343957423e-01 -1.817535246193981435e-01 -4.644325940123654461e-02
-9.803368301339370205e-01 -1.916720690923480463e-01 -4.692035984027374124e-02
-9.783058291500819070e-01 -2.016738710609196628e-01 -4.738519988192241295e-02
-9.761513951197919869e-01 -2.117546514812080893e-01 -4.783747691420812964e-02
-9.738787776535478002e-01 -2.218879690669571803e-01 -4.822715481009396538e-02
-9.714889598915631419e-01 -2.320596264738851444e-01 -4.855443783016602510e-02
-9.689834327898380062e-01 -2.422555596802806188e-01 -4.881960327230160795e-02
-9.663641933274917939e-01 -2.524618668291191970e-01 -4.902300017115159697e-02
-9.636337399281722504e-01 -2.626648363625576077e-01 -4.916504768583740415e-02
-9.607950651833507827e-01 -2.728509742420535678e-01 -4.924623318494154856e-02
-9.578516459852549625e-01 -2.830070300562380070e-01 -4.926711004076357592e-02
-9.548074311957124305e-01 -2.931200218298283811e-01 -4.922829514752517094e-02
-9.516668269940494751e-01 -3.031772593601045895e-01 -4.913046618070475435e-02
-9.484346800621885620e-01 -3.131663659225326635e-01 -4.897435861693373582e-02
-9.451162587780429503e-01 -3.230752982037507492e-01 -4.876076253586810599e-02
-9.417172325990813553e-01 -3.328923643380431452e-01 -4.849051922714166241e-02
-9.382436498264296043e-01 -3.426062399423260851e-01 -4.816451762689612920e-02
-9.347019139460374104e-01 -3.522059820642507999e-01 -4.778369060946097840e-02
-9.310987587472454585e-01 -3.616810409779971924e-01 -4.734901116051890013e-02
-9.274412224205751398e-01 -3.710212697823885852e-01 -4.686148845854437583e-02
-9.237366208357792319e-01 -3.802169317758231637e-01 -4.632216389145021179e-02
-9.199925201982438461e-01 -3.892587056019278235e-01 -4.573210703523319931e-02
-9.162167092768378485e-01 -3.981376881785498312e-01 -4.509241162099117406e-02
-9.124171713894269065e-01 -4.068453954404945838e-01 -4.440419151601061182e-02
-9.086020563236704151e-01 -4.153737609431040756e-01 -4.366857674371953102e-02
-9.047796523606070895e-01 -4.237151323891893973e-01 -4.288670956619072827e-02
-9.009583585571007136e-01 -4.318622661558558229e-01 -4.205974065159266001e-02
-8.971466574306861119e-01 -4.398083199102904572e-01 -4.118882534754825936e-02
-8.933530881769385923e-01 -4.475468434145594698e-01 -4.027512007980472986e-02
-8.895862205354049257e-01 -4.550717676288446589e-01 -3.931977889396876674e-02
-8.858546294055943404e-01 -4.623773922303368034e-01 -3.832395015635006036e-02
-8.821668702997342848e-01 -4.694583716712127375e-01 -3.728877342820858393e-02
-8.785314557041451478e-01 -4.763096999038016754e-01 -3.621537652594356005e-02
-8.749568324063532465e-01 -4.829266939042626272e-01 -3.510487277801809664e-02
-8.714513598306122821e-01 -4.893049761279304466e-01 -3.395835848770449583e-02
-8.680232894104815689e-01 -4.954404560300483817e-01 -3.277691060908072274e-02
-8.646807450136456685e-01 -5.013293107850028685e-01 -3.156158464212487080e-02
-8.614317044213645191e-01 -5.069679653355336768e-01 -3.031341275125574650e-02
-8.582839818529082176e-01 -5.123530719008415613e-01 -2.903340211026532447e-02
-8.552452115141296884e-01 -5.174814890691877833e-01 -2.772253347529171283e-02
-8.523228321390202700e-01 -5.223502605966124923e-01 -2.638175998629535210e-02
-8.495240724837186397e-01 -5.269565940289242523e-01 -2.501200619643068404e-02
-8.468559377240310049e-01 -5.312978392592613286e-01 -2.361416732775170613e-02
-8.443251967000789948e-01 -5.353714671284245386e-01 -2.218910875085236198e-02
-8.419383699452315239e-01 -5.391750481699483233e-01 -2.073766568531890120e-02
-8.397017184309834015e-01 -5.427062315966243444e-01 -1.926064311725719791e-02
-8.376212329549044266e-01 -5.459627246200225992e-01 -1.775881592964755062e-02
-8.357026240951753726e-01 -5.489422721895630408e-01 -1.623292924086576147e-02
-8.339513126525255338e-01 -5.516426372329585881e-01 -1.468369894638388642e-02
-8.323724204985599728e-01 -5.540615814754521473e-01 -1.311181245841777816e-02
-8.309707617484813902e-01 -5.561968469112680280e-01 -1.151792963811129611e-02
-8.297508341760405637e-01 -5.580461379971453084e-01 -9.902683914728108161e-03
-8.287168107891600410e-01 -5.596071046347566025e-01 -8.266683586250069687e-03
-8.278725314860386764e-01 -5.608773260062748234e-01 -6.610513295744623388e-03
-8.272214947136354857e-01 -5.618542953253496952e-01 -4.934735677850585547e-03
-8.267668490532253944e-01 -5.625354055643100315e-01 -3.239893169730011062e-03
-8.265113846612031079e-01 -5.629179362175121826e-01 -1.526509980831336401e-03
-8.264575244974702306e-01 -5.629990411604082201e-01 2.049057842063797558e-04
-8.266073152785641254e-01 -5.627757376640810660e-01 1.953859855218735737e-03
-8.269624180981794970e-01 -5.622448966256663461e-01 3.719869384538761724e-03
-8.275240986638906504e-01 -5.614032340762087347e-01 5.502460399291148573e-03
-8.282932171057154624e-01 -5.602473040290411044e-01 7.301165124057960171e-03
-8.292702173196822013e-01 -5.587734927336587276e-01 9.115519180272941419e-03
-8.304551158177800874e-01 -5.569780144022341561e-01 1.094505866904032544e-02
-8.318474900646167791e-01 -5.548569084782860594e-01 1.278931714450439426e-02
-8.334464662907837829e-01 -5.524060385195003198e-01 1.464782248542743741e-02
-8.352507067833694343e-01 -5.496210927691931314e-01 1.652009367327453987e-02
-8.372583966652733523e-01 -5.464975864932978267e-01 1.840563748586147158e-02
-8.394672301869833264e-01 -5.430308661619223098e-01 2.030394511650315120e-02
-8.418743965672845775e-01 -5.392161155563260921e-01 2.221448872960980758e-02
-8.444765654329859927e-01 -5.350483638834628852e-01 2.413671796481938261e-02
-8.472698719221621877e-01 -5.305224959808594321e-01 2.607005640302962821e-02
-8.502499015306027585e-01 -5.256332646943954190e-01 2.801389800910107641e-02
-8.534116747970998951e-01 -5.203753055103208514e-01 2.996760356753948654e-02
-8.567496319398385518e-01 -5.147431535204215480e-01 3.193049712912777310e-02
-8.602576175734036878e-01 -5.087312627954103661e-01 3.390186248825364373e-02
-8.639288656536947553e-01 -5.023340282361953291e-01 3.588093971255761766e-02
-8.677559848162050837e-01 -4.955458099654377335e-01 3.786692174849028147e-02
-8.717309442915313067e-01 -4.883609603125744214e-01 3.985895112839667187e-02
-8.758450606004338779e-01 -4.807738534340310621e-01 4.185611680681415592e-02
-8.800889852490449972e-01 -4.727789175965141366e-01 4.385745115574746916e-02
-8.844526936626544433e-01 -4.643706701348659371e-01 4.586192715073551807e-02
-8.889254756135837043e-01 -4.555437550768450805e-01 4.786845578150728669e-02
-8.934959274146487829e-01 -4.462929834052353217e-01 4.987588372289326194e-02
-8.981519461642165636e-01 -4.366133759028005823e-01 5.188299130336148507e-02
-9.028807263414588835e-01 -4.265002084977541075e-01 5.388849081002707042e-02
-9.076687590606437039e-01 -4.159490599966066404e-01 5.589102517017907612e-02
-9.125018343006771060e-01 -4.049558620575816614e-01 5.788916705021270731e-02
-9.173650464301124074e-01 -3.935169512213806953e-01 5.988141841327919435e-02
-9.222428033479407317e-01 -3.816291227771825834e-01 6.186621057689868641e-02
-9.271188395561335005e-01 -3.692896862006853076e-01 6.384190481115137317e-02
-9.319762334705898876e-01 -3.564965218581656603e-01 6.580679351679728784e-02
-9.367974292623535426e-01 -3.432481386264624179e-01 6.775910202070807575e-02
-9.415642635002207106e-01 -3.295437320341058074e-01 6.969699102326111506e-02
-9.462579968387758722e-01 -3.153832424842573090e-01 7.161855972879271892e-02
-9.508593509621172668e-01 -3.007674130765252141e-01 7.352184968578751034e-02
-9.553485509528553132e-01 -2.856978465030214354e-01 7.540484935816409162e-02
-9.597053732082705402e-01 -2.701770604552505839e-01 7.726549944278726656e-02
-9.639091989708507002e-01 -2.542085409436735666e-01 7.910169894119753464e-02
-9.679390734789856676e-01 -2.377967929022200555e-01 8.091131198552541093e-02
-9.717737706757861860e-01 -2.209473874268234050e-01 8.269217540970011382e-02
-9.753918633403794169e-01 -2.036670049814028050e-01 8.444210704744539719e-02
-9.787717984274389993e-01 -1.859634738977749002e-01 8.615891472828364483e-02
-9.818919773181252753e-01 -1.678458034988214165e-01 8.784040593197363356e-02
-9.847320119585383225e-01 -1.493468119791188375e-01 8.943377628570516047e-02
-9.872706047146866393e-01 -1.304885060831499910e-01 9.093684063031078069e-02
-9.894875184500637744e-01 -1.112941555596218685e-01 9.234753961997507754e-02
-9.913637018789885902e-01 -9.178823626199848762e-02 9.366395648592713841e-02
-9.928814098564890944e-01 -7.199636029957984240e-02 9.488433316770934767e-02
-9.940243171718141646e-01 -5.194519363615774515e-02 9.600708561079088210e-02
-9.947776244428124803e-01 -3.166236172757906642e-02 9.703081803407243022e-02
-9.951281547669209582e-01 -1.117634398108736937e-02 9.795433597936809011e-02
-9.950644398711865346e-01 9.483641996494898002e-03 9.877665796722905067e-02
-9.945767946176266028e-01 3.028776522244075453e-02 9.949702559936123014e-02
-9.936573788595161050e-01 5.120571393850339992e-02 1.001149119671449622e-01
-9.923002458062851749e-01 7.220683455755590174e-02 1.006300282480442759e-01
-9.905013762363047425e-01 9.326027541492440398e-02 1.010423283965537072e-01
-9.882586980939772614e-01 1.143351336990135192e-01 1.013520118632442318e-01
-9.855720912157704960e-01 1.354006038815850632e-01 1.015595243038411449e-01
-9.824433771443020769e-01 1.564261259449326591e-01 1.016655562694502163e-01
-9.788762942052584570e-01 1.773815317118328516e-01 1.016710398983714236e-01
-9.748764582337442475e-01 1.982371876242794428e-01 1.015771436587244447e-01
-9.704513095396634093e-01 2.189641323874597645e-01 1.013852652186977149e-01
-9.656100468913081381e-01 2.395342079942005264e-01 1.010970225470050610e-01
-9.603635494682948304e-01 2.599201827694194167e-01 1.007142433695320943e-01
-9.547242878857539194e-01 2.800958652205345345e-01 1.002389531287009306e-01
-9.487062255183588144e-01 3.000362076443474080e-01 9.967336160938818079e-02
-9.423247114532414814e-01 3.197173986192949346e-01 9.901984840901410789e-02
-9.355963664737674268e-01 3.391169436996066544e-01 9.828094743950253898e-02
-9.285389635210229420e-01 3.582137338202015520e-01 9.745933065512460414e-02
-9.211713040969968791e-01 3.769881011135962634e-01 9.655779120282111105e-02
-9.135130920638268037e-01 3.954218620284002950e-01 9.557922619058531466e-02
-9.055848062588228720e-01 4.134983478192280071e-01 9.452661926510376456e-02
-8.974075732875124167e-01 4.312024226466067978e-01 9.340302318239743218e-02
-8.890030417793683970e-01 4.485204896797941876e-01 9.221154254503835523e-02
-8.803932592962175896e-01 4.654404857330038947e-01 9.095531686704251551e-02
-8.716005529748028779e-01 4.819518650846711938e-01 8.963750411319099110e-02
-8.626474148659342145e-01 4.980455732289636450e-01 8.826126484375287906e-02
-8.535563928064049399e-01 5.137140113882513459e-01 8.682974707881921383e-02
-8.443499875295780166e-01 5.289509926747397728e-01 8.534607197913456067e-02
-8.350505565892443194e-01 5.437516908294678375e-01 8.381332042283387573e-02
-8.256802255417575731e-01 5.581125824883524933e-01 8.223452054022292734e-02
-8.162608067059570205e-01 5.720313839292312519e-01 8.061263625200487670e-02
-8.068137257010602470e-01 5.855069832425084941e-01 7.895055684043025823e-02
-7.973599558512241003e-01 5.985393688428369829e-01 7.725108756796124354e-02
-7.879199604431476045e-01 6.111295552021807076e-01 7.551694134437098027e-02
-7.785136427308654294e-01 6.232795066375718118e-01 7.375073143087491900e-02
-7.691603035003676814e-01 6.349920599318604753e-01 7.195496515899751921e-02
-7.598786059361537504e-01 6.462708465046681505e-01 7.013203863245545677e-02
-7.506865474723019016e-01 6.571202147853920650e-01 6.828423237239188148e-02
-7.416014382618633105e-01 6.675451533721505903e-01 6.641370785979672231e-02
-7.326398858599306729e-01 6.775512154915047658e-01 6.452250492383927727e-02
-7.238177856869781879e-01 6.871444452049896290e-01 6.261253992104415245e-02
-7.151503168192870907e-01 6.963313057410793760e-01 6.068560464766456497e-02
-7.066373396644148874e-01 7.051302700194940209e-01 5.877906188165612361e-02
-6.982874885800823828e-01 7.135528795750231135e-01 5.689355829227224493e-02
-6.901086324895523427e-01 7.216105724034360680e-01 5.502965386807776027e-02
-6.821079108538021796e-01 7.293146499988514275e-01 5.318782669994825268e-02
-6.742917696846054687e-01 7.366762480938218172e-01 5.136847777206208360e-02
-6.666659973455258958e-01 7.437063108975132675e-01 4.957193572814623528e-02
-6.592357599201009721e-01 7.504155686217924837e-01 4.779846158449327365e-02
-6.520056359568320303e-01 7.568145180826286733e-01 4.604825336526201934e-02
-6.449796504288817234e-01 7.629134061645190812e-01 4.432145063929356782e-02
-6.381613077725349914e-01 7.687222159382491871e-01 4.261813894110719897e-02
-6.315536238924818191e-01 7.742506552268157982e-01 4.093835406188526399e-02
-6.251591570438427281e-01 7.795081474204216265e-01 3.928208619911419119e-02
-6.189800375206266914e-01 7.845038243487827412e-01 3.764928395612672507e-02
-6.130179960980611797e-01 7.892465210272848752e-01 3.603985818509834044e-02
-6.072743911920456261e-01 7.937447721025360226e-01 3.445368566910012725e-02
-6.017502347129701779e-01 7.980068098323690462e-01 3.289061264061587248e-02
-5.964462166034129043e-01 8.020405634451583943e-01 3.135045813550742938e-02
-5.913627280599089708e-01 8.058536597332695006e-01 2.983301718277601988e-02
-5.864998834481930379e-01 8.094534247454177045e-01 2.833806383163392506e-02
-5.818575409291757428e-01 8.128468864525613125e-01 2.686535401838794496e-02
-5.774353218195492632e-01 8.160407782715984881e-01 2.541462827645852088e-02
-5.732326287164402068e-01 8.190415433405026091e-01 2.398561429353267965e-02
-5.692486624200540080e-01 8.218553394475567320e-01 2.257802932038959279e-02
-5.654824376918973217e-01 8.244880445259900048e-01 2.119158243635883496e-02
-5.619327978890116260e-01 8.269452626335450640e-01 1.982597667668684407e-02
-5.585984285168110741e-01 8.292323303442900029e-01 1.848091102730883145e-02
-5.554778697446672853e-01 8.313543234873248533e-01 1.715608229266328902e-02
-5.525695279294100537e-01 8.333160641739073560e-01 1.585118684225461649e-02
-5.498716861924840549e-01 8.351221280609415487e-01 1.456592224167609084e-02
-5.473825140966921410e-01 8.367768518047402626e-01 1.329998877375923767e-02
-5.451000764683144872e-01 8.382843406644958639e-01 1.205309085542443336e-02
-5.430223414099887291e-01 8.396484762199895036e-01 1.082493835567862987e-02
-5.411471875491021821e-01 8.408729241727488368e-01 9.615247820045632471e-03
-5.394724105656378832e-01 8.419611422041468618e-01 8.423743606528243458e-03
-5.379957290424665084e-01 8.429163878678387345e-01 7.250158937994680662e-03
-5.367147896800119611e-01 8.437417264974752529e-01 6.094236875658562425e-03
-5.356271719160823341e-01 8.444400391138331408e-01 4.955731218086218900e-03
-5.347303919904621283e-01 8.450140303183816259e-01 3.834407329920589726e-03
-5.340219064926337023e-01 8.454662361628777489e-01 2.730042904260424584e-03
-5.334991154297542559e-01 8.457990319868750051e-01 1.642428662379518019e-03
-5.331593648507710892e-01 8.460146402170497515e-01 5.713689942154259651e-04
-5.329999490613291924e-01 8.461151381240231695e-01 -4.833174571975055837e-04
-5.330181124629155276e-01 8.461024655338919009e-01 -1.521797264428363617e-03
-5.332110510485087440e-01 8.459784324929998656e-01 -2.544221734809433075e-03
-5.335759135858617608e-01 8.457447268855972089e-01 -3.550726477625716030e-03
-5.341098025184447540e-01 8.454029220049529281e-01 -4.541431017142498645e-03
-5.348097746130182628e-01 8.449544840792337919e-01 -5.516438449510655505e-03
-5.356728413817970491e-01 8.444007797540382665e-01 -6.475835141813345019e-03
