1.000000000000000000e+00 0.000000000000000000e+00 0.000000000000000000e+00
9.999999992972319340e-01 1.547514527675391755e-05 -3.414766316155312068e-05
9.999999933362083704e-01 5.349268398231034696e-05 -1.023042204241869071e-04
9.999999717984124903e-01 1.210882423699993857e-04 -2.043059584650621491e-04
9.999999168410477202e-01 2.252606686049176549e-04 -3.399643912178809528e-04
9.999998008737495114e-01 3.729669116614567413e-04 -5.090664474342562794e-04
9.999995838861137631e-01 5.711169370063265719e-04 -7.113746734988126786e-04
9.999992103407475685e-01 8.265686801039470819e-04 -9.466274506221863906e-04
9.999986056483500807e-01 1.146123038033684252e-03 -1.214539225462051095e-03
9.999976722430719001e-01 1.536518898686288319e-03 -1.514800753162809637e-03
9.999962852780834854e-01 2.004428206122278039e-03 -1.847079351760999837e-03
9.999942879629016845e-01 2.556451059741123889e-03 -2.211019166876924871e-03
9.999914865655750162e-01 3.199110843941041418e-03 -2.606241445604520757e-03
9.999876451043163694e-01 3.938849383959875522e-03 -3.032344818521800003e-03
9.999824797545862065e-01 4.782022122593468719e-03 -3.488905588773962788e-03
9.999756529989827225e-01 5.734893311505059182e-03 -3.975478027230799384e-03
9.999667675485756080e-01 6.803631209884004362e-03 -4.491594672789515734e-03
9.999553600655339824e-01 7.994303282301152419e-03 -5.036766636983528236e-03
9.999408947180463691e-01 9.312871386758101583e-03 -5.610483912166821553e-03
9.999227565996120504e-01 1.076518694315512642e-02 -6.212215682671673629e-03
9.999002450457977753e-01 1.235698607172416343e-02 -6.841410638484158799e-03
9.998725668825046986e-01 1.409388469040513681e-02 -7.497497291145976787e-03
9.998388296406776066e-01 1.598137355970174339e-02 -8.179884291771586172e-03
9.997980347732100537e-01 1.802481326325179947e-02 -8.887960751265024453e-03
9.997490709105576467e-01 2.022942911220173071e-02 -9.621096563029550922e-03
9.996907071922636057e-01 2.260030596149837506e-02 -1.037864272868355142e-02
9.996215867122246745e-01 2.514238292641645528e-02 -1.115993168752601149e-02
9.995402201160814570e-01 2.786044798803829006e-02 -1.196427765073204003e-02
9.994449793895942014e-01 3.075913247700369502e-02 -1.279097694150105324e-02
9.993340918772679604e-01 3.384290542566114474e-02 -1.363930834262470915e-02
9.992056345708032472e-01 3.711606777978340016e-02 -1.450853345318573254e-02
9.990575287071710164e-01 4.058274646226699145e-02 -1.539789705633948756e-02
9.988875347162272655e-01 4.424688828271898522e-02 -1.630662750036450739e-02
9.986932475577893209e-01 4.811225368854738643e-02 -1.723393709539285806e-02
9.984720924879764148e-01 5.218241035511253512e-02 -1.817902252844301458e-02
9.982213212943589209e-01 5.646072661466296910e-02 -1.914106529957332326e-02
9.979380090390527203e-01 6.095036472616416345e-02 -2.011923218214971970e-02
9.976190513483179645e-01 6.565427399072404357e-02 -2.111267571037352825e-02
9.972611622864607783e-01 7.057518372011389873e-02 -2.212053469734042918e-02
9.968608728508761008e-01 7.571559606886249516e-02 -2.314193478699648476e-02
9.964145301238884755e-01 8.107777874354787917e-02 -2.417598904341784760e-02
9.959182971156347319e-01 8.666375760620401159e-02 -2.522179858086434981e-02
9.953681533305603901e-01 9.247530919217489265e-02 -2.627845323804001154e-02
9.947598960881646191e-01 9.851395316625885523e-02 -2.734503229993278176e-02
9.940891426264015784e-01 1.047809447445603309e-01 -2.842060527049874302e-02
9.933513330136196640e-01 1.112772671130711211e-01 -2.950423269929983161e-02
9.925417338920802246e-01 1.180036238776009522e-01 -3.059496706499715071e-02
9.916554430729340730e-01 1.249604315832275603e-01 -3.169185371834194048e-02
9.906873949990385730e-01 1.321478123448971143e-01 -3.279393188699251949e-02
9.896323670881711498e-01 1.395655866341297402e-01 -3.390023574411697022e-02
9.884849869650305099e-01 1.472132662699264516e-01 -3.500979554231815200e-02
9.872397405859254516e-01 1.550900476648807980e-01 -3.612163881394030857e-02
9.858985024605805281e-01 1.631646915940214160e-01 -3.716755830418341094e-02
9.844588368849812587e-01 1.714222853856843254e-01 -3.814708031310757447e-02
9.829186629804743669e-01 1.798478101589647549e-01 -3.905980521771555691e-02
9.812762808642576662e-01 1.884261666108661415e-01 -3.990540862888453805e-02
9.795303950679360439e-01 1.971422017794573767e-01 -4.068364229809421501e-02
9.776801350997678108e-01 2.059807366222846658e-01 -4.139433475542243779e-02
9.757250730662719862e-01 2.149265942340280455e-01 -4.203739166293819080e-02
9.736652382900871094e-01 2.239646285145352744e-01 -4.261279587049603135e-02
9.715011288831000291e-01 2.330797530880836799e-01 -4.312060716398469218e-02
9.692337202566089216e-01 2.422569702671427128e-01 -4.356096169926021444e-02
9.668644705733455691e-01 2.514813998491255420e-01 -4.393407111825470279e-02
9.643953231692375949e-01 2.607383075326630828e-01 -4.424022134704716502e-02
9.618287059955210605e-01 2.700131327408018533e-01 -4.447977107896573801e-02
9.591675281538993847e-01 2.792915156421607037e-01 -4.465314994901362772e-02
9.564151736185759756e-01 2.885593231673778680e-01 -4.476085640902884022e-02
9.535754922588751681e-01 2.978026738269959339e-01 -4.480345531595821690e-02
9.506527882945376984e-01 3.070079611480779347e-01 -4.478157524840962328e-02
9.476518063323967622e-01 3.161618755601083297e-01 -4.469590556920769592e-02
9.445777151477933176e-01 3.252514245758522660e-01 -4.454719325398807245e-02
9.414360893866163815e-01 3.342639511295548704e-01 -4.433623950789732093e-02
9.382328893741102016e-01 3.431871499528639236e-01 -4.406389619420136849e-02
9.349744392244974112e-01 3.520090818878533478e-01 -4.373106210003085970e-02
9.316674034509694335e-01 3.607181860562038156e-01 -4.333867906559903810e-02
9.283187622786923665e-01 3.693032898236503492e-01 -4.288772800401496887e-02
9.249357858641912289e-01 3.777536165189442907e-01 -4.237922483928524553e-02
9.215260076228904973e-01 3.860587908865072415e-01 -4.181421639025970083e-02
9.180971968628001134e-01 3.942088422714157270e-01 -4.119377622814419243e-02
9.146573309164792720e-01 4.021942055541053995e-01 -4.051900053479425695e-02
9.112145669556539485e-01 4.100057198700032823e-01 -3.979100398833828461e-02
9.077772136633851519e-01 4.176346251660048581e-01 -3.901091570178252116e-02
9.043537029276855765e-01 4.250725566611484041e-01 -3.817987523914911918e-02
9.009525617081776128e-01 4.323115372928866273e-01 -3.729902873242100375e-02
8.975823842139950548e-01 4.393439682429183812e-01 -3.636952512114292879e-02
8.942518045168759144e-01 4.461626176475705363e-01 -3.539251253498628541e-02
8.909694697084971082e-01 4.527606076071797325e-01 -3.436913483795578372e-02
8.877440136957838179e-01 4.591313996168244205e-01 -3.330052835122719601e-02
8.845840317123869756e-01 4.652687785471265602e-01 -3.218781876988471152e-02
8.814980556089672126e-01 4.711668353087359318e-01 -3.103211828709967479e-02
8.784945299695280374e-01 4.768199483376064363e-01 -2.983452293758281568e-02
8.755817890859777242e-01 4.822227640403687898e-01 -2.859611017047121798e-02
8.727680348085127271e-01 4.873701763401074860e-01 -2.731793666019732836e-02
8.700613152754458346e-01 4.922573054627886746e-01 -2.600103636234662660e-02
8.674695045128562043e-01 4.968794761035908447e-01 -2.464641882005590146e-02
8.650002828820195777e-01 5.012321951106015749e-01 -2.325506772514592327e-02
8.626611183410632933e-01 5.053111288209040097e-01 -2.182793973692787742e-02
8.604592484767479288e-01 5.091120801811304108e-01 -2.036596356047725223e-02
8.584016632527534663e-01 5.126309657812446741e-01 -1.887003928513361975e-02
8.564950884123841979e-01 5.158637929267746447e-01 -1.734103798305988015e-02
8.547459694662236096e-01 5.188066368710730902e-01 -1.577980156687703792e-02
8.531604561889877258e-01 5.214556183255738553e-01 -1.418714290467554262e-02
8.517443875446509827e-01 5.238068813625353926e-01 -1.256384619008477609e-02
8.505032769548545035e-01 5.258565718215382212e-01 -1.091066756454957612e-02
8.494422978226483512e-01 5.276008163281132868e-01 -9.228335988506426724e-03
8.485662692217704750e-01 5.290357020304133906e-01 -7.517554357760247719e-03
8.478796416609133413e-01 5.301572571578596627e-01 -5.779000861022500976e-03
8.473864828327758447e-01 5.309614325042607552e-01 -4.013330574268450350e-03
8.470904632591410577e-01 5.314440839370547787e-01 -2.221177287290598823e-03
8.469948417457628942e-01 5.316009560340837492e-01 -4.031555575507710532e-04
8.471024505644895175e-01 5.314276669496974526e-01 1.440137013851634437e-03
8.474156802848189507e-01 5.309196946129869366e-01 3.308117289590128962e-03
8.479364641829776339e-01 5.300723643625524506e-01 5.200213892752559783e-03
8.486662621636736903e-01 5.288808381243754742e-01 7.115864298985562393e-03
8.496060441379159611e-01 5.273401052420413349e-01 9.054511730914243522e-03
8.507562728097559646e-01 5.254449750716698730e-01 1.101560186220724470e-02
8.521168858355271380e-01 5.231900714573707312e-01 1.299857933937041340e-02
8.536872773311753315e-01 5.205698292067333366e-01 1.500288413019720477e-02
8.554662787166281701e-01 5.175784926896643823e-01 1.702794770879667574e-02
8.574521389008880057e-01 5.142101166876372753e-01 1.907318908827537740e-02
8.596425038276820363e-01 5.104585696239538617e-01 2.113801071348123117e-02
8.620343954191009850e-01 5.063175393087379073e-01 2.322179422773714905e-02
8.646241899737209247e-01 5.017805413348620514e-01 2.532389612920956865e-02
8.674075960962374099e-01 4.968409302626182189e-01 2.744364333447887536e-02
8.703796322576382583e-01 4.914919137314052167e-01 2.958032866900872984e-02
8.735346041083578150e-01 4.857265696357465079e-01 3.173320630654935526e-02
8.768660816916382661e-01 4.795378665002528740e-01 3.390148718205135414e-02
8.803668767303582943e-01 4.729186871833894190e-01 3.608433440540177034e-02
8.840290201877499809e-01 4.658618560327518754e-01 3.828085870620732273e-02
8.878437403305159403e-01 4.583601696046551988e-01 4.049011394291856386e-02
8.918014415516427595e-01 4.504064310478326782e-01 4.271109271278360903e-02
8.958916842393885860e-01 4.419934882345845084e-01 4.494272210240288917e-02
9.001031660081335595e-01 4.331142757024570300e-01 4.718385962198075323e-02
9.044237046355940723e-01 4.237618604451597881e-01 4.943328936967913978e-02
9.088402230788122926e-01 4.139294915626429150e-01 5.168971847570735800e-02
9.133387369677529177e-01 4.036106537468223121e-01 5.395177387885381759e-02
9.179043449996265869e-01 3.927991245411672216e-01 5.621799949099414578e-02
9.225212226784730296e-01 3.814890352691491238e-01 5.848685380759933300e-02
9.271726198622893822e-01 3.696749354783754882e-01 6.075670802431184375e-02
9.318408625932136369e-01 3.573518606941969433e-01 6.302584472114333702e-02
9.365073596940671763e-01 3.445154032189065019e-01 6.529245717665438375e-02
9.411526146159809869e-01 3.311617856507241830e-01 6.755464937447935858e-02
9.457562430159217604e-01 3.172879367311134957e-01 6.981043676363168915e-02
9.502969965287532128e-01 3.028915690603342092e-01 7.205774783203988676e-02
9.547527931751106367e-01 2.879712581504039193e-01 7.429442654960294323e-02
9.591007548130044968e-01 2.725265222129295006e-01 7.651823573260334299e-02
9.633172519969787073e-01 2.565579020078878614e-01 7.872686137548090546e-02
9.673779565532686364e-01 2.400670400098865453e-01 8.091791798867313534e-02
9.712579021123548539e-01 2.230567580824073803e-01 8.308895497241722272e-02
9.749315527614603738e-01 2.055311327898760587e-01 8.523746404606397098e-02
9.783728798890336531e-01 1.874955674240896542e-01 8.736088774059171114e-02
9.815554471915634016e-01 1.689568597776392456e-01 8.945662894868666726e-02
9.844525037010062318e-01 1.499232646645910771e-01 9.152206151208025497e-02
9.870370845698720474e-01 1.304045501699226950e-01 9.355454180995864677e-02
9.892821192222112092e-01 1.104120466060379280e-01 9.555142129539258289e-02
9.911605463443753372e-01 8.995868716892446715e-02 9.751005990913698407e-02
9.926454350518867376e-01 6.905903931973894627e-02 9.942784028213136338e-02
9.937101114307943517e-01 4.772932597103039798e-02 1.013021826199542869e-01
9.943282895166072333e-01 2.598743563125591877e-02 1.031305601447499720e-01
9.944742056446036482e-01 3.852920757008229669e-03 1.049105149531875669e-01
9.941227549855211620e-01 -1.865301632078928545e-02 1.066396741332939768e-01
9.932496289739191075e-01 -4.150755039343533015e-02 1.083157659689860802e-01
9.918314522464047878e-01 -6.468627363477007230e-02 1.099366360492824574e-01
9.898459176367983003e-01 -8.816324929411115119e-02 1.115002630899399882e-01
9.872719177282539560e-01 -1.119110788048591210e-01 1.130047742690404866e-01
9.840896714410043433e-01 -1.359009820958558545e-01 1.144484598751941418e-01
9.802808441408403795e-01 -1.601028906904332083e-01 1.158297870678061392e-01
9.758286597891105973e-01 -1.844855529742048250e-01 1.171474125534572863e-01
9.707180037205797030e-01 -2.090166508117860533e-01 1.184001939909680723e-01
9.649355147307604463e-01 -2.336629264997058253e-01 1.195871999501263161e-01
9.584696652782742632e-01 -2.583903188627364456e-01 1.207077182652270542e-01
9.513108287584859379e-01 -2.831641071384916608e-01 1.217612626442483997e-01
9.434513329793086100e-01 -3.079490611548689749e-01 1.227475774173066581e-01
9.348854991651325275e-01 -3.327095961906781363e-01 1.236666403335335979e-01
9.256096660260284548e-01 -3.574099308248857021e-01 1.245186633431429185e-01
9.156221986519214040e-01 -3.820142460268082241e-01 1.253040913305759063e-01
9.049234822201035477e-01 -4.064868437199127826e-01 1.260235987945586833e-01
8.935159007338405734e-01 -4.307923030662854647e-01 1.266780845009586043e-01
8.814038012344507234e-01 -4.548956327669764765e-01 1.272686641637852389e-01
8.685934441438007969e-01 -4.787624177540263370e-01 1.277966612378508005e-01
8.550929405936869010e-01 -5.023589587608078277e-01 1.282635959328423669e-01
8.409121777785774077e-01 -5.256524033953334785e-01 1.286711725822838048e-01
8.260627335248659220e-01 -5.486108675026273307e-01 1.290212655215862425e-01
8.105577814000241021e-01 -5.712035457828233964e-01 1.293159036467078915e-01
7.944119877866340218e-01 -5.934008108266111137e-01 1.295572538385845740e-01
7.776414024178361917e-01 -6.151742999340545914e-01 1.297476034482816232e-01
7.602633439117865155e-01 -6.364969892916688687e-01 1.298893420437061685e-01
7.422962818536420482e-01 -6.573432552910538629e-01 1.299849426207655978e-01
7.237597169555642918e-01 -6.776889229757441235e-01 1.300369424802289564e-01
7.046740607801210698e-01 -6.975113017970162588e-01 1.300479239664997511e-01
6.850605164427618909e-01 -7.167892090404840433e-01 1.300204952563783767e-01
6.649409616176954474e-01 -7.355029814502902497e-01 1.299572713750755115e-01
6.443378350618174100e-01 -7.536344757240862613e-01 1.298608556036779105e-01
6.232740277468380441e-01 -7.711670586779568737e-01 1.297338214274330603e-01
6.017727795540518398e-01 -7.880855879848498446e-01 1.295786951580860658e-01
5.798575823428492315e-01 -8.043763844723725853e-01 1.293979393465446714e-01
5.575520900565301696e-01 -8.200271970260947230e-01 1.291939370848168289e-01
5.348800363804563363e-01 -8.350271611833262053e-01 1.289689772788787381e-01
5.118651603209931622e-01 -8.493667525207558855e-01 1.287252409572685885e-01
4.885311399316102365e-01 -8.630377359387385594e-01 1.284647886640896131e-01
4.649015342771312120e-01 -8.760331119270801103e-01 1.281895489700218271e-01
4.409997336002430268e-01 -8.883470608637671351e-01 1.279013081211035630e-01
4.168693701556396292e-01 -8.999691803626277409e-01 1.275751260797496067e-01
3.925373766657340724e-01 -9.108954513515427065e-01 1.272159375704098594e-01
3.680298314135401205e-01 -9.211235406183678753e-01 1.268285308191409999e-01
3.433718772860728241e-01 -9.306526586829951819e-01 1.264175338988512698e-01
3.185876564725757532e-01 -9.394834163009641026e-01 1.259874030397405975e-01
2.937002602466249890e-01 -9.476176812338674704e-01 1.255424128249320037e-01
2.687316931192827441e-01 -9.550584367607087843e-01 1.250866481727213597e-01
2.437028505379761900e-01 -9.618096432377651883e-01 1.246239979922632302e-01
2.186335092210543174e-01 -9.678761038468166600e-01 1.241581503886625137e-01
1.935423291589143113e-01 -9.732633355066084846e-01 1.236925892860931547e-01
1.684468662767271141e-01 -9.779774457632741669e-01 1.232305923334049147e-01
1.433635947384357401e-01 -9.820250163246899699e-01 1.227752299553656334e-01
1.183079378740489601e-01 -9.854129937632748470e-01 1.223293654138631475e-01
9.329430672949735881e-02 -9.881485877829487841e-01 1.218956557466993745e-01
6.833614526771671083e-02 -9.902391773296711497e-01 1.214765534566989713e-01
4.344598128857178609e-02 -9.916922247215965713e-01 1.210743088303939535e-01
1.863548218131149889e-02 -9.925151978844328760e-01 1.206909727732242976e-01
-6.084485325748949236e-03 -9.927155006997574471e-01 1.203284000567307888e-01
-3.070379219965662862e-02 -9.923004114082911720e-01 1.199882528823595085e-01
-5.521298164748550397e-02 -9.912770289556726011e-01 1.196720046760266914e-01
-7.960320184237232310e-02 -9.896522271242158553e-01 1.193809440373186925e-01
-1.038661374485154582e-01 -9.874326162594538880e-01 1.191161787769660363e-01
-1.279939405116245765e-01 -9.846245123738812666e-01 1.188786399859001891e-01
-1.519791612334207842e-01 -9.812339133911172073e-01 1.186690860886717991e-01
-1.758146791046910073e-01 -9.772664822805846585e-01 1.184881068431951623e-01
-1.994936348314900465e-01 -9.727275368246631748e-01 1.183361272576220619e-01
-2.230093634535927072e-01 -9.676220457560588128e-01 1.182134114035908734e-01
-2.463553290233099213e-01 -9.619546310018437518e-01 1.181200661131099200e-01
-2.695250611862576862e-01 -9.557295757713057949e-01 1.180560445538936798e-01
-2.925120939834494060e-01 -9.489508382265434694e-01 1.180211496850598341e-01
-3.153099071759176142e-01 -9.416220704768374361e-01 1.180150376017042174e-01
-3.379118703786241906e-01 -9.337466426395135688e-01 1.180372207829906706e-01
-3.603111902792717758e-01 -9.253276717106329041e-01 1.180870712640162135e-01
-3.825008612093115379e-01 -9.163680549878469028e-01 1.181638237568315569e-01
-4.044736193284155790e-01 -9.068705077846688223e-01 1.182665787506012589e-01
-4.262219006793729892e-01 -8.968376051698385698e-01 1.183943056249641829e-01
-4.477378033671540192e-01 -8.862718274571131927e-01 1.185458458141850357e-01
-4.690130541131205533e-01 -8.751756091594742326e-01 1.187199160626497135e-01
-4.900389794323677939e-01 -8.635513911073108284e-01 1.189151118146241082e-01
-5.108064816782775797e-01 -8.514016754125854902e-01 1.191299107829369847e-01
-5.313060201928491155e-01 -8.387290829404110415e-01 1.193626767423277002e-01
-5.515275977935635288e-01 -8.255364129260513995e-01 1.196116635935808303e-01
-5.714607528167617856e-01 -8.118267043493990753e-01 1.198750197442140369e-01
-5.910945569231219610e-01 -7.976032986508926337e-01 1.201507928503517952e-01
-6.104176188522206781e-01 -7.828699033431234522e-01 1.204369349624703212e-01
-6.294180942898059961e-01 -7.676306560416752411e-01 1.207313081149033185e-01
-6.480837019828380452e-01 -7.518901884077682229e-01 1.210316903953275181e-01
-6.664017462031968098e-01 -7.356536894648697533e-01 1.213357825258833123e-01
-6.843591456209604518e-01 -7.189269677225053057e-01 1.216412149821215621e-01
-7.019424686021983328e-01 -7.017165115140538978e-01 1.219455556696116133e-01
-7.191379748943272920e-01 -6.840295469323953714e-01 1.222463181708203089e-01
-7.359316636044408444e-01 -6.658740927289926725e-01 1.225409705668222965e-01
-7.523093273130142533e-01 -6.472590115294524216e-01 1.228269448295916111e-01
-7.682566120975728996e-01 -6.281940567129082886e-01 1.231016467711417289e-01
-7.837590831690566251e-01 -6.086899143047757033e-01 1.233624665257373743e-01
-7.988022957486756725e-01 -5.887582392434985712e-01 1.236067895309319042e-01
-8.133718707361867750e-01 -5.684116854027141397e-01 1.238320079624499748e-01
-8.274535746430691230e-01 -5.476639287814971668e-01 1.240355325671179537e-01
-8.410334031875322802e-01 -5.265296833175229230e-01 1.242148048273473276e-01
-8.540976678742976391e-01 -5.050247088313872812e-01 1.243673093803194241e-01
-8.666330848123817709e-01 -4.831658106749674997e-01 1.244905866052338078e-01
-8.786268649604839220e-01 -4.609708307323244214e-01 1.245822452830085414e-01
-8.900668049338398280e-01 -4.384586295076741691e-01 1.246399752248969206e-01
-9.009413774603229896e-01 -4.156490591304928817e-01 1.246615597598463715e-01
-9.112398205388100303e-01 -3.925629272116628043e-01 1.246448879652916203e-01
-9.209522243308908562e-01 -3.692219515951996600e-01 1.245879665226441307e-01
-9.300696148091793791e-01 -3.456487061657202431e-01 1.244889310771833957e-01
-9.385840331927841618e-01 -3.218665579903616236e-01 1.243460569825064616e-01
-9.464886102236181875e-01 -2.978995961930918646e-01 1.241577693122405679e-01
-9.537776343764889919e-01 -2.737725530768468363e-01 1.239226520264131298e-01
-9.604466131512435778e-01 -2.495107181222001314e-01 1.236394561866929337e-01
-9.664923266661561430e-01 -2.251398455978217417e-01 1.233071071236021971e-01
-9.719128728573410703e-01 -2.006860566153693404e-01 1.229247104696314791e-01
-9.767077036879185936e-01 -1.761757365473934356e-01 1.224915569847933594e-01
-9.808776518812730716e-01 -1.516354287992537075e-01 1.220071261153034547e-01
-9.844249478129597497e-01 -1.270917259831554902e-01 1.214710882415077770e-01
-9.873532263233203432e-01 -1.025711595827976247e-01 1.208833055875768031e-01
-9.896675233450903386e-01 -7.810008921974886942e-02 1.202438317825222508e-01
-9.913742623745265270e-01 -5.370459263695861324e-02 1.195529100794055083e-01
-9.924812309480777195e-01 -2.941035750063615908e-02 1.188109702568330706e-01
-9.929975474166153893e-01 -5.242576089448100496e-03 1.180186242436113142e-01
-9.929336184330835868e-01 1.877415610961211470e-02 1.171766605234123293e-01
-9.923010876846510842e-01 4.261593694500608043e-02 1.162860373911591277e-01
-9.911127765048391991e-01 6.625964841055269339e-02 1.153478751462820029e-01
-9.893826170927576547e-01 8.968304094059045828e-02 1.143634473197775447e-01
-9.871255791439713656e-01 1.128648105125304862e-01 1.133341710419178833e-01
-9.843575907595113472e-01 1.357846679898485898e-01 1.122615966653595365e-01
-9.810954545454120268e-01 1.584234002549033127e-01 1.111473967641968125e-01
-9.773567598446146754e-01 1.807629228001883526e-01 1.099933546331549744e-01
-9.731597920562405912e-01 2.027863235662358821e-01 1.088013524126403703e-01
-9.685234399946128780e-01 2.244778979319979606e-01 1.075733589648254634e-01
-9.634671022228514792e-01 2.458231748769413028e-01 1.063114176234599279e-01
-9.580105932645512912e-01 2.668089344413114850e-01 1.050176339358187272e-01
-9.521740505533873300e-01 2.874232167103506486e-01 1.036941635093111824e-01
-9.459778429260975452e-01 3.076553226382726658e-01 1.023432000679942028e-01
-9.394424814009146862e-01 3.274958071074153265e-01 1.009669638157887350e-01
-9.325885329129850465e-01 3.469364646864303015e-01 9.956769019383095165e-02
-9.254365376024712431e-01 3.659703086081733669e-01 9.814761910934201306e-02
-9.180069301716983210e-01 3.845915435329704257e-01 9.670898470291083848e-02
-9.103199657466155559e-01 4.027955326962723293e-01 9.525400571038095121e-02
-9.024047366518114233e-01 4.205660643105739172e-01 9.375437857308088763e-02
-8.942841567869919128e-01 4.378956823719798996e-01 9.221293211481536301e-02
-8.859810672373419349e-01 4.547783073395760267e-01 9.063247834697255034e-02
-8.775181433075921467e-01 4.712091911826338797e-01 8.901580010877142846e-02
-8.689178082577129203e-01 4.871848661146376269e-01 8.736563959804544144e-02
-8.602021540612782013e-01 5.027030879046325840e-01 8.568468783558635948e-02
-8.513928693974212036e-01 5.177627746495542249e-01 8.397557509150105348e-02
-8.425111749839107045e-01 5.323639418714878335e-01 8.224086228835741919e-02
-8.335777662634695773e-01 5.465076347729175277e-01 8.048303338327932044e-02
-8.246127633689674941e-01 5.601958584426836030e-01 7.870448871971946758e-02
-8.156356682161756133e-01 5.734315067573418911e-01 7.690753932947495819e-02
-8.066653285057094891e-01 5.862182906686139727e-01 7.509440215666016161e-02
-7.977199083586907769e-01 5.985606665092799705e-01 7.326719616782441380e-02
-7.888168652633857914e-01 6.104637648887147883e-01 7.142793930618084042e-02
-7.799729329722954185e-01 6.219333206867072583e-01 6.957854624295220503e-02
-7.712041099603850203e-01 6.329756045914638474e-01 6.772082687507539889e-02
-7.625256530347437334e-01 6.435973565658797968e-01 6.585648551585747412e-02
-7.539520756732488449e-01 6.538057215661690069e-01 6.398712072354965918e-02
-7.454971506640213352e-01 6.636081877795487749e-01 6.211422571210110238e-02
-7.371739166177976310e-01 6.730125275934759621e-01 6.023918928846613147e-02
-7.289946879310142958e-01 6.820267414583808252e-01 5.836329726166113868e-02
-7.209710677876038920e-01 6.906590047592742199e-01 5.648773427019545407e-02
-7.131139638014818427e-01 6.989176177692055791e-01 5.461358597643293372e-02
-7.054336059187266139e-01 7.068109587194265631e-01 5.274184157878208934e-02
-6.979395662178550230e-01 7.143474399872621339e-01 5.087339659527281149e-02
-6.906407802677494434e-01 7.215354673730441926e-01 4.900905587497519228e-02
-6.835455697251429097e-01 7.283834024118737149e-01 4.714953679677703902e-02
-6.766616658766251291e-01 7.348995276442691349e-01 4.529547261819560217e-02
-6.699962338534546369e-01 7.410920147516992795e-01 4.344741594009852992e-02
-6.635558972706891989e-01 7.469688954483409971e-01 4.160584225640016898e-02
-6.573467630649569848e-01 7.525380350088746173e-01 3.977115356094014509e-02
-6.513744463273333229e-01 7.578071083034555455e-01 3.794368198680788534e-02
-6.456440949490511727e-01 7.627835782049017244e-01 3.612369345632142348e-02
-6.401604139180034903e-01 7.674746762293324087e-01 3.431139132268050396e-02
-6.349276891230650754e-01 7.718873852697245574e-01 3.250691998697606555e-02
-6.299498105410984428e-01 7.760284242818552558e-01 3.071036847674000689e-02
-6.252302946980538012e-01 7.799042347836387945e-01 2.892177397455327620e-02
-6.207723063108139261e-01 7.835209690317203046e-01 2.714112528739353464e-02
-6.165786790303640075e-01 7.868844797431431282e-01 2.536836624939537571e-02
-6.126519352195122226e-01 7.900003112347877554e-01 2.360339905251838954e-02
-6.089943047097806650e-01 7.928736918589094351e-01 2.184608750127507021e-02
-6.056077424922829966e-01 7.955095276193320242e-01 2.009626018916751966e-02
-6.024939453064589445e-01 7.979123968595591698e-01 1.835371359582531336e-02
-5.996543670985196028e-01 8.000865459211186081e-01 1.661821510503474347e-02
-5.970902333284410224e-01 8.020358856777705103e-01 1.488950594490947611e-02
-5.948025541104018377e-01 8.037639888586921577e-01 1.316730405238306263e-02
-5.927921361767783948e-01 8.052740880813390456e-01 1.145130686501275377e-02
-5.910595936602585088e-01 8.065690745223107472e-01 9.741194043779891065e-03
-5.896053576924029649e-01 8.076514971621729932e-01 8.036630131162694757e-03
-5.884296848201389096e-01 8.085235625477700250e-01 6.337267149249745102e-03
-5.875401823736358109e-01 8.091817909840222089e-01 4.622702501182940002e-03
-5.869399622305027098e-01 8.096252958358624019e-01 2.892617419322507377e-03
-5.866319746080065345e-01 8.098528370770977647e-01 1.146653572581044075e-03
-5.866190089705499711e-01 8.098628066223383382e-01 -6.155846739737088399e-04
-5.869036936663226678e-01 8.096532139054866128e-01 -2.394527911836147414e-03
-5.874884942005320632e-01 8.092216716847054903e-01 -4.190639246085274897e-03
-5.883757100512696514e-01 8.085653820614427945e-01 -6.004411747640860976e-03
-5.895674699324342516e-01 8.076811227096398760e-01 -7.836365790660089134e-03
-5.910657254062999799e-01 8.065652333207306013e-01 -9.687046264000274270e-03
-5.928722427463558597e-01 8.052136022805035376e-01 -1.155701964473941808e-02
-5.949885929490591474e-01 8.036216536053983894e-01 -1.344687092086841590e-02
-5.974161397912446381e-01 8.017843341784088862e-01 -1.535720034945720937e-02
-6.001560258282478966e-01 7.996961013385183170e-01 -1.728862003586443055e-02
-6.032091562264758622e-01 7.973509108925715960e-01 -1.924175031892127671e-02
-6.065761803233646887e-01 7.947422056347412944e-01 -2.121721594649295453e-02
-6.102574708075878540e-01 7.918629044763384472e-01 -2.321564202542587829e-02
-6.142531004132305572e-01 7.887053923076909889e-01 -2.523764972964950143e-02
-6.185628160236679163e-01 7.852615107342092449e-01 -2.728385175014588077e-02
-6.231860100843397143e-01 7.815225498505928847e-01 -2.935484747065853980e-02
-6.281216892287936338e-01 7.774792412404132325e-01 -3.145121785342027548e-02
-6.333684400295972461e-01 7.731217524129997409e-01 -3.357352001987604084e-02
-6.389243917953438823e-01 7.684396829156121544e-01 -3.572228151240518235e-02
-6.447871763473842499e-01 7.634220623861913690e-01 -3.789799422445440380e-02
-6.509538847255070815e-01 7.580573508404040428e-01 -4.010110798833008139e-02
-6.574210207910036186e-01 7.523334415160209954e-01 -4.233202381222060662e-02
-6.641844517188366659e-01 7.462376666276274717e-01 -4.459108676088434364e-02
-6.712393553984675743e-01 7.397568064148980493e-01 -4.687857847790679461e-02
-6.785801647957430127e-01 7.328771018977406904e-01 -4.919470935156312202e-02
-6.862005093665956013e-01 7.255842717809839471e-01 -5.153961033118108909e-02
-6.940931536576151473e-01 7.178635339792873715e-01 -5.391332440654442865e-02
-7.022499332792369042e-01 7.096996322588267070e-01 -5.631579776936376097e-02
-7.106616884947389856e-01 7.010768685151326229e-01 -5.874687068322111128e-02
-7.193181957327484666e-01 6.919791412251887763e-01 -6.120626809670449975e-02
-7.282080974027176357e-01 6.823899906253363401e-01 -6.369359004371817623e-02
-7.373188304719116015e-01 6.722926511733340327e-01 -6.620830188519084836e-02
-7.466365543487393230e-01 6.616701118516103985e-01 -6.874972445759620909e-02
-7.561460787104403725e-01 6.505051848576889340e-01 -7.131702420580698920e-02
-7.658307920126398161e-01 6.387805832052330102e-01 -7.390920339075242318e-02
-7.756725915232329793e-01 6.264790077233185484e-01 -7.652509047602731873e-02
-7.856518158322459700e-01 6.135832438905090003e-01 -7.916333081185213116e-02
-7.957471809011397168e-01 6.000762688721988924e-01 -8.182237774939873920e-02
-8.059357208274460227e-01 5.859413690426661381e-01 -8.450048433321191710e-02
-8.161927346111548243e-01 5.711622681656393086e-01 -8.719569573394592155e-02
-8.264917403149224517e-01 5.557232662774633791e-01 -8.990584259750837581e-02
-8.368044381074521976e-01 5.396093891639963669e-01 -9.262853549950342269e-02
-8.471006837643310083e-01 5.228065481454924335e-01 -9.536116070507040521e-02
-8.573484742687427218e-01 5.053017096828151811e-01 -9.810087744323973957e-02
-8.675139472009584241e-01 4.870830740939826042e-01 -1.008446169111359286e-01
-8.775613956251722136e-01 4.681402624237419596e-01 -1.035890832260692174e-01
-8.874533001697328949e-01 4.484645102430712127e-01 -1.063307565420661960e-01
-8.971459649955367821e-01 4.280739355368021193e-01 -1.090038077298964431e-01
-9.065952285923186693e-01 4.069764348222444927e-01 -1.116032261180028018e-01
-9.157565205810122011e-01 3.851827287509263509e-01 -1.141239141516294381e-01
-9.245851004295294606e-01 3.627064898091246214e-01 -1.165607216554123970e-01
-9.330363156947184544e-01 3.395644476209800366e-01 -1.189084827090721441e-01
-9.410658777457083790e-01 3.157764687318334040e-01 -1.211620548514420054e-01
-9.486301524065196000e-01 2.913656079344472682e-01 -1.233163602592542568e-01
-9.556864624499645799e-01 2.663581284764329205e-01 -1.253664284798599315e-01
-9.621933983970898385e-01 2.407834888547990826e-01 -1.273074402336072664e-01
-9.681111336442080884e-01 2.146742943610944199e-01 -1.291347717442876686e-01
-9.734017395706221487e-01 1.880662120825127848e-01 -1.308440390072450887e-01
-9.780294959915408759e-01 1.609978486811793619e-01 -1.324311413667179638e-01
-9.819611921280899658e-01 1.335105909524785250e-01 -1.338923037488336520e-01
-9.851664131830698556e-01 1.056484098870335286e-01 -1.352241168861838816e-01
-9.876178076474131373e-01 7.745762971003471165e-02 -1.364235748754356048e-01
-9.892913306244851546e-01 4.898666412384293511e-02 -1.374881094318162467e-01
-9.901664587493053116e-01 2.028572271140101357e-02 -1.384156202437986372e-01
-9.902263726944673383e-01 -8.593508855369882266e-03 -1.392045008874947531e-01
-9.894581037860039618e-01 -3.759821054013619962e-02 -1.398536598320745949e-01
-9.878526418878075255e-01 -6.667478681065658330e-02 -1.403625361532333526e-01
-9.854050024351297399e-01 -9.576923744549692419e-02 -1.407311096690118946e-01
-9.821142512849477813e-01 -1.248275347823825793e-01 -1.409599053182971906e-01
-9.779834868794885505e-01 -1.537960017576308347e-01 -1.410499917138654802e-01
-9.730197800629564187e-01 -1.826216850748111908e-01 -1.410029739154037842e-01
-9.672340727238462055e-01 -2.112527179725121051e-01 -1.408209805799897629e-01
-9.606410372300343559e-01 -2.396386673306875881e-01 -1.405066457545312564e-01
-9.532588993567516766e-01 -2.677308602521375480e-01 -1.400630856734060292e-01
-9.451092280570112525e-01 -2.954826857652075867e-01 -1.394938710121131631e-01
-9.362166959722918458e-01 -3.228498678968911850e-01 -1.388029951217681912e-01
-9.266088150148568126e-01 -3.497907070404132623e-01 -1.379948388279431948e-01
-9.163156516634686222e-01 -3.762662872645268775e-01 -1.370741324195240141e-01
-9.053695267978498773e-01 -4.022406479589619721e-01 -1.360459154784371683e-01
-8.938047049553067280e-01 -4.276809189579866000e-01 -1.349154952094536175e-01
-8.816570778312420309e-01 -4.525574190095908444e-01 -1.336884039215640863e-01
-8.689638466735065681e-01 -4.768437181414180714e-01 -1.323703562899273545e-01
-8.557632079515603563e-01 -5.005166650992775024e-01 -1.309672069918319803e-01
-8.420940463305045531e-01 -5.235563815863667481e-01 -1.294849092635182164e-01
-8.279956385639833938e-01 -5.459462255014060350e-01 -1.279294748693181050e-01
-8.135073714562280900e-01 -5.676727257556901662e-01 -1.263069359127209912e-01
-7.986684765494792559e-01 -5.887254915401483046e-01 -1.246233088529792171e-01
-7.835177836852672550e-01 -6.090970991147310887e-01 -1.228845610229501867e-01
-7.680934950817519535e-01 -6.287829593075733303e-01 -1.210965798760623713e-01
-7.524329810779578631e-01 -6.477811689465466927e-01 -1.192651451243939703e-01
-7.365725982306060571e-01 -6.660923494090200681e-01 -1.173959038673827587e-01
-7.205475300194372767e-01 -6.837194753761699495e-01 -1.154943487528689028e-01
-7.043916500292459748e-01 -7.006676967261027400e-01 -1.135657991599272748e-01
-6.881374071359057654e-01 -7.169441563057041833e-01 -1.116153853468973695e-01
-6.718157319320036125e-01 -7.325578060947564030e-01 -1.096480354685184233e-01
-6.554559633860336243e-01 -7.475192240271816280e-01 -1.076684653332304481e-01
-6.390857945365528980e-01 -7.618404334722934657e-01 -1.056811707454029109e-01
-6.227201826767453374e-01 -7.755408465193942558e-01 -1.037110323232380421e-01
-6.063802849667430106e-01 -7.886365866846314354e-01 -1.017609599550563515e-01
-5.900855813358384383e-01 -8.011443422154882477e-01 -9.983365432329911748e-02
-5.738539100979398455e-01 -8.130812372042132141e-01 -9.793161161852018126e-02
-5.577015111680034831e-01 -8.244647120580378408e-01 -9.605712926959453224e-02
-5.416430756091831222e-01 -8.353124134000496914e-01 -9.421231252142898971e-02
-5.256918003238747472e-01 -8.456420933458510536e-01 -9.239908170250030195e-02
-5.098594467920987139e-01 -8.554715179917240508e-01 -9.061918003648984643e-02
-4.941564028549131349e-01 -8.648183848589928724e-01 -8.887418186475538884e-02
-4.785917466363612816e-01 -8.737002489654102089e-01 -8.716550115905594143e-02
-4.631733117927679944e-01 -8.821344571363024523e-01 -8.549440021655459188e-02
-4.479077533713567427e-01 -8.901380901243852728e-01 -8.386199844144370807e-02
-4.328006136498262491e-01 -8.977279120760581765e-01 -8.226928112939291271e-02
-4.178563874136957401e-01 -9.049203268620548135e-01 -8.071710818227627315e-02
-4.030785862081703863e-01 -9.117313407800603509e-01 -7.920622269119556580e-02
-3.884698011754970648e-01 -9.181765311348650815e-01 -7.773725933561508039e-02
-3.740317641569996243e-01 -9.242710202064725600e-01 -7.631075255542217606e-02
-3.597654068010849859e-01 -9.300294541270708315e-01 -7.492714446091264247e-02
-3.456709174745336011e-01 -9.354659862027927542e-01 -7.358679245307377104e-02
-3.317477958244720027e-01 -9.405942642347310256e-01 -7.228997653312008165e-02
-3.179949048828026870e-01 -9.454274214148449262e-01 -7.103690628605725810e-02
-3.044105206438356137e-01 -9.499780703954333605e-01 -6.982772752814771222e-02
-2.909923790797644405e-01 -9.542583001550826172e-01 -6.866252861257107765e-02
-2.777377205878335809e-01 -9.582796753088712594e-01 -6.754134639136395724e-02
-2.646433318879315433e-01 -9.620532375356557475e-01 -6.646417183493527614e-02
-2.517055854103137924e-01 -9.655895088200844301e-01 -6.543095531313875002e-02
-2.389204762305900398e-01 -9.688984962312870985e-01 -6.444161154409215608e-02
-2.262836566233794588e-01 -9.719896979837157058e-01 -6.349602421871372582e-02
-2.137904683175022302e-01 -9.748721105481877869e-01 -6.259405031034599720e-02
-2.014359725445744598e-01 -9.775542366026707120e-01 -6.173552407990067631e-02
-1.892149779797215325e-01 -9.800440936326508812e-01 -6.092026078772632552e-02
-1.771220666781139208e-01 -9.823492230100011602e-01 -6.014806012391165496e-02
-1.651516181144288276e-01 -9.844766993970673896e-01 -5.941870936902587247e-02
-1.532978314343919624e-01 -9.864331403392404551e-01 -5.873198629739542764e-02
-1.415547460284775350e-01 -9.882247159245800550e-01 -5.808766183495236990e-02
-1.299162605378385016e-01 -9.898571584031481407e-01 -5.748550248348838904e-02
-1.183761504017778465e-01 -9.913357716716413304e-01 -5.692527252283355321e-02
-1.069280840547102707e-01 -9.926654405407364656e-01 -5.640673600206912164e-02
-9.556563787874064464e-02 -9.938506397133460846e-01 -5.592965853039762875e-02
-8.428231001581713844e-02 -9.948954424117936179e-01 -5.549380887774525706e-02
-7.307153314100867103e-02 -9.958035286008241060e-01 -5.509896039457491679e-02
-6.192668629589626050e-02 -9.965781927614463243e-01 -5.474489225975438800e-02
-5.084110587843167217e-02 -9.972223511779239047e-01 -5.443139056466177184e-02
-3.980809588296903290e-02 -9.977385487068719527e-01 -5.415824924102884824e-02
-2.882093748156945578e-02 -9.981289650034421701e-01 -5.392527083932811827e-02
-1.787289803515884276e-02 -9.983954201850643306e-01 -5.373226716380705148e-02
-6.957239620721552761e-03 -9.985393799182239460e-01 -5.357905976956830324e-02
3.932772841535212352e-03 -9.985619599183606088e-01 -5.346548032639086845e-02
1.480386377918727937e-02 -9.984639298572326460e-01 -5.339137085328785753e-02
2.566273939679992316e-02 -9.982457166760774214e-01 -5.335658382710428693e-02
3.651608026505755167e-02 -9.979074073066551698e-01 -5.336098216777503123e-02
4.737053399303082363e-02 -9.974487508058662577e-01 -5.340443910219125345e-02
5.823270790808542097e-02 -9.968691599131226377e-01 -5.348683790796433107e-02
6.910916166903062485e-02 -9.961677120430978416e-01 -5.360807153773145678e-02
8.000639973901203794e-02 -9.953431497299221054e-01 -5.376804212401835315e-02
9.093086364538489896e-02 -9.943938805423866434e-01 -5.396666036406318201e-02
1.018889239543796649e-01 -9.933179764933195433e-01 -5.420384478341400830e-02
1.128868718888118988e-01 -9.921131729700474189e-01 -5.447952087654178016e-02
1.239309105174201953e-01 -9.907768672168065782e-01 -5.479362012216455746e-02
1.350271454446696495e-01 -9.893061164041645483e-01 -5.514607887045907403e-02
1.461815749300710288e-01 -9.876976353249957707e-01 -5.553683709884644354e-02
1.574000793662771180e-01 -9.859477937613762011e-01 -5.596583703258357217e-02
1.686884100454765500e-01 -9.840526135719527279e-01 -5.643302162597561844e-02
1.800521771439633767e-01 -9.820077655549505069e-01 -5.693833289965264527e-02
1.914968368552779909e-01 -9.798085661480369080e-01 -5.748171012903227628e-02
2.030276776030590369e-01 -9.774499740328010944e-01 -5.806308787882665662e-02
2.146498052657903610e-01 -9.749265867186582835e-01 -5.868239387825439912e-02
2.263681273470542765e-01 -9.722326371885771090e-01 -5.933954673149650916e-02
2.381873360268044471e-01 -9.693619906971717715e-01 -6.003445345789923393e-02
2.501118900316465221e-01 -9.663081418204080286e-01 -6.076700685648895456e-02
2.621459952652734349e-01 -9.630642118654519912e-01 -6.153708268953698296e-02
2.742935841441610512e-01 -9.596229467590262630e-01 -6.234453668021037315e-02
2.865582935885187532e-01 -9.559767155430181074e-01 -6.318920131978374155e-02
2.989434416244432513e-01 -9.521175096169643970e-01 -6.407088248048399548e-02
3.114520025603889075e-01 -9.480369428783789187e-01 -6.498935583081263956e-02
3.240865807095986706e-01 -9.437262529236040143e-01 -6.594436305115818076e-02
3.368493826401945945e-01 -9.391763034838792601e-01 -6.693560784869470592e-02
3.497421879463720185e-01 -9.343775882835007041e-01 -6.796275177198235484e-02
3.627663185477459917e-01 -9.293202365191487457e-01 -6.902540982736295183e-02
3.759226065395294136e-01 -9.239940201715136636e-01 -7.012314590120070912e-02
3.892113606340437681e-01 -9.183883633720351103e-01 -7.125546799427484590e-02
4.026323312542358090e-01 -9.124923540586360460e-01 -7.242182327720837753e-02
4.161846743625358669e-01 -9.062947581644944517e-01 -7.362159297873302477e-02
4.298669141336756705e-01 -8.997840365928075901e-01 -7.485408712186090996e-02
4.436769046080794587e-01 -8.929483652377968594e-01 -7.611853912667124189e-02
4.576117904932190950e-01 -8.857756583174417608e-01 -7.741410030243268958e-02
4.716679673138995388e-01 -8.782535952861458828e-01 -7.873983425617135656e-02
4.858410411487807945e-01 -8.703696515952130675e-01 -8.009471124955599985e-02
5.001257882294467549e-01 -8.621111335650777363e-01 -8.147760254109112643e-02
5.145161147198212825e-01 -8.534652176250958622e-01 -8.288727475606243178e-02
5.290050170374372973e-01 -8.444189941637263441e-01 -8.432238433243005593e-02
5.435845431236168146e-01 -8.349595162134668680e-01 -8.578147209686522168e-02
5.582457551165197485e-01 -8.250738531702866974e-01 -8.726295803130765250e-02
5.729786939286620751e-01 -8.147491497158710905e-01 -8.876513629670457206e-02
5.877723462781142549e-01 -8.039726900721235747e-01 -9.028617058687424257e-02
6.026146147692724719e-01 -7.927319676704911444e-01 -9.182408989159822343e-02
6.174922916637751724e-01 -7.810147602632743213e-01 -9.337678475394484146e-02
6.323910370235940048e-01 -7.688092104397737936e-01 -9.494200411229962444e-02
6.472953619451852214e-01 -7.561039114366503444e-01 -9.651735282244297554e-02
6.621886176343089181e-01 -7.428879980491716051e-01 -9.810028995906922011e-02
6.770571955435362721e-01 -7.291440909482630461e-01 -9.971187713803250641e-02
6.918853554439841069e-01 -7.148585835881633432e-01 -1.013502354604098321e-01
7.066559935481011578e-01 -7.000182649883476271e-01 -1.030133258313425393e-01
7.213506149445539917e-01 -6.846104228020880589e-01 -1.046989453124059777e-01
7.359493128084867442e-01 -6.686229531470605503e-01 -1.064047243122322878e-01
7.504307553904592254e-01 -6.520444769194840839e-01 -1.081281247463730388e-01
7.647721818175786668e-01 -6.348644621848692493e-01 -1.098664393014245760e-01
7.789494077564553809e-01 -6.170733520977171871e-01 -1.116167919406433617e-01
7.929368419868727536e-01 -5.986626976505770026e-01 -1.133761397882876304e-01
8.067075149146653024e-01 -5.796252943914026456e-01 -1.151412765273657074e-01
8.202331200095058783e-01 -5.599553220793843655e-01 -1.169088374399878116e-01
8.334840690855145340e-01 -5.396484860762291724e-01 -1.186753062107634982e-01
8.464295622475211944e-01 -5.187021590957250350e-01 -1.204370236013558582e-01
8.590376732015442274e-01 -4.971155217634773416e-01 -1.221901980881439365e-01
8.712754504732727057e-01 -4.748897002756978236e-01 -1.239309185347791387e-01
8.831090348924540701e-01 -4.520278992961268005e-01 -1.256551689471669120e-01
8.945037934843684813e-01 -4.285355280993103366e-01 -1.273588453300928403e-01
9.054244696632952616e-01 -4.044203178625508932e-01 -1.290377746325071517e-01
9.158353493494695297e-01 -3.796924279340509467e-01 -1.306877357326967637e-01
9.257004423341460564e-01 -3.543645388671258223e-01 -1.323044823756871768e-01
9.349836779019607969e-01 -3.284519300155794852e-01 -1.338837679338698294e-01
9.436491133920399399e-01 -3.019725395384941224e-01 -1.354213718188617133e-01
9.516611540467012631e-01 -2.749470047679485329e-01 -1.369131273289461714e-01
9.589847821676760198e-01 -2.473986810534966052e-01 -1.383549506732411893e-01
9.655857932840230529e-01 -2.193536374140582224e-01 -1.397428708722351642e-01
9.714310367434034754e-01 -1.908406276008988989e-01 -1.410730601958462282e-01
9.764886578795525240e-01 -1.618910355023503722e-01 -1.423418647660672220e-01
9.807283386939308345e-01 -1.325387941975130213e-01 -1.435458349229094266e-01
9.841215338284536873e-01 -1.028202783859135105e-01 -1.446817549310416562e-01
9.866416985076854607e-01 -7.277417037441774594e-02 -1.457466715913933730e-01
9.882645051002876269e-01 -4.244130028115319919e-02 -1.467379213180171893e-01
9.889680449962896525e-01 -1.186446160666294880e-02 -1.476531552464085961e-01
9.887330126221088866e-01 1.891179618838319601e-02 -1.484903619556759147e-01
9.875428686197994521e-01 4.984139598603100352e-02 -1.492478874135289013e-01
9.853839794986440914e-01 8.087697963794035494e-02 -1.499244517897282691e-01
9.822457314209532830e-01 1.119701699602598799e-01 -1.505191628297618545e-01
9.781206162021003347e-01 1.430718447979409391e-01 -1.510315255350733188e-01
9.730042880771460068e-01 1.741324195861678192e-01 -1.514614479578201278e-01
9.668955903004482488e-01 2.051021346409046264e-01 -1.518092429852442027e-01
9.597965511862333043e-01 2.359313432998819404e-01 -1.520756260594403608e-01
9.517123497519041075e-01 2.665707970136590443e-01 -1.522617088505919813e-01
9.426512516760053861e-01 2.969719235546045000e-01 -1.523689889735299896e-01
9.326245168135484098e-01 3.270870946675035751e-01 -1.523993359066975750e-01
9.216462800078760731e-01 3.568698797237589981e-01 -1.523549733373141257e-01
9.097334073869041138e-01 3.862752822537635078e-01 -1.522384582149578225e-01
8.969053307208175729e-01 4.152599566085638516e-01 -1.520526568464130590e-01
8.831838627388934881e-01 4.437824024300877079e-01 -1.518007184062541426e-01
8.685929965484938675e-01 4.718031350753290609e-01 -1.514860462694107013e-01
8.531586924656605619e-01 4.992848306296261418e-01 -1.511122675934007398e-01
8.369086556532014942e-01 5.261924446430680247e-01 -1.506832015889177090e-01
8.198721079704598402e-01 5.524933042181531251e-01 -1.502028269182674181e-01
8.020795573733274786e-01 5.781571735531360057e-01 -1.496752486523414138e-01
7.835625680698682372e-01 6.031562934925110975e-01 -1.491046651992409822e-01
7.643535344442250468e-01 6.274653960440675915e-01 -1.484953355924078233e-01
7.444854615186492497e-01 6.510616951831812438e-01 -1.478515474944218921e-01
7.239917544406474503e-01 6.739248555739015822e-01 -1.471775862358407072e-01
7.029060191698656146e-01 6.960369410894983178e-01 -1.464777051679740927e-01
6.812618762078204160e-01 7.173823452110540400e-01 -1.457560975656918834e-01
6.590927888728597139e-01 7.379477055219233472e-01 -1.450168702725706249e-01
6.364319072819469847e-01 7.577218046005864682e-01 -1.442640192371121566e-01
6.133119288681470049e-01 7.766954596481362438e-01 -1.435014070464942226e-01
5.897649759449922202e-01 7.948614031739992258e-01 -1.427327425242625458e-01
5.658224905319033660e-01 8.122141570099173924e-01 -1.419615624213006189e-01
5.415151463828773437e-01 8.287499018336297318e-01 -1.411912151958950590e-01
5.168727779168210690e-01 8.444663442662316832e-01 -1.404248468491615387e-01
4.919243255340610133e-01 8.593625834669714747e-01 -1.396653887567566310e-01
4.666977966204695627e-01 8.734389789921672698e-01 -1.389155474167757531e-01
4.412202413881240459e-01 8.866970215164933222e-01 -1.381777960170013086e-01
4.155177425784563616e-01 8.991392078400836096e-01 -1.374543677120799445e-01
3.896154179588104949e-01 9.107689214281217138e-01 -1.367472504925518195e-01
3.635374344740637254e-01 9.215903195545712689e-01 -1.360581835226330194e-01
3.373070328690054853e-01 9.316082279515200959e-01 -1.353886548219228048e-01
3.109465615718214337e-01 9.408280437026876886e-01 -1.347399001673973695e-01
2.844775186215341978e-01 9.492556469657652540e-01 -1.341129030957683155e-01
2.579206004298641441e-01 9.568973219646441652e-01 -1.335083958921332858e-01
2.312957561880600310e-01 9.637596875599299118e-01 -1.329268614584400710e-01
2.046222467593522831e-01 9.698496375846953343e-01 -1.323685359642489956e-01
1.779187069355739337e-01 9.751742910220552174e-01 -1.318334121922608571e-01
1.512032099802096408e-01 9.797409520014176421e-01 -1.313212435017492852e-01
1.244933334279925696e-01 9.835570795005029732e-01 -1.308315483440966598e-01
9.780622516178606729e-02 9.866302665595754195e-01 -1.303636152758092248e-01
7.115866883977153834e-02 9.889682287418503082e-01 -1.299165084254329527e-01
4.456714779910633806e-02 9.905788015087122478e-01 -1.294890733814904882e-01
1.804790661567844470e-02 9.914699461191956997e-01 -1.290799434787151811e-01
-8.382990446926752437e-03 9.916497636091691215e-01 -1.286875464693037763e-01
-3.470960481268960118e-02 9.911265163559348501e-01 -1.283101115744927634e-01
-6.091607345257808726e-02 9.899086566877308702e-01 -1.279456769193594023e-01
-8.698656383419532678e-02 9.880048619542467492e-01 -1.275920973602422959e-01
-1.129052345131065921e-01 9.854240754332649344e-01 -1.272470527194777268e-01
-1.386562018614428959e-01 9.821755524095842071e-01 -1.269080564461757821e-01
-1.642235133717283302e-01 9.782689107253431660e-01 -1.265724647244539369e-01
-1.895911279138684513e-01 9.737141850657902165e-01 -1.262374860518591657e-01
-2.147429032603166421e-01 9.685218842116631865e-01 -1.259001913106118364e-01
-2.396625911281066446e-01 9.627030504590766702e-01 -1.255575243527856932e-01
-2.643338399162907248e-01 9.562693203807218767e-01 -1.252063131176038291e-01
-2.887402052430646515e-01 9.492329860790101881e-01 -1.248432812947099790e-01
-3.128651683083491508e-01 9.416070560633702513e-01 -1.244650605416183220e-01
-3.366921620248731761e-01 9.334053148712024850e-01 -1.240682032566285536e-01
-3.602046047740992685e-01 9.246423805460114442e-01 -1.236491959004179103e-01
-3.833859415531053472e-01 9.153337590880189500e-01 -1.232044728504157333e-01
-4.062225731611228130e-01 9.054905850157191072e-01 -1.227600681256511839e-01
-4.287045753543923254e-01 8.951264572407802156e-01 -1.223152706218991054e-01
-4.508223633084984527e-01 8.842551057753814669e-01 -1.218692637410925261e-01
-4.725666740453760006e-01 8.728904051936483555e-01 -1.214211343996327713e-01
-4.939285529313268697e-01 8.610463895694491221e-01 -1.209698820613793746e-01
-5.148993442364111495e-01 8.487372683801120976e-01 -1.205144277845653228e-01
-5.354706857017260679e-01 8.359774428819802816e-01 -1.200536232720574442e-01
-5.556345070194135261e-01 8.227815224825462126e-01 -1.195862599139920768e-01
-5.753830320907087348e-01 8.091643406551356499e-01 -1.191110778109298884e-01
-5.947087848899587081e-01 7.951409699656803998e-01 -1.186267747643629800e-01
-6.136045987273505142e-01 7.807267358070192342e-01 -1.181320152197481294e-01
-6.320636286701791784e-01 7.659372284643525264e-01 -1.176254391453112336e-01
-6.500793668519877500e-01 7.507883131659310871e-01 -1.171056708277500996e-01
-6.676456603709945981e-01 7.352961378057220054e-01 -1.165713275637385027e-01
-6.847567314540845551e-01 7.194771380595885724e-01 -1.160210282238853946e-01
-7.014071995405093407e-01 7.033480396533311474e-01 -1.154534016636097754e-01
-7.175921049205542523e-01 6.869258575795977873e-01 -1.148670949533338315e-01
-7.333069335490376428e-01 6.702278921009806600e-01 -1.142607813985482140e-01
-7.485476426418545826e-01 6.532717214183043630e-01 -1.136331683187354336e-01
-7.633106866560867010e-01 6.360751909258687276e-01 -1.129830045529132271e-01
-7.775930432506787948e-01 6.186563990188729267e-01 -1.123090876587380244e-01
-7.913922388254919227e-01 6.010336794619914880e-01 -1.116102707717362280e-01
-8.047063732417987225e-01 5.832255803716558384e-01 -1.108854690913482072e-01
-8.175341433370502120e-01 5.652508399075094614e-01 -1.101336659611040353e-01
-8.298748648610019263e-01 5.471283588102443529e-01 -1.093539185114190682e-01
-8.417284924789737444e-01 5.288771699630470113e-01 -1.085453628352060634e-01
-8.530956375109670642e-01 5.105164051916584178e-01 -1.077072186687419303e-01
-8.639775831023532859e-01 4.920652595530490836e-01 -1.068387935529823279e-01
-8.743762965525657682e-01 4.735429533944286451e-01 -1.059394864537549774e-01
-8.842944385622952819e-01 4.549686924922843878e-01 -1.050087908229405120e-01
-8.937353691966506419e-01 4.363616266049549219e-01 -1.040462970868145515e-01
-9.027031504010922802e-01 4.177408067915406864e-01 -1.030516945521152972e-01
-9.112025449481140349e-01 3.991251418644491400e-01 -1.020247727250460368e-01
-9.192390117350246470e-01 3.805333543523626294e-01 -1.009654220432460031e-01
-9.268186973961416442e-01 3.619839363547900923e-01 -9.987363402568547044e-02
-9.339484242356042021e-01 3.434951056685893178e-01 -9.874950085037791092e-02
-9.406356745291939436e-01 3.250847625609962210e-01 -9.759321437467061156e-02
-9.468885712843932989e-01 3.067704475529271502e-01 -9.640506461759310031e-02
-9.527158555868104894e-01 2.885693005608794270e-01 -9.518543772823134796e-02
-9.581268606974974178e-01 2.704980217259738695e-01 -9.393481346828212730e-02
-9.631314830990830300e-01 2.525728342349624067e-01 -9.265376224075988487e-02
-9.677401507186011997e-01 2.348094494108352581e-01 -9.134294170021986514e-02
-9.719637885810437083e-01 2.172230343205232006e-01 -9.000309298277887893e-02
-9.758137821697382419e-01 1.998281821146636328e-01 -8.863503659661976786e-02
-9.793019387874332127e-01 1.826388852800686635e-01 -8.723966801553224848e-02
-9.824404472253597254e-01 1.656685119499990422e-01 -8.581795301935458975e-02
-9.852418360565057265e-01 1.489297853812064365e-01 -8.437092282593390558e-02
-9.877189308739299234e-01 1.324347666705420756e-01 -8.289966905942426634e-02
-9.898848107953082121e-01 1.161948407482970569e-01 -8.140533859940737860e-02
-9.917527645512279610e-01 1.002207056508609556e-01 -7.988912835447706251e-02
-9.933376228893961990e-01 8.453768223745172783e-02 -7.831829767725652369e-02
-9.946530095617425182e-01 6.916212325449205833e-02 -7.669419563095974945e-02
-9.957130179035306172e-01 5.410966461478580042e-02 -7.501825370513381941e-02
-9.965321429734657066e-01 3.939520329122114806e-02 -7.329197803348345974e-02
-9.971252127336243110e-01 2.503288069599441529e-02 -7.151694156439961092e-02
-9.975073187984327960e-01 1.103607144781366782e-02 -6.969477625686297528e-02
-9.976937472581098865e-01 -2.582622627176404256e-03 -6.782716537107950916e-02
-9.976999100526985353e-01 -1.581137346694448317e-02 -6.591583591912891782e-02
-9.975412773389121801e-01 -2.863912297040536320e-02 -6.396255133618250488e-02
-9.972333112544122802e-01 -4.105557471323069418e-02 -6.196910442758785109e-02
-9.967914014437380121e-01 -5.305118151124085801e-02 -5.993731064144329490e-02
-9.962308026678272643e-01 -6.461712918879188028e-02 -5.786900171031125750e-02
-9.955665747757820316e-01 -7.574531693229576146e-02 -5.576601969955796712e-02
-9.948135252740677448e-01 -8.642833462577714787e-02 -5.363021149356411027e-02
-9.939861546854629193e-01 -9.665943757640207967e-02 -5.146342374482376636e-02
-9.930986048484841122e-01 -1.064325190435295582e-01 -4.926749830482540782e-02
-9.921646102683148172e-01 -1.157420809854167870e-01 -4.704426814966512771e-02
-9.911974525929843072e-01 -1.245832034336903787e-01 -4.479555380764466133e-02
-9.902099182541090894e-01 -1.329515128975503058e-01 -4.252316029070789954e-02
-9.892142592802680712e-01 -1.408431501878943948e-01 -4.022887452651207479e-02
-9.882221572632824413e-01 -1.482547380366381340e-01 -3.791446328324379195e-02
-9.872446904334882811e-01 -1.551833488689505491e-01 -3.558167157499608074e-02
-9.862923037796132997e-01 -1.616264730664092042e-01 -3.323222153163065545e-02
-9.853747821321162670e-01 -1.675819880376440418e-01 -3.086781171356164227e-02
-9.845012261157767286e-01 -1.730481283903067269e-01 -2.849011684880721137e-02
-9.836800308678333993e-01 -1.780234574745450105e-01 -2.610078796695142547e-02
-9.829188674119013758e-01 -1.825068405439112251e-01 -2.370145290232345686e-02
-9.822246665750734573e-01 -1.864974197550758883e-01 -2.129371713671342203e-02
-9.816036053357870550e-01 -1.899945912030897577e-01 -1.887916495027987251e-02
-9.810610954929722682e-01 -1.929979841644320071e-01 -1.645936084793802462e-02
-9.806017745524056028e-01 -1.955074426958456069e-01 -1.403585122742394969e-02
-9.802294987337900611e-01 -1.975230097130977747e-01 -1.161016625438269362e-02
-9.799473380115572008e-01 -1.990449136503795735e-01 -9.183821909203263023e-03
-9.797575731134359200e-01 -2.000735577781067032e-01 -6.758322169898063267e-03
-9.796616944131341098e-01 -2.006095122344036252e-01 -4.335161295078930610e-03
-9.796604026667209419e-01 -2.006535088035253656e-01 -1.915826170999376798e-03
-9.797536115561619185e-01 -2.002064384528516039e-01 4.982013133003095062e-04
-9.799404520176305811e-01 -1.992693516188236147e-01 2.905441898501717832e-03
-9.802192783463923309e-01 -1.978434612112216495e-01 5.304416630586938734e-03
-9.805876760839186135e-01 -1.959301482844366116e-01 7.693644614431368114e-03
-9.810424717061481115e-01 -1.935309703038119722e-01 1.007164087974979708e-02
-9.815797441441671545e-01 -1.906476719146709964e-01 1.243691439299148861e-02
-9.821948381797553917e-01 -1.872821981012617876e-01 1.478796624788973092e-02
-9.828823797679562269e-01 -1.834367096025308896e-01 1.712328806632293365e-02
-9.836362933468223435e-01 -1.791136004313812480e-01 1.944136063992391028e-02
-9.844498212005027282e-01 -1.743155173239162581e-01 2.174065284146574004e-02
-9.853155449456512116e-01 -1.690453809251815098e-01 2.401962083343953808e-02
-9.862254092125244398e-01 -1.633064084981894204e-01 2.627670759940418932e-02
-9.871707475909184959e-01 -1.571021379236831605e-01 2.851034282161329578e-02
-9.881423109070973654e-01 -1.504364527393340367e-01 3.071894312609430716e-02
-9.891292273778767852e-01 -1.433287554541327891e-01 3.286709435929437151e-02
-9.901207815544341706e-01 -1.357907021007217774e-01 3.495325085052852082e-02
-9.911060293009194000e-01 -1.278343825942196421e-01 3.697588408117691294e-02
-9.920738636720414227e-01 -1.194723374671191746e-01 3.893348686806493569e-02
-9.930130814847609733e-01 -1.107175719819969428e-01 4.082457793827235643e-02
-9.939124503582578152e-01 -1.015835672813853868e-01 4.264770685303379688e-02
-9.947607759661994953e-01 -9.208428826429830572e-02 4.440145923370811265e-02
-9.955469692162822737e-01 -8.223418791312013532e-02 4.608446223844749057e-02
-9.962601130447840125e-01 -7.204820783274212825e-02 4.769539023426466740e-02
-9.968895284891824415e-01 -6.154177480573606862e-02 4.923297060575559242e-02
-9.974248396804532568e-01 -5.073079321268220837e-02 5.069598963886117610e-02
-9.978560373791411919e-01 -3.963163321509906994e-02 5.208329841581757491e-02
-9.981735406662936017e-01 -2.826111464924761091e-02 5.339381865591640020e-02
-9.983682563924031195e-01 -1.663648663179899401e-02 5.462654843593185011e-02
-9.984316359850672340e-01 -4.775402932279224077e-03 5.578056772411911501e-02
-9.983557292194792376e-01 7.304106778420761323e-03 5.685504366258126857e-02
-9.981332345653465277e-01 1.958366964016644909e-02 5.784923553456137318e-02
-9.977575457394795011e-01 3.204460606022570268e-02 5.876249935584569595e-02
-9.972227941150765274e-01 4.466796964760884336e-02 5.959429203295074640e-02
-9.965238866664627437e-01 5.743459031049455432e-02 6.034417503507960578e-02
-9.956565391614168314e-01 7.032512015814182393e-02 6.101181753192379265e-02
-9.946173043517787526e-01 8.332008180927484575e-02 6.159699895518948309e-02
-9.934035949562035617e-01 9.639991867481496890e-02 6.209961094815927979e-02
-9.920137012760169570e-01 1.095450467546514040e-01 6.251965867456581172e-02
-9.904468033353455159e-01 1.227359074664121918e-01 6.285726146544198811e-02
-9.887029774891700207e-01 1.359530210093147229e-01 6.311265279030475739e-02
-9.867831974967560260e-01 1.491770397583994656e-01 6.328617954689789993e-02
-9.846893301120895892e-01 1.623888011838963141e-01 6.337830067163370551e-02
-9.824241252965115745e-01 1.755693797971034642e-01 6.338958508070074993e-02
-9.799912012107554471e-01 1.887001376377931416e-01 6.332070895941663280e-02
-9.773950241931181893e-01 2.017627728384693286e-01 6.317245242467514621e-02
-9.746408839766942389e-01 2.147393658273327455e-01 6.294569559215300314e-02
-9.717348644406929026e-01 2.276124227639778064e-01 6.264141408619665341e-02
-9.686838102281793983e-01 2.403649158389752905e-01 6.226067403591533517e-02
-9.654952895945700941e-01 2.529803201098157484e-01 6.180462660588771640e-02
-9.621775538774414160e-01 2.654426465903764187e-01 6.127450211398841051e-02
-9.587394939983916453e-01 2.777364713582604616e-01 6.067160379211798682e-02
-9.551905944216504407e-01 2.898469604931561694e-01 5.999730124805433690e-02
-9.515408850018454157e-01 3.017598907088986371e-01 5.925302368823077287e-02
-9.478008911548990723e-01 3.134616655913305960e-01 5.844025296200106717e-02
-9.439815827816627758e-01 3.249393274025507150e-01 5.756051648790349445e-02
-9.400943223639244284e-01 3.361805644589572761e-01 5.661538012162899841e-02
-9.361508126372664051e-01 3.471737141349809375e-01 5.560644102389005611e-02
-9.321630442254016380e-01 3.579077615859702077e-01 5.453532058424373496e-02
-9.281432435966290306e-01 3.683723343218682778e-01 5.340365745422060578e-02
-9.241038216755330659e-01 3.785576927977170048e-01 5.221310073993188500e-02
-9.200573234126280253e-01 3.884547172173683505e-01 5.096530340075565435e-02
-9.160163785819528393e-01 3.980548907728979069e-01 4.966191589682531632e-02
