1.000000000000000000e+00 0.000000000000000000e+00 0.000000000000000000e+00
9.999999992972319340e-01 1.547514527675391755e-05 -3.414766316155312068e-05
9.999999933362083704e-01 5.349268398231034696e-05 -1.023042204241869071e-04
9.999999717984124903e-01 1.210882423699993857e-04 -2.043059584650621491e-04
9.999999168410477202e-01 2.252606686049176549e-04 -3.399643912178809528e-04
9.999998008737495114e-01 3.729669116614567413e-04 -5.090664474342562794e-04
9.999995838861137631e-01 5.711169370063265719e-04 -7.113746734988126786e-04
9.999992103407475685e-01 8.265686801039470819e-04 -9.466274506221863906e-04
9.999986056483500807e-01 1.146123038033684252e-03 -1.214539225462051095e-03
9.999976722430719001e-01 1.536518898686288319e-03 -1.514800753162809637e-03
9.999962852780834854e-01 2.004428206122278039e-03 -1.847079351760999837e-03
9.999942879629016845e-01 2.556451059741123889e-03 -2.211019166876924871e-03
9.999914865655750162e-01 3.199110843941041418e-03 -2.606241445604520757e-03
9.999876451043163694e-01 3.938849383959875522e-03 -3.032344818521800003e-03
9.999824797545862065e-01 4.782022122593468719e-03 -3.488905588773962788e-03
9.999756529989827225e-01 5.734893311505059182e-03 -3.975478027230799384e-03
9.999667675485756080e-01 6.803631209884004362e-03 -4.491594672789515734e-03
9.999553600655339824e-01 7.994303282301152419e-03 -5.036766636983528236e-03
9.999408947180463691e-01 9.312871386758101583e-03 -5.610483912166821553e-03
9.999227565996120504e-01 1.076518694315512642e-02 -6.212215682671673629e-03
9.999002450457977753e-01 1.235698607172416343e-02 -6.841410638484158799e-03
9.998725668825046986e-01 1.409388469040513681e-02 -7.497497291145976787e-03
9.998388296406776066e-01 1.598137355970174339e-02 -8.179884291771586172e-03
9.997980347732100537e-01 1.802481326325179947e-02 -8.887960751265024453e-03
9.997490709105576467e-01 2.022942911220173071e-02 -9.621096563029550922e-03
9.996907071922636057e-01 2.260030596149837506e-02 -1.037864272868355142e-02
9.996215867122246745e-01 2.514238292641645528e-02 -1.115993168752601149e-02
9.995402201160814570e-01 2.786044798803829006e-02 -1.196427765073204003e-02
9.994449793895942014e-01 3.075913247700369502e-02 -1.279097694150105324e-02
9.993340918772679604e-01 3.384290542566114474e-02 -1.363930834262470915e-02
9.992056345708032472e-01 3.711606777978340016e-02 -1.450853345318573254e-02
9.990575287071710164e-01 4.058274646226699145e-02 -1.539789705633948756e-02
9.988875347162272655e-01 4.424688828271898522e-02 -1.630662750036450739e-02
9.986932475577893209e-01 4.811225368854738643e-02 -1.723393709539285806e-02
9.984720924879764148e-01 5.218241035511253512e-02 -1.817902252844301458e-02
9.982213212943589209e-01 5.646072661466296910e-02 -1.914106529957332326e-02
9.979380090390527203e-01 6.095036472616416345e-02 -2.011923218214971970e-02
9.976190513483179645e-01 6.565427399072404357e-02 -2.111267571037352825e-02
9.972611622864607783e-01 7.057518372011389873e-02 -2.212053469734042918e-02
9.968608728508761008e-01 7.571559606886249516e-02 -2.314193478699648476e-02
9.964145301238884755e-01 8.107777874354787917e-02 -2.417598904341784760e-02
9.959182971156347319e-01 8.666375760620401159e-02 -2.522179858086434981e-02
9.953681533305603901e-01 9.247530919217489265e-02 -2.627845323804001154e-02
9.947598960881646191e-01 9.851395316625885523e-02 -2.734503229993278176e-02
9.940891426264015784e-01 1.047809447445603309e-01 -2.842060527049874302e-02
9.933513330136196640e-01 1.112772671130711211e-01 -2.950423269929983161e-02
9.925417338920802246e-01 1.180036238776009522e-01 -3.059496706499715071e-02
9.916554430729340730e-01 1.249604315832275603e-01 -3.169185371834194048e-02
9.906873949990385730e-01 1.321478123448971143e-01 -3.279393188699251949e-02
9.896323670881711498e-01 1.395655866341297402e-01 -3.390023574411697022e-02
9.884849869650305099e-01 1.472132662699264516e-01 -3.500979554231815200e-02
9.872397405859254516e-01 1.550900476648807980e-01 -3.612163881394030857e-02
9.858947425424571254e-01 1.631797485300359174e-01 -3.720117506687054681e-02
9.844458946688845469e-01 1.714741862544011397e-01 -3.824768109342970707e-02
9.828892256990997556e-01 1.799649592885247673e-01 -3.926047229358488322e-02
9.812209116913861440e-01 1.886434582773216795e-01 -4.023890431305542775e-02
9.794372958448047672e-01 1.975008782227373194e-01 -4.118237462493019169e-02
9.775349076006084603e-01 2.065282316583944011e-01 -4.209032404193208815e-02
9.755104809245624953e-01 2.157163628082952589e-01 -4.296223814658123308e-02
9.733609716694866520e-01 2.250559626916288081e-01 -4.379764862676553683e-02
9.710835739217201779e-01 2.345375851258816313e-01 -4.459613450462724532e-02
9.686757352405473975e-01 2.441516635708998739e-01 -4.535732324721399034e-02
9.661351707058731808e-01 2.538885287474181296e-01 -4.608089174801874299e-02
9.634598756965684352e-01 2.637384269549811755e-01 -4.676656716933910024e-02
9.606481373298576543e-01 2.736915390062508724e-01 -4.741412763631397409e-02
9.576985445008231457e-01 2.837379996875181165e-01 -4.802340277453545636e-02
9.546099964704740648e-01 2.938679176489297218e-01 -4.859427408427321321e-02
9.513817099607693173e-01 3.040713956225740700e-01 -4.912667514557522708e-02
9.480132247253957312e-01 3.143385508622255076e-01 -4.962059164980703319e-02
9.445044075758636248e-01 3.246595356952802769e-01 -5.007606125454611840e-02
9.408554548534738826e-01 3.350245580752721497e-01 -5.049317326014179236e-02
9.370668933488043306e-01 3.454239020223589529e-01 -5.087206810766661119e-02
9.331395796814336840e-01 3.558479478393342110e-01 -5.121293669940521487e-02
9.290746981635349400e-01 3.662871919920297481e-01 -5.151601954443277981e-02
9.248737571816034730e-01 3.767322665454165276e-01 -5.178160573321096555e-02
9.205385841408142422e-01 3.871739580502367994e-01 -5.201003174645692922e-02
9.160713190262118610e-01 3.976032257795577007e-01 -5.220168010480560200e-02
9.114744066440192416e-01 4.080112192201550969e-01 -5.235697786697154910e-02
9.067505876147083921e-01 4.183892947300292264e-01 -5.247639498521156770e-02
9.019028881970259093e-01 4.287290312805332460e-01 -5.256044252788075882e-02
8.969346090288332629e-01 4.390222452094498795e-01 -5.260967077975325923e-02
8.918493128763500533e-01 4.492610039197783012e-01 -5.262466723153619297e-02
8.866508114881345159e-01 4.594376384678678371e-01 -5.260605447063555762e-02
8.813431516538718924e-01 4.695447549937462606e-01 -5.255448798573156971e-02
8.759306005707547804e-01 4.795752449559115838e-01 -5.247065389808680536e-02
8.704176306219296722e-01 4.895222941423729712e-01 -5.235526663274284176e-02
8.648089036721718914e-01 4.993793904392210270e-01 -5.220906654286210091e-02
8.591092549856620408e-01 5.091403303473701625e-01 -5.203281750044509713e-02
8.533236768695126040e-01 5.187992242472414528e-01 -5.182730446650410383e-02
8.474573021445914733e-01 5.283505004199475774e-01 -5.159333105350977916e-02
8.415153875422641816e-01 5.377889078419169078e-01 -5.133171709255521936e-02
8.355032971220072158e-01 5.471095177777711704e-01 -5.104329621721152149e-02
8.294264858005021557e-01 5.563077242035895376e-01 -5.072891347549039059e-02
8.232904830778891014e-01 5.653792430993915819e-01 -5.038942298069330056e-02
8.171008770414229794e-01 5.743201106557170865e-01 -5.002568561122419655e-02
8.108632987209235532e-01 5.831266804445291996e-01 -4.963856676868560330e-02
8.045834068642276904e-01 5.917956196093128174e-01 -4.922893420277698467e-02
7.982668731944265739e-01 6.003239041331608350e-01 -4.879765591068139369e-02
7.919193682040817084e-01 6.087088132468434498e-01 -4.834559811777217747e-02
7.855465475349487914e-01 6.169479230413512649e-01 -4.787362334560669314e-02
7.791540389850608594e-01 6.250390993512060511e-01 -4.738258857230832205e-02
7.727474301784175159e-01 6.329804899759721160e-01 -4.687334348958092922e-02
7.663414497858784813e-01 6.407613969163632461e-01 -4.632079891661280979e-02
7.599451309709928104e-01 6.483768228350573759e-01 -4.572630924475022673e-02
7.535674977482342829e-01 6.558222397268181902e-01 -4.509121903048805141e-02
7.472175432946571716e-01 6.630935736512958423e-01 -4.441685913094571558e-02
7.409042094782462007e-01 6.701871880898633282e-01 -4.370454303250814049e-02
7.346363676730216508e-01 6.770998660726237350e-01 -4.295556338157058979e-02
7.284228009148798755e-01 6.838287912213552033e-01 -4.217118872432489701e-02
7.222721874366707651e-01 6.903715278523047116e-01 -4.135266046060161182e-02
7.161930856062710404e-01 6.967260002795256923e-01 -4.050119001495761789e-02
7.101939202775162663e-01 7.028904714550348043e-01 -3.961795622648668636e-02
7.042829705508880656e-01 7.088635210765819039e-01 -3.870410295724420469e-02
6.984683589288799288e-01 7.146440232874418097e-01 -3.776073691772659918e-02
6.927580418400322015e-01 7.202311240854998298e-01 -3.678892570653724547e-02
6.871598014957468470e-01 7.256242185511608822e-01 -3.578969606020857008e-02
6.816812390351792983e-01 7.308229279954117086e-01 -3.476403230813617656e-02
6.763297689057385931e-01 7.358270771208418326e-01 -3.371287502671490438e-02
6.711126144199845989e-01 7.406366712797066709e-01 -3.263711988604651310e-02
6.660368044239525220e-01 7.452518739043201279e-01 -3.153761668201045254e-02
6.611091710071086425e-01 7.496729841762956870e-01 -3.041516854604745315e-02
6.563363481801922639e-01 7.539004149925114806e-01 -2.927053132469441959e-02
6.517247714440604911e-01 7.579346712772465633e-01 -2.810441312072082393e-02
6.472806781702532541e-01 7.617763286817922364e-01 -2.691747398764388413e-02
6.430101087122689352e-01 7.654260127050498408e-01 -2.571032576943371381e-02
6.389189081654025326e-01 7.688843782612405642e-01 -2.448353207735215128e-02
6.350127286923852310e-01 7.721520897139152462e-01 -2.323760839609114587e-02
6.312970323318873866e-01 7.752298013890002171e-01 -2.197302231168022507e-02
6.277770942071486671e-01 7.781181385736789524e-01 -2.069019385400905006e-02
6.244580060524984599e-01 7.808176790025060932e-01 -1.938949594725266831e-02
6.213446799762646355e-01 7.833289348272969299e-01 -1.807125496198587478e-02
6.184418523794740219e-01 7.856523350630443270e-01 -1.673575136332202881e-02
6.157540879507692466e-01 7.877882084983860445e-01 -1.538322045000399714e-02
6.132857836590426270e-01 7.897367670559873876e-01 -1.401385318000439480e-02
6.110411726663745879e-01 7.914980895856125187e-01 -1.262779707885311291e-02
6.090243280849194640e-01 7.930721060706329428e-01 -1.122515722759723222e-02
6.072391665023586516e-01 7.944585822272620668e-01 -9.805997328006845967e-03
6.056894512014135978e-01 7.956571044749041199e-01 -8.370340843365938269e-03
6.043787949996518583e-01 7.966670652556686605e-01 -6.918172213926111411e-03
6.033106626363983205e-01 7.974876486813202714e-01 -5.449438146849242860e-03
6.024883726339710366e-01 7.981178164867140934e-01 -3.964048981219561729e-03
6.019150985606852577e-01 7.985562942701102118e-01 -2.461880129463066627e-03
6.015938696231000193e-01 7.988015580026728291e-01 -9.427735972696101203e-04
6.015275705148253049e-01 7.988518207919477199e-01 5.934604151327490043e-04
6.017189404488674231e-01 7.987050198871923357e-01 2.147041826753484824e-03
6.021705712999821936e-01 7.983588039181109819e-01 3.718218900329357639e-03
6.028849047828480634e-01 7.978105203628546027e-01 5.307266372466895588e-03
6.038642285910902352e-01 7.970572032460875311e-01 6.914483483668455027e-03
6.051106714213230209e-01 7.960955610735384047e-01 8.540191901786805748e-03
6.066261968054680320e-01 7.949219650157599570e-01 1.018473353179456808e-02
6.084125956737046481e-01 7.935324373608512172e-01 1.184846820412972443e-02
6.104714775695812001e-01 7.919226402636837525e-01 1.353177123329386833e-02
6.128042604381271907e-01 7.900878648277431804e-01 1.523503083784426455e-02
6.154121589073480170e-01 7.880230205650914366e-01 1.695864541244359452e-02
6.182961709833417752e-01 7.857226252901960972e-01 1.870302064222355981e-02
6.214570630795697159e-01 7.831807955144971523e-01 2.046856644939289496e-02
6.248953533016533557e-01 7.803912374206084523e-01 2.225569376179113365e-02
6.286112929106005831e-01 7.773472385080045788e-01 2.406481109297294377e-02
6.326048458897359783e-01 7.740416600159298888e-01 2.589632092342240496e-02
6.368756665439907483e-01 7.704669302440906309e-01 2.775061587266251101e-02
6.414230750647823553e-01 7.666150389074364302e-01 2.962807465236525634e-02
6.462460309996904684e-01 7.624775326779724693e-01 3.152905779110694306e-02
6.513431045737216873e-01 7.580455120840176031e-01 3.345390312217891293e-02
6.567124458184004920e-01 7.533096299555620545e-01 3.540292102688552545e-02
6.623517514764670766e-01 7.482600916232635679e-01 3.737638942707041667e-02
6.682582296638750474e-01 7.428866570980243722e-01 3.937454852224237661e-02
6.744285622873369412e-01 7.371786454778135322e-01 4.139759526865895156e-02
6.808588652351452719e-01 7.311249418482211881e-01 4.344567760010517588e-02
6.875446463816867748e-01 7.247140069628654757e-01 4.551888839291341055e-02
6.944807614722491307e-01 7.179338900088713116e-01 4.761725918104493804e-02
7.016613679846658291e-01 7.107722447808051403e-01 4.974075363082947759e-02
7.090798770983005594e-01 7.032163496031946792e-01 5.188926078926840019e-02
7.167289039390647432e-01 6.952531313565347704e-01 5.406258812467951147e-02
7.246002163117563066e-01 6.868691939738489349e-01 5.626045438391939074e-02
7.326846821781259900e-01 6.780508517837171567e-01 5.848248229647852459e-02
7.409722161907521532e-01 6.687841680804005318e-01 6.072819116241076620e-02
7.494517256489815482e-01 6.590549993014033214e-01 6.299698936832469343e-02
7.581110563036870253e-01 6.488490451865588371e-01 6.528816688350826125e-02
7.669369385020970986e-01 6.381519052794776270e-01 6.760088779663853131e-02
7.759149342319718867e-01 6.269491421108733809e-01 6.993418296238380905e-02
7.850293856952689220e-01 6.152263513727648236e-01 7.228694283644795937e-02
7.942633661142715074e-01 6.029692393517187554e-01 7.465791058712169248e-02
8.035986335468144892e-01 5.901637078370313150e-01 7.704567558104609415e-02
8.130155885603557175e-01 5.767959466550063308e-01 7.944866735047943773e-02
8.224932366855477461e-01 5.628525339023306984e-01 8.186515015867254497e-02
8.320091566367234792e-01 5.483205438591898240e-01 8.429321828874691835e-02
8.415394753470942790e-01 5.331876624556548538e-01 8.673079218944176882e-02
8.510588509179682903e-01 5.174423100427347766e-01 8.917561561792267111e-02
8.605404646211790576e-01 5.010737710824196833e-01 9.162525392516462919e-02
8.699560231191987292e-01 4.840723302195800160e-01 9.407709363284512405e-02
8.792757720749720951e-01 4.664294140337804095e-01 9.652834345179721331e-02
8.884685223101396190e-01 4.481377375925561513e-01 9.897603689045590680e-02
8.975016896328218419e-01 4.291914547417753911e-01 1.014170365969614684e-01
9.063413493914542762e-01 4.095863108763708738e-01 1.038480405702558312e-01
9.149523067164961887e-01 3.893197967397024062e-01 1.062655903632538645e-01
9.232981832848219383e-01 3.683913016065875068e-01 1.086660813846740542e-01
9.313415212804676546e-01 3.468022640188120898e-01 1.110457753851380319e-01
9.390439050291566891e-01 3.245563180685675508e-01 1.134008151875590953e-01
9.463661005526249337e-01 3.016594330711748762e-01 1.157272416916277358e-01
9.532682130233059992e-01 2.781200443404743816e-01 1.180210131475052521e-01
9.597098618027881667e-01 2.539491726854232745e-01 1.202780266549622751e-01
9.656503724224068108e-01 2.291605301917550852e-01 1.224941418016393252e-01
9.710513811338840062e-01 2.038000316273852475e-01 1.245984258687533874e-01
9.758724805593046447e-01 1.779010444742677999e-01 1.265864359712834120e-01
9.800751756762118294e-01 1.514999479159214180e-01 1.284539676199844827e-01
9.836231933582512132e-01 1.246360114676114406e-01 1.301970982790493225e-01
9.864827821350398152e-01 9.735123634869881359e-02 1.318122295645370035e-01
9.886229972759620344e-01 6.969016036076050580e-02 1.332961274192804579e-01
9.900159663433488744e-01 4.169962778354228267e-02 1.346459596063127595e-01
9.906371305272507755e-01 1.342852655138258508e-02 1.358593298860334420e-01
9.904654573684168462e-01 -1.507250429834292721e-02 1.369343082825894009e-01
9.894836208949402412e-01 -4.375139323027540939e-02 1.378694569018369398e-01
9.876781457331079705e-01 -7.255497658192493204e-02 1.386638508356825283e-01
9.850395123912371043e-01 -1.014293558911277399e-01 1.393170937738200110e-01
9.815622216391483024e-01 -1.303202669603450992e-01 1.398293280415458528e-01
9.772448166941075653e-01 -1.591734551537811737e-01 1.402012388885893746e-01
9.720898627523448798e-01 -1.879350512761209513e-01 1.404340529655050129e-01
9.661038842476031840e-01 -2.165519423771717911e-01 1.405295310376575013e-01
9.592972610479479911e-01 -2.449721319649240669e-01 1.404899550986263845e-01
9.516840855932220400e-01 -2.731450843851201404e-01 1.403181101514789364e-01
9.432819837038256550e-01 -3.010220485277421698e-01 1.400172610245678517e-01
9.341119024355627465e-01 -3.285563565346803494e-01 1.395911246754412971e-01
9.241978688975125422e-01 -3.557036937891961403e-01 1.390438385097482188e-01
9.135667243770947410e-01 -3.824223371447981190e-01 1.383799252999166618e-01
9.022478384203698187e-01 -4.086733590752150147e-01 1.376042553297552873e-01
8.902728076927961531e-01 -4.344207961741052282e-01 1.367220064155226789e-01
8.776751444976453875e-01 -4.596317811792998143e-01 1.357386224616147219e-01
8.644899597620009368e-01 -4.842766384195668627e-01 1.346597712006249725e-01
8.507536451235786501e-01 -5.083289432622848381e-01 1.334913017444411265e-01
8.365035584785112110e-01 -5.317655467612200093e-01 1.322392025369840962e-01
8.217777169960718275e-01 -5.545665672514944466e-01 1.309095602522190038e-01
8.066145011879178872e-01 -5.767153511041827052e-01 1.295085201254115859e-01
7.910523731542677961e-01 -5.981984052299270660e-01 1.280422481436044035e-01
7.751296116348319609e-01 -6.190053042072263256e-01 1.265168954552564340e-01
7.588840659847997383e-01 -6.391285751076536403e-01 1.249385652911373518e-01
7.423529306908656089e-01 -6.585635632010639062e-01 1.233132826209155097e-01
7.255725415524746369e-01 -6.773082817551107082e-01 1.216469667042129887e-01
7.085781941903913639e-01 -6.953632491031627172e-01 1.199454066327251267e-01
6.914039851173158224e-01 -7.127313160523306435e-01 1.182142399025247065e-01
6.740826752202855321e-01 -7.294174865488637360e-01 1.164589340037939930e-01
6.566455751664928009e-01 -7.454287343220025175e-01 1.146847709695632683e-01
6.391224519553687644e-01 -7.607738179996715866e-01 1.128968347859184013e-01
6.215414556009632996e-01 -7.754630969398709217e-01 1.111000015336676000e-01
6.039290647388403377e-01 -7.895083497592110255e-01 1.092989321055133217e-01
5.863100498086998291e-01 -8.029225972727286331e-01 1.074980673230722383e-01
5.687074523645029300e-01 -8.157199312938301361e-01 1.057016252642040133e-01
5.511425790040812567e-01 -8.279153504857325041e-01 1.039136006025286330e-01
5.336350083856341575e-01 -8.395246042107651352e-01 1.021377657571497649e-01
5.162026098045019440e-01 -8.505640450949402132e-01 1.003776736508411732e-01
4.988615718354318385e-01 -8.610504908148566283e-01 9.863666187866861057e-02
4.816264395986141200e-01 -8.710010954239270076e-01 9.691785809559830267e-02
4.645101592776756938e-01 -8.804332303659633263e-01 9.522418644050122116e-02
4.475053300513007204e-01 -8.893707620867206121e-01 9.358757464636774381e-02
4.306173238401165837e-01 -8.978325034547097738e-01 9.200827828955923660e-02
4.138503598067773126e-01 -9.058366818739079784e-01 9.048642273654211587e-02
3.972075920525204307e-01 -9.134009072261686235e-01 8.902201327314904211e-02
3.806911942174681096e-01 -9.205421465412034765e-01 8.761494478265113850e-02
3.643024407523809405e-01 -9.272767047208996249e-01 8.626501094194204133e-02
3.480417847006933019e-01 -9.336202106797399924e-01 8.497191291440715777e-02
3.319089318916141895e-01 -9.395876083012707491e-01 8.373526752611928914e-02
3.159029114984621689e-01 -9.451931516507307007e-01 8.255461491894505732e-02
3.000221429618641356e-01 -9.504504039251495673e-01 8.142942568005395731e-02
2.842644993156566713e-01 -9.553722396636258329e-01 8.035910745228333485e-02
2.686273669849693624e-01 -9.599708497814503083e-01 7.934301103392162047e-02
2.531077021517027514e-01 -9.642577490317292277e-01 7.838043597981736443e-02
2.377020838030893257e-01 -9.682437855367800328e-01 7.747063571839199470e-02
2.224067635948520916e-01 -9.719391520685194408e-01 7.661282220121146125e-02
2.072177126722247742e-01 -9.753533987921292336e-01 7.580617010333458305e-02
1.921306656003004543e-01 -9.784954472203253317e-01 7.504982059377546255e-02
1.771411615603137313e-01 -9.813736051564969642e-01 7.434288469616083528e-02
1.622445829709761866e-01 -9.839955824337897061e-01 7.368444626008979759e-02
1.474361916942680262e-01 -9.863685072838925816e-01 7.307356456386841781e-02
1.327111629834908657e-01 -9.884989431938937532e-01 7.250927656924302522e-02
1.180646173282184908e-01 -9.903929061321556926e-01 7.199059884853707680e-02
1.034916503463119558e-01 -9.920558820448086568e-01 7.151652920424561577e-02
8.898736086763109343e-02 -9.934928445432632538e-01 7.108604800069143193e-02
7.454687734767571905e-02 -9.947082727201976837e-01 7.069811922682785188e-02
6.016538274230180672e-02 -9.957061690468832493e-01 7.035169130870867760e-02
4.583813796702591176e-02 -9.964900773185758620e-01 7.004569768955913600e-02
3.156050405637867567e-02 -9.970631006271231112e-01 6.977905719478935676e-02
1.732796313039767361e-02 -9.974279193510048325e-01 6.955067419871106826e-02
3.136138266745474787e-03 -9.975868091628418144e-01 6.935943860916002346e-02
-1.101918763182993533e-02 -9.975416590630419300e-01 6.920422568570290534e-02
-2.514205389385282610e-02 -9.972939894557919516e-01 6.908389570662593071e-02
-3.923630498739629630e-02 -9.968449702901113207e-01 6.899729349946950863e-02
-5.330557421734584411e-02 -9.961954392942183878e-01 6.894324784949479312e-02
-6.735326815768200026e-02 -9.953459203360767171e-01 6.892057080014599157e-02
-8.138255177375007532e-02 -9.942966419467290651e-01 6.892805685931033266e-02
-9.539633419837226236e-02 -9.930475560459266493e-01 6.896448212497525987e-02
-1.093972551344758321e-01 -9.915983569116507690e-01 6.902860334373983608e-02
-1.233876718656428256e-01 -9.899485004364214635e-01 6.911915691555314822e-02
-1.373696468646119773e-01 -9.880972237138119230e-01 6.923485785802392656e-02
-1.513449359982615150e-01 -9.860435649983441131e-01 6.937439874366917170e-02
-1.653149773359479935e-01 -9.837863840809374372e-01 6.953644862354065037e-02
-1.792808805762441116e-01 -9.813243831203173340e-01 6.971965195078173860e-02
-1.932434171150743396e-01 -9.786561279682616243e-01 6.992262751781577745e-02
-2.072030107859554604e-01 -9.757800700232651669e-01 7.014396742104453408e-02
-2.211597293104641537e-01 -9.726945686431325289e-01 7.038223606713232827e-02
-2.351132765041272221e-01 -9.693979141421567025e-01 7.063596923515896853e-02
-2.490629852896061314e-01 -9.658883513929099607e-01 7.090367320913235072e-02
-2.630078115752611523e-01 -9.621641040462536321e-01 7.118382399554867845e-02
-2.769463290628637608e-01 -9.582233993759786683e-01 7.147486664086212527e-02
-2.908785307309555423e-01 -9.540631519872978528e-01 7.178573134579334381e-02
-3.048045937155297036e-01 -9.496807307665253717e-01 7.211572710540722908e-02
-3.187244289617712223e-01 -9.450733818906950079e-01 7.246412940207783149e-02
-3.326376698329550630e-01 -9.402382434367819730e-01 7.283017919962095355e-02
-3.465436611026886937e-01 -9.351723607915483072e-01 7.321308193347025872e-02
-3.604414483808137115e-01 -9.298727028911289993e-01 7.361200650761944020e-02
-3.743297680295168961e-01 -9.243361793166896545e-01 7.402608430966114983e-02
-3.882070376324276983e-01 -9.185596582689783407e-01 7.445440825586942257e-02
-4.020713470856370764e-01 -9.125399854403288824e-01 7.489603187888746461e-02
-4.159204503855919999e-01 -9.062740037976133589e-01 7.534996847118903551e-02
-4.297517581946264098e-01 -8.997585742837646006e-01 7.581519029806807475e-02
-4.435623312703950716e-01 -8.929905974387662981e-01 7.629062789446755533e-02
-4.573488748505903922e-01 -8.859670359334281819e-01 7.677516946047144297e-02
-4.711077340889411325e-01 -8.786849380008139310e-01 7.726766037074006555e-02
-4.848348906425053451e-01 -8.711414617408763661e-01 7.776690281355418122e-02
-4.985259605135643479e-01 -8.633339002636928328e-01 7.827165557543121210e-02
-5.121761932518744675e-01 -8.552597076257074660e-01 7.878063398747163493e-02
-5.257804726245126625e-01 -8.469165255016291027e-01 7.929251004966793304e-02
-5.393333188609321649e-01 -8.383022105221561437e-01 7.980591274934470403e-02
-5.528288925799910158e-01 -8.294148621945908184e-01 8.031942858967920651e-02
-5.662610005035034755e-01 -8.202528513097607776e-01 8.083160234385924903e-02
-5.796231030571629139e-01 -8.108148487246110703e-01 8.134093804985326193e-02
-5.929083239543794237e-01 -8.010998543955042406e-01 8.184590025997910689e-02
-6.061094618515575627e-01 -7.911072265228460410e-01 8.234491555845005473e-02
-6.192190041545155843e-01 -7.808367106533153912e-01 8.283637435883486888e-02
-6.322291430450431848e-01 -7.702884685719446622e-01 8.331863299188493888e-02
-6.451317937839587957e-01 -7.594631068027922760e-01 8.379001609244660087e-02
-6.579186153324302344e-01 -7.483617045242276777e-01 8.424881929218897003e-02
-6.705810333167750992e-01 -7.369858406931778516e-01 8.469331222263544456e-02
-6.831102653434916183e-01 -7.253376201623369379e-01 8.512174183049750487e-02
-6.954973486509704594e-01 -7.134196985656096057e-01 8.553233600458090558e-02
-7.077331700623160637e-01 -7.012353057402291867e-01 8.592330751058345484e-02
-7.198084981801301518e-01 -6.887882674493516211e-01 8.629285822695108299e-02
-7.317140177391815437e-01 -6.760830251667532265e-01 8.663918367163242484e-02
-7.434403660068614750e-01 -6.631246536858105278e-01 8.696047780610506595e-02
-7.549781710945020485e-01 -6.499188763184551298e-01 8.725493809947784674e-02
-7.663180920153526143e-01 -6.364720774564723849e-01 8.752077083184946205e-02
-7.774508602976575311e-01 -6.227913122775162735e-01 8.775619661247344161e-02
-7.883673229342662570e-01 -6.088843133916580497e-01 8.795945608469972476e-02
-7.990584864239911322e-01 -5.947594942412297581e-01 8.812881578619223555e-02
-8.095155616349735128e-01 -5.804259490871642724e-01 8.826257412962305871e-02
-8.197300091971161384e-01 -5.658934494389016301e-01 8.835906746598044814e-02
-8.296935851096739478e-01 -5.511724368120787254e-01 8.841667618986534527e-02
-8.393983862318477041e-01 -5.362740117284353625e-01 8.843383084375276704e-02
-8.488368953091621760e-01 -5.212099189053557291e-01 8.840901817622148773e-02
-8.580020251769596706e-01 -5.059925286178561521e-01 8.834078710766474218e-02
-8.668871617748900027e-01 -4.906348142531871681e-01 8.822775455603799888e-02
-8.754862056031605944e-01 -4.751503261170381687e-01 8.806861107481994688e-02
-8.837936112527898791e-01 -4.595531615900532718e-01 8.786212625559551570e-02
-8.918044246483675108e-01 -4.438579317733795659e-01 8.760715384853852428e-02
-8.995172849482847566e-01 -4.280671577488948665e-01 8.733367813909301280e-02
-9.069306436012425365e-01 -4.121900826497974513e-01 8.704109510291026253e-02
-9.140432419705897260e-01 -3.962361267343503801e-01 8.672884424561357053e-02
-9.208541257662417046e-01 -3.802148708187636506e-01 8.639641070293883895e-02
-9.273626583237586374e-01 -3.641360384215435730e-01 8.604332717306198419e-02
-9.335685326217421087e-01 -3.480094767172683956e-01 8.566917566857212840e-02
-9.394717819375213441e-01 -3.318451364081431709e-01 8.527358907658193210e-02
-9.450727890510127738e-01 -3.156530506312075768e-01 8.485625251664796753e-02
-9.503722939175538453e-01 -2.994433130275830912e-01 8.441690448749269993e-02
-9.553713997423232129e-01 -2.832260551075271859e-01 8.395533779495960303e-02
-9.600715774015342596e-01 -2.670114230512043996e-01 8.347140025517786610e-02
-9.644746681687804690e-01 -2.508095540898931941e-01 8.296499516854370648e-02
-9.685828847185753432e-01 -2.346305526157549670e-01 8.243608156182084812e-02
-9.723988103930873983e-01 -2.184844661702416979e-01 8.188467419740180775e-02
-9.759253967321668277e-01 -2.023812614616833927e-01 8.131084335053197221e-02
-9.791659592808111823e-01 -1.863308005615675056e-01 8.071471435705651620e-02
-9.821241717020574580e-01 -1.703428174265159689e-01 8.009646693598439227e-02
-9.848040582367415530e-01 -1.544268948890162862e-01 7.945633429285012261e-02
-9.872099845644793925e-01 -1.385924422546344903e-01 7.879460201147304999e-02
-9.893466471324330325e-01 -1.228486736368049614e-01 7.811160674324368891e-02
-9.912190610298006188e-01 -1.072045871524579808e-01 7.740773470449004157e-02
-9.928325464963745350e-01 -9.166894509282168257e-02 7.668341999377620288e-02
-9.941927141628458253e-01 -7.625025517385319862e-02 7.593914274214712268e-02
-9.953054491286985606e-01 -6.095675296005423349e-02 7.517542711034477798e-02
-9.961768939904682707e-01 -4.579638554405949386e-02 7.439283914787320207e-02
-9.968134309387758352e-01 -3.077679655250867979e-02 7.359198452947544877e-02
-9.972216630468699883e-01 -1.590531253648300863e-02 7.277350618510128322e-02
-9.974083948764005392e-01 -1.188930792365223282e-03 7.193808183978847581e-02
-9.973806125278136259e-01 1.336569135347635308e-02 7.108642148005439587e-02
-9.971454632631373549e-01 2.775224577512234309e-02 7.021926476340167866e-02
-9.967102348280589830e-01 4.196478128368291011e-02 6.933737838738883441e-02
-9.960823345981416610e-01 5.599770987274527156e-02 6.844155343441105099e-02
-9.952692686708715097e-01 6.984581148658894345e-02 6.753260270788914721e-02
-9.942786210210481368e-01 8.350423733562829798e-02 6.661135807498616557e-02
-9.931180328319368922e-01 9.696851179338537852e-02 6.567866783027566380e-02
-9.917951821086891107e-01 1.102345329183453959e-01 6.473539409398616773e-02
-9.903177636739276535e-01 1.232985716522401048e-01 6.378241025755788940e-02
-9.886934696381960430e-01 1.361572697535923804e-01 6.282059848828540349e-02
-9.869299704302999521e-01 1.488076365317080596e-01 6.185084730379881990e-02
-9.850348964645483374e-01 1.612470444517001833e-01 6.087404922607093927e-02
-9.830158205136309002e-01 1.734732236855748289e-01 5.989109852354430191e-02
-9.808802408474694978e-01 1.854842556879063020e-01 5.890288904886287896e-02
-9.786355651899438790e-01 1.972785658772053807e-01 5.791031217858300800e-02
-9.762890955370194801e-01 2.088549155057714823e-01 5.691425486013846485e-02
-9.738480138715825962e-01 2.202123928016589127e-01 5.591559777025733452e-02
-9.713193688022908612e-01 2.313504034664320697e-01 5.491521358798320818e-02
-9.687100631460502376e-01 2.422686606116883357e-01 5.391396538444971631e-02
-9.660268424663864817e-01 2.529671742159556036e-01 5.291270513060288699e-02
-9.632762845730468149e-01 2.634462401815865218e-01 5.191227232316684981e-02
-9.604647899816792789e-01 2.737064290687445944e-01 5.091349272831039580e-02
-9.576044846501876595e-01 2.837343552519847600e-01 4.988459104107715453e-02
-9.547036689074389626e-01 2.935248971606554402e-01 4.882668393018386316e-02
-9.517706529057877729e-01 3.030733199046685700e-01 4.774089147102606595e-02
-9.488137312922780842e-01 3.123752669310936314e-01 4.662833428400054575e-02
-9.458411588376043344e-01 3.214267503374520496e-01 4.549013082381751089e-02
-9.428611270952809154e-01 3.302241399662771970e-01 4.432739483000927572e-02
-9.398817421506419079e-01 3.387641514082842531e-01 4.314123294712839118e-02
-9.369110035067544917e-01 3.470438330429367890e-01 4.193274252144676278e-02
-9.339567841422123928e-01 3.550605522453955665e-01 4.070300957933586927e-02
-9.310268117641943286e-01 3.628119808878829677e-01 3.945310699094121271e-02
-9.281286512692261681e-01 3.702960802615040681e-01 3.818409282127402382e-02
-9.252696884138563727e-01 3.775110855416445865e-01 3.689700886944086156e-02
-9.224571146880071737e-01 3.844554899163291628e-01 3.559287939542431917e-02
-9.196979133751466140e-01 3.911280284924895656e-01 3.427271003262201410e-02
-9.169988467756744477e-01 3.975276620900734525e-01 3.293748688325018326e-02
-9.143664445630464988e-01 4.036535610284331388e-01 3.158817579272395898e-02
-9.118069932361830832e-01 4.095050890035750735e-01 3.022572179823962771e-02
-9.093265266266156166e-01 4.150817871487263444e-01 2.885104874600293370e-02
-9.069308174145988000e-01 4.203833583643766802e-01 2.746505907086931389e-02
-9.046253696050408077e-01 4.254096519975694157e-01 2.606863373158279859e-02
-9.024154119115335160e-01 4.301606489438194458e-01 2.466263229431530854e-02
-9.003058919949784578e-01 4.346364472386978761e-01 2.324789315681128829e-02
-8.983014715022399344e-01 4.388372481999025521e-01 2.182523390512804140e-02
-8.964065218498844523e-01 4.427633431745804371e-01 2.039545179472251890e-02
-8.946251206983252269e-01 4.464151009408237059e-01 1.895932434746385592e-02
-8.929610490625338182e-01 4.497929558066587896e-01 1.751761005604028296e-02
-8.914177890068589738e-01 4.528973964445142109e-01 1.607104918717179240e-02
-8.899985218733488246e-01 4.557289554941015841e-01 1.462036467502907632e-02
-8.887061269952601927e-01 4.582881999618902968e-01 1.316626309628762467e-02
-8.875431808501047515e-01 4.605757224408985606e-01 1.170943571830694585e-02
-8.865119566095793768e-01 4.625921331703645167e-01 1.025055961201212784e-02
-8.856144240470116280e-01 4.643380529509887333e-01 8.790298821162672790e-03
-8.848522497664731423e-01 4.658141069278447510e-01 7.329305579816113893e-03
-8.842267977214378627e-01 4.670209192497197792e-01 5.868221569926586681e-03
-8.837391299947406909e-01 4.679591086105529540e-01 4.407679211156819744e-03
-8.833900078155950686e-01 4.686292846757613151e-01 2.948302975122164306e-03
-8.831798927935162746e-01 4.690320453935598599e-01 1.490710716424114386e-03
-8.831089483531360251e-01 4.691679751888627181e-01 3.551501296560001693e-05
-8.831770413580549706e-01 4.690376440349718901e-01 -1.416675491830802049e-03
-8.833837439160301397e-01 4.686416073959870365e-01 -2.865254752159204950e-03
-8.837283353619076465e-01 4.679804070306774477e-01 -4.309617995465627426e-03
-8.842098044187549633e-01 4.670545726464155889e-01 -5.749160417621928046e-03
-8.848268515416022328e-01 4.658646243896516492e-01 -7.183275904582086570e-03
-8.855778914520341383e-01 4.644110761572846080e-01 -8.611355787375797599e-03
-8.864610558755632308e-01 4.626944397111302787e-01 -1.003278763721188183e-02
-8.874741964972321373e-01 4.607152295754774474e-01 -1.144695410738597909e-02
-8.886148881542119682e-01 4.584739686954372728e-01 -1.285323182861104058e-02
-8.898804322872634343e-01 4.559711948314099095e-01 -1.425099036431267882e-02
-8.912678606757734601e-01 4.532074676624993081e-01 -1.563959123235128187e-02
-8.927739394836542441e-01 4.501833765690891886e-01 -1.701838699954551226e-02
-8.943896173226641988e-01 4.469119275199013308e-01 -1.835610380402075831e-02
-8.961085892707467693e-01 4.433995921384115135e-01 -1.965204907867070666e-02
-8.979244059141833212e-01 4.396529601885039162e-01 -2.090552542616018472e-02
-8.998304945119051101e-01 4.356787535473892192e-01 -2.211583171417250485e-02
-9.018201802579839388e-01 4.314838395948870642e-01 -2.328226434823258209e-02
-9.038867076318756189e-01 4.270752439189838823e-01 -2.440411871318873271e-02
-9.060232618181937037e-01 4.224601622417204494e-01 -2.548069077358162612e-02
-9.082229901698083419e-01 4.176459714740953788e-01 -2.651127882228573179e-02
-9.104790236800033298e-01 4.126402398138272476e-01 -2.749518536598452231e-02
-9.127844984213805413e-01 4.074507358055279305e-01 -2.843171913524419891e-02
-9.151325769012829126e-01 4.020854362891234102e-01 -2.932019720619174694e-02
-9.175164692758269736e-01 3.965525331692247857e-01 -3.015994722009157983e-02
-9.199294543572934524e-01 3.908604389455983541e-01 -3.095030968646216712e-02
-9.223649003427344395e-01 3.850177909528954556e-01 -3.169064035479069591e-02
-9.248162851853183319e-01 3.790334542663528206e-01 -3.238031263940129717e-02
-9.272772165242528786e-01 3.729165232392215867e-01 -3.301872008162173855e-02
-9.297414510841949253e-01 3.666763216471751741e-01 -3.360527883308505465e-02
-9.322029134509690618e-01 3.603224014248159746e-01 -3.413943014380649288e-02
-9.346557141272453517e-01 3.538645399895706256e-01 -3.462064283860109837e-02
-9.370941667696497390e-01 3.473127361586428319e-01 -3.504841576546066650e-02
-9.395128045076526213e-01 3.406772046751835314e-01 -3.542228019969751590e-02
-9.419063952445461130e-01 3.339683693703278666e-01 -3.574180218799022368e-02
-9.442699558419133110e-01 3.271968549981268404e-01 -3.600658481693649882e-02
-9.465987650912269791e-01 3.203734777905419828e-01 -3.621627039133112902e-02
-9.488883753795894771e-01 3.135092347894538056e-01 -3.637054250814074352e-02
-9.511346229611281622e-01 3.066152920219326616e-01 -3.646912801303881652e-02
-9.533336367511507925e-01 2.997029715937095662e-01 -3.651179882738733035e-02
-9.554818455668032673e-01 2.927837377837479993e-01 -3.649837363469836393e-02
-9.575759837455843915e-01 2.858691822299374019e-01 -3.642871941686843390e-02
-9.596130950815822125e-01 2.789710083021062492e-01 -3.630275283183929252e-02
-9.615905350286151343e-01 2.721010147636875875e-01 -3.612044142578568762e-02
-9.635059711294730045e-01 2.652710788273864861e-01 -3.588180467444849336e-02
-9.653573816410547792e-01 2.584931387130261493e-01 -3.558691484980210790e-02
-9.671430523362578580e-01 2.517791758173417715e-01 -3.523589770985038894e-02
-9.688615714748638474e-01 2.451411966058106018e-01 -3.482893301096540162e-02
-9.705118229472576852e-01 2.385912143356433424e-01 -3.436625484379844664e-02
-9.720929776064695105e-01 2.321412307168162492e-01 -3.384815179538241958e-02
-9.736044828156187325e-01 2.258032176145193248e-01 -3.327496694158868507e-02
-9.750460502492351855e-01 2.195890988916754938e-01 -3.264709767558057057e-02
-9.764176419980133970e-01 2.135107324843074361e-01 -3.196499537930006657e-02
-9.777194550372102499e-01 2.075798927955692097e-01 -3.122916494631709783e-02
-9.789519041290236645e-01 2.018082534863103183e-01 -3.044016416554463575e-02
-9.801156032388008699e-01 1.962073707312082527e-01 -2.959860297636373108e-02
-9.812113455537424533e-01 1.907886669999076801e-01 -2.870514260659681044e-02
-9.822400822008373611e-01 1.855634154123715629e-01 -2.776049460550460146e-02
-9.832028997680331006e-01 1.805427247069169017e-01 -2.676541978455281370e-02
-9.841009967390930147e-01 1.757375248483195596e-01 -2.572072707909265829e-02
-9.849356589582004551e-01 1.711585532920757990e-01 -2.462727234432019602e-02
-9.857082342451443102e-01 1.668163419095508027e-01 -2.348595709892115774e-02
-9.864201062858757307e-01 1.627212045674771845e-01 -2.229772722967072324e-02
-9.870760798817260762e-01 1.588530664096687861e-01 -2.113104193325814062e-02
-9.876796260130928928e-01 1.552079004619507652e-01 -1.998672273280939146e-02
-9.882340228214192557e-01 1.517814595484601736e-01 -1.886557042459136718e-02
-9.887423616919733815e-01 1.485692850875501847e-01 -1.776836450862834607e-02
-9.892075537927200735e-01 1.455667157197824690e-01 -1.669586265511659520e-02
-9.896323370188938595e-01 1.427688957689898508e-01 -1.564880020416847123e-02
-9.900192832928315090e-01 1.401707835391923784e-01 -1.462788969662923502e-02
-9.903708061687611641e-01 1.377671594516854947e-01 -1.363382043393355364e-02
-9.906891686925721752e-01 1.355526340278910558e-01 -1.266725806520019315e-02
-9.909764914670863289e-01 1.335216557245750835e-01 -1.172884419999835857e-02
-9.912347608740056382e-01 1.316685186287966658e-01 -1.081919604545396492e-02
-9.914658374045195455e-01 1.299873700204726423e-01 -9.938906066595027192e-03
-9.916714640514993073e-01 1.284722178107328139e-01 -9.088541669059032463e-03
-9.918532747172845720e-01 1.271169378643151326e-01 -8.268644903498642562e-03
-9.920128025922687609e-01 1.259152812141274558e-01 -7.479732191222545831e-03
-9.921514884608092499e-01 1.248608811757965509e-01 -6.722294070793366147e-03
-9.922706888924170965e-01 1.239472603695581931e-01 -5.996794965472103042e-03
-9.923716842777143832e-01 1.231678376562320848e-01 -5.303672971546883469e-03
-9.924556866702815006e-01 1.225159349932934544e-01 -4.643339667711423278e-03
-9.925238473972426423e-01 1.219847842162206791e-01 -4.016179945764346108e-03
-9.925772644032511138e-01 1.215675337493868219e-01 -3.422551862983716844e-03
-9.926169892944330941e-01 1.212572552497932082e-01 -2.862786516591274075e-03
-9.926440340508212445e-01 1.210469501859377933e-01 -2.337187940757789930e-03
-9.926593773778533691e-01 1.209295563530895234e-01 -1.846033026614925287e-03
-9.926639706696160914e-01 1.208979543252236832e-01 -1.389571465730310255e-03
-9.926587435586804453e-01 1.209449738428815119e-01 -9.680257174721383032e-04
-9.926446090295888425e-01 1.210634001352683814e-01 -5.815910006383142802e-04
-9.926224680753094054e-01 1.212459801740165266e-01 -2.304353096543710179e-04
-9.925932138782652681e-01 1.214854288552265904e-01 8.530054444451492992e-05
-9.925577354998612600e-01 1.217744351056818664e-01 3.655028681373869814e-04
-9.925169210647669660e-01 1.221056679085129326e-01 6.100849946570752321e-04
-9.924716604285536148e-01 1.224717822430904518e-01 8.189871684876617267e-04
-9.924228473196270439e-01 1.228654249335494886e-01 9.921764054048060749e-04
-9.923713809487255677e-01 1.232792404001076952e-01 1.129646328494774777e-03
-9.923181670815666156e-01 1.237058763072387269e-01 1.231416980744717794e-03
-9.922641185725054047e-01 1.241379891028047550e-01 1.297534614956839935e-03
-9.922101553593170031e-01 1.245682494424407982e-01 1.328071461900236271e-03
-9.921572039214093808e-01 1.249893474938188753e-01 1.323125477773880437e-03
-9.921061962059227746e-01 1.253939981159006012e-01 1.282820072210182983e-03
-9.920580680282545805e-01 1.257749459089090860e-01 1.207303818198346814e-03
-9.920137569555637080e-01 1.261249701315106386e-01 1.096750145448161396e-03
-9.919741996837531106e-01 1.264368894825863565e-01 9.513570188457248994e-04
-9.919403289202914920e-01 1.267035667459861237e-01 7.713466037707963907e-04
-9.919130697870179869e-01 1.269179132977818480e-01 5.569649201491328480e-04
-9.918933357587693678e-01 1.270728934767638152e-01 3.084814872004474013e-04
-9.918820241552788186e-01 1.271615288202400662e-01 2.618896091192182392e-05
-9.918800112053156592e-01 1.271769021685908441e-01 -2.895972336829620315e-04
-9.918881467034713628e-01 1.271121616434858770e-01 -6.385392733114175854e-04
-9.919072482813449110e-01 1.269605245061732335e-01 -1.020277308238080015e-03
-9.919380953161460734e-01 1.267152809037828398e-01 -1.434429832910879676e-03
-9.919795461268142711e-01 1.263850253944148461e-01 -1.846717723794553262e-03
-9.920314658767351856e-01 1.259701642957385126e-01 -2.256848153671004407e-03
-9.920936915864585481e-01 1.254711613886811128e-01 -2.664530301123603940e-03
-9.921660327017793879e-01 1.248885375941310855e-01 -3.069475520616674665e-03
-9.922482717360366911e-01 1.242228706312672043e-01 -3.471397512287345555e-03
-9.923401649846966821e-01 1.234747946566687321e-01 -3.870012491553608946e-03
-9.924414433101141908e-01 1.226449998832485760e-01 -4.265039358629324137e-03
-9.925518129941965917e-01 1.217342321779468911e-01 -4.656199868022544222e-03
-9.926709566565307119e-01 1.207432926370282794e-01 -5.043218798077984261e-03
-9.927985342353689013e-01 1.196730371377421748e-01 -5.425824120607812898e-03
-9.929341840287151388e-01 1.185243758650338514e-01 -5.803747170637337319e-03
-9.930775237925988375e-01 1.172982728119327245e-01 -6.176722816273712627e-03
-9.932281518934750197e-01 1.159957452521969967e-01 -6.544489628686625017e-03
-9.933856485115479806e-01 1.146178631837579259e-01 -6.906790052170159143e-03
-9.935495768916783321e-01 1.131657487414851060e-01 -7.263370574234831456e-03
-9.937194846384008740e-01 1.116405755777851450e-01 -7.613981895658252994e-03
-9.938949050514579442e-01 1.100435682095507739e-01 -7.958379100402189835e-03
-9.940753584981342206e-01 1.083760013299958913e-01 -8.296321825283040421e-03
-9.942603538185691425e-01 1.066391990839438697e-01 -8.627574429262142158e-03
-9.944493897601199839e-01 1.048345343051819978e-01 -8.951906162201938438e-03
-9.946419564367573463e-01 1.029634277145541621e-01 -9.269091332914092263e-03
-9.948375368093871352e-01 1.010273470775357452e-01 -9.578909476306176826e-03
-9.950356081829206945e-01 9.902780632011994044e-02 -9.881145519414866185e-03
-9.952356437158490499e-01 9.696636460194221763e-02 -1.017558994609558259e-02
-9.954371139380222555e-01 9.484462534567907055e-02 -1.046203896012163313e-02
-9.956394882722937600e-01 9.266423522187811068e-02 -1.074029464642994869e-02
-9.958422365556575118e-01 9.042688308850804768e-02 -1.101016513023585046e-02
-9.960448305554858717e-01 8.813429888465891537e-02 -1.127146473372591870e-02
-9.962467454764727393e-01 8.578825247797358666e-02 -1.152401413002608448e-02
-9.964474614538906261e-01 8.339055246555070189e-02 -1.176764049413167069e-02
-9.966464650287913951e-01 8.094304492822584907e-02 -1.200217765047728591e-02
-9.968432506008165772e-01 7.844761213831058511e-02 -1.222746621681741752e-02
-9.970373218543281402e-01 7.590617122104738324e-02 -1.244335374408323501e-02
-9.972281931536353117e-01 7.332067277022090435e-02 -1.264969485187759923e-02
-9.974153909031698850e-01 7.069309941855186907e-02 -1.284635135926871959e-02
-9.975984548685525866e-01 6.802546436368731020e-02 -1.303319241054312107e-02
-9.977769394545995540e-01 6.531980985078948698e-02 -1.321009459558089918e-02
-9.979504149364385457e-01 6.257820561291363437e-02 -1.337694206452035885e-02
-9.981184686400386141e-01 5.980274727055119588e-02 -1.353362663638528300e-02
-9.982807060686041956e-01 5.699555469189838963e-02 -1.368004790135612762e-02
-9.984367519714488770e-01 5.415877031558982008e-02 -1.381611331637636227e-02
-9.985862513521364114e-01 5.129455743781059784e-02 -1.394173829379698019e-02
-9.987288704128671757e-01 4.840509846586855958e-02 -1.405684628277576419e-02
-9.988642974322858858e-01 4.549259314046837088e-02 -1.416136884316323945e-02
-9.989922435740991036e-01 4.255925672908103530e-02 -1.425524571162413434e-02
-9.991124436241128892e-01 3.960731819294457251e-02 -1.433842485976171907e-02
-9.992246566535324392e-01 3.663901833036321137e-02 -1.441086254403229142e-02
-9.993286666066066859e-01 3.365660789909267342e-02 -1.447252334725834116e-02
-9.994242828109507482e-01 3.066234572070720629e-02 -1.452338021157140863e-02
-9.995113404091331422e-01 2.765849676993895750e-02 -1.456341446263914076e-02
-9.995895829608484329e-01 2.463186619807121100e-02 -1.462675274480060121e-02
-9.996589067022771946e-01 2.157765897705199443e-02 -1.471325856843520158e-02
-9.997191451472716706e-01 1.849111071779316329e-02 -1.482277796024118396e-02
-9.997700681134249479e-01 1.536749177051984980e-02 -1.495513958099083454e-02
-9.998113806121251557e-01 1.220211132410874838e-02 -1.511015485174892203e-02
-9.998427216107748094e-01 8.990321507300447212e-03 -1.528761808850602824e-02
-9.998636626762402724e-01 5.727521494696156609e-03 -1.548730664521033237e-02
-9.998737065094560617e-01 2.409161620458954121e-03 -1.570898106521618001e-02
-9.998722853819433931e-01 -9.692524973690910990e-04 -1.595238524120558624e-02
-9.998587594858050487e-01 -4.412155819053555084e-03 -1.621724658367955027e-02
-9.998324152095307005e-01 -7.923919729034245921e-03 -1.650327619815969774e-02
-9.997924633526860116e-01 -1.150884786273380193e-02 -1.681016907128731613e-02
-9.997380372932599402e-01 -1.517117191168923518e-02 -1.713760426605581352e-02
-9.996681911221093619e-01 -1.891504740454273692e-02 -1.748524512646416201e-02
-9.995818977595615218e-01 -2.274454946162366223e-02 -1.785273949193232068e-02
-9.994780470698132468e-01 -2.666366852109276764e-02 -1.823971992187478630e-02
-9.993554439892986530e-01 -3.067630603490576272e-02 -1.864580393088475369e-02
-9.992128066856783564e-01 -3.478627013318900951e-02 -1.907059423503844678e-02
-9.990487647645325264e-01 -3.899727125600855465e-02 -1.951367900988623671e-02
-9.988618575412133715e-01 -4.331291775195685728e-02 -1.997463216075384337e-02
-9.986505323956271774e-01 -4.773671144348143325e-02 -2.045301360603214366e-02
-9.984131432279641505e-01 -5.227204315943789065e-02 -2.094836957418750797e-02
-9.981479490335791738e-01 -5.692218823596684185e-02 -2.146023291527494534e-02
-9.978531126153388220e-01 -6.169030198747097599e-02 -2.198812342778312667e-02
-9.975266994517844044e-01 -6.657941515020401879e-02 -2.253154820168243658e-02
-9.971666767394218311e-01 -7.159242930177688036e-02 -2.309000197858376499e-02
-9.967709126273185394e-01 -7.673211226073603508e-02 -2.366296752994571234e-02
-9.963371756619776587e-01 -8.200109347127229609e-02 -2.424991605429037411e-02
-9.958631344601489577e-01 -8.740185937907132829e-02 -2.485030759440182840e-02
-9.953463576268353208e-01 -9.293674880531618832e-02 -2.546359147548588400e-02
-9.947843139352481323e-01 -9.860794832689151468e-02 -2.608920676526363391e-02
-9.941743727848568746e-01 -1.044174876719124456e-01 -2.672658275695387331e-02
-9.935138049529607107e-01 -1.103672351408022112e-01 -2.737513947606967993e-02
-9.927997836543819288e-01 -1.164588930642619369e-01 -2.803428821191154829e-02
-9.920293859229387667e-01 -1.226939933106061670e-01 -2.870343207458250778e-02
-9.911995943272946530e-01 -1.290738928560677956e-01 -2.938196657827921859e-02
-9.903072990326070579e-01 -1.355997694327954195e-01 -3.006928025152629316e-02
-9.893493002180998586e-01 -1.422726172703639158e-01 -3.076475527491873488e-02
-9.883223108592722461e-01 -1.490932429476819199e-01 -3.146776814681898071e-02
-9.872229598819245444e-01 -1.560622613731957598e-01 -3.217769037732052390e-02
-9.860477956935354005e-01 -1.631800919122446958e-01 -3.289388921063934185e-02
-9.847932900957658831e-01 -1.704469546813019154e-01 -3.361572837592759211e-02
-9.834558425800031811e-01 -1.778628670296274472e-01 -3.434256886632165023e-02
-9.820317850058900566e-01 -1.854276402295468029e-01 -3.507376974583904794e-02
-9.805173866607278521e-01 -1.931408763971390885e-01 -3.580868898352700808e-02
-9.789088596954991228e-01 -2.010019656655562814e-01 -3.654668431404015788e-02
-9.772023649310397353e-01 -2.090100836334878309e-01 -3.728711412358772653e-02
-9.753940180256150949e-01 -2.171641891114179657e-01 -3.802933835994257855e-02
-9.734798959928300244e-01 -2.254630221882850394e-01 -3.877271946494757066e-02
-9.714560440564474764e-01 -2.339051026409318945e-01 -3.951662332769077801e-02
-9.693184828263202713e-01 -2.424887287083229703e-01 -4.026042025625209408e-02
-9.670632157772732773e-01 -2.512119762518892907e-01 -4.100348596565219633e-02
-9.646862370104282158e-01 -2.600726983225406519e-01 -4.174520257936308737e-02
-9.621835392741631132e-01 -2.690685251538486034e-01 -4.248495964147018522e-02
-9.595511222196608792e-01 -2.781968645996534262e-01 -4.322215513631203626e-02
-9.567850008638542070e-01 -2.874549030328812926e-01 -4.395619651216805396e-02
-9.538812142305327368e-01 -2.968396067206768296e-01 -4.468650170532025706e-02
-9.508358341384745005e-01 -3.063477236890669309e-01 -4.541250016058497041e-02
-9.476449741037122898e-01 -3.159757860882785874e-01 -4.613363384419755242e-02
-9.443047983214756247e-01 -3.257201130675512202e-01 -4.684935824474109611e-02
-9.408115306919769827e-01 -3.355768141658198034e-01 -4.755914335764081791e-02
-9.371614638530645358e-01 -3.455417932220215538e-01 -4.826247464860327491e-02
-9.333509681818532577e-01 -3.556107528060072909e-01 -4.895885399126542054e-02
-9.293765007267991152e-01 -3.657791991681464405e-01 -4.964780057423592158e-02
-9.252346140313082445e-01 -3.760424477027214940e-01 -5.032885177266203935e-02
-9.209219648098850852e-01 -3.863956289171400771e-01 -5.100156397944149295e-02
-9.164353224380401564e-01 -3.968336948958808286e-01 -5.166551339122213427e-02
-9.117715772176964162e-01 -4.073514262449588474e-01 -5.232029674439342415e-02
-9.069277483806674756e-01 -4.179434394995820146e-01 -5.296553199637415305e-02
-9.019009917939241339e-01 -4.286041949746002278e-01 -5.360085894764039793e-02
-8.966886073318240946e-01 -4.393280050343603693e-01 -5.422593980011650855e-02
-8.912880458822378671e-01 -4.501090427557003504e-01 -5.484045964776933929e-02
-8.856969159555603266e-01 -4.609413509550823185e-01 -5.544412689550104467e-02
-8.799129898679362016e-01 -4.718188515483044410e-01 -5.603667360272681502e-02
-8.739342094726274546e-01 -4.827353552088787803e-01 -5.661785574834922452e-02
-8.677586914163005760e-01 -4.936845712890428062e-01 -5.718745341419798761e-02
-8.613847319000766944e-01 -5.046601179655143543e-01 -5.774527088438972250e-02
-8.548108109284517919e-01 -5.156555325705278747e-01 -5.829113665847415748e-02
-8.480355960326202425e-01 -5.266642820674207748e-01 -5.882490337666695934e-02
-8.410579454582952641e-01 -5.376797736290988006e-01 -5.934644765592173715e-02
-8.338769108117779494e-01 -5.486953652771013878e-01 -5.985566983606016578e-02
-8.264917391617522258e-01 -5.597043765387340608e-01 -6.035249363565588221e-02
-8.189018745980317648e-01 -5.707000990798324347e-01 -6.083686571784983899e-02
-8.111069592522277549e-01 -5.816758072711790684e-01 -6.130875516675828030e-02
-8.031068337890013842e-01 -5.926247686474060972e-01 -6.176815287561470552e-02
-7.949015373801765483e-01 -6.035402542183778696e-01 -6.221507084825957795e-02
-7.864913071774836117e-01 -6.144155485945489437e-01 -6.264954141605240390e-02
-7.778765773030430486e-01 -6.252439598896203377e-01 -6.307161637272544474e-02
-7.690579773798539298e-01 -6.360188293659508885e-01 -6.348136603012359547e-02
-7.600363306274913189e-01 -6.467335407906045219e-01 -6.387887819817689161e-02
-7.508126515509088161e-01 -6.573815294725977587e-01 -6.426425709282765353e-02
-7.413881432526726600e-01 -6.679562909548351080e-01 -6.463762217598115201e-02
-7.317641944010853106e-01 -6.784513893373473881e-01 -6.499910693186373989e-02
-7.219423758884875308e-01 -6.888604652117509275e-01 -6.534885758445466153e-02
-7.119244372155293377e-01 -6.991772431902948393e-01 -6.568703176090506801e-02
-7.017123026383729201e-01 -7.093955390164157215e-01 -6.601379710606994355e-02
-6.913080671166162983e-01 -7.195092662473518974e-01 -6.632932985345446619e-02
-6.807139921002127725e-01 -7.295124425030367066e-01 -6.663381335801669969e-02
-6.699325011937978802e-01 -7.393991952791667543e-01 -6.692743659637294396e-02
-6.589661757366336303e-01 -7.491637673259861074e-01 -6.721039264002269531e-02
-6.478177503358404365e-01 -7.588005215979122253e-01 -6.748287710724688859e-02
-6.364901083897259726e-01 -7.683039457826228436e-01 -6.774508659933924093e-02
-6.249862776368431128e-01 -7.776686564215901099e-01 -6.799721712680648067e-02
-6.133094257649385206e-01 -7.868894026372675876e-01 -6.823946253112277149e-02
-6.014628561122014050e-01 -7.959610694851785295e-01 -6.847201290754847958e-02
-5.894500034912100173e-01 -8.048786809519944407e-01 -6.869505303442653699e-02
-5.772744301637242614e-01 -8.136374026233138546e-01 -6.890876081425402477e-02
-5.649398219920074293e-01 -8.222325440472317837e-01 -6.911330573169535696e-02
-5.524499847897000882e-01 -8.306595608219149440e-01 -6.930884733355906213e-02
-5.398088408924445192e-01 -8.389140564372497000e-01 -6.949553373560643510e-02
-5.270204259654883705e-01 -8.469917839022051975e-01 -6.967350016089972342e-02
-5.140888860624089896e-01 -8.548886471908340168e-01 -6.984286751423270101e-02
-5.010184749459192233e-01 -8.626007025408176654e-01 -7.000374099702100228e-02
-4.878135516784691261e-01 -8.701241596391486866e-01 -7.015620876686490259e-02
-4.744785784870664824e-01 -8.774553827299187425e-01 -7.030034064583622067e-02
-4.610181189034277538e-01 -8.845908916792564192e-01 -7.043618688138580941e-02
-4.474368361772679825e-01 -8.915273630322267939e-01 -7.056377696361992857e-02
-4.337394919572580276e-01 -8.982616310959762318e-01 -7.068311850255451501e-02
-4.199309452309494817e-01 -9.047906890825715420e-01 -7.079419616882672017e-02
-4.060161515118100861e-01 -9.111116903438664094e-01 -7.089697070122422118e-02
-3.920001622584457501e-01 -9.172219497293148116e-01 -7.099137798428470369e-02
-3.778881245081308071e-01 -9.231189450959695897e-01 -7.107732819912086775e-02
-3.636852807039439028e-01 -9.288003189979442409e-01 -7.115470505053983485e-02
-3.493969686921319373e-01 -9.342638805804004409e-01 -7.122336507344925738e-02
-3.350286218638170999e-01 -9.395076077006560000e-01 -7.128313702147499875e-02
-3.205857694128385615e-01 -9.445296492962983459e-01 -7.133382134065498204e-02
-3.060740366793996414e-01 -9.493283280172547522e-01 -7.137518973101970865e-02
-2.914991455472867310e-01 -9.539021431356190517e-01 -7.140698479881928129e-02
-2.768669148607574293e-01 -9.582497737436819207e-01 -7.142891980210816505e-02
-2.621832608257745889e-01 -9.623700822470747651e-01 -7.144067849234890522e-02
-2.474541973591075639e-01 -9.662621181562254247e-01 -7.144191505464238257e-02
-2.326858363479452629e-01 -9.699251221754628949e-01 -7.143225414913213778e-02
-2.178843877820825226e-01 -9.733585305851096825e-01 -7.141129105606025540e-02
-2.030561597204640356e-01 -9.765619799077863705e-01 -7.137859192686954457e-02
-1.882075580539127602e-01 -9.795353118459466657e-01 -7.133369414364786054e-02
-1.733450860262425175e-01 -9.822785784733834014e-01 -7.127610678909218622e-02
-1.584753434766692226e-01 -9.847920476591243144e-01 -7.120531122902933052e-02
-1.436050257674992836e-01 -9.870762086977924454e-01 -7.112076180936403869e-02
-1.287409223624967070e-01 -9.891317781161789169e-01 -7.102188666913011872e-02
-1.138899150231157953e-01 -9.909597056214815014e-01 -7.090808867109461844e-02
-9.905897559193914403e-02 -9.925611801524490962e-01 -7.077874645110517060e-02
-8.425516333517948930e-02 -9.939376359905638392e-01 -7.063321558707547076e-02
-6.948562181898904067e-02 -9.950907588844265517e-01 -7.047082988817096605e-02
-5.475757529756328928e-02 -9.960224921367323292e-01 -7.029090280438560212e-02
-4.007832459462023350e-02 -9.967350425996617247e-01 -7.009272895628967937e-02
-2.545524246376659749e-02 -9.972308865212131668e-01 -6.987558578427839617e-02
-1.089576841751265825e-02 -9.975127751820070943e-01 -6.963873531616164569e-02
3.592596980755683247e-03 -9.975837402594364134e-01 -6.938142605140804053e-02
1.800229836272146736e-02 -9.974470988537688099e-01 -6.910289495979264618e-02
3.232573233481610825e-02 -9.971064581089595924e-01 -6.880236959160095089e-02
4.655359387409457872e-02 -9.965656482895614010e-01 -6.848123367848589493e-02
6.067911565900972748e-02 -9.958288206570315992e-01 -6.813965567270670320e-02
7.469569553382754412e-02 -9.949003632562120059e-01 -6.777778432801864761e-02
8.859689832110720364e-02 -9.937848913486510005e-01 -6.739574990368575602e-02
1.023764574136252631e-01 -9.924872379583967730e-01 -6.699366544464646633e-02
1.160282761680937191e-01 -9.910124445193267961e-01 -6.657162812982915512e-02
1.295464291203701213e-01 -9.893657516110665462e-01 -6.612972068064375264e-02
1.429251630391417671e-01 -9.875525897689417798e-01 -6.566801282172882170e-02
1.561588978323259491e-01 -9.855785703521929841e-01 -6.518656278610661381e-02
1.692422273177041359e-01 -9.834494764538502798e-01 -6.468541885699119476e-02
1.821699198666338892e-01 -9.811712538352073132e-01 -6.416462093860469951e-02
1.949369189270950264e-01 -9.787500018677253166e-01 -6.362420214848349409e-02
2.075383434298541108e-01 -9.761919644654266648e-01 -6.306419042389782570e-02
2.199694880792040508e-01 -9.735035209913784904e-01 -6.248461013516564549e-02
2.322258235275779514e-01 -9.706911771226964802e-01 -6.188548369881233940e-02
2.443029964313698787e-01 -9.677615556595952073e-01 -6.126683318371322490e-02
2.561968293835414912e-01 -9.647213872653458422e-01 -6.062868190355458903e-02
2.679033207170648523e-01 -9.615775011255468518e-01 -5.997105598916131070e-02
2.794186441719659353e-01 -9.583368155168431324e-01 -5.929398593446476295e-02
2.907391484176949925e-01 -9.550063282771140694e-01 -5.859750811012361810e-02
3.018613564217708656e-01 -9.515931071711596356e-01 -5.788166623906224745e-02
3.127819646551265875e-01 -9.481042801480240589e-01 -5.714651282845606417e-02
3.234978421243249747e-01 -9.445470254882728511e-01 -5.639211055297077557e-02
3.340060292208136272e-01 -9.409285618417587704e-01 -5.561853358435191186e-02
3.443037363776435544e-01 -9.372561381586452800e-01 -5.482586886276227811e-02
3.543883425245747953e-01 -9.335370235186775112e-01 -5.401421730557726120e-02
3.642573933332279856e-01 -9.297784968658767690e-01 -5.318369494967020716e-02
3.739085992448981655e-01 -9.259878366579590292e-01 -5.233443402355194424e-02
3.833398332748098047e-01 -9.221723104418224626e-01 -5.146658394606827558e-02
3.925491285879463832e-01 -9.183391643683899153e-01 -5.058031224870616210e-02
4.015346758431090346e-01 -9.144956126619161463e-01 -4.967580541891168655e-02
4.102948203035307051e-01 -9.106488270605560542e-01 -4.875326966217941038e-02
4.188280587141695044e-01 -9.068059262465270054e-01 -4.781293158103171181e-02
4.271330359477042982e-01 -9.029739652855784948e-01 -4.685503876936655820e-02
4.352085414232337301e-01 -8.991599250966867407e-01 -4.587986032101103867e-02
4.430535053037099602e-01 -8.953707019739258754e-01 -4.488768725167417012e-02
4.506669944801956484e-01 -8.916130971833152730e-01 -4.387883283384428484e-02
4.580482083530926229e-01 -8.878938066581124611e-01 -4.285363284452157334e-02
4.651964744225254300e-01 -8.842194108165035704e-01 -4.181244572601388459e-02
4.721112437020500430e-01 -8.805963645259476946e-01 -4.075565266035146433e-02
4.787920859717727518e-01 -8.770309872385596561e-01 -3.968365755819264207e-02
4.852386848887818571e-01 -8.735294533218711521e-01 -3.859688696339614450e-02
4.914508329744975423e-01 -8.700977826091057521e-01 -3.749578987472498848e-02
4.974284265001068794e-01 -8.667418311927423957e-01 -3.638083748642111093e-02
5.031714602926596891e-01 -8.634672824846422179e-01 -3.525252284964754818e-02
5.086800224856337094e-01 -8.602796385653762590e-01 -3.411136045703556940e-02
5.139542892388244688e-01 -8.571842118446418857e-01 -3.295788575279686577e-02
5.189945194532592510e-01 -8.541861170537925485e-01 -3.179265457106533743e-02
