1.000000000000000000e+00 0.000000000000000000e+00 0.000000000000000000e+00
1.000000000000000000e+00 0.000000000000000000e+00 0.000000000000000000e+00
1.000000000000000000e+00 0.000000000000000000e+00 0.000000000000000000e+00
1.000000000000000000e+00 0.000000000000000000e+00 0.000000000000000000e+00
1.000000000000000000e+00 0.000000000000000000e+00 0.000000000000000000e+00
1.000000000000000000e+00 0.000000000000000000e+00 0.000000000000000000e+00
1.000000000000000000e+00 0.000000000000000000e+00 0.000000000000000000e+00
1.000000000000000000e+00 0.000000000000000000e+00 0.000000000000000000e+00
1.000000000000000000e+00 0.000000000000000000e+00 0.000000000000000000e+00
1.000000000000000000e+00 0.000000000000000000e+00 0.000000000000000000e+00
1.000000000000000000e+00 0.000000000000000000e+00 0.000000000000000000e+00
1.000000000000000000e+00 0.000000000000000000e+00 0.000000000000000000e+00
1.000000000000000000e+00 0.000000000000000000e+00 0.000000000000000000e+00
1.000000000000000000e+00 0.000000000000000000e+00 0.000000000000000000e+00
1.000000000000000000e+00 0.000000000000000000e+00 0.000000000000000000e+00
1.000000000000000000e+00 0.000000000000000000e+00 0.000000000000000000e+00
1.000000000000000000e+00 0.000000000000000000e+00 0.000000000000000000e+00
1.000000000000000000e+00 0.000000000000000000e+00 0.000000000000000000e+00
1.000000000000000000e+00 0.000000000000000000e+00 0.000000000000000000e+00
1.000000000000000000e+00 0.000000000000000000e+00 0.000000000000000000e+00
1.000000000000000000e+00 0.000000000000000000e+00 0.000000000000000000e+00
1.000000000000000000e+00 0.000000000000000000e+00 0.000000000000000000e+00
1.000000000000000000e+00 0.000000000000000000e+00 0.000000000000000000e+00
1.000000000000000000e+00 0.000000000000000000e+00 0.000000000000000000e+00
1.000000000000000000e+00 0.000000000000000000e+00 0.000000000000000000e+00
1.000000000000000000e+00 0.000000000000000000e+00 0.000000000000000000e+00
1.000000000000000000e+00 0.000000000000000000e+00 0.000000000000000000e+00
1.000000000000000000e+00 0.000000000000000000e+00 0.000000000000000000e+00
1.000000000000000000e+00 0.000000000000000000e+00 0.000000000000000000e+00
1.000000000000000000e+00 0.000000000000000000e+00 0.000000000000000000e+00
1.000000000000000000e+00 0.000000000000000000e+00 0.000000000000000000e+00
1.000000000000000000e+00 0.000000000000000000e+00 0.000000000000000000e+00
1.000000000000000000e+00 0.000000000000000000e+00 0.000000000000000000e+00
1.000000000000000000e+00 0.000000000000000000e+00 0.000000000000000000e+00
1.000000000000000000e+00 0.000000000000000000e+00 0.000000000000000000e+00
1.000000000000000000e+00 0.000000000000000000e+00 0.000000000000000000e+00
1.000000000000000000e+00 0.000000000000000000e+00 0.000000000000000000e+00
1.000000000000000000e+00 0.000000000000000000e+00 0.000000000000000000e+00
1.000000000000000000e+00 0.000000000000000000e+00 0.000000000000000000e+00
1.000000000000000000e+00 0.000000000000000000e+00 0.000000000000000000e+00
1.000000000000000000e+00 0.000000000000000000e+00 0.000000000000000000e+00
1.000000000000000000e+00 0.000000000000000000e+00 0.000000000000000000e+00
1.000000000000000000e+00 0.000000000000000000e+00 0.000000000000000000e+00
1.000000000000000000e+00 0.000000000000000000e+00 0.000000000000000000e+00
1.000000000000000000e+00 0.000000000000000000e+00 0.000000000000000000e+00
1.000000000000000000e+00 0.000000000000000000e+00 0.000000000000000000e+00
1.000000000000000000e+00 0.000000000000000000e+00 0.000000000000000000e+00
1.000000000000000000e+00 0.000000000000000000e+00 0.000000000000000000e+00
1.000000000000000000e+00 0.000000000000000000e+00 0.000000000000000000e+00
1.000000000000000000e+00 0.000000000000000000e+00 0.000000000000000000e+00
1.000000000000000000e+00 0.000000000000000000e+00 0.000000000000000000e+00
1.000000000000000000e+00 0.000000000000000000e+00 0.000000000000000000e+00
9.999999983746098442e-01 -2.580991179289728445e-05 5.083975411110115938e-05
9.999999840782258786e-01 -9.319290046165693757e-05 1.521805624844277925e-04
9.999999301969249021e-01 -2.177929557593136700e-04 3.036005272377851217e-04
9.999997865349217196e-01 -4.151091531301417991e-04 5.045955089873867868e-04
9.999994699770634599e-01 -7.004702182758159538e-04 7.545802083480471776e-04
9.999988527443333108e-01 -1.089009421637207077e-03 1.052889366607183408e-03
9.999977486789719539e-01 -1.595639822782097487e-03 1.398779079192833015e-03
9.999958977143615924e-01 -2.235029877580020294e-03 1.791428215150192875e-03
9.999929487021564922e-01 -3.021579413432537269e-03 2.229939935633622455e-03
9.999884407851924450e-01 -3.969395969955600775e-03 2.713343304425558985e-03
9.999817835194093618e-01 -5.092271494640167144e-03 3.240594983719168043e-03
9.999722359613056888e-01 -6.403659375417613576e-03 3.810581008851256918e-03
9.999588849492835330e-01 -7.916651785001428687e-03 4.422118636343955883e-03
9.999406228175894418e-01 -9.643957305638403352e-03 5.073958260500318306e-03
9.999161247903987082e-01 -1.159787879774631242e-02 5.764785394887121835e-03
9.998838263108984492e-01 -1.379029147209348896e-02 6.493222716309211481e-03
9.998419005659812120e-01 -1.623262112292352469e-02 7.257832170309905587e-03
9.997882364713482906e-01 -1.893582247895705950e-02 8.057117138792511263e-03
9.997204173844096431e-01 -2.191035763069583420e-02 8.889524672015543250e-03
9.996357008133204269e-01 -2.516617449606229837e-02 9.753447788931233001e-03
9.995309993897735223e-01 -2.871268529224445948e-02 1.064722785157216911e-02
9.994028633707077169e-01 -3.255874498975165621e-02 1.156915702090003870e-02
9.992474649298271894e-01 -3.671262973514909100e-02 1.251748080316654813e-02
9.990605844936669699e-01 -4.118201524170406885e-02 1.349040069735114693e-02
9.988375993687919063e-01 -4.597395516217066269e-02 1.448607695558329703e-02
9.985734748964595342e-01 -5.109485947503231151e-02 1.550263146957899484e-02
9.982627583586046738e-01 -5.655047293452816759e-02 1.653815079697288498e-02
9.978995758441775443e-01 -6.234585365546556346e-02 1.759068934196114653e-02
9.974776322675796836e-01 -6.848535192586599485e-02 1.865827270484196956e-02
9.969902147110656365e-01 -7.497258936354739278e-02 1.973890121480905216e-02
9.964301992404223096e-01 -8.181043855639644202e-02 2.083055365968383352e-02
9.957900613179260230e-01 -8.900100334986504880e-02 2.193119122513492378e-02
9.950618899084665570e-01 -9.654559996862091542e-02 2.303876165430694678e-02
9.942374053438243209e-01 -1.044447391817375920e-01 2.415120363665311173e-02
9.933079809764456813e-01 -1.126981097417365935e-01 2.526645143213380670e-02
9.922646686178009379e-01 -1.213045633465817813e-01 2.638243973381565813e-02
9.910982277177262656e-01 -1.302621013897510560e-01 2.749710876830272280e-02
9.897991582003046185e-01 -1.395678637761535446e-01 2.860840962938695706e-02
9.883577368292000287e-01 -1.492181200903195948e-01 2.971430983586587082e-02
9.867640569313567145e-01 -1.592082634073989089e-01 3.081279909970137398e-02
9.850080712631484881e-01 -1.695328070365462181e-01 3.190189528565927357e-02
9.830796377580326428e-01 -1.801853844798103899e-01 3.297965053835992533e-02
9.809685678502254591e-01 -1.911587528773206479e-01 3.404415754738556593e-02
9.786646770256469674e-01 -2.024448001911392236e-01 3.509355591583754319e-02
9.761578372102087675e-01 -2.140345563555040853e-01 3.612603859263368439e-02
9.734380305673129286e-01 -2.259182085903408688e-01 3.713985832400522324e-02
9.704954042420794735e-01 -2.380851210380529603e-01 3.813333407522008500e-02
9.673203255602176309e-01 -2.505238588410364509e-01 3.910485736964952608e-02
9.639034371654535693e-01 -2.632222167296087711e-01 4.005289848903068051e-02
9.602357115618292971e-01 -2.761672521377468992e-01 4.097601247627134791e-02
9.563085045167057929e-01 -2.893453228080158368e-01 4.187284488049879128e-02
9.521136067775417544e-01 -3.027421287882910983e-01 4.274213718335744677e-02
9.476432935609332420e-01 -3.163427586624188992e-01 4.358273184588083715e-02
9.428903712862910513e-01 -3.301317397960022992e-01 4.439357691664616579e-02
9.378482210490104443e-01 -3.440930923183007639e-01 4.517373014438858664e-02
9.325108383589706396e-01 -3.582103865030832335e-01 4.592236254180161181e-02
9.268728687093938934e-01 -3.724668031564746240e-01 4.663876135184809313e-02
9.209296385880021418e-01 -3.868451965696462769e-01 4.732233237349382782e-02
9.146771815963284924e-01 -4.013281595498093268e-01 4.797260161026585534e-02
9.081122594030797135e-01 -4.158980900054545238e-01 4.858921621231834104e-02
9.012323773225480172e-01 -4.305372585320738077e-01 4.917194469062625278e-02
8.940357943780290473e-01 -4.452278764234511299e-01 4.972067639036679976e-02
8.865215277817033446e-01 -4.599521635215791937e-01 5.023542021932307644e-02
8.786893518350947785e-01 -4.746924153156744097e-01 5.071630263607437156e-02
8.705397913266068599e-01 -4.894310687077270683e-01 5.116356491164057718e-02
8.620741095733392978e-01 -5.041507658784056822e-01 5.157755968694095056e-02
8.532942913220304959e-01 -5.188344157125660550e-01 5.195874685673419063e-02
8.442030207872798231e-01 -5.334652522775200634e-01 5.230768881846136614e-02
8.348036551630098057e-01 -5.480268898888173146e-01 5.262504513146676333e-02
8.251001939944245800e-01 -5.625033743466330005e-01 5.291156663829465340e-02
8.150972448416836658e-01 -5.768792299798526368e-01 5.316808910504577934e-02
8.047999857024974446e-01 -5.911395021934042759e-01 5.339552644204620391e-02
7.942141246884465433e-01 -6.052697952760520694e-01 5.359486356927910256e-02
7.833458574688091369e-01 -6.192563052894447528e-01 5.376714899313206342e-02
7.722018230060511135e-01 -6.330858479234303671e-01 5.391348716201987967e-02
7.607890581090824833e-01 -6.467458812662741918e-01 5.403503066838325625e-02
7.491149513242848501e-01 -6.602245235002850432e-01 5.413297236348869890e-02
7.371871966707086443e-01 -6.735105655924276125e-01 5.420853744943659319e-02
7.250137477053939516e-01 -6.865934791048339259e-01 5.426297560991309027e-02
7.126027723782724088e-01 -6.994634193009526824e-01 5.429755323760160346e-02
6.999626091044151011e-01 -7.121112237687591273e-01 5.431354581191566444e-02
6.871017244454195039e-01 -7.245284068225180674e-01 5.431223047594854053e-02
6.740286727524129606e-01 -7.367071499787386513e-01 5.429487885637979128e-02
6.607520580814146838e-01 -7.486402888300220937e-01 5.426275016465882672e-02
6.472804986485555245e-01 -7.603212966624715019e-01 5.421708461221994013e-02
6.336225940487490993e-01 -7.717442651783151808e-01 5.415909716688537684e-02
6.197868954176322109e-01 -7.829038826956281616e-01 5.408997167208735857e-02
6.057818786736528516e-01 -7.937954102018484059e-01 5.401085534518031833e-02
5.916159209356980364e-01 -8.044146556375767476e-01 5.392285366600321761e-02
5.772972801721470981e-01 -8.147579467823964361e-01 5.382702566205806866e-02
5.628340781001313076e-01 -8.248221031056506281e-01 5.372437959225144499e-02
5.482342863194072935e-01 -8.346044069328113491e-01 5.361586902714472747e-02
5.335057156338485207e-01 -8.441025742627982220e-01 5.350238932010722981e-02
5.186560084852623875e-01 -8.533147255538932052e-01 5.338477446068427834e-02
5.036926343991314781e-01 -8.622393567762619560e-01 5.326379429888820904e-02
4.886228883199323358e-01 -8.708753110080199589e-01 5.314015212699380042e-02
4.734538916948525800e-01 -8.792217508297153206e-01 5.301448260376099425e-02
4.581925961488723664e-01 -8.872781317494468079e-01 5.288735000480074971e-02
4.428457895811432343e-01 -8.950441768679487931e-01 5.275924678202156132e-02
4.274201045021892575e-01 -9.025198529701603523e-01 5.263059241471697985e-02
4.119220284234503260e-01 -9.097053482073054198e-01 5.250173253484741870e-02
3.963579161048562671e-01 -9.166010515115550206e-01 5.237293830939836886e-02
3.807340034622210267e-01 -9.232075338640690632e-01 5.224440606332627496e-02
3.650564229340425015e-01 -9.295255315167393340e-01 5.211625712749603373e-02
3.493312201065522093e-01 -9.355559312483475720e-01 5.198853789713348689e-02
3.335643713963643009e-01 -9.412997577171355879e-01 5.186122008762520524e-02
3.177618025916213451e-01 -9.467581629539671972e-01 5.173420117596099627e-02
3.019294080549450032e-01 -9.519324180233051935e-01 5.160730501769612150e-02
2.860730703946124942e-01 -9.568239068630818300e-01 5.148028263097679386e-02
2.701986804140630860e-01 -9.614341222991360514e-01 5.135281314089178845e-02
2.543121571539827541e-01 -9.657646642151406224e-01 5.122450487915355954e-02
2.384194678457361438e-01 -9.698172398447522102e-01 5.109489663584504404e-02
2.225266475997582372e-01 -9.735936661389920088e-01 5.096345906166500211e-02
2.066398186576519913e-01 -9.770958741485094023e-01 5.082959622073870976e-02
1.907652090421521063e-01 -9.803259153472977383e-01 5.069264729560663679e-02
1.749091704448259565e-01 -9.832859698115444802e-01 5.055188844743740972e-02
1.590781951974234720e-01 -9.859783561545307773e-01 5.040653483580990329e-02
1.432789321792088122e-01 -9.884055431057924279e-01 5.025574280355102341e-02
1.275182015194754881e-01 -9.905701626100821278e-01 5.009861223308021555e-02
1.118030079618389516e-01 -9.924750243090066926e-01 4.993418908147975038e-02
9.614055276490239554e-02 -9.941231312555651733e-01 4.976146810206325682e-02
8.053824402259147919e-02 -9.955176966992111964e-01 4.957939576053802672e-02
6.500370529694048105e-02 -9.966621617665594179e-01 4.938687335393401184e-02
4.954478246647202322e-02 -9.975602138505386129e-01 4.918276034029195332e-02
3.416954870462057814e-02 -9.982158055087637649e-01 4.896587788665413693e-02
1.888630751497033522e-02 -9.986331736602988007e-01 4.873501264217611900e-02
3.703593763456986682e-03 -9.988168588589618757e-01 4.848892074217148879e-02
-1.136982733785502943e-02 -9.987717244110716486e-01 4.822633204761292425e-02
-2.632496332526509941e-02 -9.985029750962515216e-01 4.794595462304357403e-02
-4.115259966945047920e-02 -9.980161752418080789e-01 4.764647945400971030e-02
-5.584330704867461470e-02 -9.973172658945265168e-01 4.732658540301925426e-02
-7.038745068639867819e-02 -9.964125808287045416e-01 4.698494440067685352e-02
-8.477520171129585003e-02 -9.953088611261350360e-01 4.662022686606542843e-02
-9.899655047789099327e-02 -9.940132680627722372e-01 4.623110734766196911e-02
-1.130413217659236441e-01 -9.925333940382198294e-01 4.581627037312300393e-02
-1.268991917563153105e-01 -9.908772712881616096e-01 4.537441649318853243e-02
-1.405597066616095236e-01 -9.890533781266166446e-01 4.490426850177314105e-02
-1.540123028692707008e-01 -9.870706424745917529e-01 4.440457781108504004e-02
-1.672463284376330683e-01 -9.849384424444487252e-01 4.387413095738677826e-02
-1.802510657669622318e-01 -9.826666037651740071e-01 4.331175620983859081e-02
-1.930157552524213727e-01 -9.802653938527662314e-01 4.271633025180092413e-02
-2.055296197121223023e-01 -9.777455123521058278e-01 4.208678490107324588e-02
-2.177818893722814064e-01 -9.751180780018604555e-01 4.142211383286836801e-02
-2.297618271831728953e-01 -9.723946117020570989e-01 4.072137926692027260e-02
-2.414587542344280580e-01 -9.695870156947137275e-01 3.998371857805229496e-02
-2.528620750365846437e-01 -9.667075488010966611e-01 3.920835078784075389e-02
-2.639613024379072748e-01 -9.637687976944350199e-01 3.839458289374142463e-02
-2.747460819515816777e-01 -9.607836442239028329e-01 3.754181599124067903e-02
-2.852062152785583837e-01 -9.577652288439495454e-01 3.664955114428079114e-02
-2.953316828256379312e-01 -9.547269102421710452e-01 3.571739495941253506e-02
-3.051183346376030170e-01 -9.516798245620020635e-01 3.476092091786703309e-02
-3.145617520935714007e-01 -9.486357418632690441e-01 3.378078630674179877e-02
-3.236579000538125639e-01 -9.456062578125999929e-01 3.277769019857515453e-02
-3.324031186422992112e-01 -9.426027590636044673e-01 3.175237460314090515e-02
-3.407941145021757823e-01 -9.396363892395317441e-01 3.070562528608255376e-02
-3.488279515721539603e-01 -9.367180156404797398e-01 2.963827225086449260e-02
-3.565020414397487292e-01 -9.338581968012312773e-01 2.855118988306481337e-02
-3.638141333348043349e-01 -9.310671510284014296e-01 2.744529675852588196e-02
-3.707623038337080068e-01 -9.283547260467767126e-01 2.632155511929737748e-02
-3.773449463508526391e-01 -9.257303698845089635e-01 2.518097002363640924e-02
-3.835607604991016495e-01 -9.232031031252259101e-01 2.402458817855560383e-02
-3.894087414050727558e-01 -9.207814926521710186e-01 2.285349646551937744e-02
-3.948881690678566203e-01 -9.184736270052568097e-01 2.166882017186910758e-02
-3.999985978512138884e-01 -9.162870934664758549e-01 2.047172094239936221e-02
-4.047398461992766650e-01 -9.142289569825498008e-01 1.926339446720124263e-02
-4.091119866642708436e-01 -9.123057410261039557e-01 1.804506792342860932e-02
-4.131153363317653371e-01 -9.105234104881297919e-01 1.681799719002328650e-02
-4.167504477244602379e-01 -9.088873566851456420e-01 1.558346385565305414e-02
-4.200181002596026780e-01 -9.074023845543857103e-01 1.434277204116915852e-02
-4.229192923278479177e-01 -9.060727020996501846e-01 1.309724505877784585e-02
-4.254552340528748311e-01 -9.049019121392243292e-01 1.184822193084331815e-02
-4.276273407814548677e-01 -9.038930063956297500e-01 1.059705379179929491e-02
-4.294372273431223408e-01 -9.030483619549924956e-01 9.345100197045083656e-03
-4.308867031072773912e-01 -9.023697401115915451e-01 8.093725362942675444e-03
-4.319777678536678711e-01 -9.018582876007715798e-01 6.844294362117168615e-03
-4.327126084599449696e-01 -9.015145402109482342e-01 5.598169298197189225e-03
-4.330935963975839909e-01 -9.013384287529744299e-01 4.356705483918768551e-03
-4.331232860151221775e-01 -9.013292873527516402e-01 3.121247646158959409e-03
-4.328044135756017874e-01 -9.014858640207306095e-01 1.893126180968258358e-03
-4.321398970035293940e-01 -9.018063334399214481e-01 6.736534810374067081e-04
-4.311328362857700380e-01 -9.022883119023007437e-01 -5.358796427316176673e-04
-4.297865144607722621e-01 -9.029288743121218763e-01 -1.734207424774589614e-03
-4.281043991215346955e-01 -9.037245731636946999e-01 -2.920092473775952498e-03
-4.260901443499285901e-01 -9.046714593907557722e-01 -4.092328948320434444e-03
-4.237475929935023977e-01 -9.057651049746937577e-01 -5.249745561914662476e-03
-4.210807791908217634e-01 -9.070006271896843275e-01 -6.391208401366293285e-03
-4.180939310478063997e-01 -9.083727143543190996e-01 -7.515623543967208872e-03
-4.147914733654662900e-01 -9.098756529516400793e-01 -8.621939460479333822e-03
-4.111780303189255803e-01 -9.115033559727055978e-01 -9.709149192557700939e-03
-4.072584279886428682e-01 -9.132493923329729757e-01 -1.077629229495537765e-02
-4.030376966472526412e-01 -9.151070172059597718e-01 -1.182245653462753350e-02
-3.985210727093954075e-01 -9.170692031148958145e-01 -1.284677934067468726e-02
-3.937140002571849484e-01 -9.191286716204540852e-01 -1.384844900092438956e-02
-3.886221320604643648e-01 -9.212779254411876950e-01 -1.482670560283147823e-02
-3.832513300185953486e-01 -9.235092808430369615e-01 -1.578084171826395210e-02
-3.776076649590558443e-01 -9.258149001352158347e-01 -1.671020283361795977e-02
-3.716974157374279275e-01 -9.281868241119451968e-01 -1.761418752855447092e-02
-3.655270675932638103e-01 -9.306170042828559863e-01 -1.849224740845466231e-02
-3.591033097266463359e-01 -9.330973347394141415e-01 -1.934388679743373127e-02
-3.524330320708292108e-01 -9.356196835103673948e-01 -2.016866220041683977e-02
-3.455327893101532988e-01 -9.381728245517593212e-01 -2.094879639657519499e-02
-3.384147439404252000e-01 -9.407471705574870224e-01 -2.168482272816218970e-02
-3.310910019656722048e-01 -9.433334571925711121e-01 -2.237736347000094522e-02
-3.235735925802857293e-01 -9.459227723448170311e-01 -2.302712417901297409e-02
-3.158744474779522915e-01 -9.485065814565316611e-01 -2.363488794844875382e-02
-3.080053799512121326e-01 -9.510767489917434370e-01 -2.420150960610788909e-02
-2.999780639483164979e-01 -9.536255561224684651e-01 -2.472790989449981380e-02
-2.918040132536021125e-01 -9.561457147433769510e-01 -2.521506966921000306e-02
-2.834945609541425493e-01 -9.586303779475386921e-01 -2.566402414974307267e-02
-2.750608393492741666e-01 -9.610731471165868678e-01 -2.607585725485779202e-02
-2.665137604510710023e-01 -9.634680757965301545e-01 -2.645169605193621598e-02
-2.578639972133132674e-01 -9.658096705454861652e-01 -2.679270534728769512e-02
-2.491219656143189298e-01 -9.680928889517990132e-01 -2.710008244152504672e-02
-2.402978077055546724e-01 -9.703131350303566549e-01 -2.737505207131116225e-02
-2.314013757235598989e-01 -9.724662522115222751e-01 -2.761886155590325548e-02
-2.224422173477481335e-01 -9.745485141410371588e-01 -2.783277616406016827e-02
-2.134295621714069613e-01 -9.765566135106924506e-01 -2.801807471406332281e-02
-2.043723094379907568e-01 -9.784876491386683695e-01 -2.817604541686766564e-02
-1.952790170798516522e-01 -9.803391115154003188e-01 -2.830798196977522135e-02
-1.861578920821070626e-01 -9.821088670258593112e-01 -2.841517990553551684e-02
-1.770167821805945230e-01 -9.837951410524520268e-01 -2.849893319944501319e-02
-1.678631688899732133e-01 -9.853965001545840208e-01 -2.856053113485806580e-02
-1.587041618461250414e-01 -9.869118335115130147e-01 -2.860125542554649292e-02
-1.495464944361806769e-01 -9.883403338046767850e-01 -2.862237759156166517e-02
-1.403965206798117316e-01 -9.896814777044331546e-01 -2.862515658366579854e-02
-1.312602133169267771e-01 -9.909350061143012978e-01 -2.861083665000862392e-02
-1.221431630495979359e-01 -9.921009043135455840e-01 -2.858064543752899395e-02
-1.130505788799161110e-01 -9.931793821264756073e-01 -2.853579231955307230e-02
-1.039872894804968612e-01 -9.941708542343102861e-01 -2.847746694023395309e-02
-9.495774553049153577e-02 -9.950759207330237555e-01 -2.840683796582233953e-02
-8.596602294713995285e-02 -9.958953480283788684e-01 -2.832505203226338975e-02
-7.701582694106413884e-02 -9.966300501474789630e-01 -2.823323287826882966e-02
-6.811049682257180882e-02 -9.972810705347189275e-01 -2.813248065280323645e-02
-5.925301148613183050e-02 -9.978495643890724631e-01 -2.802387138583556023e-02
-5.044599550081913658e-02 -9.983367815892738584e-01 -2.790845661122813570e-02
-4.169172573581905045e-02 -9.987440502436876200e-01 -2.778726313075220028e-02
-3.299213845194651218e-02 -9.990727608925341618e-01 -2.766129290841815025e-02
-2.434883679249415928e-02 -9.993243513816855161e-01 -2.753152308457780528e-02
-1.576309860949607830e-02 -9.995002924194544836e-01 -2.739890609958283568e-02
-7.235884564608113453e-03 -9.996020738206897738e-01 -2.726436991715670138e-02
1.232153552806983937e-03 -9.996311914360344053e-01 -2.712881833804664522e-02
9.640664344204151470e-03 -9.995891347583976128e-01 -2.699313139495744529e-02
1.798958820705404832e-02 -9.994773751935051020e-01 -2.685816582022119633e-02
2.627914867292512752e-02 -9.992973549768023878e-01 -2.672475557811905544e-02
3.450984372074934747e-02 -9.990504767149597232e-01 -2.659371245423471433e-02
4.268243710364128668e-02 -9.987380935267348159e-01 -2.646582669467886090e-02
5.079794972372454059e-02 -9.983614997549494774e-01 -2.634186768847366494e-02
5.885765108554489450e-02 -9.979219222187986071e-01 -2.622258468682141935e-02
6.686305085483894295e-02 -9.974205119735958247e-01 -2.610870755339798552e-02
7.481589054569669217e-02 -9.968583365433330012e-01 -2.600094754020593549e-02
8.271660935922714453e-02 -9.962367315677164159e-01 -2.589106216194757976e-02
9.056381396175683385e-02 -9.955569753126026766e-01 -2.577817675388234531e-02
9.835586693281794801e-02 -9.948203982202529216e-01 -2.566142270604052783e-02
1.060908904167255501e-01 -9.940283921602580675e-01 -2.553993815540423970e-02
1.137667701907176809e-01 -9.931824192933055295e-01 -2.541286875736197687e-02
1.213811601555320890e-01 -9.922840205188572238e-01 -2.527936853721624716e-02
1.289314872531430178e-01 -9.913348234751421240e-01 -2.513860082205300953e-02
1.364149568149806979e-01 -9.903365500574371483e-01 -2.498973925279097952e-02
1.438285583423249137e-01 -9.892910234184432161e-01 -2.483196887571836181e-02
1.511690717187236799e-01 -9.882001744126938103e-01 -2.466448731229453975e-02
1.584330738522622961e-01 -9.870660474453952782e-01 -2.448650600544631517e-02
1.656169457433254166e-01 -9.858908056849192691e-01 -2.429725154002378498e-02
1.727168799711829850e-01 -9.846767355973836677e-01 -2.409596703450246624e-02
1.797288885903245981e-01 -9.834262507613936721e-01 -2.388191360042858299e-02
1.866488114249993668e-01 -9.821418949210999338e-01 -2.365437186550699636e-02
1.934723247479273600e-01 -9.808263442362867846e-01 -2.341264355563011171e-02
2.001949503266747532e-01 -9.794824086892564008e-01 -2.315605313054568126e-02
2.068120648187671828e-01 -9.781130326098366190e-01 -2.288394946726660800e-02
2.133189094942978259e-01 -9.767212942819296639e-01 -2.259570758474223687e-02
2.197106002626116050e-01 -9.753104045976409564e-01 -2.229073040274355891e-02
2.259821379776562889e-01 -9.738837047281888593e-01 -2.196845052737061293e-02
2.321284189948290555e-01 -9.724446627844927082e-01 -2.162833205507499676e-02
2.381442459506524778e-01 -9.709968694445647586e-01 -2.126987238661031884e-02
2.440243387354266991e-01 -9.695440325295719974e-01 -2.089260404188492126e-02
2.497633456281598552e-01 -9.680899705156762458e-01 -2.049609646630040985e-02
2.553558545626076759e-01 -9.666386049744680742e-01 -2.007995781882267877e-02
2.607964044931833647e-01 -9.651939519409621360e-01 -1.964383673175486636e-02
2.660794968298498264e-01 -9.637601122146703947e-01 -1.918742403196948762e-02
2.711996069118952635e-01 -9.623412606061799712e-01 -1.871045441321476238e-02
2.761511954917235667e-01 -9.609416341488796753e-01 -1.821270804904220192e-02
2.809287202014678075e-01 -9.595655193029503094e-01 -1.769401213591248814e-02
2.855266469773437010e-01 -9.582172381864061395e-01 -1.715424235612754075e-02
2.899394614191884711e-01 -9.569011338757750229e-01 -1.659332425041036563e-02
2.941616800655483810e-01 -9.556215548268814919e-01 -1.601123449021215478e-02
2.981878615679530165e-01 -9.543828384740667969e-01 -1.540800204016832750e-02
3.020126177515992105e-01 -9.531892940739912223e-01 -1.478370920155115155e-02
3.056306245535125310e-01 -9.520451848678285200e-01 -1.413849252807458309e-02
3.090366328332945778e-01 -9.509547096431253399e-01 -1.347254360599436929e-02
3.122254790557364990e-01 -9.499219837837802327e-01 -1.278610969110981384e-02
3.151920958488028668e-01 -9.489510199034351112e-01 -1.207949419600829084e-02
3.179315224446894184e-01 -9.480457081639971362e-01 -1.135305702169441336e-02
3.204389150157471167e-01 -9.472097963869631210e-01 -1.060721472860640460e-02
3.227095569209547654e-01 -9.464468700706338833e-01 -9.842440542935921091e-03
3.247388688822281932e-01 -9.457603324311374404e-01 -9.059264195126667460e-03
3.265224191130847164e-01 -9.451533845893651531e-01 -8.258271588423451645e-03
3.280559334249529835e-01 -9.446290060294225688e-01 -7.440104296368293957e-03
3.293353053386479101e-01 -9.441899354569662783e-01 -6.605458889184605102e-03
3.303566062301435680e-01 -9.438386521877929480e-01 -5.755086090044964943e-03
3.311160955407026485e-01 -9.435773581982435099e-01 -4.889789763272991106e-03
3.316102310816012033e-01 -9.434079609693507562e-01 -4.010425737575354713e-03
3.318356794630732409e-01 -9.433320572561691986e-01 -3.117900468426330549e-03
3.317893266756524184e-01 -9.433509179123641397e-01 -2.213169544724394137e-03
3.314682888497851310e-01 -9.434654738978897059e-01 -1.297236045798573923e-03
3.308699232164207249e-01 -9.436763035944391032e-01 -3.711487557517238614e-04
3.299918392872549511e-01 -9.439836215493053739e-01 5.639997570208232303e-04
3.288319102684324480e-01 -9.443872687633407814e-01 1.507075186514875240e-03
3.273882847158403053e-01 -9.448867046328572883e-01 2.456903652673391326e-03
3.256593984336970671e-01 -9.454810006485715457e-01 3.412273971862301528e-03
3.236439866110296104e-01 -9.461688359470841192e-01 4.371940023783743579e-03
3.213410961829102908e-01 -9.469484948019092352e-01 5.334623203914931958e-03
3.187500983950997124e-01 -9.478178661317611109e-01 6.299014950238747412e-03
3.158707015421055031e-01 -9.487744450936861362e-01 7.263779332823424792e-03
3.127029638397485489e-01 -9.498153368177372213e-01 8.227555694718757459e-03
3.092473063842463010e-01 -9.509372623282632553e-01 9.188961332669338955e-03
3.055045261407146051e-01 -9.521365666845722497e-01 1.014659420630483790e-02
3.014758088949900383e-01 -9.534092293607786539e-01 1.109903566475519895e-02
2.971627420939270126e-01 -9.547508768711193694e-01 1.204485318005561224e-02
2.925673274909680877e-01 -9.561567976329879981e-01 1.298260307725141935e-02
2.876919935059591982e-01 -9.576219590454609909e-01 1.391083325178418470e-02
2.825396072010231685e-01 -9.591410267462555650e-01 1.482808586553284978e-02
2.771134857679387054e-01 -9.607083859949477889e-01 1.573290001379201372e-02
2.714174074170214723e-01 -9.623181651149868010e-01 1.662381435648473821e-02
2.654556215530779473e-01 -9.639642609116586547e-01 1.749936970801963670e-02
2.592328581206984617e-01 -9.656403659677844642e-01 1.835811158139907459e-02
2.527543359990592209e-01 -9.673399977036886144e-01 1.919859268345237846e-02
2.460257703255825101e-01 -9.690565290729508119e-01 2.001937535938862894e-02
2.390533786283141060e-01 -9.707832207507733902e-01 2.081903398621909665e-02
2.318438856487561317e-01 -9.725132546575649961e-01 2.159615731596930405e-02
2.244045267401608978e-01 -9.742397686466784945e-01 2.234935077096292591e-02
2.167430497309536519e-01 -9.759558921722596425e-01 2.307723869479055140e-02
2.088677151489943262e-01 -9.776547827409740599e-01 2.377846656385148097e-02
2.007872947097837368e-01 -9.793296629401009312e-01 2.445170316555046047e-02
1.925110679804208913e-01 -9.809738578242166440e-01 2.509564275031835393e-02
1.840488171410669949e-01 -9.825808324335527644e-01 2.570900716558057950e-02
1.754108197767905164e-01 -9.841442292092018596e-01 2.629054798059514420e-02
1.666078396448704424e-01 -9.856579050637614969e-01 2.683904861169975412e-02
1.576511153758161643e-01 -9.871159678608494303e-01 2.735332645792330070e-02
1.485523470804098189e-01 -9.885128120532836737e-01 2.783223505711152068e-02
1.393236808498643231e-01 -9.898431532276844580e-01 2.827466627267375202e-02
1.299776911515790612e-01 -9.911020613029027926e-01 2.867955252076422740e-02
1.205273611388204685e-01 -9.922849921310938903e-01 2.904586904715865392e-02
1.109860609087982009e-01 -9.933878172534920115e-01 2.937263626226997715e-02
1.013675237598861967e-01 -9.944068515680769549e-01 2.965892214166665139e-02
9.168582051497642382e-02 -9.953388786734015392e-01 2.990384469811726426e-02
8.195533199397353474e-02 -9.961811736619146096e-01 3.010657452959767527e-02
7.219071973405398468e-02 -9.969315231472029026e-01 3.026633744587612154e-02
6.240689507133267977e-02 -9.975882423227029339e-01 3.038241717425919225e-02
5.261898671181090836e-02 -9.981501888646076015e-01 3.045415814286288672e-02
4.284230693272436663e-02 -9.986167735088967712e-01 3.048096833739881439e-02
3.309231656747712441e-02 -9.989879671516322945e-01 3.046232222497118058e-02
2.338458893804360242e-02 -9.992643043428144356e-01 3.039776373580426599e-02
1.373477290786347463e-02 -9.994468830671334736e-01 3.028690929120484224e-02
4.158555235668843358e-03 -9.995373607297631802e-01 3.012945086345388684e-02
-5.328377583790471286e-03 -9.995379462918079216e-01 2.992515905076324756e-02
-1.471037780266110616e-02 -9.994513885279801002e-01 2.967388614797237395e-02
-2.397187503572968670e-02 -9.992809604083727759e-01 2.937556919134448608e-02
-3.309741481907878952e-02 -9.990304396365898842e-01 2.903023295369598633e-02
-4.207169692493248347e-02 -9.987040854077756658e-01 2.863799286420054199e-02
-5.087961325148765424e-02 -9.983066114819839632e-01 2.819905782559009241e-02
-5.950628511435521184e-02 -9.978431557005579267e-01 2.771373290016476698e-02
-6.793709977631265384e-02 -9.973192461054593005e-01 2.718242183505337195e-02
-7.615774606429087656e-02 -9.967407638534615533e-01 2.660562939656069964e-02
-8.415424893672994455e-02 -9.961139031484753659e-01 2.598396348321672586e-02
-9.191300288043992295e-02 -9.954451284456670157e-01 2.531813698731775336e-02
-9.942080403364395025e-02 -9.947411292101128177e-01 2.460896937532629919e-02
-1.066648809506676870e-01 -9.940087725401660634e-01 2.385738795847306554e-02
-1.136329239434348132e-01 -9.932550539911623178e-01 2.306442882627196544e-02
-1.203131129551595485e-01 -9.924870469582333099e-01 2.223123741740205828e-02
-1.266941439419895232e-01 -9.917118509975351159e-01 2.135906870450663200e-02
-1.327652537584195214e-01 -9.909365394828467677e-01 2.044928697188123923e-02
-1.385162435616268117e-01 -9.901681070089997094e-01 1.950336516773634038e-02
-1.439375007680293861e-01 -9.894134169647431643e-01 1.852288381568852407e-02
-1.490200196118994791e-01 -9.886791497052376254e-01 1.750952947331581994e-02
-1.537554203703592193e-01 -9.879717517582461417e-01 1.646509272896343537e-02
-1.581359673311522052e-01 -9.872973864981409164e-01 1.539146573146044431e-02
-1.621545855888760490e-01 -9.866618867179750563e-01 1.429063925095883439e-02
-1.658048767615812880e-01 -9.860707095220420104e-01 1.316469927268698950e-02
-1.690811337225548161e-01 -9.855288939495421285e-01 1.201582312897415093e-02
-1.719783544415503518e-01 -9.850410217242177024e-01 1.084627517840603024e-02
-1.744922550256178817e-01 -9.846111815051643568e-01 9.658402044371967865e-03
-1.766192820420183218e-01 -9.842429369905519865e-01 8.454627428521089422e-03
-1.783566241945754305e-01 -9.839392991988211712e-01 7.237446517721925904e-03
-1.797022234103925198e-01 -9.837027032211912436e-01 6.009420005983770463e-03
-1.806547853764096656e-01 -9.835349897052072521e-01 4.773167755418796995e-03
-1.812137895451517156e-01 -9.834373912917580007e-01 3.531362122676262941e-03
-1.813794986066482318e-01 -9.834105241877493242e-01 2.286720979342082155e-03
-1.811529673993980960e-01 -9.834543850136704402e-01 1.042000456551421409e-03
-1.805360512079720592e-01 -9.835683530199371694e-01 -2.000125545045742647e-04
-1.795314133690110170e-01 -9.837511977184509870e-01 -1.436508113393062053e-03
-1.781425320816447111e-01 -9.840010919266327649e-01 -2.664661119020340918e-03
-1.763737062933987965e-01 -9.843156301706559308e-01 -3.881639341989356635e-03
-1.742300605091633425e-01 -9.846918523431404946e-01 -5.084611566638038739e-03
-1.717175483494341459e-01 -9.851262724586329345e-01 -6.270755808876945711e-03
-1.688429546654549307e-01 -9.856149122982729160e-01 -7.437267576465238401e-03
-1.656138960036837582e-01 -9.861533396836646981e-01 -8.581368139172070378e-03
-1.620388192007198580e-01 -9.867367110696778632e-01 -9.700312777342510670e-03
-1.581269978829208112e-01 -9.873598180972766869e-01 -1.079139897869505274e-02
-1.538885266427894027e-01 -9.880171377011206513e-01 -1.185197455468893143e-02
-1.493343126670853838e-01 -9.887028853231960568e-01 -1.287944564947725995e-02
-1.444760645996844561e-01 -9.894110707437470120e-01 -1.387128461626592132e-02
-1.393262784355076556e-01 -9.901355560048812343e-01 -1.482503773778500074e-02
-1.338982202603048732e-01 -9.908701148710240547e-01 -1.573833276950345125e-02
-1.282059056744971615e-01 -9.916084932444395594e-01 -1.660888628613201370e-02
-1.222640757673470191e-01 -9.923444699338641595e-01 -1.743451081381687529e-02
-1.160881695400004104e-01 -9.930719171603631379e-01 -1.821312173218121028e-02
-1.096942927118914751e-01 -9.937848601772356627e-01 -1.894274393198005363e-02
-1.030991828839857988e-01 -9.944775353804834461e-01 -1.962151821555573050e-02
-9.632017107364589104e-02 -9.951444462932681478e-01 -2.024770742848194111e-02
-8.937513967875088117e-02 -9.957804168220488750e-01 -2.081970231173567443e-02
-8.228247697226245827e-02 -9.963806412037696791e-01 -2.133602706441714569e-02
-7.506102827184156501e-02 -9.969407300924785220e-01 -2.179534460743615815e-02
-6.773004397151735634e-02 -9.974567522699323563e-01 -2.219646153869636249e-02
-6.030912466293487928e-02 -9.979252715077880920e-01 -2.253833277014323511e-02
-5.281816361153638534e-02 -9.983433781584872824e-01 -2.282006583661468427e-02
-4.527728688738958535e-02 -9.987087151074087732e-01 -2.304092486577130963e-02
-3.770679148056219065e-02 -9.990194977796731379e-01 -2.320033419752276158e-02
-3.012708175634144087e-02 -9.992745279604295927e-01 -2.329788164035148657e-02
-2.255860462569832942e-02 -9.994732012567515422e-01 -2.333332135081698025e-02
-1.502178382080497122e-02 -9.996155081015501986e-01 -2.330657632135933396e-02
-7.536953673862410198e-03 -9.997020282742680175e-01 -2.321774046037137704e-02
-1.242927998527454739e-04 -9.997339189885742217e-01 -2.306708024743677615e-02
7.196241919899218353e-03 -9.997128966728663357e-01 -2.285503594569972263e-02
1.440498066613629495e-02 -9.996412126440810120e-01 -2.258222235260082950e-02
2.148260495015162641e-02 -9.995216229481483916e-01 -2.224942906974008289e-02
2.841021047099720129e-02 -9.993573527104047116e-01 -2.185762027246150249e-02
3.516936823531684186e-02 -9.991520554054835745e-01 -2.140793395993847298e-02
4.174218364298707545e-02 -9.989097675177464053e-01 -2.090168066710766659e-02
4.811135327432463499e-02 -9.986348591193736635e-01 -2.034034162077688959e-02
5.426021914965929727e-02 -9.983319809430790670e-01 -1.972556632363180185e-02
6.017282026869182066e-02 -9.980060085693785998e-01 -1.905916955169060373e-02
6.583394127434091803e-02 -9.976619843838836488e-01 -1.834312775299641943e-02
7.122915812280181114e-02 -9.973050579877411614e-01 -1.757957483797541534e-02
7.634488067737738026e-02 -9.969404257637645150e-01 -1.677079735489633502e-02
8.116839217742420620e-02 -9.965732703117390345e-01 -1.591922904720731446e-02
8.568788556466806761e-02 -9.962087004687218972e-01 -1.502744479315376927e-02
8.989249667645804465e-02 -9.958516926238492051e-01 -1.409815393194657762e-02
9.377233433862730561e-02 -9.955070340222970104e-01 -1.313419298479752070e-02
9.731850740901598629e-02 -9.951792687297881246e-01 -1.213851778331071288e-02
1.005231488360373293e-01 -9.948726468976584192e-01 -1.111419502195485319e-02
1.033794368047314255e-01 -9.945910779293549719e-01 -1.006439325558151736e-02
1.058816130455147997e-01 -9.943380881027616969e-01 -8.992373367140472223e-03
1.080249983784240808e-01 -9.941167831494541751e-01 -7.901478534817547861e-03
1.098060055583573724e-01 -9.939298162324484709e-01 -6.795123731730552154e-03
1.112221494750818829e-01 -9.937793616988748191e-01 -5.676784795014796874e-03
1.122720547461916879e-01 -9.936670949139769782e-01 -4.549987104567567407e-03
1.129554607224837748e-01 -9.935941784086694817e-01 -3.418293914861157516e-03
1.132732239042033157e-01 -9.935612544953833503e-01 -2.285294386043376300e-03
1.132273177442047196e-01 -9.935684444269485827e-01 -1.154591362995328408e-03
1.128208297912571823e-01 -9.936153540916982108e-01 -2.978895308735187222e-05
1.120579561044966477e-01 -9.937010861557648012e-01 1.085520044949748542e-03
1.109439928493928390e-01 -9.938242584816435743e-01 2.187766807348432742e-03
1.094853249675313278e-01 -9.939830285715202107e-01 3.273419192267007071e-03
1.076894117979158433e-01 -9.941751237056097867e-01 4.338994432371214016e-03
1.055647695171891692e-01 -9.943978763708669621e-01 5.381071757944385497e-03
1.031209502608489981e-01 -9.946482645049250504e-01 6.396304895743029455e-03
1.003685177877487317e-01 -9.949229560150247842e-01 7.381434389479364644e-03
9.731901955630992140e-02 -9.952183569729879942e-01 8.333299688808817884e-03
9.398495509314075402e-02 -9.955306628359209542e-01 9.248850954999086188e-03
9.037974055317185562e-02 -9.958559119991824415e-01 1.012516053302462728e-02
8.651766939481290997e-02 -9.961900409540181967e-01 1.095943404163024493e-02
8.241386912363446449e-02 -9.965289402978508848e-01 1.174902103490180899e-02
7.808425409314198595e-02 -9.968685108310935128e-01 1.249142519103233970e-02
7.354547439061667746e-02 -9.972047189709751791e-01 1.318431398623957397e-02
6.881486087888619152e-02 -9.975336507204976000e-01 1.382552781413979442e-02
6.391036651027121041e-02 -9.978515634494043995e-01 1.441308851327852830e-02
5.885050407575062592e-02 -9.981549347738608580e-01 1.494520726793150539e-02
5.365428059945837047e-02 -9.984405078621523266e-01 1.542029184969414407e-02
4.834112863480287403e-02 -9.987053325446602070e-01 1.583695316975543971e-02
4.293083476263024473e-02 -9.989468016670109973e-01 1.619401111408971111e-02
3.744346563282716089e-02 -9.991626821947960924e-01 1.649049963609104663e-02
3.189929192755246168e-02 -9.993511406556051524e-01 1.672567108342140965e-02
2.631871065598524392e-02 -9.995107625881494151e-01 1.689899973805148933e-02
2.072216621631269018e-02 -9.996405657576641346e-01 1.701018455065725701e-02
1.513007068004898655e-02 -9.997400069901537512e-01 1.705915105271343934e-02
9.562723766259707131e-03 -9.998089825738742942e-01 1.704605243182098773e-02
4.040232978642360230e-03 -9.998478222731761456e-01 1.697126975804498158e-02
-1.417565623334625206e-03 -9.998572770958679135e-01 1.683541135134999228e-02
-6.791185556722161357e-03 -9.998385010490261626e-01 1.663931128262910800e-02
-1.206156650355127632e-02 -9.997930272081322345e-01 1.638402700335701151e-02
-1.721014892946553382e-02 -9.997227385090831087e-01 1.607083610157973921e-02
-2.221894633307494593e-02 -9.996298337506294152e-01 1.570123218480333829e-02
-2.707061475756705748e-02 -9.995167893648819746e-01 1.527691989337427204e-02
-3.174851923057735170e-02 -9.993863175745912875e-01 1.479980905116391049e-02
-3.623679683524046180e-02 -9.992413216069957471e-01 1.427200796377861916e-02
-4.052041615365117866e-02 -9.990848486743838519e-01 1.369581587810991125e-02
-4.458523286259580970e-02 -9.989200414605432510e-01 1.307371462080253455e-02
-4.841804129934158124e-02 -9.987500888695853840e-01 1.240835943713232414e-02
-5.200662185153594880e-02 -9.985781767990450364e-01 1.170256905582377910e-02
-5.533978405901326947e-02 -9.984074396926606587e-01 1.095931500946757849e-02
-5.840740534580696891e-02 -9.982409136100283131e-01 1.018171024438374941e-02
-6.120046532734825517e-02 -9.980814915207575355e-01 9.372997057976208135e-03
-6.371107566029582392e-02 -9.979318814903780366e-01 8.536534405795288133e-03
-6.593250542046527607e-02 -9.977945683747422301e-01 7.675784624621183501e-03
-6.785920200787955159e-02 -9.976717795798805133e-01 6.794299621856812743e-03
-6.948680758719573414e-02 -9.975654553761518217e-01 5.895706585327367862e-03
-7.081217107700915614e-02 -9.974772241801764805e-01 4.983693271180929252e-03
-7.183335570328416853e-02 -9.974083831366131747e-01 4.061992930926958296e-03
-7.254964213104519999e-02 -9.973598842456075086e-01 3.134368941697071240e-03
-7.296152718522999625e-02 -9.973323261920188365e-01 2.204599206528251761e-03
-7.307071816709116707e-02 -9.973259519407031704e-01 1.276460393819596386e-03
-7.288383652303702387e-02 -9.973403780232197313e-01 3.611292518453142067e-04
-7.240746142311892120e-02 -9.973749966310366810e-01 -5.379311914517647709e-04
-7.164918591856184182e-02 -9.974288941562633459e-01 -1.417420862766018315e-03
-7.061755874502315122e-02 -9.975008783284853298e-01 -2.274211822735254865e-03
-6.932202426778287518e-02 -9.975895086228954156e-01 -3.105356373881746831e-03
-6.777286080207324537e-02 -9.976931292927664341e-01 -3.908094096078026589e-03
-6.598111753539406821e-02 -9.978099043701040838e-01 -4.679857813684502529e-03
-6.395855027537578064e-02 -9.979378539801322390e-01 -5.418278503680274902e-03
-6.171755624619688907e-02 -9.980748913274715139e-01 -6.121189159155793549e-03
-5.927110815827940637e-02 -9.982188597337191549e-01 -6.786627627410697118e-03
-5.663268777943237381e-02 -9.983675691367623894e-01 -7.412838446556936113e-03
-5.381621924019632658e-02 -9.985188315006066073e-01 -7.998273708922433098e-03
-5.083600231123892865e-02 -9.986704946297426666e-01 -8.541592983643448572e-03
-4.770664589564767299e-02 -9.988204739330390769e-01 -9.041662334588158184e-03
-4.444300198326846946e-02 -9.989667817376951531e-01 -9.497552473138716825e-03
-4.106010031730906312e-02 -9.991075538128024736e-01 -9.908536088349573223e-03
-3.757308402479098142e-02 -9.992410728233868111e-01 -1.027408439957804356e-02
-3.399714646170286930e-02 -9.993657884983315753e-01 -1.059386297883846070e-02
-3.034746952058490002e-02 -9.994803343582275845e-01 -1.086772689186013552e-02
-2.663916364255930480e-02 -9.995835409109329328e-01 -1.109571520813557727e-02
-2.288720976741836360e-02 -9.996744452824989358e-01 -1.127804493113941826e-02
-1.910640344428815585e-02 -9.997522973082496600e-01 -1.141510440039683431e-02
-1.531130131169755604e-02 -9.998165621624173216e-01 -1.150744621720498247e-02
-1.151617013977444814e-02 -9.998669196541536408e-01 -1.155577974558865025e-02
-7.734938609015798092e-03 -9.999032603623981830e-01 -1.156096323953187573e-02
-3.981151979946707595e-03 -9.999256788215321601e-01 -1.152399564670349152e-02
-2.679297863539473190e-04 -9.999344640036527121e-01 -1.144600813782024364e-02
3.392073337957488607e-03 -9.999300873714459525e-01 -1.132825540950101184e-02
6.986703612372231406e-03 -9.999131887979079147e-01 -1.117210680699379059e-02
1.050434077984667425e-02 -9.998845606655683005e-01 -1.097903731153638401e-02
1.393392745528119168e-02 -9.998451304685032071e-01 -1.075061843537315938e-02
1.726499513580496276e-02 -9.997959422454759659e-01 -1.048850906562222296e-02
2.048768687915192288e-02 -9.997381371722877663e-01 -1.019444629629543374e-02
2.359277667739912571e-02 -9.996729336361910301e-01 -9.870236285840282980e-03
2.657168557300101930e-02 -9.996016071054231178e-01 -9.517745175616607392e-03
2.941649458206746851e-02 -9.995254700929929736e-01 -9.138890102758267381e-03
3.211995450603453983e-02 -9.994458524962879231e-01 -8.735630338912503401e-03
3.467549272715235442e-02 -9.993640825733637323e-01 -8.309958584407100071e-03
3.707721709550290679e-02 -9.992814687934559181e-01 -7.863892445474387344e-03
3.931991702555066859e-02 -9.991992827738319649e-01 -7.399466120265475039e-03
4.139906192855341560e-02 -9.991187434881038110e-01 -6.918722317520139935e-03
4.331079711359327178e-02 -9.990410029030458716e-01 -6.423704429917905662e-03
4.505193729463742580e-02 -9.989671331722994596e-01 -5.916448982323174559e-03
4.661995784404004972e-02 -9.988981154865447243e-01 -5.398978373350222723e-03
4.801298393441149476e-02 -9.988348306512155883e-01 -4.873293926910313156e-03
4.922977771098117905e-02 -9.987780514350089733e-01 -4.341369268660875101e-03
5.026972363565068713e-02 -9.987284367056528112e-01 -3.805144040553620245e-03
5.113281214205969011e-02 -9.986865273439596846e-01 -3.266517964973012118e-03
5.181962173835377716e-02 -9.986527439033732190e-01 -2.727345268267767752e-03
5.233129969112611940e-02 -9.986273859602474712e-01 -2.189429471805878769e-03
5.266954142037014869e-02 -9.986106330801639563e-01 -1.654518557028863794e-03
5.283656873137702187e-02 -9.986025473078441461e-01 -1.124300509345297662e-03
5.283510700547245503e-02 -9.986030770727514216e-01 -6.003992440899314767e-04
5.266836146742467917e-02 -9.986120623893754988e-01 -8.437091618655138264e-05
5.233999264336054030e-02 -9.986292412204733626e-01 4.222993864052815814e-04
5.185409111917092112e-02 -9.986542568632135186e-01 9.182005669020096945e-04
5.121515170571936532e-02 -9.986866662121882676e-01 1.401998064489930760e-03
5.042804711371925985e-02 -9.987259487495691035e-01 1.872436024058038223e-03
4.949800123792662959e-02 -9.987715161111831996e-01 2.328339096605653181e-03
4.843056214730320774e-02 -9.988227220778808091e-01 2.768613877378273396e-03
4.723157487501843110e-02 -9.988788728440999298e-01 3.192249990034692116e-03
4.590715409954934656e-02 -9.989392374198746705e-01 3.598320826323608834e-03
4.446365680566387313e-02 -9.990030580285053086e-01 3.985983951842593694e-03
4.290765501168936763e-02 -9.990695603695338711e-01 4.354481189460918632e-03
4.124590864712488619e-02 -9.991379636253702179e-01 4.703138392905636782e-03
3.948533866230023726e-02 -9.992074900996896769e-01 5.031364923833426400e-03
3.763300044936760541e-02 -9.992773743863909708e-01 5.338652846436116664e-03
3.569605765138403330e-02 -9.993468719792613086e-01 5.624575854253374349e-03
3.368175643356294269e-02 -9.994152672443551433e-01 5.888787944390769941e-03
3.159740028790292143e-02 -9.994818806892744600e-01 6.131021854765320543e-03
2.945032543931322758e-02 -9.995460754758526134e-01 6.351087280324674983e-03
2.724787691802587827e-02 -9.996072631350313431e-01 6.548868884412363880e-03
2.499738535950154703e-02 -9.996649084548169251e-01 6.724324121582897669e-03
2.270614458919621367e-02 -9.997185335239636705e-01 6.877480888210788824e-03
2.038139004546209165e-02 -9.997677209253276187e-01 7.008435017191300825e-03
1.803027808952246611e-02 -9.998121160835438115e-01 7.117347632903101885e-03
1.565986624690540382e-02 -9.998514287817023005e-01 7.204442382399790790e-03
1.327709441997286174e-02 -9.998854338709493028e-01 7.270002558524552363e-03
1.088876710627161709e-02 -9.999139712053438656e-01 7.314368130306549316e-03
8.501536652397960817e-03 -9.999369448418070627e-01 7.337932695605587155e-03
6.121887567949534960e-03 -9.999543215515709349e-01 7.341140370529926525e-03
3.756121918978201548e-03 -9.999661286951383454e-01 7.324482629667401767e-03
1.410345815201296139e-03 -9.999724515174037709e-01 7.288495110648833715e-03
-9.095429998805756346e-04 -9.999734299232478918e-01 7.233754396011375827e-03
-3.197866451829674966e-03 -9.999692547966380074e-01 7.160874784753815982e-03
-5.449176331838253944e-03 -9.999601639280560894e-01 7.070505065381707359e-03
-7.658263392489499458e-03 -9.999464376159817869e-01 6.963325301632595880e-03
-9.820165352694665631e-03 -9.999283940082237532e-01 6.840043641455380644e-03
-1.193017382606063187e-02 -9.999063842481726860e-01 6.701393159197229117e-03
-1.398384019094919307e-02 -9.998807874896056269e-01 6.548128740330262654e-03
-1.597698042420923892e-02 -9.998520058415677481e-01 6.381024017431767732e-03
-1.790567892397804811e-02 -9.998204593021632336e-01 6.200868365518806199e-03
-1.976629135004533480e-02 -9.997865807368769842e-01 6.008463964233184962e-03
-2.155544651304567433e-02 -9.997508109533904674e-01 5.804622933777854252e-03
-2.327004734618794840e-02 -9.997135939208287025e-01 5.590164550922433438e-03
-2.490727099534560326e-02 -9.996753721770458290e-01 5.365912550825098666e-03
-2.646456806512380300e-02 -9.996365824630055741e-01 5.132692519861358285e-03
-2.793966105999755312e-02 -9.995976516185947069e-01 4.891329384108081962e-03
-2.933054206079023507e-02 -9.995589927694052967e-01 4.642644997603939151e-03
-3.063546967764954956e-02 -9.995210018291805776e-01 4.387455833995522123e-03
-3.185296532129372471e-02 -9.994840543378092912e-01 4.126570784682009885e-03
-3.298180883466403368e-02 -9.994485026500226077e-01 3.860789066090335783e-03
-3.402103352724936136e-02 -9.994146734853446290e-01 3.590898238247509748e-03
-3.496992065426540730e-02 -9.993828658454190217e-01 3.317672336366921972e-03
-3.582799338259593652e-02 -9.993533493006135915e-01 3.041870116731133777e-03
-3.659501028495700664e-02 -9.993263626438286806e-01 2.764233417734769140e-03
-3.727095840314768871e-02 -9.993021129057333418e-01 2.485485636547664356e-03
-3.785604592052221884e-02 -9.992807747222399728e-01 2.206330321470454693e-03
-3.835069448297747513e-02 -9.992624900419337930e-01 1.927449879682306948e-03
-3.875553120681384661e-02 -9.992473681583972089e-01 1.649504399723710065e-03
-3.907138041081299751e-02 -9.992354860499338409e-01 1.373130587716244995e-03
-3.929925510879792028e-02 -9.992268890070907794e-01 1.098940815996288841e-03
-3.944034829781190021e-02 -9.992215915266171589e-01 8.275222825309205572e-04
-3.949602407588572589e-02 -9.992195784490638388e-01 5.594362791921526478e-04
-3.946780862216670016e-02 -9.992208063161255316e-01 2.952175666903244025e-04
-3.935738107096748567e-02 -9.992252049230394562e-01 3.537385370935359130e-05
-3.916656431006503708e-02 -9.992326790408703197e-01 -2.196146224541255438e-04
-3.889731573234557482e-02 -9.992431102833135848e-01 -4.692954166686327008e-04
-3.855171796865578676e-02 -9.992563590927266981e-01 -7.132441012885120052e-04
-3.813196962848650756e-02 -9.992722668204209180e-01 -9.510643993298485395e-04
-3.764037607388632384e-02 -9.992906578768059322e-01 -1.182388228982303967e-03
-3.707934025078006568e-02 -9.993113419277469545e-01 -1.406875663087222205e-03
-3.645135360065290125e-02 -9.993341161144488893e-01 -1.624214807343436371e-03
-3.575898707435493790e-02 -9.993587672753027062e-01 -1.834121601114705076e-03
-3.500488226858455842e-02 -9.993850741493921497e-01 -2.036339544806719994e-03
-3.419174270442085217e-02 -9.994128095427425862e-01 -2.230639357857345725e-03
-3.332232526609660989e-02 -9.994417424398722716e-01 -2.416818571441433500e-03
-3.239943181703324598e-02 -9.994716400447644089e-01 -2.594701060031565695e-03
-3.142590100899722572e-02 -9.995022697369885245e-01 -2.764136515978858968e-03
-3.040460029908460815e-02 -9.995334009303441514e-01 -2.924999871284010827e-03
-2.933841818809576618e-02 -9.995648068230637007e-01 -3.077190670718734939e-03
-2.823025669272707233e-02 -9.995962660302679659e-01 -3.220632400432234428e-03
-2.708302406288047234e-02 -9.996275640910107230e-01 -3.355271776137200897e-03
-2.589962775427667729e-02 -9.996584948438542728e-01 -3.481077994915752170e-03
-2.468296766545404267e-02 -9.996888616664780791e-01 -3.598041954618645157e-03
-2.343592964714459256e-02 -9.997184785763223447e-01 -3.706175444751871970e-03
-2.216137929094275441e-02 -9.997471711906993352e-01 -3.805510312654344484e-03
-2.086215600312299120e-02 -9.997747775461528486e-01 -3.896097608669734248e-03
-1.954106736842170511e-02 -9.998011487781125473e-01 -3.978006713905646481e-03
-1.820088380757890756e-02 -9.998261496630564960e-01 -4.051324454055173913e-03
-1.684433353143832690e-02 -9.998496590264690509e-01 -4.116154202630449219e-03
-1.547409779343346219e-02 -9.998715700208486989e-01 -4.172614976826123298e-03
-1.409280644134386709e-02 -9.998917902788877488e-01 -4.220840529093666457e-03
-1.270303376829322838e-02 -9.999102419477055026e-01 -4.260978437365968430e-03
-1.130729466208085614e-02 -9.999268616106732344e-01 -4.293189196726836417e-03
-9.908041051093366761e-03 -9.999416001039210800e-01 -4.317645315172488965e-03
-8.507658644235712928e-03 -9.999544222350694733e-01 -4.334530415962908716e-03
-7.108463961552317564e-03 -9.999653064120788137e-01 -4.344038348910672642e-03
-5.712701651481640053e-03 -9.999742441903709533e-01 -4.346372312804433653e-03
-4.322542090002660237e-03 -9.999812397465432934e-01 -4.341743991014231953e-03
-2.939470801908216930e-03 -9.999863101546476729e-01 -4.330585416815389138e-03
-1.565584826935444021e-03 -9.999894816019196941e-01 -4.312839455934872057e-03
-2.029902928070625653e-04 -9.999907913815205829e-01 -4.288461329499397741e-03
1.146201753019194863e-03 -9.999902877314836847e-01 -4.257418998423945743e-03
2.479879616527518645e-03 -9.999880295956414811e-01 -4.219693525105862493e-03
3.795935326565797255e-03 -9.999840863065114771e-01 -4.175279410711177364e-03
5.092269091326602493e-03 -9.999785371907459197e-01 -4.124184906355966330e-03
6.366793832215148288e-03 -9.999714710983921284e-01 -4.066432296508521761e-03
7.617439784964812055e-03 -9.999629858578618080e-01 -4.002058152967909350e-03
8.842159157414880219e-03 -9.999531876591680746e-01 -3.931113557811482737e-03
1.003893083294218891e-02 -9.999421903686447344e-01 -3.853664293748175224e-03
1.120576510813980388e-02 -9.999301147790162769e-01 -3.769791000366108386e-03
1.234070845296339480e-02 -9.999170877993245332e-01 -3.679589294822288147e-03
1.344184828122063635e-02 -9.999032415898390092e-01 -3.583169855589025607e-03
1.450731771896225826e-02 -9.998887126476715403e-01 -3.480658467946212350e-03
1.553530035804610680e-02 -9.998736408493782424e-01 -3.372196029990700075e-03
1.652403498188898326e-02 -9.998581684573556450e-01 -3.257938518023736473e-03
1.747182025019578672e-02 -9.998424390973165155e-01 -3.138056910274577681e-03
1.837701932926255610e-02 -9.998265967145574251e-01 -3.012737068022903423e-03
1.923806445428994857e-02 -9.998107845171022579e-01 -2.882179573294313835e-03
2.005346141001735846e-02 -9.997951439141120611e-01 -2.746599522421752735e-03
2.082179391589577058e-02 -9.997798134581934448e-01 -2.606226274890897920e-03
2.154172790196011433e-02 -9.997649278004046014e-01 -2.461303157019084989e-03
2.221201566154020618e-02 -9.997506166668497229e-01 -2.312087120154788025e-03
2.283149986696356853e-02 -9.997370038657659164e-01 -2.158848353227713675e-03
2.339911743445445905e-02 -9.997242063339327744e-01 -2.001869849627667137e-03
2.391390322452183193e-02 -9.997123332310834387e-01 -1.841446928543113114e-03
2.437499356425548019e-02 -9.997014850907505190e-01 -1.677886711047197645e-03
2.478162957811499284e-02 -9.996917530356560500e-01 -1.511507551379424148e-03
2.513316031400139594e-02 -9.996832180653397737e-01 -1.342638424034593844e-03
2.542904565164719882e-02 -9.996759504232233251e-01 -1.171618267436426875e-03
2.566885898064805507e-02 -9.996700090497279145e-01 -9.987952851408699213e-04
2.585228963578958816e-02 -9.996654411274052965e-01 -8.245262056828257108e-04
2.597914507769682677e-02 -9.996622817233106195e-01 -6.491755023492610296e-04
2.604935280725277288e-02 -9.996605535330417291e-01 -4.731145743307012264e-04
2.606296200269742416e-02 -9.996602667300067413e-01 -2.967208908713384421e-04
2.602014486883078015e-02 -9.996614189225597746e-01 -1.203771002046942224e-04
2.592119768830346629e-02 -9.996639952206767266e-01 5.552989477368642157e-05
2.576654156558803171e-02 -9.996679684128315646e-01 2.306098919833377784e-04
2.555672285488327922e-02 -9.996732992526974337e-01 4.044703745144136576e-04
2.529241326391387656e-02 -9.996799368542338415e-01 5.767175214362780817e-04
2.497440962634861483e-02 -9.996878191926540369e-01 7.469572424845395252e-04
2.460363333637300559e-02 -9.996968737076964429e-01 9.147962339081370554e-04
2.418112943981551299e-02 -9.997070180045679599e-01 1.079843052620364915e-03
2.370806537714119713e-02 -9.997181606468947823e-01 1.241709205666660914e-03
2.318572937459100966e-02 -9.997302020350188334e-01 1.400010251898179976e-03
2.261552848075836300e-02 -9.997430353620292420e-01 1.554366912624194049e-03
2.199898624695508995e-02 -9.997565476390258832e-01 1.704406187908771766e-03
2.133774005082459541e-02 -9.997706207802915523e-01 1.849762475078523634e-03
2.063353806380800390e-02 -9.997851327383090458e-01 1.990078685918985832e-03
1.988823586425658013e-02 -9.997999586779081627e-01 2.125007358957959648e-03
1.910379269920670434e-02 -9.998149721782783050e-01 2.254211763165318155e-03
1.828226739908827420e-02 -9.998300464511419294e-01 2.377366989340903587e-03
1.742581395091876567e-02 -9.998450555630579162e-01 2.494161025415640460e-03
1.653667673683820519e-02 -9.998598756496216433e-01 2.604295811856300463e-03
1.561718544615929918e-02 -9.998743861092552754e-01 2.707488273341911687e-03
1.466974967043598206e-02 -9.998884707643371783e-01 2.803471322870007727e-03
1.369685319238607771e-02 -9.999020189776133272e-01 2.891994834454145267e-03
1.270104798083302247e-02 -9.999149267121574258e-01 2.972826580590740876e-03
1.168494790515056322e-02 -9.999270975236097536e-01 3.045753130703632381e-03
1.065122218399577360e-02 -9.999384434740175021e-01 3.110580706819180384e-03
9.602588584392378682e-03 -9.999488859573208988e-01 3.167135992783457615e-03
8.541806388470709471e-03 -9.999583564273741842e-01 3.215266893406407058e-03
7.471669146375416355e-03 -9.999667970203511835e-01 3.254843240005985024e-03
6.394997235009923335e-03 -9.999741610644531375e-01 3.285757438928438561e-03
5.314630243390599217e-03 -9.999804134709994186e-01 3.307925059739122257e-03
4.233419206426817030e-03 -9.999855310022329746e-01 3.321285359911739076e-03
3.154218709919076949e-03 -9.999895024124924037e-01 3.325801742992628984e-03
2.079878890470056481e-03 -9.999923284607835638e-01 3.321462147380689969e-03
1.013237354827227878e-03 -9.999940217942049347e-01 3.308279363042637960e-03
-4.288895608457114587e-05 -9.999946067031305619e-01 3.286291273677428154e-03
-1.085711932531076068e-03 -9.999941187505126949e-01 3.255561022052537879e-03
-2.112480464268951755e-03 -9.999926042791179581e-01 3.216177096458166726e-03
-3.120488584847866571e-03 -9.999901198019358617e-01 3.168253336462837407e-03
-4.107083564619760756e-03 -9.999867312823815801e-01 3.111928856404912180e-03
-5.069673924897874669e-03 -9.999825133122368648e-01 3.047367885318636154e-03
-6.005737345547741170e-03 -9.999775481965185175e-01 2.974759522269789045e-03
-6.912828438235522725e-03 -9.999719249556107137e-01 2.894317406364165825e-03
-7.788586357606324881e-03 -9.999657382560399599e-01 2.806279300991058531e-03
-8.630742222816402756e-03 -9.999590872821845222e-01 2.710906592172746075e-03
-9.437126322098110878e-03 -9.999520745619862039e-01 2.608483701208694390e-03
-1.020567507339417354e-02 -9.999448047603588519e-01 2.499317412128638973e-03
-1.093443771455720158e-02 -9.999373834544528217e-01 2.383736114800718425e-03
-1.162158269716998503e-02 -9.999299159052316144e-01 2.262088964878140700e-03
-1.226540375870022008e-02 -9.999225058399376920e-01 2.134744962109073885e-03
-1.286432564845822225e-02 -9.999152542599665239e-01 2.002091948878187075e-03
-1.341690948367589564e-02 -9.999082582884289971e-01 1.864535531193010865e-03
-1.392185771296772581e-02 -9.999016100712617705e-01 1.722497924672515123e-03
-1.437801866546788328e-02 -9.998953957451460761e-01 1.576416728437410406e-03
-1.478439066505948460e-02 -9.998896944847263102e-01 1.426743630140070180e-03
-1.514012569032071980e-02 -9.998845776406805053e-01 1.273943045704974781e-03
-1.544453256210573736e-02 -9.998801079791057589e-01 1.118490697676532411e-03
-1.569707964205388842e-02 -9.998763390314437949e-01 9.608721363883700921e-04
-1.589739702677701871e-02 -9.998733145628110330e-01 8.015812084750338889e-04
-1.604527822400873480e-02 -9.998710681651172827e-01 6.411184775418392800e-04
-1.614068129860977974e-02 -9.998696229797893187e-01 4.799896020897380941e-04
-1.618372947800722148e-02 -9.998689915532673611e-01 3.187036760579250159e-04
-1.617471120839947263e-02 -9.998691758267431728e-01 1.577715375959352613e-04
