1.000000000000000000e+00 0.000000000000000000e+00 0.000000000000000000e+00
9.999999983746098442e-01 -2.580991179289728445e-05 5.083975411110115938e-05
9.999999840782258786e-01 -9.319290046165693757e-05 1.521805624844277925e-04
9.999999301969249021e-01 -2.177929557593136700e-04 3.036005272377851217e-04
9.999997865349217196e-01 -4.151091531301417991e-04 5.045955089873867868e-04
9.999994699770634599e-01 -7.004702182758159538e-04 7.545802083480471776e-04
9.999988527443333108e-01 -1.089009421637207077e-03 1.052889366607183408e-03
9.999977486789719539e-01 -1.595639822782097487e-03 1.398779079192833015e-03
9.999958977143615924e-01 -2.235029877580020294e-03 1.791428215150192875e-03
9.999929487021564922e-01 -3.021579413432537269e-03 2.229939935633622455e-03
9.999884407851924450e-01 -3.969395969955600775e-03 2.713343304425558985e-03
9.999817835194093618e-01 -5.092271494640167144e-03 3.240594983719168043e-03
9.999722359613056888e-01 -6.403659375417613576e-03 3.810581008851256918e-03
9.999588849492835330e-01 -7.916651785001428687e-03 4.422118636343955883e-03
9.999406228175894418e-01 -9.643957305638403352e-03 5.073958260500318306e-03
9.999161247903987082e-01 -1.159787879774631242e-02 5.764785394887121835e-03
9.998838263108984492e-01 -1.379029147209348896e-02 6.493222716309211481e-03
9.998419005659812120e-01 -1.623262112292352469e-02 7.257832170309905587e-03
9.997882364713482906e-01 -1.893582247895705950e-02 8.057117138792511263e-03
9.997204173844096431e-01 -2.191035763069583420e-02 8.889524672015543250e-03
9.996357008133204269e-01 -2.516617449606229837e-02 9.753447788931233001e-03
9.995309993897735223e-01 -2.871268529224445948e-02 1.064722785157216911e-02
9.994028633707077169e-01 -3.255874498975165621e-02 1.156915702090003870e-02
9.992474649298271894e-01 -3.671262973514909100e-02 1.251748080316654813e-02
9.990605844936669699e-01 -4.118201524170406885e-02 1.349040069735114693e-02
9.988375993687919063e-01 -4.597395516217066269e-02 1.448607695558329703e-02
9.985734748964595342e-01 -5.109485947503231151e-02 1.550263146957899484e-02
9.982627583586046738e-01 -5.655047293452816759e-02 1.653815079697288498e-02
9.978995758441775443e-01 -6.234585365546556346e-02 1.759068934196114653e-02
9.974776322675796836e-01 -6.848535192586599485e-02 1.865827270484196956e-02
9.969902147110656365e-01 -7.497258936354739278e-02 1.973890121480905216e-02
9.964301992404223096e-01 -8.181043855639644202e-02 2.083055365968383352e-02
9.957900613179260230e-01 -8.900100334986504880e-02 2.193119122513492378e-02
9.950618899084665570e-01 -9.654559996862091542e-02 2.303876165430694678e-02
9.942374053438243209e-01 -1.044447391817375920e-01 2.415120363665311173e-02
9.933079809764456813e-01 -1.126981097417365935e-01 2.526645143213380670e-02
9.922646686178009379e-01 -1.213045633465817813e-01 2.638243973381565813e-02
9.910982277177262656e-01 -1.302621013897510560e-01 2.749710876830272280e-02
9.897991582003046185e-01 -1.395678637761535446e-01 2.860840962938695706e-02
9.883577368292000287e-01 -1.492181200903195948e-01 2.971430983586587082e-02
9.867640569313567145e-01 -1.592082634073989089e-01 3.081279909970137398e-02
9.850080712631484881e-01 -1.695328070365462181e-01 3.190189528565927357e-02
9.830796377580326428e-01 -1.801853844798103899e-01 3.297965053835992533e-02
9.809685678502254591e-01 -1.911587528773206479e-01 3.404415754738556593e-02
9.786646770256469674e-01 -2.024448001911392236e-01 3.509355591583754319e-02
9.761578372102087675e-01 -2.140345563555040853e-01 3.612603859263368439e-02
9.734380305673129286e-01 -2.259182085903408688e-01 3.713985832400522324e-02
9.704954042420794735e-01 -2.380851210380529603e-01 3.813333407522008500e-02
9.673203255602176309e-01 -2.505238588410364509e-01 3.910485736964952608e-02
9.639034371654535693e-01 -2.632222167296087711e-01 4.005289848903068051e-02
9.602357115618292971e-01 -2.761672521377468992e-01 4.097601247627134791e-02
9.563085045167057929e-01 -2.893453228080158368e-01 4.187284488049879128e-02
9.521136067775417544e-01 -3.027421287882910983e-01 4.274213718335744677e-02
9.476432935609332420e-01 -3.163427586624188992e-01 4.358273184588083715e-02
9.428903712862910513e-01 -3.301317397960022992e-01 4.439357691664616579e-02
9.378482210490104443e-01 -3.440930923183007639e-01 4.517373014438858664e-02
9.325108383589706396e-01 -3.582103865030832335e-01 4.592236254180161181e-02
9.268728687093938934e-01 -3.724668031564746240e-01 4.663876135184809313e-02
9.209296385880021418e-01 -3.868451965696462769e-01 4.732233237349382782e-02
9.146771815963284924e-01 -4.013281595498093268e-01 4.797260161026585534e-02
9.081122594030797135e-01 -4.158980900054545238e-01 4.858921621231834104e-02
9.012323773225480172e-01 -4.305372585320738077e-01 4.917194469062625278e-02
8.940357943780290473e-01 -4.452278764234511299e-01 4.972067639036679976e-02
8.865215277817033446e-01 -4.599521635215791937e-01 5.023542021932307644e-02
8.786893518350947785e-01 -4.746924153156744097e-01 5.071630263607437156e-02
8.705397913266068599e-01 -4.894310687077270683e-01 5.116356491164057718e-02
8.620741095733392978e-01 -5.041507658784056822e-01 5.157755968694095056e-02
8.532942913220304959e-01 -5.188344157125660550e-01 5.195874685673419063e-02
8.442030207872798231e-01 -5.334652522775200634e-01 5.230768881846136614e-02
8.348036551630098057e-01 -5.480268898888173146e-01 5.262504513146676333e-02
8.251001939944245800e-01 -5.625033743466330005e-01 5.291156663829465340e-02
8.150972448416836658e-01 -5.768792299798526368e-01 5.316808910504577934e-02
8.047999857024974446e-01 -5.911395021934042759e-01 5.339552644204620391e-02
7.942141246884465433e-01 -6.052697952760520694e-01 5.359486356927910256e-02
7.833458574688091369e-01 -6.192563052894447528e-01 5.376714899313206342e-02
7.722018230060511135e-01 -6.330858479234303671e-01 5.391348716201987967e-02
7.607890581090824833e-01 -6.467458812662741918e-01 5.403503066838325625e-02
7.491149513242848501e-01 -6.602245235002850432e-01 5.413297236348869890e-02
7.371871966707086443e-01 -6.735105655924276125e-01 5.420853744943659319e-02
7.250137477053939516e-01 -6.865934791048339259e-01 5.426297560991309027e-02
7.126027723782724088e-01 -6.994634193009526824e-01 5.429755323760160346e-02
6.999626091044151011e-01 -7.121112237687591273e-01 5.431354581191566444e-02
6.871017244454195039e-01 -7.245284068225180674e-01 5.431223047594854053e-02
6.740286727524129606e-01 -7.367071499787386513e-01 5.429487885637979128e-02
6.607520580814146838e-01 -7.486402888300220937e-01 5.426275016465882672e-02
6.472804986485555245e-01 -7.603212966624715019e-01 5.421708461221994013e-02
6.336225940487490993e-01 -7.717442651783151808e-01 5.415909716688537684e-02
6.197868954176322109e-01 -7.829038826956281616e-01 5.408997167208735857e-02
6.057818786736528516e-01 -7.937954102018484059e-01 5.401085534518031833e-02
5.916159209356980364e-01 -8.044146556375767476e-01 5.392285366600321761e-02
5.772972801721470981e-01 -8.147579467823964361e-01 5.382702566205806866e-02
5.628340781001313076e-01 -8.248221031056506281e-01 5.372437959225144499e-02
5.482342863194072935e-01 -8.346044069328113491e-01 5.361586902714472747e-02
5.335057156338485207e-01 -8.441025742627982220e-01 5.350238932010722981e-02
5.186560084852623875e-01 -8.533147255538932052e-01 5.338477446068427834e-02
5.036926343991314781e-01 -8.622393567762619560e-01 5.326379429888820904e-02
4.886228883199323358e-01 -8.708753110080199589e-01 5.314015212699380042e-02
4.734538916948525800e-01 -8.792217508297153206e-01 5.301448260376099425e-02
4.581925961488723664e-01 -8.872781317494468079e-01 5.288735000480074971e-02
4.428457895811432343e-01 -8.950441768679487931e-01 5.275924678202156132e-02
4.274201045021892575e-01 -9.025198529701603523e-01 5.263059241471697985e-02
4.119220284234503260e-01 -9.097053482073054198e-01 5.250173253484741870e-02
3.963700395976522128e-01 -9.165969340714172908e-01 5.235324362257549879e-02
3.807754375500445598e-01 -9.231936908362677885e-01 5.218702231186575502e-02
3.651490282140440469e-01 -9.294953945005841600e-01 5.200489128984192577e-02
3.495011108151930834e-01 -9.355024600847817728e-01 5.180859599890693529e-02
3.338414692646012871e-01 -9.412158858211228107e-01 5.159980200793421595e-02
3.181793677820553001e-01 -9.466371986334354283e-01 5.138009301010291324e-02
3.025235504482474136e-01 -9.517684012499285640e-01 5.115096940258483799e-02
2.868822443715621229e-01 -9.566119212414196937e-01 5.091384740182726409e-02
2.712631661469385724e-01 -9.611705622281595529e-01 5.067005864752537753e-02
2.556735312818155803e-01 -9.654474574519382735e-01 5.042085024845056190e-02
2.401200662663713625e-01 -9.694460258667303432e-01 5.016738522400203404e-02
2.246090229715055619e-01 -9.731699308610627375e-01 4.991074329658742870e-02
2.091461950676035131e-01 -9.766230416887778931e-01 4.965192199162263981e-02
1.937369361694380454e-01 -9.798093976519863801e-01 4.939183800398799784e-02
1.783861794270054923e-01 -9.827331750507747321e-01 4.913132879210634074e-02
1.630984582981171438e-01 -9.853986568885847452e-01 4.887115436334692892e-02
1.478779282556817454e-01 -9.878102052999833127e-01 4.861199921714069727e-02
1.327283892003841836e-01 -9.899722366486257696e-01 4.835447441495954735e-02
1.176533083675113112e-01 -9.918891992273771718e-01 4.809911974911402349e-02
1.026558435346725529e-01 -9.935655534795582167e-01 4.784640598511601811e-02
8.773886635483989227e-02 -9.950057546498841665e-01 4.759673715509982889e-02
7.290498565626768457e-02 -9.962142377656072467e-01 4.735045288246510220e-02
5.815657056727087382e-02 -9.971954048424009898e-01 4.710783072047516201e-02
4.349577333940761459e-02 -9.979536142053847536e-01 4.686908848999455507e-02
2.892455175723188457e-02 -9.984931718131355716e-01 4.663438660386630408e-02
1.444469103639080786e-02 -9.988183244713374487e-01 4.640383036760237917e-02
5.782512440488142558e-05 -9.989332548226568242e-01 4.617747224808380069e-02
-1.423454267002187239e-02 -9.988420780003048893e-01 4.595531410383601328e-02
-2.843101978284982845e-02 -9.985488398343638217e-01 4.573730937216032022e-02
-4.253030528994826420e-02 -9.980575165021493556e-01 4.552336520996366764e-02
-5.653117163749799001e-02 -9.973720155165015644e-01 4.531334458654058539e-02
-7.043244724575596638e-02 -9.964961779488052951e-01 4.510706832782580139e-02
-8.423300001768498080e-02 -9.954337817866300009e-01 4.490431711275953697e-02
-9.793172177803913248e-02 -9.941885463290350833e-01 4.470483342339471450e-02
-1.115275136632997294e-01 -9.927641375257362233e-01 4.450832345123270639e-02
-1.250192724783005527e-01 -9.911641741693937302e-01 4.431445896300728604e-02
-1.384058780313908166e-01 -9.893922348532089295e-01 4.412287912975176862e-02
-1.516861814564825217e-01 -9.874518656087601931e-01 4.393319232348735087e-02
-1.648589945272412316e-01 -9.853465881415385264e-01 4.374497788626756367e-02
-1.779230799659347328e-01 -9.830799085839327933e-01 4.355778787660975759e-02
-1.908771427469813653e-01 -9.806553266874613595e-01 4.337114879854493676e-02
-2.037198223929761742e-01 -9.780763453778388294e-01 4.318456331862692565e-02
-2.164496862588539128e-01 -9.753464805980173180e-01 4.299751197626534155e-02
-2.290652237978204331e-01 -9.724692713656601928e-01 4.280945489268855875e-02
-2.415648418006931530e-01 -9.694482899726148961e-01 4.261983348370670943e-02
-2.539468605982945215e-01 -9.662871522548749370e-01 4.242807218123485768e-02
-2.662095112144963749e-01 -9.629895278622925270e-01 4.223358016825649874e-02
-2.783509334553871395e-01 -9.595591504579563669e-01 4.203575313156104887e-02
-2.903691749177967907e-01 -9.559998277777256304e-01 4.183397503618010299e-02
-3.022621908980488992e-01 -9.523154514809509807e-01 4.162761992497943792e-02
-3.140223305215344984e-01 -9.485125473479069091e-01 4.139967835497821574e-02
-3.256420797662856748e-01 -9.445972969508915629e-01 4.114841893923891492e-02
-3.371136297103647372e-01 -9.405763545582647156e-01 4.087213968111597789e-02
-3.484289023796141027e-01 -9.364568607588996674e-01 4.056917308297069980e-02
-3.595795777576638597e-01 -9.322464530449464659e-01 4.023789147705466446e-02
-3.705571217861665101e-01 -9.279532731434830817e-01 3.987671255462921921e-02
-3.813528151647333497e-01 -9.235859708987459449e-01 3.948410506588182628e-02
-3.919577827428645800e-01 -9.191537045210843582e-01 3.905859465982237239e-02
-4.023630232807692830e-01 -9.146661370365701815e-01 3.859876983014833007e-02
-4.125594393428367868e-01 -9.101334287922333566e-01 3.810328793011316661e-02
-4.225378670771134937e-01 -9.055662258960439637e-01 3.757088121677275988e-02
-4.322891056268995391e-01 -9.009756444978170853e-01 3.700036288267337381e-02
-4.418039459169155192e-01 -8.963732508468982285e-01 3.639063303113197756e-02
-4.510731985567599800e-01 -8.917710370944689213e-01 3.574068454979028447e-02
-4.600877206088794802e-01 -8.871813928421903306e-01 3.504960883613700284e-02
-4.688384409772322070e-01 -8.826170724742488094e-01 3.431660132821923864e-02
-4.773163841863828361e-01 -8.780911583461916692e-01 3.354096679382639196e-02
-4.855126923389706528e-01 -8.736170199407387038e-01 3.272212433204086529e-02
-4.934186450622921605e-01 -8.692082691375013770e-01 3.185961204221170878e-02
-5.010256772819763338e-01 -8.648787117797032131e-01 3.095309131711183534e-02
-5.083253946921412192e-01 -8.606422957560605491e-01 3.000235071926724353e-02
-5.153095868266333035e-01 -8.565130558494543633e-01 2.900730940216861981e-02
-5.219702376744863592e-01 -8.525050556354522024e-01 2.796802004125259131e-02
-5.282995338240241701e-01 -8.486323267427161587e-01 2.688467124312398163e-02
-5.342898701634094527e-01 -8.449088058135197921e-01 2.575758940542682840e-02
-5.399338532101634058e-01 -8.413482695257193944e-01 2.458724000400013682e-02
-5.452243021874555451e-01 -8.379642680573885505e-01 2.337422828840984845e-02
-5.501542480099320676e-01 -8.347700573918082068e-01 2.211929937156539849e-02
-5.547169303856447353e-01 -8.317785308735775596e-01 2.082333770384147201e-02
-5.589057932823666697e-01 -8.290021504363012106e-01 1.948736592686937941e-02
-5.627144790453640910e-01 -8.264528779287330096e-01 1.811254310687864313e-02
-5.661368214886814965e-01 -8.241421069695802348e-01 1.670016235210373262e-02
-5.691668383123877906e-01 -8.220805957616157400e-01 1.525164782327731970e-02
-5.717987232232928374e-01 -8.202784012935612212e-01 1.376855115057126072e-02
-5.740268381557139810e-01 -8.187448153536730500e-01 1.225254727449088567e-02
-5.758457060014007256e-01 -8.174883027723623963e-01 1.070542973215646808e-02
-5.772500042632587869e-01 -8.165164423027831964e-01 9.129105414107016245e-03
-5.782345600457321488e-01 -8.158358705383751408e-01 7.525588820232591639e-03
-5.787943467853969848e-01 -8.154522292550590024e-01 5.896995846686242312e-03
-5.789244831084430221e-01 -8.153701165533038253e-01 4.245537138655162621e-03
-5.786202341773364344e-01 -8.155930421617179071e-01 2.573511046696091986e-03
-5.778770158572948956e-01 -8.161233872491929775e-01 8.832962269776270092e-04
-5.766904019946200721e-01 -8.169623690769113322e-01 -8.226560717633588787e-04
-5.750561350539187266e-01 -8.181100108046173158e-01 -2.541829989440515854e-03
-5.729701403104281443e-01 -8.195651167472930432e-01 -4.271653256751746855e-03
-5.704285437377935031e-01 -8.213252533585557735e-01 -6.009505568971370074e-03
-5.674276936715834108e-01 -8.233867361954663178e-01 -7.752727080309499558e-03
-5.639641862655357940e-01 -8.257446230957361522e-01 -9.498626966091799906e-03
-5.600348946920468141e-01 -8.283927137722770784e-01 -1.124449199856449207e-02
-5.556370019718518405e-01 -8.313235560014003989e-01 -1.298759508092718964e-02
-5.507680372513683587e-01 -8.345284585495238439e-01 -1.472520368328886393e-02
-5.454259152809459721e-01 -8.379975109488340124e-01 -1.645458812368797569e-02
-5.396089787844907670e-01 -8.417196101948898335e-01 -1.817302963718212677e-02
-5.333160433517513122e-01 -8.456824943986575027e-01 -1.987782817636606428e-02
-5.265464444300873570e-01 -8.498727833820496347e-01 -2.156630988759259543e-02
-5.193000859438177130e-01 -8.542760261599343652e-01 -2.323583420872082916e-02
-5.115774900271992109e-01 -8.588767552031266739e-01 -2.488380053646789200e-02
-5.033798473225233883e-01 -8.636585473265387947e-01 -2.650765441445319601e-02
-4.947090672683958079e-01 -8.686040909950177857e-01 -2.810489319684567402e-02
-4.855678277854710290e-01 -8.736952597871014969e-01 -2.967307114718630012e-02
-4.759596237580645539e-01 -8.789131917047225961e-01 -3.120980393747346815e-02
-4.658888137102658589e-01 -8.842383739655769181e-01 -3.271277251895889776e-02
-4.553606640843504971e-01 -8.896507328652779600e-01 -3.417972634327456211e-02
-4.443813905471577508e-01 -8.951297282493626550e-01 -3.560848592043910216e-02
-4.329581957761922117e-01 -9.006544520914907537e-01 -3.699694470889261511e-02
-4.210993032108849010e-01 -9.062037306345205323e-01 -3.834307034187325880e-02
-4.088139862949144998e-01 -9.117562295161910635e-01 -3.964490520404580221e-02
-3.961125927818182069e-01 -9.172905612714267187e-01 -4.090056638216768570e-02
-3.830065637272966339e-01 -9.227853945791886225e-01 -4.210824502355992732e-02
-3.695084468465522076e-01 -9.282195646035826808e-01 -4.326620514605168666e-02
-3.556319039725907016e-01 -9.335721837666728362e-01 -4.437278195269141190e-02
-3.413917124105600998e-01 -9.388227522840736361e-01 -4.542637971366179916e-02
-3.268037600428541634e-01 -9.439512677936763296e-01 -4.642546928629794761e-02
-3.118850340989005598e-01 -9.489383334124400493e-01 -4.736858535169036211e-02
-2.966536035614297240e-01 -9.537652635655664568e-01 -4.825432345287012509e-02
-2.811285952368582919e-01 -9.584141869460057750e-01 -4.908133692485045635e-02
-2.653301635706541983e-01 -9.628681459794730113e-01 -4.984833381068515951e-02
-2.492794543387681361e-01 -9.671111921903358111e-01 -5.055407386007181036e-02
-2.329985623931762617e-01 -9.711284768862117334e-01 -5.119736570777495138e-02
-2.165104836831931445e-01 -9.749063366032831857e-01 -5.177706432820110283e-02
-1.998390618145337028e-01 -9.784323727796729875e-01 -5.229206885978394254e-02
-1.830089294453006166e-01 -9.816955251503004520e-01 -5.274132088842903299e-02
-1.660454448524100735e-01 -9.846861383831687631e-01 -5.312380327315080475e-02
-1.489746240337640748e-01 -9.873960215038707355e-01 -5.343853958927280434e-02
-1.318230687410690272e-01 -9.898184996822528836e-01 -5.368459425524990669e-02
-1.146178908659122309e-01 -9.919484579828119486e-01 -5.386107339843585612e-02
-9.738663362780716759e-02 -9.937823767088250770e-01 -5.396712650311783627e-02
-8.015719003758471628e-02 -9.953183579998723385e-01 -5.400194887105616570e-02
-6.295771913280280574e-02 -9.965561433738466812e-01 -5.396478491081117129e-02
-4.581656050369001254e-02 -9.974971219383771404e-01 -5.385493225754109381e-02
-2.876214764829202256e-02 -9.981443290334653939e-01 -5.367174670996260888e-02
-1.182292071355193347e-02 -9.985024351077043114e-01 -5.341464795604071447e-02
4.972760805536498296e-03 -9.985777246753012593e-01 -5.308312604398689877e-02
2.159670482451842358e-02 -9.983780652507747710e-01 -5.267674854056723227e-02
3.802097229377661425e-02 -9.979128662130024585e-01 -5.219516830482671260e-02
5.421796109377473305e-02 -9.971930276104705726e-01 -5.163813179238629925e-02
7.016048760983935317e-02 -9.962308789851200830e-01 -5.100548779371518598e-02
8.582186540549457954e-02 -9.950401083628812593e-01 -5.029719649945307153e-02
1.011759804317617362e-01 -9.936356816344018572e-01 -4.951333877716141557e-02
1.161973622370228443e-01 -9.920337526289179086e-01 -4.865412553699298426e-02
1.308612506786639984e-01 -9.902515642668057172e-01 -4.771990705882446504e-02
1.451436576841894088e-01 -9.883073412609860720e-01 -4.671118215049627903e-02
1.590214236659879543e-01 -9.862201749227693659e-01 -4.562860700600221420e-02
1.724722682602977397e-01 -9.840099007125394648e-01 -4.447300363377973409e-02
1.854748351366680148e-01 -9.816969692584098794e-01 -4.324536772863326467e-02
1.980087307085340587e-01 -9.793023116451430310e-01 -4.194687586619631064e-02
2.100545566672097908e-01 -9.768471998497352260e-01 -4.057889190607908564e-02
2.215939363591373223e-01 -9.743531032677418269e-01 -3.914297249879202661e-02
2.326095351277632228e-01 -9.718415423343830239e-01 -3.764087160198332366e-02
2.430850748448121768e-01 -9.693339402956410167e-01 -3.607454392325347425e-02
2.530053429586459068e-01 -9.668514742260482242e-01 -3.444614721956392595e-02
2.623561964873151187e-01 -9.644149264210204464e-01 -3.275804339677919341e-02
2.711245614782281654e-01 -9.620445373119935750e-01 -3.101279836690736327e-02
2.792984285424550128e-01 -9.597598610621120852e-01 -2.921318063487059538e-02
2.868668451470120506e-01 -9.575796249988476339e-01 -2.736215860089501878e-02
2.938199054106350738e-01 -9.555215940279623288e-01 -2.546289657862651351e-02
3.001487381953828470e-01 -9.536024411510984899e-01 -2.351874954264732143e-02
3.058454943160586748e-01 -9.518376251775433339e-01 -2.153325663200931703e-02
3.109033337004064035e-01 -9.502412766800106825e-01 -1.951013344856478496e-02
3.153164133242689626e-01 -9.488260931952782196e-01 -1.745326320014896695e-02
3.190798767168001593e-01 -9.476032446138658027e-01 -1.536668674896577054e-02
3.221898457813084926e-01 -9.465822896392356300e-01 -1.325459163479331647e-02
3.246434156078211730e-01 -9.457711041267367058e-01 -1.112130015082904433e-02
3.264386528649460550e-01 -9.451758220360912954e-01 -8.971256557124893463e-03
3.275745982525558597e-01 -9.448007896488826995e-01 -6.809013522626260022e-03
3.280512733751916876e-01 -9.446485336143861655e-01 -4.639217891837909245e-03
3.278696922613067999e-01 -9.447197432931992989e-01 -2.466595876112450628e-03
3.270318776083746548e-01 -9.450132677684135452e-01 -2.959377725077522343e-04
3.255408816816504070e-01 -9.455261277884138282e-01 1.867917684902299126e-03
3.234008116384495812e-01 -9.462535427936907828e-01 4.020099235453362604e-03
3.206168588938460018e-01 -9.471889730622614634e-01 6.155719158337758304e-03
3.171953319914480041e-01 -9.483241768844850039e-01 8.269889390493955633e-03
3.131436922981625792e-01 -9.496492825484854627e-01 1.035773759356023796e-02
3.084705917082982696e-01 -9.511528747825279684e-01 1.241442307080893592e-02
3.031859114235024300e-01 -9.528220951612768053e-01 1.443515243939129042e-02
2.973008007741225756e-01 -9.546427558399557256e-01 1.641519496877203235e-02
2.908277149675032036e-01 -9.565994658353823565e-01 1.834989750291695157e-02
2.837804505919005460e-01 -9.586757689273581740e-01 2.023469889159220866e-02
2.761741776730246567e-01 -9.608542921099402223e-01 2.206514386498643204e-02
2.680254670750085721e-01 -9.631169033819565461e-01 2.383689629568493812e-02
2.593523120595368492e-01 -9.654448775322204135e-01 2.554575180267846385e-02
2.501741428659545186e-01 -9.678190684498569896e-01 2.718764966340278186e-02
2.405118332507598100e-01 -9.702200863766736738e-01 2.875868401156433593e-02
2.303876980256377716e-01 -9.726284784192428257e-01 3.025511431045539018e-02
2.198254807571546621e-01 -9.750249105558931317e-01 3.167337510331156430e-02
2.088503309358654969e-01 -9.773903493104942886e-01 3.301008505370138513e-02
1.974887700848263206e-01 -9.797062412228680905e-01 3.426205529963384511e-02
1.857686464538510496e-01 -9.819546882266091403e-01 3.542629715469682028e-02
1.737190781324724487e-01 -9.841186170503906094e-01 3.650002919777933785e-02
1.613703846073758497e-01 -9.861819407893241962e-01 3.748068379949434648e-02
1.487540069848578006e-01 -9.881297108490254555e-01 3.836591313805660236e-02
1.359024172913788076e-01 -9.899482575465657908e-01 3.915359475988810373e-02
1.228490174513618000e-01 -9.916253177588292278e-01 3.984183674049199958e-02
1.096280287170448425e-01 -9.931501481388004260e-01 4.042898249910081149e-02
9.627437248670046854e-02 -9.945136225723916201e-01 4.091361531629184728e-02
8.282354359149869671e-02 -9.957083127205434980e-01 4.129456259728022521e-02
6.931147725474265386e-02 -9.967285506811215390e-01 4.157089991513744642e-02
5.577441102763493891e-02 -9.975704730098567952e-01 4.174195485800608757e-02
4.224874308114218852e-02 -9.982320455562813111e-01 4.180731069282104390e-02
2.877088828245667751e-02 -9.987130687961243147e-01 4.176680984549176884e-02
1.537713350611623168e-02 -9.990151635726705059e-01 4.162055718437585039e-02
2.103493623720628647e-03 -9.991417373927680146e-01 4.136892308063280094e-02
-1.101443041736177401e-02 -9.990979316551497069e-01 4.101254620614578489e-02
-2.394159007603079495e-02 -9.988905504161647020e-01 4.055233601758356787e-02
-3.664362299527906125e-02 -9.985279715177001192e-01 3.998947486426238096e-02
-4.908698091940448538e-02 -9.980200411109452219e-01 3.932541964812924506e-02
-6.123905072356263662e-02 -9.973779528048715148e-01 3.856190295673936341e-02
-7.306826767584276294e-02 -9.966141128472790767e-01 3.770093358478504575e-02
-8.454422021382533570e-02 -9.957419929067110598e-01 3.674479635672178029e-02
-9.563774569019874161e-02 -9.947759721635073271e-01 3.569605116241751641e-02
-1.063210167214911767e-01 -9.937311705361715486e-01 3.455753111953289297e-02
-1.165676179561156989e-01 -9.926232749638658204e-01 3.333233978045506418e-02
-1.263526132584174289e-01 -9.914683607364241924e-01 3.202384730791763695e-02
-1.356526034799175606e-01 -9.902827099093914898e-01 3.063568555174460764e-02
-1.444457751532198797e-01 -9.890826288632389440e-01 2.917174196920716694e-02
-1.527119405940257912e-01 -9.878842670634390144e-01 2.763615234299233309e-02
-1.604325700286387824e-01 -9.867034390521931542e-01 2.603329226344047037e-02
-1.675908164748845242e-01 -9.855554516542762711e-01 2.436776735519288403e-02
-1.741715341906933945e-01 -9.844549383099107098e-01 2.264440224238058880e-02
-1.801612915644501822e-01 -9.834157023582145163e-01 2.086822826067277065e-02
-1.855483793530538494e-01 -9.824505709871006465e-01 1.904446993860159365e-02
-1.903228151766247767e-01 -9.815712614411288284e-01 1.717853028433025814e-02
-1.944763451529059606e-01 -9.807882609393229201e-01 1.527597492720732773e-02
-1.980024435003849836e-01 -9.801107216019342427e-01 1.334251517586097432e-02
-2.008963108585700152e-01 -9.795463715200485311e-01 1.138399006607483666e-02
-2.031548719690161320e-01 -9.791014429262222540e-01 9.406347482128275470e-03
-2.047767732346710834e-01 -9.787806182393167242e-01 7.415624444582939040e-03
-2.057623805316045607e-01 -9.785869945636266332e-01 5.417926665584561416e-03
-2.061137774904758246e-01 -9.785220670224767936e-01 3.419407479574440665e-03
-2.058347642999116545e-01 -9.785857311008800963e-01 1.426246262835792131e-03
-2.049308569153653059e-01 -9.787763039618472272e-01 -5.553735404844996684e-04
-2.034092863902505766e-01 -9.790905644878415970e-01 -2.519286665349055286e-03
-2.012789978864704954e-01 -9.795238115841664595e-01 -4.459368423707409448e-03
-1.985506487740480164e-01 -9.800699400664446559e-01 -6.369557130947485143e-03
-1.952366050992919710e-01 -9.807215332417316134e-01 -8.243876439656117744e-03
-1.913509355922461685e-01 -9.814699710844125846e-01 -1.007645746176395046e-02
-1.869094023009391925e-01 -9.823055527063609960e-01 -1.186156056371993200e-02
-1.819294468853346336e-01 -9.832176316286604933e-01 -1.359359672407517948e-02
-1.764301715802104042e-01 -9.841947621825306580e-01 -1.526714834866677549e-02
-1.704323138448885777e-01 -9.852248552031608320e-01 -1.687698944536546522e-02
-1.639582137592341671e-01 -9.862953410352479633e-01 -1.841810506794601746e-02
-1.570317732990715864e-01 -9.873933377464984007e-01 -1.988570994688725752e-02
-1.496784067285513720e-01 -9.885058223483982331e-01 -2.127526623361778932e-02
-1.419249814794819320e-01 -9.896198027551932341e-01 -2.258250029367975253e-02
-1.337997490447596638e-01 -9.907224881748976086e-01 -2.380341849325952677e-02
-1.253322655905207417e-01 -9.918014556224473699e-01 -2.493432193229772054e-02
-1.165533021845587408e-01 -9.928448102764161343e-01 -2.597182008571164227e-02
-1.074947447414457830e-01 -9.938413374679333501e-01 -2.691284332192659529e-02
-9.818948399185932485e-02 -9.947806441937175892e-01 -2.775465427472747701e-02
-8.867129598889639253e-02 -9.956532881837968363e-01 -2.849485805025433333e-02
-7.897471386173643415e-02 -9.964508927270216976e-01 -2.913141125566345857e-02
-6.913489171121045551e-02 -9.971662456615502101e-01 -2.966262983949946586e-02
-5.918746170738655582e-02 -9.977933811699630784e-01 -3.008719573616841850e-02
-4.916838559151866239e-02 -9.983276432757124397e-01 -3.040416230811980244e-02
-3.911380189969419774e-02 -9.987657302147237015e-01 -3.061295857954276015e-02
-2.905987031019055880e-02 -9.991057191481755861e-01 -3.071339225471720474e-02
-1.904261456879826828e-02 -9.993470709843957911e-01 -3.070565151283330407e-02
-9.097765465097620852e-03 -9.994906153838228891e-01 -3.059030556933640954e-02
7.393946821657015195e-04 -9.995385163254010275e-01 -3.036830399192255725e-02
1.043418461988842270e-02 -9.994942189099697005e-01 -3.004097475746423176e-02
1.995267250292442548e-02 -9.993623783607675781e-01 -2.961002103464400667e-02
2.926181875699540233e-02 -9.991487724480186960e-01 -2.907751667615430732e-02
3.832961236507576724e-02 -9.988601988091090345e-01 -2.844590040419539556e-02
4.712519962956143726e-02 -9.985043588540508663e-01 -2.771796867384327887e-02
5.561900462669031042e-02 -9.980897301343786276e-01 -2.689686720079204063e-02
6.378284074328570419e-02 -9.976254292096162768e-01 -2.598608114307952160e-02
7.159001286346795834e-02 -9.971210671670357462e-01 -2.498942393070924251e-02
7.901540994903724635e-02 -9.965866000363324817e-01 -2.391102474256355873e-02
8.603558792644976083e-02 -9.960321763905504167e-01 -2.275531463659665604e-02
9.262884295070447638e-02 -9.954679844382295917e-01 -2.152701134689431403e-02
9.877527525753734827e-02 -9.949041008900794125e-01 -2.023110276965115611e-02
1.044568439362298096e-01 -9.943503438278078477e-01 -1.887282916928103779e-02
1.096574130529798796e-01 -9.938161317148355156e-01 -1.745766414556158136e-02
1.143627896269112376e-01 -9.933103505706609715e-01 -1.599129441273015872e-02
1.185607540060774762e-01 -9.928412311850955962e-01 -1.447959845160468051e-02
1.222410832088814958e-01 -9.924162380781614834e-01 -1.292862410591200280e-02
1.253955677877569841e-01 -9.920419717190166464e-01 -1.134456520389242641e-02
1.280180227382681224e-01 -9.917240853058172378e-01 -9.733737295746348536e-03
1.301042929203678200e-01 -9.914672171809940648e-01 -8.102552606449197128e-03
1.316522533825966179e-01 -9.912749397160857123e-01 -6.457494311750087805e-03
1.326618048883645706e-01 -9.911497252501310085e-01 -4.805090252670837087e-03
1.331348648405369373e-01 -9.910929294087927888e-01 -3.151886210433705628e-03
1.330753536911298274e-01 -9.911047918709905424e-01 -1.504418869382147641e-03
1.324891768120165791e-01 -9.911844543890266923e-01 1.308113999529188654e-04
1.313842016951948521e-01 -9.913299956102069599e-01 1.747367802005815596e-03
1.297702302522691087e-01 -9.915384819960388896e-01 3.338904283577949061e-03
1.276589658969442265e-01 -9.918060338925688280e-01 4.899192468361854638e-03
1.250639750255998495e-01 -9.921279055756601073e-01 6.422148219493377386e-03
1.220006424628714004e-01 -9.924985778814260362e-01 7.901857692256587101e-03
1.184861204142856339e-01 -9.929118618380163852e-01 9.332602741447875924e-03
1.145392704681862800e-01 -9.933610115438495924e-01 1.070888555140882097e-02
1.101805982152918445e-01 -9.938388443924034421e-01 1.202545236129971135e-02
1.054321801061147285e-01 -9.943378666278175348e-01 1.327731616372527894e-02
1.003175822430092956e-01 -9.948504021315118795e-01 1.445977826124040209e-02
9.486177090272328305e-02 -9.953687222900674536e-01 1.556844857243889352e-02
8.909101470403905931e-02 -9.958851747805069765e-01 1.659926458713229663e-02
8.303277846967428710e-02 -9.963923091320132652e-01 1.754850887841795382e-02
7.671560897770171583e-02 -9.968829969834850369e-01 1.841282508807285875e-02
7.016901295051768128e-02 -9.973505450538431294e-01 1.918923231054998207e-02
6.342332778373353797e-02 -9.977887989755452880e-01 1.987513780976267463e-02
5.650958566809876488e-02 -9.981922363093844730e-01 2.046834801169947551e-02
4.945937189962613945e-02 -9.985560472575659707e-01 2.096707772461379668e-02
4.230467830173170046e-02 -9.988762018187112846e-01 2.136995754700032543e-02
3.507775279417926079e-02 -9.991495023785589291e-01 2.167603943174782263e-02
2.781094623334645285e-02 -9.993736209988323127e-01 2.188480038271759659e-02
2.053655771401592320e-02 -9.995471209486443964e-01 2.199614426753572841e-02
1.328667956264507032e-02 -9.996694623121810119e-01 2.201040173762648655e-02
6.093043264940611360e-03 -9.997409917973217874e-01 2.192832825349600237e-02
-1.013132443401639111e-03 -9.997629171563638950e-01 2.175110022005713462e-02
-8.001290133737119781e-03 -9.997372669062781769e-01 2.148030924343712067e-02
-1.484167776398110164e-02 -9.996668362964039600e-01 2.111795452730208869e-02
-2.150548724023936334e-02 -9.995551207110536795e-01 2.066643343333967112e-02
-2.796498652300196536e-02 -9.994062379085849601e-01 2.012853023722858264e-02
-3.419364445700973087e-02 -9.992248406831820695e-01 1.950740311824752590e-02
-4.016624763014283589e-02 -9.990160216876815547e-01 1.880656942767557765e-02
-4.585900869799099111e-02 -9.987852122728728688e-01 1.802988928833560572e-02
-5.124966574263592478e-02 -9.985380772791881965e-01 1.718154758503585497e-02
-5.631757236227222935e-02 -9.982804077597747794e-01 1.626603441325845389e-02
-6.104377830861421744e-02 -9.980180136195857532e-01 1.528812406119455826e-02
-6.541110059807782318e-02 -9.977566181240501431e-01 1.425285260808532330e-02
-6.940418511759792464e-02 -9.975017561644783370e-01 1.316549422973205263e-02
-7.300955882447218714e-02 -9.972586780676218066e-01 1.203153630991251818e-02
-7.621567270042577114e-02 -9.970322606062688164e-01 1.085665346419860573e-02
-7.901293566260313150e-02 -9.968269267093966546e-01 9.646680590221811888e-03
-8.139373965866975036e-02 -9.966465751875724921e-01 8.407585065682189260e-03
-8.335247618069403786e-02 -9.964945215856468863e-01 7.145438222245488122e-03
-8.488554442474870176e-02 -9.963734510542001654e-01 5.866386229824925927e-03
-8.599135130262426652e-02 -9.962853838977256959e-01 4.576620531502311774e-03
-8.667030348160220665e-02 -9.962316542153270005e-01 3.282347974415326768e-03
-8.692479159118544907e-02 -9.962129018029843852e-01 1.989760786235360811e-03
-8.675916669555100436e-02 -9.962290772394537530e-01 7.050065503011002533e-04
-8.617970909085981290e-02 -9.962794598348071462e-01 -5.658416650179444451e-04
-8.519458945092805990e-02 -9.963626878856545188e-01 -1.816814865642622833e-03
-8.381382231637798941e-02 -9.964768004582470473e-01 -3.042077222246956317e-03
-8.204921190410038867e-02 -9.966192897138221873e-01 -4.235954534958488206e-03
-7.991429020801289751e-02 -9.967871626033899535e-01 -5.392961917157327451e-03
-7.742424737040697058e-02 -9.969770105950763739e-01 -6.507830546140676124e-03
-7.459585432666426819e-02 -9.971850859592098493e-01 -7.575533332463285814e-03
-7.144737776507412153e-02 -9.974073830272264241e-01 -8.591309364926252509e-03
-6.799848749742895548e-02 -9.976397227623915454e-01 -9.550686994429553531e-03
-6.427015640381539274e-02 -9.978778389349479694e-01 -1.044950542717340385e-02
-6.028455319468084550e-02 -9.981174641826737748e-01 -1.128393470591938785e-02
-5.606492832237125468e-02 -9.983544142603688609e-01 -1.205049396711980331e-02
-5.163549346995781331e-02 -9.985846688381991854e-01 -1.274606787159619087e-02
-4.702129514400105181e-02 -9.988044472980827093e-01 -1.336792111699040136e-02
-4.224808299644003395e-02 -9.990102780976533037e-01 -1.391371095131265466e-02
-3.734217359549614479e-02 -9.991990604203068171e-01 -1.438149761845798971e-02
-3.233031045290889194e-02 -9.993681170042650885e-01 -1.476975267844319976e-02
-2.723952119179869416e-02 -9.995152372397088092e-01 -1.507736515722353683e-02
-2.209697280320001289e-02 -9.996387098365207002e-01 -1.530364549318151413e-02
-1.692982598756129567e-02 -9.997373445913061429e-01 -1.544832725964792770e-02
-1.176508960860698366e-02 -9.998104830160605694e-01 -1.551156665503704984e-02
-6.629476299909056389e-03 -9.998579978269060975e-01 -1.549393976428450545e-02
-1.549260259028580923e-03 -9.998802815244548503e-01 -1.539643760720967730e-02
3.449861759434800015e-03 -9.998782245224000498e-01 -1.522045900113726952e-02
8.342905281039349197e-03 -9.998531834929670348e-01 -1.496780127656717647e-02
1.310572786389409446e-02 -9.998069407923054763e-01 -1.464064889584818299e-02
1.771515292012644516e-02 -9.997416560016967324e-01 -1.424156003566555417e-02
2.214908683979201903e-02 -9.996598107680745304e-01 -1.377345120467564528e-02
2.638662873780315068e-02 -9.995641482469630468e-01 -1.323957997779484815e-02
3.040817223640522940e-02 -9.994576085403846788e-01 -1.264352593845848027e-02
3.419549878945177257e-02 -9.993432615801596253e-01 -1.198916992958925717e-02
3.773186214738141753e-02 -9.992242389326699836e-01 -1.128067172303404489e-02
4.100206365080131393e-02 -9.991036659946590515e-01 -1.052244622581710760e-02
4.399251812371473419e-02 -9.989845960117723633e-01 -9.719138349689345618e-03
4.669131021292802913e-02 -9.988699472837790916e-01 -8.875596678092480957e-03
4.908824108677679182e-02 -9.987624448247865994e-01 -7.996846071766192110e-03
5.117486546331084796e-02 -9.986645676258776305e-01 -7.088059360761574980e-03
5.294451898531430528e-02 -9.985785025245214053e-01 -6.154528276537814604e-03
5.439233599738400871e-02 -9.985061055232713478e-01 -5.201633783058831964e-03
5.551525780960995388e-02 -9.984488712234256269e-01 -4.234815970317446464e-03
5.631203155447714326e-02 -9.984079108514604117e-01 -3.259543677438827419e-03
5.678319976005680170e-02 -9.983839391612773229e-01 -2.281284015394048625e-03
5.693108077522616994e-02 -9.983772702978239710e-01 -1.305471961330104385e-03
5.675974019352383187e-02 -9.983878225116400440e-01 -3.374801975385445778e-04
5.627495343329593641e-02 -9.984151314234456231e-01 6.174106319115732922e-04
5.548415964490047148e-02 -9.984583713569833430e-01 1.554041074906182748e-03
5.439640713258973165e-02 -9.985163840906717825e-01 2.467401265567421495e-03
5.302229050066577243e-02 -9.985877142276635698e-01 3.352658392547695418e-03
5.137387976160894681e-02 -9.986706502527051832e-01 4.205183079226746182e-03
4.946464167869760176e-02 -9.987632702354293235e-01 5.020574519277660672e-03
4.730935365729090070e-02 -9.988634910555469482e-01 5.794684217783507840e-03
4.492401054709353747e-02 -9.989691199675128086e-01 6.523638195916803620e-03
4.232572477156621576e-02 -9.990779072916735615e-01 7.203857526098499976e-03
3.953262025898460208e-02 -9.991875990161630527e-01 7.832077074475236531e-03
3.656372071092498649e-02 -9.992959881187100102e-01 8.405362338422078111e-03
3.343883280633782457e-02 -9.994009634692875288e-01 8.921124278508003880e-03
3.017842500084818094e-02 -9.995005552517316483e-01 9.377132056856567893e-03
2.680350263940027220e-02 -9.995929759430680628e-01 9.771523606987924174e-03
2.333548015376686949e-02 -9.996766560107258615e-01 1.010281397392715635e-02
1.979605116281952376e-02 -9.997502736269968659e-01 1.036990137748919696e-02
1.620705733106217461e-02 -9.998127778535170762e-01 1.057207096608167064e-02
1.259035686832413875e-02 -9.998634049123501510e-01 1.070899624298367325e-02
8.967693569603994719e-03 -9.999016873303644415e-01 1.078073816174278908e-02
5.360567298174695114e-03 -9.999274559158164433e-01 1.078774190197159116e-02
1.790106806953596034e-03 -9.999408346961529137e-01 1.073083135131147961e-02
-1.723054227006922713e-03 -9.999422291099194782e-01 1.061120133356653443e-02
-5.158897111645074224e-03 -9.999323078993981317e-01 1.043040763690196090e-02
-8.498133191434571049e-03 -9.999119792905988291e-01 1.019035490946804123e-02
-1.172231329140431891e-02 -9.998823621703163411e-01 9.893282502777343834e-03
-1.481393086259385518e-02 -9.998447530734188016e-01 9.541748355564528411e-03
-1.775651820276537285e-02 -9.998005898752063692e-01 9.138611022636175529e-03
-2.053473519522975438e-02 -9.997514131419873440e-01 8.687009964321267680e-03
-2.313445008008634465e-02 -9.996988261270165488e-01 8.190344222515286154e-03
-2.554281184434236199e-02 -9.996444544082916384e-01 7.652249618931197817e-03
-2.774831388874887325e-02 -9.995899061497022231e-01 7.076574619990984305e-03
-2.974084869847123253e-02 -9.995367339285479158e-01 6.467355020776347808e-03
-3.151175331087924247e-02 -9.994863990119284836e-01 5.828787607572930539e-03
-3.305384543607319675e-02 -9.994402388838997675e-01 5.165202964755453291e-03
-3.436145014384615198e-02 -9.993994387269646840e-01 4.481037597038625350e-03
-3.543041708451678817e-02 -9.993650074481970069e-01 3.780805542427300488e-03
-3.625812826063120470e-02 -9.993377587151243135e-01 3.069069654506062419e-03
-3.684349641235139250e-02 -9.993182973327158214e-01 2.350412734980197437e-03
-3.718695412204381379e-02 -9.993070111538464584e-01 1.629408698584947643e-03
-3.729043378390918539e-02 -9.993040685749210450e-01 9.105939525878092118e-04
-3.715733862328013393e-02 -9.993094215293993887e-01 1.984391720922377197e-04
-3.679250498828531835e-02 -9.993228137581230408e-01 -5.026783498123567080e-04
-3.620215617470338987e-02 -9.993437940097883443e-01 -1.188501601337015349e-03
-3.539384808365295121e-02 -9.993717337105725296e-01 -1.854919829499921454e-03
-3.437640705175838696e-02 -9.994058485414218929e-01 -2.497993430312624944e-03
-3.315986023486006129e-02 -9.994452232771071643e-01 -3.113977592944758375e-03
-3.175535896922838941e-02 -9.994888391746650225e-01 -3.699344547148716335e-03
-3.017509557837782033e-02 -9.995356031516458017e-01 -4.250804272316993128e-03
-2.843221413850164844e-02 -9.995843779675415153e-01 -4.765323536697518153e-03
-2.654071576058317575e-02 -9.996340126152288841e-01 -5.240143146445630853e-03
-2.451535899151743164e-02 -9.996833721430595787e-01 -5.672793296271503617e-03
-2.237155597908940113e-02 -9.997313661616744618e-01 -6.061106926362343737e-03
-2.012526508529717539e-02 -9.997769753415235439e-01 -6.403231003921919760e-03
-1.779288066814386712e-02 -9.998192752757817381e-01 -6.697635661967891486e-03
-1.539112078253761749e-02 -9.998574571667918631e-01 -6.943121142844197423e-03
-1.293691357530337566e-02 -9.998908448898933266e-01 -7.138822509119011235e-03
-1.044728316662747042e-02 -9.999189080937813667e-01 -7.284212100022158069e-03
-7.939235819810083750e-03 -9.999412711084311178e-01 -7.379099727201119709e-03
-5.429647202490694470e-03 -9.999577175470231172e-01 -7.423630619213678235e-03
-2.935151535274267177e-03 -9.999681906040936985e-01 -7.418281139702010037e-03
-4.720334079068360875e-04 -9.999727891652031575e-01 -7.363852319485691966e-03
1.943876980941242061e-03 -9.999717599508056720e-01 -7.261461257753310319e-03
4.297304436167188359e-03 -9.999654860159498115e-01 -7.112530462014556541e-03
6.573624546013869668e-03 -9.999544720154693866e-01 -6.918775210394939590e-03
8.758953989629732206e-03 -9.999393267193017465e-01 -6.682189033119925910e-03
1.084023478379312309e-02 -9.999207433227711439e-01 -6.405027422559269462e-03
1.280531193544149661e-02 -9.998994781408055976e-01 -6.089789892908846654e-03
1.464300402521671526e-02 -9.998763283022923387e-01 -5.739200521408073692e-03
1.634316630808192727e-02 -9.998521090707810366e-01 -5.356187112865220742e-03
1.789674597920708210e-02 -9.998276314106429030e-01 -4.943859138137147655e-03
1.929582931588198769e-02 -9.998036803941877659e-01 -4.505484605037195396e-03
2.053368046844834816e-02 -9.997809950061593565e-01 -4.044466026884025421e-03
2.160477173454236968e-02 -9.997602498489011058e-01 -3.564315659519312618e-03
2.250480521085903782e-02 -9.997420391860801780e-01 -3.068630182082349341e-03
2.323072577489263685e-02 -9.997268636872499448e-01 -2.561065000108347749e-03
2.378072540552222253e-02 -9.997151201520084740e-01 -2.045308351592488652e-03
2.415423890586402070e-02 -9.997070944035373330e-01 -1.525055397515999488e-03
2.435193114456930125e-02 -9.997029574494271653e-01 -1.003982477951048365e-03
2.437567598283454234e-02 -9.997027649154889284e-01 -4.857217132406257878e-04
2.422852710396974571e-02 -9.997064596682406767e-01 2.616387311350472714e-05
2.391468101059612827e-02 -9.997138774563648633e-01 5.282045373218129114e-04
2.343943250153675967e-02 -9.997247553228845174e-01 1.017047136727944161e-03
2.280912298628049589e-02 -9.997387424701236203e-01 1.489477429096593012e-03
2.203108203951337218e-02 -9.997554132004139449e-01 1.942441196782161575e-03
2.111356264149587617e-02 -9.997742815083933143e-01 2.373064051618356974e-03
2.006567059178549634e-02 -9.997948168666450641e-01 2.778669786272505542e-03
1.889728862362381051e-02 -9.998164607260201509e-01 3.156797148726165746e-03
1.761899578379228642e-02 -9.998386432455218520e-01 3.505214928401409556e-03
1.624198267737864479e-02 -9.998607997739905606e-01 3.821935255164889914e-03
1.477796320811830023e-02 -9.998823866264837656e-01 4.105225025914314638e-03
1.323908347218632695e-02 -9.999028957313137456e-01 4.353615387579632366e-03
1.163782848592040224e-02 -9.999218677679633238e-01 4.565909220041368746e-03
9.986927445392385777e-03 -9.999389034700251200e-01 4.741186577561611049e-03
8.299258227516471270e-03 -9.999536728291339438e-01 4.878808062714481281e-03
6.587751848075778204e-03 -9.999659220036183349e-01 4.978416122364359361e-03
4.865297591369014719e-03 -9.999754778071965333e-01 5.039934270841922061e-03
3.144649518955234049e-03 -9.999822497263133325e-01 5.063564260980524083e-03
1.438335051176580122e-03 -9.999862294874949376e-01 5.049781238970810736e-03
-2.414337051236303735e-04 -9.999874882662789233e-01 4.999326933945395096e-03
-1.882845235750456011e-03 -9.999861716948751367e-01 4.913200947698494712e-03
-3.474569890562922286e-03 -9.999824928849251338e-01 4.792650223864334917e-03
-5.005836570212629337e-03 -9.999767237329806324e-01 4.639156789116657617e-03
-6.466504293773800947e-03 -9.999691848183150933e-01 4.454423871411540038e-03
-7.847128159463047023e-03 -9.999602342344195982e-01 4.240360511886990570e-03
-9.139019260772370673e-03 -9.999502557163483241e-01 3.999064797674273079e-03
-1.033429817326346825e-02 -9.999396464356469227e-01 3.732805852495230288e-03
-1.142594168231996464e-02 -9.999288048329276757e-01 3.444004730453497243e-03
-1.240782247868342514e-02 -9.999181188456058855e-01 3.135214365820533471e-03
-1.327474160601403719e-02 -9.999079548655399607e-01 2.809098737823448495e-03
-1.402245350248392669e-02 -9.998986477292799435e-01 2.468411414422511281e-03
-1.464768353606385812e-02 -9.998904920035222021e-01 2.115973642791914907e-03
-1.514813799030593176e-02 -9.998837347816125209e-01 1.754652156665598671e-03
-1.552250651372493254e-02 -9.998785701551033966e-01 1.387336871866362174e-03
-1.577045710106689605e-02 -9.998751354691457482e-01 1.016918641194553951e-03
-1.589262372860026501e-02 -9.998735094136227408e-01 6.462672384137300129e-04
-1.589058681788161828e-02 -9.998737119451666100e-01 2.782097383443692248e-04
-1.576684675306259942e-02 -9.998757059802410030e-01 -8.449054391901567517e-05
-1.552479072555054337e-02 -9.998794007479296919e-01 -4.391543968905572883e-04
-1.516865322653732431e-02 -9.998846566444095085e-01 -7.832061883442683996e-04
-1.470347055237439596e-02 -9.998912913905848576e-01 -1.114192329010214215e-03
-1.413502972977551814e-02 -9.998990872610844516e-01 -1.429798589307086773e-03
-1.346981230711918540e-02 -9.999077991275872046e-01 -1.727866143861007085e-03
-1.271493349441601105e-02 -9.999171630428058677e-01 -2.006406229288227802e-03
-1.187807716749037304e-02 -9.999269050836885331e-01 -2.263613312333590671e-03
-1.096742728126842877e-02 -9.999367501735046959e-01 -2.497876677864985066e-03
-9.991596262424802533e-03 -9.999464306121790269e-01 -2.707790359326227043e-03
-8.959550972680231651e-03 -9.999556940619979128e-01 -2.892161347938740617e-03
-7.880536850442824287e-03 -9.999643107608637838e-01 -3.050016031101758767e-03
-6.764000849960552508e-03 -9.999720797666378225e-01 -3.180604824951686893e-03
-5.619513803464153308e-03 -9.999788340726339930e-01 -3.283404980780079297e-03
-4.456692832751006118e-03 -9.999844444747321148e-01 -3.358121559850086799e-03
-3.285124432186878676e-03 -9.999888221134802802e-01 -3.404686585965922135e-03
-2.114288835158443028e-03 -9.999919196585511649e-01 -3.423256399811986858e-03
-9.534862606540746299e-04 -9.999937311465784129e-01 -3.414207253462855137e-03
1.882343839726464442e-04 -9.999942905253629277e-01 -3.378129197450707374e-03
1.302143793667376358e-03 -9.999936689964331604e-01 -3.315818326246067378e-03
2.379897029783682207e-03 -9.999919712828031493e-01 -3.228267460849620994e-03
3.413594272430314248e-03 -9.999893309785292672e-01 -3.116655359303140919e-03
4.395837114578550302e-03 -9.999859051605080040e-01 -2.982334557209386817e-03
5.319779993661348690e-03 -9.999818684603041241e-01 -2.826817950715978297e-03
6.179176401594580273e-03 -9.999774068042902586e-01 -2.651764243787195323e-03
6.968419561827076184e-03 -9.999727110338790803e-01 -2.458962389890274880e-03
7.682577311667188047e-03 -9.999679706142360347e-01 -2.250315165398441598e-03
8.317420979233595968e-03 -9.999633676298941287e-01 -2.027822018010689599e-03
8.869448096448849170e-03 -9.999590712496631006e-01 -1.793561338267117382e-03
9.335898842070710496e-03 -9.999552328218412889e-01 -1.549672305767073755e-03
9.714766161401948777e-03 -9.999519817348475614e-01 -1.298336463953997594e-03
1.000479956162617784e-02 -9.999494221489706458e-01 -1.041759178303936243e-03
1.020550263330746894e-02 -9.999476306730407105e-01 -7.821511324423328438e-04
1.031712439911298615e-02 -9.999466550265809772e-01 -5.217100151236233729e-04
1.034064463994244926e-02 -9.999465136945137056e-01 -2.626025481579841365e-04
1.027775339606591502e-02 -9.999471965488739844e-01 -6.947001286490160545e-06
1.013082488628646270e-02 -9.999486663812741094e-01 2.432036652731284655e-04
9.902886131270960748e-03 -9.999508612619937287e-01 4.858778963165026913e-04
9.597580607750703582e-03 -9.999536976173921676e-01 7.192007484068649358e-04
9.219127298009119689e-03 -9.999570738975126494e-01 9.414080896723474789e-04
8.772275533674777498e-03 -9.999608746908092982e-01 1.150859683929656568e-03
8.262256064058122462e-03 -9.999649751332103653e-01 1.346051060793259768e-03
7.694728806851389158e-03 -9.999692454543968045e-01 1.525624084585582843e-03
7.075727762706806104e-03 -9.999735555052053915e-01 1.688376146702410098e-03
6.411603594790316919e-03 -9.999777791162549612e-01 1.833267918503961660e-03
5.708964389672997394e-03 -9.999817981488762220e-01 1.959429614685525081e-03
4.974615126698030479e-03 -9.999855061146850632e-01 2.066165730316993094e-03
4.215496389113846179e-03 -9.999888112590263889e-01 2.152958228209662928e-03
3.438622851705095025e-03 -9.999916390252859832e-01 2.219468166850374711e-03
2.651022076344061555e-03 -9.999939338408920797e-01 2.265535772715744200e-03
1.859674138841744487e-03 -9.999956601908395193e-01 2.291178974221429708e-03
1.071452597772842158e-03 -9.999968029698828031e-01 2.296590427753236307e-03
2.930672987122826022e-04 -9.999973671292904376e-01 2.282133079051498845e-03
-4.689905142611151042e-04 -9.999973766574096201e-01 2.248334315564786377e-03
-1.208500333626473825e-03 -9.999968729545063439e-01 2.195878777145963967e-03
-1.919561353387429095e-03 -9.999959126807665966e-01 2.125599903531774290e-03
-2.596637880277375028e-03 -9.999945651714313710e-01 2.038470307332238343e-03
-3.234600843654151115e-03 -9.999929095243801358e-01 1.935591070672280922e-03
-3.828765095379815624e-03 -9.999910314728148730e-01 1.818180072097621679e-03
-4.374922232139629406e-03 -9.999890201588981231e-01 1.687559457812004386e-03
-4.869368715699044954e-03 -9.999869649233033009e-01 1.545142377694773243e-03
-5.308929111095152600e-03 -9.999849522207995278e-01 1.392419111808205264e-03
-5.690974308276733687e-03 -9.999830627635208913e-01 1.230942717204692831e-03
-6.013434638817471804e-03 -9.999813689818758400e-01 1.062314327757086629e-03
-6.274807845612389440e-03 -9.999799328786489472e-01 8.881682414440379919e-04
-6.474161909523400149e-03 -9.999788043353265987e-01 7.101569300193156641e-04
-6.611132782376109678e-03 -9.999780199116919954e-01 5.299361052836436227e-04
-6.685917120152845561e-03 -9.999776021609544374e-01 3.491499742738294059e-04
-6.699260153319232594e-03 -9.999775594637917431e-01 1.694168126113392806e-04
-6.652438872623088473e-03 -9.999778863663603135e-01 -7.685018954404105066e-06
-6.547240748091429259e-03 -9.999785643901838439e-01 -1.806304950694683409e-04
-6.385938236017235994e-03 -9.999795632664397749e-01 -3.479606699597776191e-04
-6.171259363182712322e-03 -9.999808425340021012e-01 -5.082946391762435722e-04
-5.906354709138445826e-03 -9.999823534300568140e-01 -6.603406210074902602e-04
-5.594761135795773242e-03 -9.999840409944740216e-01 -8.029060686955902726e-04
-5.240362638661507505e-03 -9.999858463045614432e-01 -9.349067343532681870e-04
-4.847348715542421776e-03 -9.999877087553992183e-01 -1.055374615884694355e-03
-4.420170666290387622e-03 -9.999895683026062132e-01 -1.163464729156601322e-03
-3.963496250996483526e-03 -9.999913675889516851e-01 -1.258460659047393572e-03
-3.482163143855342060e-03 -9.999930538834326255e-01 -1.339778854710659472e-03
-2.981131625627383812e-03 -9.999945807709409440e-01 -1.406971646314618494e-03
-2.465436959183371721e-03 -9.999959095420236643e-01 -1.459728972547423434e-03
-1.940141890021260078e-03 -9.999970102450139731e-01 -1.497878820196154497e-03
-1.410289706941084782e-03 -9.999978623764745889e-01 -1.521386389001668773e-03
-8.808582873348093627e-04 -9.999984551999206994e-01 -1.530352006650839616e-03
-3.567155369234007757e-04 -9.999987876966536238e-01 -1.525007830083675289e-03
1.574233845758951774e-04 -9.999988681657454581e-01 -1.505713380160916305e-03
6.570366822316746390e-04 -9.999987135023046259e-01 -1.472949967058587379e-03
1.137834044636746884e-03 -9.999983481937265717e-01 -1.427314073436299850e-03
1.595791946219541789e-03 -9.999978030823593045e-01 -1.369509771379438280e-03
2.027185847526937878e-03 -9.999971139496327543e-01 -1.300340257263026510e-03
2.428619040994887956e-03 -9.999963199810528724e-01 -1.220698595956774910e-03
2.797047924823138632e-03 -9.999954621734618021e-01 -1.131557772125263081e-03
3.129803524283550614e-03 -9.999945817456316055e-01 -1.033960151722616459e-03
3.424609117740130045e-03 -9.999937186106810927e-01 -9.290064610954500320e-04
3.679593863460397900e-03 -9.999929099641666763e-01 -8.178443943594843838e-04
3.893302362569308304e-03 -9.999921890352403420e-01 -7.016569618826470379e-04
4.064700132859241921e-03 -9.999915840403038603e-01 -5.816506937796106546e-04
4.193175007250120150e-03 -9.999911173694592259e-01 -4.590438122990271033e-04
4.278534509129690300e-03 -9.999908050261567816e-01 -3.350544858749510526e-04
4.320999294244999740e-03 -9.999906563301603768e-01 -2.108892754380980766e-04
4.321192784926007613e-03 -9.999906738836916720e-01 -8.773188037060062933e-05
4.280127156881491195e-03 -9.999908537907594708e-01 3.326771272059543744e-05
4.199185871314416695e-03 -9.999911861105862387e-01 1.510035803927442587e-04
4.080102975377141415e-03 -9.999916555180206057e-01 2.644236199460012855e-04
3.924939421766128651e-03 -9.999922421371388870e-01 3.725386290894726836e-04
3.736056683304655231e-03 -9.999929225090922191e-01 4.744306302133301126e-04
3.516087960468649697e-03 -9.999936706517834617e-01 5.692603700770660323e-04
3.267907298790862294e-03 -9.999944591672310645e-01 6.562739345991250566e-04
2.994596948776446273e-03 -9.999952603524965289e-01 7.348084278003593622e-04
2.699413313253944385e-03 -9.999960472717471793e-01 8.042966737169114947e-04
2.385751835877423892e-03 -9.999967947502740317e-01 8.642709101577392052e-04
2.057111189729948688e-03 -9.999974802558992959e-01 9.143654534362133726e-04
1.717057126632945581e-03 -9.999980846389618927e-01 9.543183235508783703e-04
1.369186345853711222e-03 -9.999985927086990634e-01 9.839718296241466589e-04
1.017090735474286516e-03 -9.999989936310572647e-01 1.003272125626822895e-03
6.643223308255574461e-04 -9.999992811404698756e-01 1.012267756420231861e-03
3.143593222227844281e-04 -9.999994535656270278e-01 1.011107223838595900e-03
-2.942657108078372205e-05 -9.999995136764487924e-01 1.000035611818372904e-03
-3.638010620881041574e-04 -9.999994683660906603e-01 9.793903183696018536e-04
-6.856963147928269667e-04 -9.999993281876208284e-01 9.495959503937806195e-04
-9.922377663710631613e-04 -9.999991067698221769e-01 9.111584449069048486e-04
-1.280768524499770709e-03 -9.999988201402366661e-01 8.646584870558221341e-04
-1.548871139160858243e-03 -9.999984859859892827e-01 8.107443013598083798e-04
-1.794386577610237662e-03 -9.999981228840530978e-01 7.501238978145788674e-04
-2.015430261821759498e-03 -9.999977495324584575e-01 6.835568588191119491e-04
-2.210405059328515980e-03 -9.999973840125615521e-01 6.118457562923566156e-04
-2.378011150644584234e-03 -9.999970431099692858e-01 5.358272908123676813e-04
-2.517252729023622057e-03 -9.999967417182225038e-01 4.563632461196796982e-04
-2.627441520863571349e-03 -9.999964923450331833e-01 3.743313528746245854e-04
-2.708197147271095787e-03 -9.999963047359629043e-01 2.906161551494333369e-04
-2.759444378835682662e-03 -9.999961856251360359e-01 2.060999717846077601e-04
-2.781407366223115265e-03 -9.999961386171261069e-01 1.216540424689099376e-04
-2.774600958486639780e-03 -9.999961641987621386e-01 3.812994524623126351e-05
-2.739819248733230302e-03 -9.999962598744830400e-01 -4.364863184785623511e-05
-2.678121512711966520e-03 -9.999964204142214319e-01 -1.228936871120579831e-04
-2.590815729772461863e-03 -9.999966381987823727e-01 -1.988601970919959120e-04
-2.479439897256787047e-03 -9.999969036444400494e-01 -2.708528379080348686e-04
-2.345741368546220163e-03 -9.999972056861010650e-01 -3.382320766324756981e-04
-2.191654461518256682e-03 -9.999975322969384406e-01 -4.004195806806724943e-04
-2.019276597941178746e-03 -9.999978710219059597e-01 -4.569029009542825031e-04
-1.830843245233599020e-03 -9.999982095029829043e-01 -5.072393926064265764e-04
-1.628701939965406268e-03 -9.999985359753095215e-01 -5.510593456996662779e-04
-1.415285677426012054e-03 -9.999988397154793152e-01 -5.880683066079699919e-04
-1.193085953518899667e-03 -9.999991114260226022e-01 -6.180485796817462374e-04
-9.646257441730637624e-04 -9.999993435434212374e-01 -6.408599073589540561e-04
-7.324327034385674697e-04 -9.999995304606673630e-01 -6.564393354745377785e-04
-4.990128545327353294e-04 -9.999996686592661499e-01 -6.648002789060910439e-04
-2.668250384332677928e-04 -9.999997567495075845e-01 -6.660308108096479017e-04
-3.825637231145810613e-05 -9.999997954216394147e-01 -6.602912064634376254e-04
1.844010446734927952e-04 -9.999997873141048821e-01 -6.478107800714946697e-04
3.989719577504748744e-04 -9.999997368081382509e-01 -6.288840597107168582e-04
6.034181137353033901e-04 -9.999996497606206125e-01 -6.038663518679455826e-04
7.958565686632110888e-04 -9.999995331891050609e-01 -5.731687526482745270e-04
9.745759880127087419e-04 -9.999993949242652613e-01 -5.372526676898093647e-04
1.138050805551372611e-03 -9.999992432456763503e-01 -4.966239070490326363e-04
1.284953131759441168e-03 -9.999990865168061349e-01 -4.518264247885525934e-04
1.414162328483820064e-03 -9.999989328344037753e-01 -4.034357756776307986e-04
1.524772192657715061e-03 -9.999987897061821673e-01 -3.520523632865494397e-04
1.616095718302997713e-03 -9.999986637688778046e-01 -2.982945548084932558e-04
1.687667432328805251e-03 -9.999985605565341329e-01 -2.427917381759900470e-04
1.739243325571019705e-03 -9.999984843263036716e-01 -1.861773964606702183e-04
1.770798425811165701e-03 -9.999984379463209283e-01 -1.290822731714219064e-04
1.782522083908462569e-03 -9.999984228473852710e-01 -7.212769992156467178e-05
1.774811067426905909e-03 -9.999984390374329069e-01 -1.591915505312495630e-05
1.748260578007443736e-03 -9.999984851751786419e-01 3.895988177402383090e-05
1.703653329008313717e-03 -9.999985586969836193e-01 9.195371825106950627e-05
1.641946838418896840e-03 -9.999986559890308158e-01 1.425398253971836646e-04
1.564259108569955462e-03 -9.999987725953398687e-01 1.902337502579748256e-04
1.471852878564908164e-03 -9.999989034510762265e-01 2.345935205739465613e-04
1.366118647516394169e-03 -9.999990431300243010e-01 2.752235029042620750e-04
1.248556676488937409e-03 -9.999991860950123712e-01 3.117776822566226775e-04
1.120758184447735424e-03 -9.999993269404754415e-01 3.439623380922441536e-04
9.843859584482913833e-04 -9.999994606171833667e-01 3.715380985678083539e-04
8.411546007521067967e-04 -9.999995826303926805e-01 3.943213619648411783e-04
6.928106355278014755e-04 -9.999996892042289920e-01 4.121850813620188186e-04
5.411126953299429890e-04 -9.999997774068942746e-01 4.250589156489131045e-04
3.878120027013188436e-04 -9.999998452332329313e-01 4.329287568837251413e-04
2.346333551059253384e-04 -9.999998916431885876e-01 4.358356506881034187e-04
8.325681208168656824e-05 -9.999999165566560988e-01 4.338741327779228798e-04
-6.469972786099840003e-05 -9.999999208070942114e-01 4.271900107826363206e-04
-2.076968863199261960e-04 -9.999999060579339849e-01 4.159776261449458340e-04
-3.442889407497456218e-04 -9.999998746872419408e-01 4.004766360599076305e-04
-4.731375940510482007e-04 -9.999998296472131232e-01 3.809683600569651750e-04
-5.930242529688025278e-04 -9.999997743058519628e-01 3.577717399050817028e-04
-7.028607091591689178e-04 -9.999997122786212778e-01 3.312389649922975791e-04
-8.016981365391206071e-04 -9.999996472579074647e-01 3.017508181661316216e-04
-8.887343389190488236e-04 -9.999995828478660531e-01 2.697117991972647973e-04
-9.633192026959904418e-04 -9.999995224116153825e-01 2.355450845305903814e-04
-1.024958330314700797e-03 -9.999994689368674194e-01 1.996873828074792793e-04
-1.073314851047670829e-03 -9.999994249249809508e-01 1.625837457812874184e-04
-1.108209426169977320e-03 -9.999993923071521795e-01 1.246823937127161663e-04
-1.129618485584174201e-03 -9.999993723900786335e-01 8.642961313815673754e-05
-1.137670752167344599e-03 -9.999993658320207590e-01 4.826478307540037178e-05
-1.132642128361729776e-03 -9.999993726487933499e-01 1.061558329681061140e-05
-1.114949036620703059e-03 -9.999993922479156749e-01 -2.610656470351859637e-05
-1.085140321077770337e-03 -9.999994234879873156e-01 -6.151077695267048002e-05
